   2013.62465753      0.0000
   2013.62468607      0.0000
   2013.62471461      0.0000
   2013.62474315      0.0000
   2013.62477169      0.0000
   2013.62480023      0.0000
   2013.62482877      0.0000
   2013.62485731      0.0000
   2013.62488584      0.0000
   2013.62491438      0.0000
   2013.62494292      0.0000
   2013.62497146      0.0000
   2013.62500000      0.0000
   2013.62502854      0.0000
   2013.62505708      0.0000
   2013.62508562      0.0000
   2013.62511416      0.0000
   2013.62514269      0.0000
   2013.62517123      0.0000
   2013.62519977      0.0000
   2013.62522831      0.0000
   2013.62525685      0.0000
   2013.62528539      0.0000
   2013.62531393      0.0000
   2013.62534247      0.0000
   2013.62537100      0.0000
   2013.62539954      0.0000
   2013.62542808      0.0000
   2013.62545662      0.0000
   2013.62548516      0.0000
   2013.62551370      0.0000
   2013.62554224      0.0000
   2013.62557078      0.0000
   2013.62559932      0.0000
   2013.62562785      0.0000
   2013.62565639      0.0000
   2013.62568493      0.0000
   2013.62571347      0.0000
   2013.62574201      0.0000
   2013.62577055      0.0000
   2013.62579909      0.0000
   2013.62582763      0.0000
   2013.62585616      0.0000
   2013.62588470      0.0000
   2013.62591324      0.0000
   2013.62594178      0.0000
   2013.62597032      0.0000
   2013.62599886      0.0000
   2013.62602740      0.0000
   2013.62605594      0.0000
   2013.62608447      0.0000
   2013.62611301      0.0000
   2013.62614155      0.0000
   2013.62617009      0.0000
   2013.62619863      0.0000
   2013.62622717      0.0000
   2013.62625571      0.0000
   2013.62628425      0.0000
   2013.62631279      0.0000
   2013.62634132      0.0000
   2013.62636986      0.0000
   2013.62639840      0.0000
   2013.62642694      0.0000
   2013.62645548      0.0000
   2013.62648402      0.0000
   2013.62651256      0.0130
   2013.62654110      0.0865
   2013.62656963      0.2445
   2013.62659817      0.5740
   2013.62662671      1.4919
   2013.62665525      2.8259
   2013.62668379      4.5674
   2013.62671233      7.1961
   2013.62674087     10.7091
   2013.62676941     12.4307
   2013.62679795     11.8373
   2013.62682648     10.5639
   2013.62685502      9.3742
   2013.62688356      8.2867
   2013.62691210      7.3964
   2013.62694064      6.1411
   2013.62696918      6.1718
   2013.62699772      5.0378
   2013.62702626      4.5231
   2013.62705479      3.8093
   2013.62708333      4.0663
   2013.62711187      3.4738
   2013.62714041      3.2263
   2013.62716895      3.0296
   2013.62719749      2.8240
   2013.62722603      2.6450
   2013.62725457      2.4810
   2013.62728311      2.2945
   2013.62731164      2.2213
   2013.62734018      2.0570
   2013.62736872      1.9429
   2013.62739726      1.8382
   2013.62742580      1.7407
   2013.62745434      1.6484
   2013.62748288      1.5550
   2013.62751142      1.4706
   2013.62753995      1.3925
   2013.62756849      1.3183
   2013.62759703      1.2466
   2013.62762557      1.1750
   2013.62765411      1.1347
   2013.62768265      1.0539
   2013.62771119      0.9950
   2013.62773973      0.9317
   2013.62776826      0.8835
   2013.62779680      0.8323
   2013.62782534      0.7829
   2013.62785388      0.7357
   2013.62788242      0.6916
   2013.62791096      0.6513
   2013.62793950      0.6147
   2013.62796804      0.5808
   2013.62799658      0.5492
   2013.62802511      0.5199
   2013.62805365      0.4925
   2013.62808219      0.4669
   2013.62811073      0.4429
   2013.62813927      0.4203
   2013.62816781      0.3990
   2013.62819635      0.3790
   2013.62822489      0.3603
   2013.62825342      0.3427
   2013.62828196      0.3262
   2013.62831050      0.3108
   2013.62833904      0.2963
   2013.62836758      0.2827
   2013.62839612      0.2699
   2013.62842466      0.2579
   2013.62845320      0.2466
   2013.62848174      0.2358
   2013.62851027      0.2256
   2013.62853881      0.2159
   2013.62856735      0.2067
   2013.62859589      0.1980
   2013.62862443      0.1899
   2013.62865297      0.1822
   2013.62868151      0.1749
   2013.62871005      0.1680
   2013.62873858      0.1614
   2013.62876712      0.1563
   2013.62879566      0.1505
   2013.62882420      0.1449
   2013.62885274      0.1395
   2013.62888128      0.1436
   2013.62890982      0.1407
   2013.62893836      0.1366
   2013.62896689      0.1328
   2013.62899543      0.1419
   2013.62902397      0.1421
   2013.62905251      0.1409
   2013.62908105      0.1408
   2013.62910959      0.1572
   2013.62913813      0.1638
   2013.62916667      0.1701
   2013.62919521      0.1797
   2013.62922374      0.2121
   2013.62925228      0.2344
   2013.62928082      0.2573
   2013.62930936      0.2848
   2013.62933790      0.3415
   2013.62936644      0.3867
   2013.62939498      0.4465
   2013.62942352      0.5149
   2013.62945205      0.6144
   2013.62948059      0.7356
   2013.62950913      0.8752
   2013.62953767      1.0370
   2013.62956621      1.2870
   2013.62959475      1.5666
   2013.62962329      1.8604
   2013.62965183      2.0669
   2013.62968037      2.2618
   2013.62970890      2.3938
   2013.62973744      2.4405
   2013.62976598      2.4613
   2013.62979452      2.5002
   2013.62982306      2.4983
   2013.62985160      2.4655
   2013.62988014      2.4243
   2013.62990868      2.3954
   2013.62993721      2.3388
   2013.62996575      2.2733
   2013.62999429      2.1982
   2013.63002283      2.1371
   2013.63005137      2.0136
   2013.63007991      1.9418
   2013.63010845      1.8580
   2013.63013699      1.7753
   2013.63016553      1.6943
   2013.63019406      1.7290
   2013.63022260      1.5295
   2013.63025114      1.4523
   2013.63027968      1.3791
   2013.63030822      1.3086
   2013.63033676      1.2394
   2013.63036530      1.1699
   2013.63039384      1.1306
   2013.63042237      1.0514
   2013.63045091      0.9933
   2013.63047945      0.9306
   2013.63050799      0.8829
   2013.63053653      0.8320
   2013.63056507      0.7829
   2013.63059361      0.7358
   2013.63062215      0.6919
   2013.63065068      0.6517
   2013.63067922      0.6152
   2013.63070776      0.5813
   2013.63073630      0.5498
   2013.63076484      0.5204
   2013.63079338      0.4930
   2013.63082192      0.4674
   2013.63085046      0.4434
   2013.63087900      0.4208
   2013.63090753      0.3996
   2013.63093607      0.3796
   2013.63096461      0.3608
   2013.63099315      0.3432
   2013.63102169      0.3267
   2013.63105023      0.3112
   2013.63107877      0.2967
   2013.63110731      0.2831
   2013.63113584      0.2703
   2013.63116438      0.2583
   2013.63119292      0.2469
   2013.63122146      0.2362
   2013.63125000      0.2259
   2013.63127854      0.2162
   2013.63130708      0.2070
   2013.63133562      0.1983
   2013.63136416      0.1902
   2013.63139269      0.1825
   2013.63142123      0.1751
   2013.63144977      0.1682
   2013.63147831      0.1616
   2013.63150685      0.1554
   2013.63153539      0.1494
   2013.63156393      0.1438
   2013.63159247      0.1385
   2013.63162100      0.1334
   2013.63164954      0.1285
   2013.63167808      0.1240
   2013.63170662      0.1196
   2013.63173516      0.1154
   2013.63176370      0.1115
   2013.63179224      0.1077
   2013.63182078      0.1041
   2013.63184932      0.1007
