   2013.62465753      0.0000
   2013.62468607      0.0000
   2013.62471461      0.0000
   2013.62474315      0.0000
   2013.62477169      0.0000
   2013.62480023      0.0000
   2013.62482877      0.0000
   2013.62485731      0.0000
   2013.62488584      0.0000
   2013.62491438      0.0000
   2013.62494292      0.0000
   2013.62497146      0.0000
   2013.62500000      0.0000
   2013.62502854      0.0000
   2013.62505708      0.0000
   2013.62508562      0.0000
   2013.62511416      0.0000
   2013.62514269      0.0000
   2013.62517123      0.0000
   2013.62519977      0.0000
   2013.62522831      0.0000
   2013.62525685      0.0000
   2013.62528539      0.0000
   2013.62531393      0.0000
   2013.62534247      0.0000
   2013.62537100      0.0000
   2013.62539954      0.0000
   2013.62542808      0.0000
   2013.62545662      0.0000
   2013.62548516      0.0000
   2013.62551370      0.0000
   2013.62554224      0.0000
   2013.62557078      0.0000
   2013.62559932      0.0297
   2013.62562785      0.1115
   2013.62565639      0.2411
   2013.62568493      0.6359
   2013.62571347      1.6002
   2013.62574201      3.2595
   2013.62577055      5.9125
   2013.62579909     10.7101
   2013.62582763     15.6508
   2013.62585616     18.3569
   2013.62588470     18.3464
   2013.62591324     17.5118
   2013.62594178     16.3414
   2013.62597032     15.0871
   2013.62599886     13.3434
   2013.62602740     11.3197
   2013.62605594     10.4769
   2013.62608447      9.1946
   2013.62611301      8.3759
   2013.62614155      6.8217
   2013.62617009      6.4081
   2013.62619863      5.7693
   2013.62622717      5.0900
   2013.62625571      4.7099
   2013.62628425      4.4410
   2013.62631279      4.0378
   2013.62634132      3.8072
   2013.62636986      3.5205
   2013.62639840      3.6390
   2013.62642694      3.4866
   2013.62645548      3.4374
   2013.62648402      3.5745
   2013.62651256      3.6078
   2013.62654110      3.6829
   2013.62656963      3.7202
   2013.62659817      3.9148
   2013.62662671      4.0216
   2013.62665525      4.0197
   2013.62668379      4.1538
   2013.62671233      4.3198
   2013.62674087      4.3986
   2013.62676941      4.3587
   2013.62679795      4.4552
   2013.62682648      4.3772
   2013.62685502      4.6094
   2013.62688356      4.5243
   2013.62691210      4.5806
   2013.62694064      4.4570
   2013.62696918      4.6606
   2013.62699772      4.5364
   2013.62702626      4.5532
   2013.62705479      4.5858
   2013.62708333      4.5745
   2013.62711187      4.5096
   2013.62714041      4.4033
   2013.62716895      4.2288
   2013.62719749      4.3761
   2013.62722603      4.2657
   2013.62725457      4.1597
   2013.62728311      4.1590
   2013.62731164      3.9957
   2013.62734018      3.9642
   2013.62736872      3.8092
   2013.62739726      3.6599
   2013.62742580      3.6903
   2013.62745434      3.6003
   2013.62748288      3.7079
   2013.62751142      3.2423
   2013.62753995      3.3773
   2013.62756849      3.5769
   2013.62759703      3.1552
   2013.62762557      3.0058
   2013.62765411      3.0411
   2013.62768265      2.9674
   2013.62771119      2.8473
   2013.62773973      2.8209
   2013.62776826      2.7534
   2013.62779680      2.6411
   2013.62782534      2.5463
   2013.62785388      2.5168
   2013.62788242      2.4367
   2013.62791096      2.3557
   2013.62793950      2.2651
   2013.62796804      2.1946
   2013.62799658      2.1747
   2013.62802511      2.1079
   2013.62805365      2.0298
   2013.62808219      1.9749
   2013.62811073      1.9647
   2013.62813927      1.9119
   2013.62816781      1.8478
   2013.62819635      1.8082
   2013.62822489      1.8104
   2013.62825342      1.7709
   2013.62828196      1.7234
   2013.62831050      1.7355
   2013.62833904      1.7191
   2013.62836758      1.6957
   2013.62839612      1.6648
   2013.62842466      1.6986
   2013.62845320      1.7026
   2013.62848174      1.6980
   2013.62851027      1.6803
   2013.62853881      1.7433
   2013.62856735      1.7728
   2013.62859589      1.7889
   2013.62862443      1.7912
   2013.62865297      1.9438
   2013.62868151      2.0119
   2013.62871005      1.9976
   2013.62873858      2.0062
   2013.62876712      1.9644
   2013.62879566      2.1726
   2013.62882420      2.4126
   2013.62885274      2.5246
   2013.62888128      2.4626
   2013.62890982      2.5382
   2013.62893836      2.4536
   2013.62896689      2.5404
   2013.62899543      2.9690
   2013.62902397      3.0176
   2013.62905251      3.0625
   2013.62908105      2.9994
   2013.62910959      2.8984
   2013.62913813      2.8564
   2013.62916667      3.0296
   2013.62919521      3.1401
   2013.62922374      3.1979
   2013.62925228      3.1515
   2013.62928082      3.0372
   2013.62930936      3.0140
   2013.62933790      2.9752
   2013.62936644      2.8428
   2013.62939498      2.9062
   2013.62942352      2.8799
   2013.62945205      2.7824
   2013.62948059      2.6493
   2013.62950913      2.4749
   2013.62953767      2.3674
   2013.62956621      2.2775
   2013.62959475      2.1935
   2013.62962329      2.1086
   2013.62965183      2.0079
   2013.62968037      1.8756
   2013.62970890      1.7596
   2013.62973744      1.6487
   2013.62976598      1.5458
   2013.62979452      1.4502
   2013.62982306      1.3612
   2013.62985160      1.2779
   2013.62988014      1.1986
   2013.62990868      1.1169
   2013.62993721      1.0484
   2013.62996575      0.9788
   2013.62999429      0.9122
   2013.63002283      0.8495
   2013.63005137      0.7884
   2013.63007991      0.7300
   2013.63010845      0.6758
   2013.63013699      0.6266
   2013.63016553      0.5814
   2013.63019406      0.5397
   2013.63022260      0.5013
   2013.63025114      0.4662
   2013.63027968      0.4339
   2013.63030822      0.4040
   2013.63033676      0.3762
   2013.63036530      0.3504
   2013.63039384      0.3265
   2013.63042237      0.3042
   2013.63045091      0.2836
   2013.63047945      0.2645
   2013.63050799      0.2468
   2013.63053653      0.2302
   2013.63056507      0.2147
   2013.63059361      0.2003
   2013.63062215      0.1870
   2013.63065068      0.1746
   2013.63067922      0.1631
   2013.63070776      0.1525
   2013.63073630      0.1426
   2013.63076484      0.1335
   2013.63079338      0.1250
   2013.63082192      0.1170
   2013.63085046      0.1097
   2013.63087900      0.1028
