   2013.62465753      0.0000
   2013.62468607      0.0000
   2013.62471461      0.0000
   2013.62474315      0.0000
   2013.62477169      0.0000
   2013.62480023      0.0000
   2013.62482877      0.0000
   2013.62485731      0.0000
   2013.62488584      0.0000
   2013.62491438      0.0000
   2013.62494292      0.0000
   2013.62497146      0.0000
   2013.62500000      0.0000
   2013.62502854      0.0000
   2013.62505708      0.0000
   2013.62508562      0.0000
   2013.62511416      0.0000
   2013.62514269      0.0000
   2013.62517123      0.0000
   2013.62519977      0.0000
   2013.62522831      0.0000
   2013.62525685      0.0000
   2013.62528539      0.0000
   2013.62531393      0.0000
   2013.62534247      0.0000
   2013.62537100      0.0000
   2013.62539954      0.0000
   2013.62542808      0.0000
   2013.62545662      0.0000
   2013.62548516      0.0000
   2013.62551370      0.0000
   2013.62554224      0.0000
   2013.62557078      0.0000
   2013.62559932      0.0000
   2013.62562785      0.0000
   2013.62565639      0.0000
   2013.62568493      0.0000
   2013.62571347      0.0000
   2013.62574201      0.0000
   2013.62577055      0.0000
   2013.62579909      0.0000
   2013.62582763      0.0000
   2013.62585616      0.0000
   2013.62588470      0.0000
   2013.62591324      0.0000
   2013.62594178      0.0000
   2013.62597032      0.0000
   2013.62599886      0.0000
   2013.62602740      0.0000
   2013.62605594      0.0000
   2013.62608447      0.0000
   2013.62611301      0.0000
   2013.62614155      0.0000
   2013.62617009      0.0000
   2013.62619863      0.0000
   2013.62622717      0.0000
   2013.62625571      0.0000
   2013.62628425      0.0000
   2013.62631279      0.0000
   2013.62634132      0.0000
   2013.62636986      0.0000
   2013.62639840      0.0000
   2013.62642694      0.0000
   2013.62645548      0.0000
   2013.62648402      0.0000
   2013.62651256      0.0000
   2013.62654110      0.0000
   2013.62656963      0.0000
   2013.62659817      0.0000
   2013.62662671      0.0000
   2013.62665525      0.0000
   2013.62668379      0.0000
   2013.62671233      0.0000
   2013.62674087      0.0000
   2013.62676941      0.0000
   2013.62679795      0.0000
   2013.62682648      0.0000
   2013.62685502      0.0000
   2013.62688356      0.0000
   2013.62691210      0.0000
   2013.62694064      0.0000
   2013.62696918      0.0000
   2013.62699772      0.0000
   2013.62702626      0.0000
   2013.62705479      0.0000
   2013.62708333      0.0000
   2013.62711187      0.0000
   2013.62714041      0.0000
   2013.62716895      0.0000
   2013.62719749      0.0000
   2013.62722603      0.0000
   2013.62725457      0.0000
   2013.62728311      0.0000
   2013.62731164      3.2895
   2013.62734018     19.6552
   2013.62736872     64.8644
   2013.62739726     85.6433
   2013.62742580     66.8739
   2013.62745434     47.5877
   2013.62748288     32.0041
   2013.62751142     23.5820
   2013.62753995     18.3515
   2013.62756849     14.4887
   2013.62759703     11.8089
   2013.62762557      9.7617
   2013.62765411      8.3551
   2013.62768265      7.2873
   2013.62771119      6.6238
   2013.62773973      5.3730
   2013.62776826      4.8101
   2013.62779680      4.3554
   2013.62782534      3.9463
   2013.62785388      3.6207
   2013.62788242      3.3672
   2013.62791096      3.1950
   2013.62793950      3.0277
   2013.62796804      2.8981
   2013.62799658      2.7974
   2013.62802511      2.7210
   2013.62805365      2.6674
   2013.62808219      2.6335
   2013.62811073      2.6154
   2013.62813927      2.6095
   2013.62816781      2.6127
   2013.62819635      2.6224
   2013.62822489      2.5936
   2013.62825342      2.6281
   2013.62828196      2.6356
   2013.62831050      2.6028
   2013.62833904      2.5660
   2013.62836758      2.5108
   2013.62839612      2.4395
   2013.62842466      2.2953
   2013.62845320      2.1960
   2013.62848174      2.0883
   2013.62851027      1.9753
   2013.62853881      1.8508
   2013.62856735      1.7329
   2013.62859589      1.6213
   2013.62862443      1.5130
   2013.62865297      1.4065
   2013.62868151      1.3026
   2013.62871005      1.2532
   2013.62873858      1.1084
   2013.62876712      1.0221
   2013.62879566      0.9406
   2013.62882420      0.8654
   2013.62885274      0.7929
   2013.62888128      0.7241
   2013.62890982      0.6610
   2013.62893836      0.6044
   2013.62896689      0.5528
   2013.62899543      0.5062
   2013.62902397      0.4642
   2013.62905251      0.4263
   2013.62908105      0.3919
   2013.62910959      0.3606
   2013.62913813      0.3322
   2013.62916667      0.3062
   2013.62919521      0.2826
   2013.62922374      0.2611
   2013.62925228      0.2413
   2013.62928082      0.2231
   2013.62930936      0.2063
   2013.62933790      0.1909
   2013.62936644      0.1769
   2013.62939498      0.1640
   2013.62942352      0.1522
   2013.62945205      0.1414
   2013.62948059      0.1315
   2013.62950913      0.1223
   2013.62953767      0.1139
   2013.62956621      0.1061
