   2013.62465753      0.0000
   2013.62468607      0.0000
   2013.62471461      0.0000
   2013.62474315      0.0000
   2013.62477169      0.0000
   2013.62480023      0.0000
   2013.62482877      0.0000
   2013.62485731      0.0002
   2013.62488584      0.0005
   2013.62491438      0.0007
   2013.62494292      0.0010
   2013.62497146      0.0012
   2013.62500000      0.0014
   2013.62502854      0.0016
   2013.62505708      0.0018
   2013.62508562      0.0020
   2013.62511416      0.0037
   2013.62514269      0.0316
   2013.62517123      0.0597
   2013.62519977      0.0914
   2013.62522831      0.1403
   2013.62525685      0.2128
   2013.62528539      0.3107
   2013.62531393      0.4600
   2013.62534247      0.6621
   2013.62537100      0.9170
   2013.62539954      1.2544
   2013.62542808      1.7184
   2013.62545662      2.2754
   2013.62548516      2.7896
   2013.62551370      3.2048
   2013.62554224      3.4928
   2013.62557078      3.6810
   2013.62559932      3.8083
   2013.62562785      3.8977
   2013.62565639      3.9626
   2013.62568493      4.0113
   2013.62571347      4.0493
   2013.62574201      4.0800
   2013.62577055      4.1056
   2013.62579909      4.1274
   2013.62582763      4.1462
   2013.62585616      4.0778
   2013.62588470      4.0002
   2013.62591324      3.9481
   2013.62594178      3.7515
   2013.62597032      3.5943
   2013.62599886      3.2957
   2013.62602740      3.2357
   2013.62605594      3.0129
   2013.62608447      2.8294
   2013.62611301      2.6211
   2013.62614155      2.4081
   2013.62617009      2.2047
   2013.62619863      1.9988
   2013.62622717      1.8262
   2013.62625571      1.7136
   2013.62628425      1.5639
   2013.62631279      1.4186
   2013.62634132      1.2678
   2013.62636986      1.1634
   2013.62639840      1.0574
   2013.62642694      0.9619
   2013.62645548      0.8762
   2013.62648402      0.7959
   2013.62651256      0.7215
   2013.62654110      0.6546
   2013.62656963      0.5953
   2013.62659817      0.5420
   2013.62662671      0.4945
   2013.62665525      0.4520
   2013.62668379      0.4140
   2013.62671233      0.3797
   2013.62674087      0.3488
   2013.62676941      0.3208
   2013.62679795      0.2955
   2013.62682648      0.2726
   2013.62685502      0.2517
   2013.62688356      0.2325
   2013.62691210      0.2148
   2013.62694064      0.1987
   2013.62696918      0.1839
   2013.62699772      0.1704
   2013.62702626      0.1581
   2013.62705479      0.1468
   2013.62708333      0.1364
   2013.62711187      0.1269
   2013.62714041      0.1180
   2013.62716895      0.1099
   2013.62719749      0.1024
