   2013.62465753      0.0000
   2013.62468607      0.0000
   2013.62471461      0.0000
   2013.62474315      0.0000
   2013.62477169      0.0000
   2013.62480023      0.0000
   2013.62482877      0.0000
   2013.62485731      0.0000
   2013.62488584      0.0000
   2013.62491438      0.0000
   2013.62494292      0.0000
   2013.62497146      0.0000
   2013.62500000      0.0000
   2013.62502854      0.0000
   2013.62505708      0.0000
   2013.62508562      0.0000
   2013.62511416      0.0000
   2013.62514269      0.0000
   2013.62517123      0.0000
   2013.62519977      0.0000
   2013.62522831      0.0000
   2013.62525685      0.0000
   2013.62528539      0.0000
   2013.62531393      0.0000
   2013.62534247      0.0000
   2013.62537100      0.0000
   2013.62539954      0.0000
   2013.62542808      0.0000
   2013.62545662      0.0000
   2013.62548516      0.0000
   2013.62551370      0.0000
   2013.62554224      0.0000
   2013.62557078      0.0000
   2013.62559932      0.0000
   2013.62562785      0.0000
   2013.62565639      0.0000
   2013.62568493      0.0000
   2013.62571347      0.0000
   2013.62574201      0.0000
   2013.62577055      0.0000
   2013.62579909      0.0000
   2013.62582763      0.0000
   2013.62585616      0.0000
   2013.62588470      0.0000
   2013.62591324      0.0000
   2013.62594178      0.0000
   2013.62597032      0.0000
   2013.62599886      0.0000
   2013.62602740      0.0000
   2013.62605594      0.0000
   2013.62608447      0.0000
   2013.62611301      0.0000
   2013.62614155      0.0000
   2013.62617009      0.0000
   2013.62619863      0.0000
   2013.62622717      0.0000
   2013.62625571      0.0000
   2013.62628425      0.0000
   2013.62631279      0.0000
   2013.62634132      0.0000
   2013.62636986      0.0000
   2013.62639840      0.0000
   2013.62642694      0.0000
   2013.62645548      0.0000
   2013.62648402      0.0000
   2013.62651256      0.0000
   2013.62654110      0.0000
   2013.62656963      0.0000
   2013.62659817      0.0000
   2013.62662671      0.0000
   2013.62665525      0.0000
   2013.62668379      0.0000
   2013.62671233      0.0000
   2013.62674087      0.0082
   2013.62676941      0.0321
   2013.62679795      0.0807
   2013.62682648      0.1548
   2013.62685502      0.3236
   2013.62688356      0.6391
   2013.62691210      1.1431
   2013.62694064      1.8886
   2013.62696918      3.0798
   2013.62699772      4.9321
   2013.62702626      7.0517
   2013.62705479      8.5219
   2013.62708333      9.2206
   2013.62711187      9.4774
   2013.62714041      9.4155
   2013.62716895      9.4739
   2013.62719749      9.4137
   2013.62722603      8.9694
   2013.62725457      8.6703
   2013.62728311      8.1953
   2013.62731164      7.9195
   2013.62734018      7.3527
   2013.62736872      6.8039
   2013.62739726      6.3812
   2013.62742580      5.7892
   2013.62745434      5.1659
   2013.62748288      4.8024
   2013.62751142      4.6170
   2013.62753995      3.8421
   2013.62756849      3.5277
   2013.62759703      3.1405
   2013.62762557      2.8415
   2013.62765411      2.5636
   2013.62768265      2.3158
   2013.62771119      2.0934
   2013.62773973      1.8920
   2013.62776826      1.7255
   2013.62779680      1.5791
   2013.62782534      1.4482
   2013.62785388      1.3300
   2013.62788242      1.2721
   2013.62791096      1.1364
   2013.62793950      1.0494
   2013.62796804      0.9649
   2013.62799658      0.9006
   2013.62802511      0.8357
   2013.62805365      0.7756
   2013.62808219      0.7202
   2013.62811073      0.6700
   2013.62813927      0.6254
   2013.62816781      0.5853
   2013.62819635      0.5489
   2013.62822489      0.5160
   2013.62825342      0.4859
   2013.62828196      0.4583
   2013.62831050      0.4327
   2013.62833904      0.4090
   2013.62836758      0.3869
   2013.62839612      0.3664
   2013.62842466      0.3473
   2013.62845320      0.3296
   2013.62848174      0.3131
   2013.62851027      0.2977
   2013.62853881      0.2834
   2013.62856735      0.2701
   2013.62859589      0.2576
   2013.62862443      0.2459
   2013.62865297      0.2348
   2013.62868151      0.2243
   2013.62871005      0.2144
   2013.62873858      0.2051
   2013.62876712      0.1963
   2013.62879566      0.1881
   2013.62882420      0.1803
   2013.62885274      0.1730
   2013.62888128      0.1660
   2013.62890982      0.1595
   2013.62893836      0.1532
   2013.62896689      0.1473
   2013.62899543      0.1417
   2013.62902397      0.1364
   2013.62905251      0.1313
   2013.62908105      0.1266
   2013.62910959      0.1220
   2013.62913813      0.1177
   2013.62916667      0.1136
   2013.62919521      0.1097
   2013.62922374      0.1060
   2013.62925228      0.1024
