   2013.62465753      0.0000
   2013.62468607      0.0000
   2013.62471461      0.0000
   2013.62474315      0.0000
   2013.62477169      0.0000
   2013.62480023      0.0000
   2013.62482877      0.0000
   2013.62485731      0.0000
   2013.62488584      0.0000
   2013.62491438      0.0000
   2013.62494292      0.0000
   2013.62497146      0.0000
   2013.62500000      0.0000
   2013.62502854      0.0000
   2013.62505708      0.0000
   2013.62508562      0.0000
   2013.62511416      0.0000
   2013.62514269      0.0000
   2013.62517123      0.0000
   2013.62519977      0.0000
   2013.62522831      0.0000
   2013.62525685      0.0000
   2013.62528539      0.0000
   2013.62531393      0.0000
   2013.62534247      0.0000
   2013.62537100      0.0000
   2013.62539954      0.0000
   2013.62542808      0.0000
   2013.62545662      0.0000
   2013.62548516      0.0000
   2013.62551370      0.0000
   2013.62554224      0.0000
   2013.62557078      0.0000
   2013.62559932      0.0000
   2013.62562785      0.0000
   2013.62565639      0.0000
   2013.62568493      0.0000
   2013.62571347      0.0000
   2013.62574201      0.0000
   2013.62577055      0.0000
   2013.62579909      0.0000
   2013.62582763      0.0000
   2013.62585616      0.0000
   2013.62588470      0.0000
   2013.62591324      0.0000
   2013.62594178      0.0000
   2013.62597032      0.0000
   2013.62599886      0.0000
   2013.62602740      0.0000
   2013.62605594      0.0000
   2013.62608447      0.0000
   2013.62611301      0.0000
   2013.62614155      0.0000
   2013.62617009      0.0000
   2013.62619863      0.0000
   2013.62622717      0.0000
   2013.62625571      0.0000
   2013.62628425      0.0000
   2013.62631279      0.0000
   2013.62634132      0.0000
   2013.62636986      0.0000
   2013.62639840      0.0000
   2013.62642694      0.0000
   2013.62645548      0.0000
   2013.62648402      0.0000
   2013.62651256      0.0000
   2013.62654110      0.0000
   2013.62656963      0.0000
   2013.62659817      0.0000
   2013.62662671      0.0000
   2013.62665525      0.0000
   2013.62668379      0.0000
   2013.62671233      0.0000
   2013.62674087      1.3900
   2013.62676941      7.9550
   2013.62679795     19.1263
   2013.62682648     45.0437
   2013.62685502     53.4118
   2013.62688356     46.8427
   2013.62691210     38.4716
   2013.62694064     31.0867
   2013.62696918     27.4087
   2013.62699772     23.3621
   2013.62702626     20.1380
   2013.62705479     16.9968
   2013.62708333     15.5746
   2013.62711187     13.7707
   2013.62714041     12.0297
   2013.62716895     10.4955
   2013.62719749      9.4005
   2013.62722603      8.5036
   2013.62725457      7.7018
   2013.62728311      6.4727
   2013.62731164      6.1511
   2013.62734018      5.7696
   2013.62736872      5.2809
   2013.62739726      4.6242
   2013.62742580      4.6527
   2013.62745434      4.4726
   2013.62748288      4.2382
   2013.62751142      4.0221
   2013.62753995      3.8983
   2013.62756849      3.7464
   2013.62759703      3.7851
   2013.62762557      3.2899
   2013.62765411      3.3919
   2013.62768265      3.5156
   2013.62771119      3.1307
   2013.62773973      2.9510
   2013.62776826      2.9621
   2013.62779680      2.8733
   2013.62782534      2.7512
   2013.62785388      2.7204
   2013.62788242      2.6361
   2013.62791096      2.5317
   2013.62793950      2.4299
   2013.62796804      2.3834
   2013.62799658      2.3656
   2013.62802511      2.2593
   2013.62805365      2.1669
   2013.62808219      2.1019
   2013.62811073      2.0780
   2013.62813927      2.0828
   2013.62816781      2.0030
   2013.62819635      1.8889
   2013.62822489      1.8494
   2013.62825342      1.8136
   2013.62828196      1.8291
   2013.62831050      1.8334
   2013.62833904      1.7872
   2013.62836758      1.7205
   2013.62839612      1.6653
   2013.62842466      1.6785
   2013.62845320      1.7249
   2013.62848174      1.7194
   2013.62851027      1.6722
   2013.62853881      1.6182
   2013.62856735      1.6072
   2013.62859589      1.6476
   2013.62862443      1.7060
   2013.62865297      1.7329
   2013.62868151      1.7230
   2013.62871005      1.6940
   2013.62873858      1.6841
   2013.62876712      1.7180
   2013.62879566      1.7716
   2013.62882420      1.8115
   2013.62885274      1.8234
   2013.62888128      1.8134
   2013.62890982      1.7715
   2013.62893836      1.7728
   2013.62896689      1.7870
   2013.62899543      1.7984
   2013.62902397      1.7907
   2013.62905251      1.7647
   2013.62908105      1.7341
   2013.62910959      1.7056
   2013.62913813      1.6840
   2013.62916667      1.6606
   2013.62919521      1.6143
   2013.62922374      1.5673
   2013.62925228      1.5109
   2013.62928082      1.4507
   2013.62930936      1.3896
   2013.62933790      1.3301
   2013.62936644      1.2719
   2013.62939498      1.2133
   2013.62942352      1.1530
   2013.62945205      1.1324
   2013.62948059      1.0288
   2013.62950913      0.9714
   2013.62953767      0.9142
   2013.62956621      0.8606
   2013.62959475      0.8080
   2013.62962329      0.7558
   2013.62965183      0.7055
   2013.62968037      0.6581
   2013.62970890      0.6137
   2013.62973744      0.5716
   2013.62976598      0.5320
   2013.62979452      0.4950
   2013.62982306      0.4607
   2013.62985160      0.4287
   2013.62988014      0.3990
   2013.62990868      0.3713
   2013.62993721      0.3456
   2013.62996575      0.3216
   2013.62999429      0.2995
   2013.63002283      0.2789
   2013.63005137      0.2600
   2013.63007991      0.2423
   2013.63010845      0.2258
   2013.63013699      0.2105
   2013.63016553      0.1962
   2013.63019406      0.1831
   2013.63022260      0.1709
   2013.63025114      0.1596
   2013.63027968      0.1492
   2013.63030822      0.1395
   2013.63033676      0.1306
   2013.63036530      0.1222
   2013.63039384      0.1144
   2013.63042237      0.1072
   2013.63045091      0.1005
