   2013.62465753      0.0000
   2013.62468607      0.0000
   2013.62471461      0.0000
   2013.62474315      0.0000
   2013.62477169      0.0000
   2013.62480023      0.0001
   2013.62482877      0.0001
   2013.62485731      0.0002
   2013.62488584      0.0005
   2013.62491438      0.0019
   2013.62494292      0.0025
   2013.62497146      0.0029
   2013.62500000      0.0085
   2013.62502854      0.0329
   2013.62505708      0.0672
   2013.62508562      0.1015
   2013.62511416      0.2195
   2013.62514269      0.3669
   2013.62517123      0.5783
   2013.62519977      0.8584
   2013.62522831      1.3059
   2013.62525685      2.0042
   2013.62528539      2.7756
   2013.62531393      3.8798
   2013.62534247      4.7094
   2013.62537100      5.5094
   2013.62539954      5.7961
   2013.62542808      5.8765
   2013.62545662      5.8097
   2013.62548516      6.1610
   2013.62551370      6.2551
   2013.62554224      6.3837
   2013.62557078      6.2087
   2013.62559932      6.6232
   2013.62562785      6.7679
   2013.62565639      6.8923
   2013.62568493      6.8029
   2013.62571347      7.2036
   2013.62574201      7.5023
   2013.62577055      7.5727
   2013.62579909      8.2068
   2013.62582763      8.0228
   2013.62585616      8.3025
   2013.62588470      8.4460
   2013.62591324      8.2845
   2013.62594178      9.6121
   2013.62597032     10.9027
   2013.62599886     12.0994
   2013.62602740     11.5559
   2013.62605594     10.7030
   2013.62608447      9.5757
   2013.62611301      8.7854
   2013.62614155      8.7515
   2013.62617009     10.0483
   2013.62619863     11.4652
   2013.62622717     11.9606
   2013.62625571     10.9462
   2013.62628425      9.9334
   2013.62631279      8.8182
   2013.62634132      7.3700
   2013.62636986      7.0063
   2013.62639840      5.6848
   2013.62642694      5.7443
   2013.62645548      4.9584
   2013.62648402      4.6980
   2013.62651256      4.5235
   2013.62654110      3.7952
   2013.62656963      3.3558
   2013.62659817      2.9689
   2013.62662671      2.7374
   2013.62665525      2.4063
   2013.62668379      2.0393
   2013.62671233      1.8157
   2013.62674087      1.6126
   2013.62676941      1.4332
   2013.62679795      1.2980
   2013.62682648      1.1492
   2013.62685502      1.0211
   2013.62688356      0.9288
   2013.62691210      0.8371
   2013.62694064      0.7539
   2013.62696918      0.6795
   2013.62699772      0.6143
   2013.62702626      0.5565
   2013.62705479      0.5053
   2013.62708333      0.4601
   2013.62711187      0.4201
   2013.62714041      0.3844
   2013.62716895      0.3525
   2013.62719749      0.3237
   2013.62722603      0.2977
   2013.62725457      0.2743
   2013.62728311      0.2530
   2013.62731164      0.2334
   2013.62734018      0.2155
   2013.62736872      0.1992
   2013.62739726      0.1843
   2013.62742580      0.1706
   2013.62745434      0.1582
   2013.62748288      0.1468
   2013.62751142      0.1364
   2013.62753995      0.1268
   2013.62756849      0.1180
   2013.62759703      0.1099
   2013.62762557      0.1024
   2013.62765411      0.0955
   2013.62768265      0.0891
   2013.62771119      0.0832
   2013.62773973      0.0776
