   2013.62465753      0.0000
   2013.62468607      0.0000
   2013.62471461      0.0000
   2013.62474315      0.0000
   2013.62477169      0.0000
   2013.62480023      0.0000
   2013.62482877      0.0000
   2013.62485731      0.0000
   2013.62488584      0.0000
   2013.62491438      0.0000
   2013.62494292      0.0000
   2013.62497146      0.0000
   2013.62500000      0.0000
   2013.62502854      0.0000
   2013.62505708      0.0000
   2013.62508562      0.0000
   2013.62511416      0.0000
   2013.62514269      0.0000
   2013.62517123      0.0000
   2013.62519977      0.0000
   2013.62522831      0.0000
   2013.62525685      0.0000
   2013.62528539      0.0000
   2013.62531393      0.0000
   2013.62534247      0.0000
   2013.62537100      0.0000
   2013.62539954      0.0000
   2013.62542808      0.0000
   2013.62545662      0.0000
   2013.62548516      0.0000
   2013.62551370      0.0000
   2013.62554224      0.0000
   2013.62557078      0.0000
   2013.62559932      0.0000
   2013.62562785      0.0000
   2013.62565639      0.0000
   2013.62568493      0.0000
   2013.62571347      0.0000
   2013.62574201      0.0000
   2013.62577055      0.0000
   2013.62579909      0.0000
   2013.62582763      0.0000
   2013.62585616      0.0000
   2013.62588470      0.0000
   2013.62591324      0.0000
   2013.62594178      0.0000
   2013.62597032      0.0000
   2013.62599886      0.0000
   2013.62602740      0.0000
   2013.62605594      0.0000
   2013.62608447      0.0000
   2013.62611301      0.0000
   2013.62614155      0.0000
   2013.62617009      0.0000
   2013.62619863      0.0000
   2013.62622717      0.0000
   2013.62625571      0.0000
   2013.62628425      0.0000
   2013.62631279      0.0000
   2013.62634132      0.0000
   2013.62636986      0.0000
   2013.62639840      0.0000
   2013.62642694      0.0000
   2013.62645548      0.0000
   2013.62648402      0.0000
   2013.62651256      0.0000
   2013.62654110      0.0000
   2013.62656963      0.0000
   2013.62659817      0.0000
   2013.62662671      0.0001
   2013.62665525      0.0007
   2013.62668379      0.0015
   2013.62671233      0.0022
   2013.62674087      0.0028
   2013.62676941      0.0034
   2013.62679795      0.0042
   2013.62682648      0.0368
   2013.62685502      0.0792
   2013.62688356      0.1392
   2013.62691210      0.2563
   2013.62694064      0.4512
   2013.62696918      0.7664
   2013.62699772      1.2576
   2013.62702626      1.9581
   2013.62705479      2.9115
   2013.62708333      4.2791
   2013.62711187      5.7756
   2013.62714041      6.8175
   2013.62716895      7.4413
   2013.62719749      7.8063
   2013.62722603      7.9997
   2013.62725457      8.0011
   2013.62728311      7.8689
   2013.62731164      7.7177
   2013.62734018      7.2886
   2013.62736872      6.8345
   2013.62739726      6.4362
   2013.62742580      6.2742
   2013.62745434      5.2877
   2013.62748288      4.8478
   2013.62751142      4.6471
   2013.62753995      3.8576
   2013.62756849      3.4210
   2013.62759703      3.0806
   2013.62762557      2.8937
   2013.62765411      2.4980
   2013.62768265      2.0943
   2013.62771119      1.8929
   2013.62773973      1.6875
   2013.62776826      1.5040
   2013.62779680      1.4033
   2013.62782534      1.2091
   2013.62785388      1.0548
   2013.62788242      0.9718
   2013.62791096      0.8787
   2013.62793950      0.7916
   2013.62796804      0.7132
   2013.62799658      0.6436
   2013.62802511      0.5823
   2013.62805365      0.5278
   2013.62808219      0.4797
   2013.62811073      0.4371
   2013.62813927      0.3992
   2013.62816781      0.3654
   2013.62819635      0.3349
   2013.62822489      0.3075
   2013.62825342      0.2827
   2013.62828196      0.2602
   2013.62831050      0.2397
   2013.62833904      0.2208
   2013.62836758      0.2036
   2013.62839612      0.1879
   2013.62842466      0.1736
   2013.62845320      0.1604
   2013.62848174      0.1485
   2013.62851027      0.1375
   2013.62853881      0.1275
   2013.62856735      0.1182
   2013.62859589      0.1097
   2013.62862443      0.1018
