   2013.62465753      0.0000
   2013.62468607      0.0003
   2013.62471461      0.0016
   2013.62474315      0.0028
   2013.62477169      0.0039
   2013.62480023      0.0049
   2013.62482877      0.0094
   2013.62485731      0.0312
   2013.62488584      0.0520
   2013.62491438      0.0779
   2013.62494292      0.1182
   2013.62497146      0.1673
   2013.62500000      0.2196
   2013.62502854      0.2750
   2013.62505708      0.3391
   2013.62508562      0.4055
   2013.62511416      0.4823
   2013.62514269      0.5804
   2013.62517123      0.6760
   2013.62519977      0.8217
   2013.62522831      1.0029
   2013.62525685      1.1730
   2013.62528539      1.2342
   2013.62531393      1.2203
   2013.62534247      1.2092
   2013.62537100      1.0983
   2013.62539954      0.9926
   2013.62542808      0.9305
   2013.62545662      0.8541
   2013.62548516      0.7785
   2013.62551370      0.7076
   2013.62554224      0.6428
   2013.62557078      0.5844
   2013.62559932      0.5316
   2013.62562785      0.4845
   2013.62565639      0.4424
   2013.62568493      0.4047
   2013.62571347      0.3706
   2013.62574201      0.3399
   2013.62577055      0.3121
   2013.62579909      0.2869
   2013.62582763      0.2639
   2013.62585616      0.2430
   2013.62588470      0.2237
   2013.62591324      0.2061
   2013.62594178      0.1899
   2013.62597032      0.1752
   2013.62599886      0.1618
   2013.62602740      0.1496
   2013.62605594      0.1384
   2013.62608447      0.1281
   2013.62611301      0.1187
   2013.62614155      0.1100
   2013.62617009      0.1020
