   2013.62465753      0.0000
   2013.62468607      0.0000
   2013.62471461      0.0000
   2013.62474315      0.0000
   2013.62477169      0.0000
   2013.62480023      0.0000
   2013.62482877      0.0000
   2013.62485731      0.0000
   2013.62488584      0.0000
   2013.62491438      0.0000
   2013.62494292      0.0000
   2013.62497146      0.0000
   2013.62500000      0.0000
   2013.62502854      0.0000
   2013.62505708      0.0000
   2013.62508562      0.0000
   2013.62511416      0.0000
   2013.62514269      0.0000
   2013.62517123      0.0000
   2013.62519977      0.0000
   2013.62522831      0.0000
   2013.62525685      0.0000
   2013.62528539      0.0000
   2013.62531393      0.0000
   2013.62534247      0.0000
   2013.62537100      0.0000
   2013.62539954      0.0000
   2013.62542808      0.0000
   2013.62545662      0.0000
   2013.62548516      0.0037
   2013.62551370      0.0026
   2013.62554224      0.0024
   2013.62557078      0.0291
   2013.62559932      0.0664
   2013.62562785      0.1372
   2013.62565639      0.2947
   2013.62568493      0.6855
   2013.62571347      2.1471
   2013.62574201      5.0273
   2013.62577055      6.5208
   2013.62579909      6.6546
   2013.62582763      6.3580
   2013.62585616      5.8813
   2013.62588470      5.3900
   2013.62591324      4.9771
   2013.62594178      4.6170
   2013.62597032      4.2519
   2013.62599886      4.0172
   2013.62602740      3.8099
   2013.62605594      3.6470
   2013.62608447      3.5266
   2013.62611301      3.4394
   2013.62614155      3.3792
   2013.62617009      3.3424
   2013.62619863      3.3250
   2013.62622717      3.3221
   2013.62625571      3.2934
   2013.62628425      3.3944
   2013.62631279      3.3350
   2013.62634132      3.0823
   2013.62636986      2.9923
   2013.62639840      2.8653
   2013.62642694      2.6703
   2013.62645548      2.5285
   2013.62648402      2.3787
   2013.62651256      2.2267
   2013.62654110      2.1444
   2013.62656963      1.9747
   2013.62659817      1.8243
   2013.62662671      1.6229
   2013.62665525      1.4941
   2013.62668379      1.3689
   2013.62671233      1.3073
   2013.62674087      1.1415
   2013.62676941      1.0451
   2013.62679795      0.9564
   2013.62682648      0.8760
   2013.62685502      0.7996
   2013.62688356      0.7278
   2013.62691210      0.6625
   2013.62694064      0.6043
   2013.62696918      0.5518
   2013.62699772      0.5045
   2013.62702626      0.4621
   2013.62705479      0.4239
   2013.62708333      0.3895
   2013.62711187      0.3582
   2013.62714041      0.3299
   2013.62716895      0.3041
   2013.62719749      0.2807
   2013.62722603      0.2593
   2013.62725457      0.2397
   2013.62728311      0.2216
   2013.62731164      0.2050
   2013.62734018      0.1898
   2013.62736872      0.1759
   2013.62739726      0.1632
   2013.62742580      0.1515
   2013.62745434      0.1407
   2013.62748288      0.1309
   2013.62751142      0.1218
   2013.62753995      0.1134
   2013.62756849      0.1056
