   2013.62465753      0.0000
   2013.62468607      0.0000
   2013.62471461      0.0000
   2013.62474315      0.0000
   2013.62477169      0.0000
   2013.62480023      0.0000
   2013.62482877      0.0000
   2013.62485731      0.0000
   2013.62488584      0.0000
   2013.62491438      0.0000
   2013.62494292      0.0000
   2013.62497146      0.0000
   2013.62500000      0.0000
   2013.62502854      0.0000
   2013.62505708      0.0000
   2013.62508562      0.0000
   2013.62511416      0.0000
   2013.62514269      0.0000
   2013.62517123      0.0000
   2013.62519977      0.0000
   2013.62522831      0.0000
   2013.62525685      0.0000
   2013.62528539      0.0000
   2013.62531393      0.0000
   2013.62534247      0.0000
   2013.62537100      0.0000
   2013.62539954      0.0000
   2013.62542808      0.0000
   2013.62545662      0.0000
   2013.62548516      0.0000
   2013.62551370      0.0000
   2013.62554224      0.0000
   2013.62557078      0.0000
   2013.62559932      0.0000
   2013.62562785      0.0000
   2013.62565639      0.0000
   2013.62568493      0.0000
   2013.62571347      0.0000
   2013.62574201      0.0000
   2013.62577055      0.0000
   2013.62579909      0.0000
   2013.62582763      0.0000
   2013.62585616      0.0000
   2013.62588470      0.0000
   2013.62591324      0.0000
   2013.62594178      0.0000
   2013.62597032      0.0000
   2013.62599886      0.0000
   2013.62602740      0.0000
   2013.62605594      0.0000
   2013.62608447      0.0000
   2013.62611301      0.0000
   2013.62614155      0.0000
   2013.62617009      0.0000
   2013.62619863      0.0000
   2013.62622717      0.0000
   2013.62625571      0.0000
   2013.62628425      0.1806
   2013.62631279      0.3918
   2013.62634132      1.2002
   2013.62636986      2.7982
   2013.62639840      5.0467
   2013.62642694      9.0897
   2013.62645548     14.5271
   2013.62648402     17.1208
   2013.62651256     16.9138
   2013.62654110     16.1017
   2013.62656963     14.4981
   2013.62659817     13.0364
   2013.62662671     12.4003
   2013.62665525     11.3722
   2013.62668379     10.3726
   2013.62671233      9.4067
   2013.62674087      8.6918
   2013.62676941      8.2714
   2013.62679795      7.2318
   2013.62682648      6.1254
   2013.62685502      5.8277
   2013.62688356      5.5799
   2013.62691210      4.6511
   2013.62694064      4.0576
   2013.62696918      3.9682
   2013.62699772      3.6413
   2013.62702626      3.3755
   2013.62705479      3.2211
   2013.62708333      2.9890
   2013.62711187      2.8434
   2013.62714041      2.6775
   2013.62716895      2.6674
   2013.62719749      2.5415
   2013.62722603      2.4535
   2013.62725457      2.3642
   2013.62728311      2.3041
   2013.62731164      2.2943
   2013.62734018      2.3254
   2013.62736872      2.2923
   2013.62739726      2.2289
   2013.62742580      2.1487
   2013.62745434      2.0643
   2013.62748288      2.0374
   2013.62751142      2.0060
   2013.62753995      2.0101
   2013.62756849      1.9379
   2013.62759703      1.8637
   2013.62762557      1.8300
   2013.62765411      1.7975
   2013.62768265      1.7905
   2013.62771119      1.7746
   2013.62773973      1.7025
   2013.62776826      1.6033
   2013.62779680      1.5369
   2013.62782534      1.4840
   2013.62785388      1.4428
   2013.62788242      1.4024
   2013.62791096      1.3566
   2013.62793950      1.3065
   2013.62796804      1.2536
   2013.62799658      1.2121
   2013.62802511      1.1745
   2013.62805365      1.1377
   2013.62808219      1.0986
   2013.62811073      1.0576
   2013.62813927      1.0162
   2013.62816781      1.0136
   2013.62819635      0.9557
   2013.62822489      0.9211
   2013.62825342      0.8812
   2013.62828196      0.8543
   2013.62831050      0.8206
   2013.62833904      0.7850
   2013.62836758      0.7478
   2013.62839612      0.7108
   2013.62842466      0.6758
   2013.62845320      0.6431
   2013.62848174      0.6124
   2013.62851027      0.5831
   2013.62853881      0.5554
   2013.62856735      0.5293
   2013.62859589      0.5048
   2013.62862443      0.4818
   2013.62865297      0.4604
   2013.62868151      0.4401
   2013.62871005      0.4208
   2013.62873858      0.4023
   2013.62876712      0.3844
   2013.62879566      0.3669
   2013.62882420      0.3499
   2013.62885274      0.3334
   2013.62888128      0.3174
   2013.62890982      0.3020
   2013.62893836      0.2873
   2013.62896689      0.2732
   2013.62899543      0.2598
   2013.62902397      0.2471
   2013.62905251      0.2350
   2013.62908105      0.2235
   2013.62910959      0.2124
   2013.62913813      0.2019
   2013.62916667      0.1919
   2013.62919521      0.1825
   2013.62922374      0.1736
   2013.62925228      0.1653
   2013.62928082      0.1574
   2013.62930936      0.1499
   2013.62933790      0.1427
   2013.62936644      0.1360
   2013.62939498      0.1295
   2013.62942352      0.1234
   2013.62945205      0.1176
   2013.62948059      0.1120
   2013.62950913      0.1067
   2013.62953767      0.1017
