   2013.62465753      0.0000
   2013.62468607      0.0000
   2013.62471461      0.0000
   2013.62474315      0.0000
   2013.62477169      0.0000
   2013.62480023      0.0000
   2013.62482877      0.0000
   2013.62485731      0.0000
   2013.62488584      0.0000
   2013.62491438      0.0000
   2013.62494292      0.0000
   2013.62497146      0.0000
   2013.62500000      0.0000
   2013.62502854      0.0000
   2013.62505708      0.0000
   2013.62508562      0.0000
   2013.62511416      0.0000
   2013.62514269      0.0000
   2013.62517123      0.0000
   2013.62519977      0.0000
   2013.62522831      0.0000
   2013.62525685      0.0000
   2013.62528539      0.0000
   2013.62531393      0.0000
   2013.62534247      0.0000
   2013.62537100      0.0000
   2013.62539954      0.0000
   2013.62542808      0.0000
   2013.62545662      0.0000
   2013.62548516      0.0000
   2013.62551370      0.0000
   2013.62554224      0.0000
   2013.62557078      0.0000
   2013.62559932      1.0838
   2013.62562785      5.8866
   2013.62565639     13.4959
   2013.62568493     31.1856
   2013.62571347     43.3461
   2013.62574201     39.5034
   2013.62577055     32.4116
   2013.62579909     26.7147
   2013.62582763     23.3153
   2013.62585616     20.0997
   2013.62588470     17.4993
   2013.62591324     14.8486
   2013.62594178     12.9685
   2013.62597032     11.0985
   2013.62599886      9.6996
   2013.62602740      8.4159
   2013.62605594      7.2157
   2013.62608447      6.8124
   2013.62611301      5.4466
   2013.62614155      5.1845
   2013.62617009      4.1013
   2013.62619863      3.5386
   2013.62622717      3.0798
   2013.62625571      2.8320
   2013.62628425      2.4442
   2013.62631279      2.1388
   2013.62634132      1.7807
   2013.62636986      1.5977
   2013.62639840      1.4127
   2013.62642694      1.2648
   2013.62645548      1.0804
   2013.62648402      0.9958
   2013.62651256      0.8957
   2013.62654110      0.8023
   2013.62656963      0.7191
   2013.62659817      0.6460
   2013.62662671      0.5821
   2013.62665525      0.5256
   2013.62668379      0.4759
   2013.62671233      0.4322
   2013.62674087      0.3935
   2013.62676941      0.3591
   2013.62679795      0.3284
   2013.62682648      0.3009
   2013.62685502      0.2762
   2013.62688356      0.2538
   2013.62691210      0.2334
   2013.62694064      0.2148
   2013.62696918      0.1979
   2013.62699772      0.1826
   2013.62702626      0.1686
   2013.62705479      0.1559
   2013.62708333      0.1443
   2013.62711187      0.1337
   2013.62714041      0.1240
   2013.62716895      0.1151
   2013.62719749      0.1069
