   2013.62465753      0.0000
   2013.62468607      0.0000
   2013.62471461      0.0000
   2013.62474315      0.0000
   2013.62477169      0.0000
   2013.62480023      0.0000
   2013.62482877      0.0000
   2013.62485731      0.0000
   2013.62488584      0.0000
   2013.62491438      0.0000
   2013.62494292      0.0000
   2013.62497146      0.0000
   2013.62500000      0.0000
   2013.62502854      0.0000
   2013.62505708      0.0000
   2013.62508562      0.0000
   2013.62511416      0.0000
   2013.62514269      0.0000
   2013.62517123      0.0000
   2013.62519977      0.0000
   2013.62522831      0.0000
   2013.62525685      0.0000
   2013.62528539      0.0000
   2013.62531393      0.0000
   2013.62534247      0.0000
   2013.62537100      0.0000
   2013.62539954      0.0000
   2013.62542808      0.0000
   2013.62545662      0.0000
   2013.62548516      0.0000
   2013.62551370      0.0000
   2013.62554224      0.0000
   2013.62557078      0.0000
   2013.62559932      0.0000
   2013.62562785      0.0000
   2013.62565639      0.0000
   2013.62568493      0.0000
   2013.62571347      0.0000
   2013.62574201      0.0000
   2013.62577055      0.0000
   2013.62579909      0.0000
   2013.62582763      0.0003
   2013.62585616      0.0009
   2013.62588470      0.0015
   2013.62591324      0.0021
   2013.62594178      0.0024
   2013.62597032      0.0027
   2013.62599886      0.0031
   2013.62602740      0.0206
   2013.62605594      0.0605
   2013.62608447      0.1009
   2013.62611301      0.1759
   2013.62614155      0.3104
   2013.62617009      0.4890
   2013.62619863      0.7738
   2013.62622717      1.1972
   2013.62625571      1.8212
   2013.62628425      2.7623
   2013.62631279      3.9646
   2013.62634132      5.0941
   2013.62636986      5.9289
   2013.62639840      6.4282
   2013.62642694      6.7458
   2013.62645548      6.9629
   2013.62648402      7.0829
   2013.62651256      7.2552
   2013.62654110      7.3004
   2013.62656963      7.3999
   2013.62659817      7.5532
   2013.62662671      7.6492
   2013.62665525      7.6541
   2013.62668379      7.7360
   2013.62671233      7.8785
   2013.62674087      7.9192
   2013.62676941      7.9413
   2013.62679795      7.6961
   2013.62682648      7.5691
   2013.62685502      7.3012
   2013.62688356      7.1162
   2013.62691210      6.6944
   2013.62694064      6.5171
   2013.62696918      6.0944
   2013.62699772      6.1218
   2013.62702626      5.5097
   2013.62705479      4.8449
   2013.62708333      4.5639
   2013.62711187      4.1471
   2013.62714041      4.0034
   2013.62716895      3.5456
   2013.62719749      3.3227
   2013.62722603      3.0883
   2013.62725457      2.8750
   2013.62728311      2.7008
   2013.62731164      2.5316
   2013.62734018      2.3765
   2013.62736872      2.2437
   2013.62739726      2.0864
   2013.62742580      2.0133
   2013.62745434      1.8770
   2013.62748288      1.7827
   2013.62751142      1.6961
   2013.62753995      1.6149
   2013.62756849      1.5397
   2013.62759703      1.4528
   2013.62762557      1.3816
   2013.62765411      1.3142
   2013.62768265      1.2496
   2013.62771119      1.1853
   2013.62773973      1.1718
   2013.62776826      1.0769
   2013.62779680      1.0162
   2013.62782534      0.9438
   2013.62785388      0.9098
   2013.62788242      0.8636
   2013.62791096      0.8168
   2013.62793950      0.7715
   2013.62796804      0.7282
   2013.62799658      0.6878
   2013.62802511      0.6509
   2013.62805365      0.6170
   2013.62808219      0.5854
   2013.62811073      0.5557
   2013.62813927      0.5277
   2013.62816781      0.5015
   2013.62819635      0.4769
   2013.62822489      0.4537
   2013.62825342      0.4317
   2013.62828196      0.4110
   2013.62831050      0.3914
   2013.62833904      0.3728
   2013.62836758      0.3553
   2013.62839612      0.3388
   2013.62842466      0.3242
   2013.62845320      0.3098
   2013.62848174      0.2960
   2013.62851027      0.2830
   2013.62853881      0.2747
   2013.62856735      0.2640
   2013.62859589      0.2533
   2013.62862443      0.2431
   2013.62865297      0.2400
   2013.62868151      0.2324
   2013.62871005      0.2243
   2013.62873858      0.2168
   2013.62876712      0.2191
   2013.62879566      0.2153
   2013.62882420      0.2107
   2013.62885274      0.2069
   2013.62888128      0.2170
   2013.62890982      0.2187
   2013.62893836      0.2193
   2013.62896689      0.2212
   2013.62899543      0.2401
   2013.62902397      0.2497
   2013.62905251      0.2583
   2013.62908105      0.2693
   2013.62910959      0.3020
   2013.62913813      0.3240
   2013.62916667      0.3562
   2013.62919521      0.3809
   2013.62922374      0.4395
   2013.62925228      0.4907
   2013.62928082      0.5484
   2013.62930936      0.6040
   2013.62933790      0.7163
   2013.62936644      0.8253
   2013.62939498      0.9529
   2013.62942352      1.1075
   2013.62945205      1.3351
   2013.62948059      1.5631
   2013.62950913      1.7469
   2013.62953767      1.8817
   2013.62956621      2.0347
   2013.62959475      2.1501
   2013.62962329      2.2072
   2013.62965183      2.2465
   2013.62968037      2.3214
   2013.62970890      2.3586
   2013.62973744      2.3649
   2013.62976598      2.3551
   2013.62979452      2.3846
   2013.62982306      2.3748
   2013.62985160      2.3465
   2013.62988014      2.3127
   2013.62990868      2.3036
   2013.62993721      2.2607
   2013.62996575      2.2164
   2013.62999429      2.1588
   2013.63002283      2.1192
   2013.63005137      2.0648
   2013.63007991      2.0033
   2013.63010845      1.9359
   2013.63013699      1.8450
   2013.63016553      1.8174
   2013.63019406      1.7200
   2013.63022260      1.6606
   2013.63025114      1.5954
   2013.63027968      1.5308
   2013.63030822      1.4746
   2013.63033676      1.4039
   2013.63036530      1.3425
   2013.63039384      1.2828
   2013.63042237      1.2234
   2013.63045091      1.1469
   2013.63047945      1.1203
   2013.63050799      1.0439
   2013.63053653      0.9897
   2013.63056507      0.9285
   2013.63059361      0.8867
   2013.63062215      0.8401
   2013.63065068      0.7951
   2013.63067922      0.7516
   2013.63070776      0.7103
   2013.63073630      0.6719
   2013.63076484      0.6368
   2013.63079338      0.6041
   2013.63082192      0.5733
   2013.63085046      0.5443
   2013.63087900      0.5171
   2013.63090753      0.4915
   2013.63093607      0.4675
   2013.63096461      0.4448
   2013.63099315      0.4233
   2013.63102169      0.4029
   2013.63105023      0.3837
   2013.63107877      0.3655
   2013.63110731      0.3483
   2013.63113584      0.3322
   2013.63116438      0.3169
   2013.63119292      0.3026
   2013.63122146      0.2891
   2013.63125000      0.2763
   2013.63127854      0.2643
   2013.63130708      0.2529
   2013.63133562      0.2422
   2013.63136416      0.2319
   2013.63139269      0.2221
   2013.63142123      0.2127
   2013.63144977      0.2039
   2013.63147831      0.1956
   2013.63150685      0.1877
   2013.63153539      0.1802
   2013.63156393      0.1731
   2013.63159247      0.1664
   2013.63162100      0.1600
   2013.63164954      0.1539
   2013.63167808      0.1481
   2013.63170662      0.1426
   2013.63173516      0.1373
   2013.63176370      0.1324
   2013.63179224      0.1276
   2013.63182078      0.1231
   2013.63184932      0.1188
   2013.63187785      0.1147
   2013.63190639      0.1108
   2013.63193493      0.1071
   2013.63196347      0.1035
   2013.63199201      0.1002
