   2013.62465753      0.0000
   2013.62468607      0.0000
   2013.62471461      0.0000
   2013.62474315      0.0000
   2013.62477169      0.0000
   2013.62480023      0.0000
   2013.62482877      0.0000
   2013.62485731      0.0000
   2013.62488584      0.0000
   2013.62491438      0.0000
   2013.62494292      0.0000
   2013.62497146      0.0000
   2013.62500000      0.0000
   2013.62502854      0.0000
   2013.62505708      0.0000
   2013.62508562      0.0000
   2013.62511416      0.0000
   2013.62514269      0.0000
   2013.62517123      0.0000
   2013.62519977      0.0000
   2013.62522831      0.0000
   2013.62525685      0.0000
   2013.62528539      0.0000
   2013.62531393      0.0000
   2013.62534247      0.0000
   2013.62537100      0.0000
   2013.62539954      0.0000
   2013.62542808      0.0000
   2013.62545662      0.0000
   2013.62548516      0.0000
   2013.62551370      0.0000
   2013.62554224      0.0000
   2013.62557078      0.0000
   2013.62559932      0.0000
   2013.62562785      0.0000
   2013.62565639      0.0000
   2013.62568493      0.0000
   2013.62571347      0.0000
   2013.62574201      0.0000
   2013.62577055      0.0000
   2013.62579909      0.0000
   2013.62582763      0.0000
   2013.62585616      0.0000
   2013.62588470      0.0000
   2013.62591324      0.0000
   2013.62594178      0.0000
   2013.62597032      0.0000
   2013.62599886      0.0000
   2013.62602740      0.0000
   2013.62605594      0.0000
   2013.62608447      0.0000
   2013.62611301      0.0000
   2013.62614155      0.0000
   2013.62617009      0.0000
   2013.62619863      0.0000
   2013.62622717      0.0000
   2013.62625571      0.0000
   2013.62628425      0.0000
   2013.62631279      0.0000
   2013.62634132      0.0000
   2013.62636986      0.0000
   2013.62639840      0.0000
   2013.62642694      0.0000
   2013.62645548      0.0000
   2013.62648402      0.0000
   2013.62651256      0.0000
   2013.62654110      0.0000
   2013.62656963      0.0000
   2013.62659817      0.0000
   2013.62662671      0.0000
   2013.62665525      0.0000
   2013.62668379      0.0000
   2013.62671233      0.0000
   2013.62674087      0.0000
   2013.62676941      0.0000
   2013.62679795      0.0000
   2013.62682648      0.0000
   2013.62685502      0.0000
   2013.62688356      0.0000
   2013.62691210      0.0000
   2013.62694064      0.0000
   2013.62696918      0.2644
   2013.62699772      0.6717
   2013.62702626      2.1661
   2013.62705479      4.1194
   2013.62708333      7.0746
   2013.62711187     12.3972
   2013.62714041     16.4960
   2013.62716895     16.4952
   2013.62719749     14.7027
   2013.62722603     12.9518
   2013.62725457     11.2501
   2013.62728311      9.9069
   2013.62731164      8.8334
   2013.62734018      8.0414
   2013.62736872      7.1321
   2013.62739726      6.6354
   2013.62742580      6.0084
   2013.62745434      5.4804
   2013.62748288      4.8722
   2013.62751142      4.6231
   2013.62753995      4.2432
   2013.62756849      4.1618
   2013.62759703      3.8488
   2013.62762557      3.4014
   2013.62765411      3.1743
   2013.62768265      2.8563
   2013.62771119      2.6115
   2013.62773973      2.4047
   2013.62776826      2.1933
   2013.62779680      1.9834
   2013.62782534      1.8025
   2013.62785388      1.6526
   2013.62788242      1.5130
   2013.62791096      1.3818
   2013.62793950      1.3179
   2013.62796804      1.1680
   2013.62799658      1.0670
   2013.62802511      0.9696
   2013.62805365      0.8934
   2013.62808219      0.8244
   2013.62811073      0.7556
   2013.62813927      0.6902
   2013.62816781      0.6321
   2013.62819635      0.5881
   2013.62822489      0.5424
   2013.62825342      0.4995
   2013.62828196      0.4611
   2013.62831050      0.4372
   2013.62833904      0.4076
   2013.62836758      0.3780
   2013.62839612      0.3506
   2013.62842466      0.3377
   2013.62845320      0.3172
   2013.62848174      0.2960
   2013.62851027      0.2759
   2013.62853881      0.2729
   2013.62856735      0.2592
   2013.62859589      0.2438
   2013.62862443      0.2291
   2013.62865297      0.2330
   2013.62868151      0.2246
   2013.62871005      0.2139
   2013.62873858      0.2039
   2013.62876712      0.2161
   2013.62879566      0.2136
   2013.62882420      0.2085
   2013.62885274      0.2047
   2013.62888128      0.2272
   2013.62890982      0.2333
   2013.62893836      0.2364
   2013.62896689      0.2416
   2013.62899543      0.2802
   2013.62902397      0.3003
   2013.62905251      0.3174
   2013.62908105      0.3471
   2013.62910959      0.4155
   2013.62913813      0.4696
   2013.62916667      0.5271
   2013.62919521      0.5869
   2013.62922374      0.7220
   2013.62925228      0.8433
   2013.62928082      0.9838
   2013.62930936      1.1503
   2013.62933790      1.4279
   2013.62936644      1.7072
   2013.62939498      1.9319
   2013.62942352      2.0907
   2013.62945205      2.3200
   2013.62948059      2.4315
   2013.62950913      2.5419
   2013.62953767      2.6267
   2013.62956621      2.6736
   2013.62959475      2.7928
   2013.62962329      2.8421
   2013.62965183      2.8572
   2013.62968037      2.8433
   2013.62970890      2.9442
   2013.62973744      3.2087
   2013.62976598      2.9059
   2013.62979452      2.8603
   2013.62982306      2.9166
   2013.62985160      2.8975
   2013.62988014      2.8253
   2013.62990868      2.7075
   2013.62993721      2.7579
   2013.62996575      2.7126
   2013.62999429      2.6314
   2013.63002283      2.6124
   2013.63005137      2.5370
   2013.63007991      2.4568
   2013.63010845      2.3630
   2013.63013699      2.2764
   2013.63016553      2.2335
   2013.63019406      2.1019
   2013.63022260      2.0177
   2013.63025114      1.9291
   2013.63027968      1.8435
   2013.63030822      1.7487
   2013.63033676      1.6423
   2013.63036530      1.5471
   2013.63039384      1.4583
   2013.63042237      1.3732
   2013.63045091      1.2897
   2013.63047945      1.2076
   2013.63050799      1.1532
   2013.63053653      1.0594
   2013.63056507      0.9665
   2013.63059361      0.9174
   2013.63062215      0.8556
   2013.63065068      0.7943
   2013.63067922      0.7357
   2013.63070776      0.6805
   2013.63073630      0.6299
   2013.63076484      0.5836
   2013.63079338      0.5410
   2013.63082192      0.5021
   2013.63085046      0.4665
   2013.63087900      0.4338
   2013.63090753      0.4036
   2013.63093607      0.3755
   2013.63096461      0.3495
   2013.63099315      0.3253
   2013.63102169      0.3029
   2013.63105023      0.2822
   2013.63107877      0.2631
   2013.63110731      0.2453
   2013.63113584      0.2287
   2013.63116438      0.2132
   2013.63119292      0.1988
   2013.63122146      0.1854
   2013.63125000      0.1731
   2013.63127854      0.1617
   2013.63130708      0.1511
   2013.63133562      0.1413
   2013.63136416      0.1321
   2013.63139269      0.1237
   2013.63142123      0.1158
   2013.63144977      0.1084
   2013.63147831      0.1016
