   2013.62465753      0.0000
   2013.62468607      0.0000
   2013.62471461      0.0000
   2013.62474315      0.0000
   2013.62477169      0.0000
   2013.62480023      0.0000
   2013.62482877      0.0000
   2013.62485731      0.0000
   2013.62488584      0.0000
   2013.62491438      0.0000
   2013.62494292      0.0000
   2013.62497146      0.0000
   2013.62500000      0.0000
   2013.62502854      0.0000
   2013.62505708      0.0000
   2013.62508562      0.0000
   2013.62511416      0.0000
   2013.62514269      0.0000
   2013.62517123      0.0000
   2013.62519977      0.0000
   2013.62522831      0.0000
   2013.62525685      0.0000
   2013.62528539      0.0000
   2013.62531393      0.0000
   2013.62534247      0.0000
   2013.62537100      0.0000
   2013.62539954      0.0000
   2013.62542808      0.0000
   2013.62545662      0.0000
   2013.62548516      0.0000
   2013.62551370      0.0000
   2013.62554224      0.0000
   2013.62557078      0.0000
   2013.62559932      0.1444
   2013.62562785      0.2682
   2013.62565639      0.7087
   2013.62568493      1.7539
   2013.62571347      3.1041
   2013.62574201      5.2543
   2013.62577055      8.8752
   2013.62579909     12.3510
   2013.62582763     13.3519
   2013.62585616     13.0151
   2013.62588470     12.1777
   2013.62591324     11.5350
   2013.62594178     10.8828
   2013.62597032     10.4679
   2013.62599886     10.1388
   2013.62602740      9.9776
   2013.62605594      9.8887
   2013.62608447      9.9447
   2013.62611301      9.9931
   2013.62614155     10.3378
   2013.62617009     10.2723
   2013.62619863     10.4651
   2013.62622717     10.5823
   2013.62625571     10.7500
   2013.62628425     10.9227
   2013.62631279     11.1279
   2013.62634132     11.2314
   2013.62636986     11.6387
   2013.62639840     11.5484
   2013.62642694     11.7371
   2013.62645548     11.8022
   2013.62648402     12.2046
   2013.62651256     12.0591
   2013.62654110     12.2215
   2013.62656963     11.9885
   2013.62659817     11.9104
   2013.62662671     11.4721
   2013.62665525     11.0546
   2013.62668379     10.5392
   2013.62671233      9.5964
   2013.62674087      9.6346
   2013.62676941      9.1007
   2013.62679795      8.5424
   2013.62682648      7.8549
   2013.62685502      7.7145
   2013.62688356      7.3744
   2013.62691210      7.1465
   2013.62694064      6.6359
   2013.62696918      6.8829
   2013.62699772      6.8641
   2013.62702626      6.7688
   2013.62705479      6.5504
   2013.62708333      6.8940
   2013.62711187      6.8959
   2013.62714041      6.7795
   2013.62716895      6.6826
   2013.62719749      6.7637
   2013.62722603      6.7006
   2013.62725457      6.5357
   2013.62728311      6.0079
   2013.62731164      6.6667
   2013.62734018      6.6987
   2013.62736872      6.3953
   2013.62739726      5.7821
   2013.62742580      5.7353
   2013.62745434      5.4649
   2013.62748288      5.7450
   2013.62751142      5.9109
   2013.62753995      5.6087
   2013.62756849      5.2598
   2013.62759703      4.8884
   2013.62762557      4.5995
   2013.62765411      4.4972
   2013.62768265      4.4926
   2013.62771119      4.4111
   2013.62773973      4.2129
   2013.62776826      3.8921
   2013.62779680      3.6064
   2013.62782534      3.6803
   2013.62785388      3.4112
   2013.62788242      3.1399
   2013.62791096      3.1131
   2013.62793950      2.9930
   2013.62796804      2.8232
   2013.62799658      2.5972
   2013.62802511      2.4383
   2013.62805365      2.3002
   2013.62808219      2.1767
   2013.62811073      2.0675
   2013.62813927      1.9637
   2013.62816781      1.8321
   2013.62819635      1.7214
   2013.62822489      1.6139
   2013.62825342      1.5122
   2013.62828196      1.4169
   2013.62831050      1.3290
   2013.62833904      1.2484
   2013.62836758      1.1734
   2013.62839612      1.0977
   2013.62842466      1.0346
   2013.62845320      0.9699
   2013.62848174      0.9082
   2013.62851027      0.8501
   2013.62853881      0.7928
   2013.62856735      0.7376
   2013.62859589      0.6857
   2013.62862443      0.6381
   2013.62865297      0.5943
   2013.62868151      0.5534
   2013.62871005      0.5156
   2013.62873858      0.4806
   2013.62876712      0.4483
   2013.62879566      0.4184
   2013.62882420      0.3905
   2013.62885274      0.3645
   2013.62888128      0.3403
   2013.62890982      0.3178
   2013.62893836      0.2968
   2013.62896689      0.2773
   2013.62899543      0.2593
   2013.62902397      0.2425
   2013.62905251      0.2267
   2013.62908105      0.2119
   2013.62910959      0.1982
   2013.62913813      0.1854
   2013.62916667      0.1735
   2013.62919521      0.1624
   2013.62922374      0.1522
   2013.62925228      0.1426
   2013.62928082      0.1337
   2013.62930936      0.1254
   2013.62933790      0.1176
   2013.62936644      0.1104
   2013.62939498      0.1036
