   2013.62465753      0.0000
   2013.62468607      0.0000
   2013.62471461      0.0000
   2013.62474315      0.0000
   2013.62477169      0.0000
   2013.62480023      0.0000
   2013.62482877      0.0000
   2013.62485731      0.0000
   2013.62488584      0.0000
   2013.62491438      0.0000
   2013.62494292      0.0000
   2013.62497146      0.0000
   2013.62500000      0.0000
   2013.62502854      0.0000
   2013.62505708      0.0000
   2013.62508562      0.0000
   2013.62511416      0.0000
   2013.62514269      0.0000
   2013.62517123      0.0000
   2013.62519977      0.0000
   2013.62522831      0.0000
   2013.62525685      0.0000
   2013.62528539      0.0000
   2013.62531393      0.0000
   2013.62534247      0.0000
   2013.62537100      0.0000
   2013.62539954      0.0000
   2013.62542808      0.0000
   2013.62545662      0.0000
   2013.62548516      0.0000
   2013.62551370      0.0000
   2013.62554224      0.0000
   2013.62557078      0.0000
   2013.62559932      0.0000
   2013.62562785      0.0000
   2013.62565639      0.0000
   2013.62568493      0.0000
   2013.62571347      0.0000
   2013.62574201      0.0000
   2013.62577055      0.0000
   2013.62579909      0.0000
   2013.62582763      0.0000
   2013.62585616      0.0000
   2013.62588470      0.0000
   2013.62591324      0.0000
   2013.62594178      0.0000
   2013.62597032      0.0000
   2013.62599886      0.0000
   2013.62602740      0.0000
   2013.62605594      0.0105
   2013.62608447      0.0634
   2013.62611301      0.1229
   2013.62614155      0.2751
   2013.62617009      0.6212
   2013.62619863      1.2582
   2013.62622717      2.2764
   2013.62625571      3.9287
   2013.62628425      6.3123
   2013.62631279      9.7937
   2013.62634132     11.7735
   2013.62636986     12.2829
   2013.62639840     13.3179
   2013.62642694     13.2478
   2013.62645548     12.8519
   2013.62648402     11.7495
   2013.62651256     11.6490
   2013.62654110     10.8396
   2013.62656963      9.8176
   2013.62659817      9.0141
   2013.62662671      8.1586
   2013.62665525      7.4716
   2013.62668379      6.5123
   2013.62671233      6.2509
   2013.62674087      5.5624
   2013.62676941      4.5872
   2013.62679795      4.3682
   2013.62682648      3.6209
   2013.62685502      3.4992
   2013.62688356      3.1770
   2013.62691210      2.8356
   2013.62694064      2.6881
   2013.62696918      2.5385
   2013.62699772      2.3688
   2013.62702626      2.1613
   2013.62705479      2.0963
   2013.62708333      2.0296
   2013.62711187      1.9381
   2013.62714041      1.8443
   2013.62716895      1.8171
   2013.62719749      1.7574
   2013.62722603      1.7062
   2013.62725457      1.6461
   2013.62728311      1.5990
   2013.62731164      1.5919
   2013.62734018      1.5560
   2013.62736872      1.4814
   2013.62739726      1.4714
   2013.62742580      1.4571
   2013.62745434      1.4235
   2013.62748288      1.3918
   2013.62751142      1.2373
   2013.62753995      1.3203
   2013.62756849      1.3007
   2013.62759703      1.2345
   2013.62762557      1.2105
   2013.62765411      1.1903
   2013.62768265      1.1339
   2013.62771119      1.0811
   2013.62773973      1.0335
   2013.62776826      1.0312
   2013.62779680      0.9879
   2013.62782534      0.9493
   2013.62785388      0.9168
   2013.62788242      0.8888
   2013.62791096      0.8511
   2013.62793950      0.8142
   2013.62796804      0.7909
   2013.62799658      0.7588
   2013.62802511      0.7250
   2013.62805365      0.6939
   2013.62808219      0.6790
   2013.62811073      0.6535
   2013.62813927      0.6256
   2013.62816781      0.5995
   2013.62819635      0.5887
   2013.62822489      0.5668
   2013.62825342      0.5434
   2013.62828196      0.5219
   2013.62831050      0.5168
   2013.62833904      0.4998
   2013.62836758      0.4804
   2013.62839612      0.4624
   2013.62842466      0.4630
   2013.62845320      0.4504
   2013.62848174      0.4348
   2013.62851027      0.4207
   2013.62853881      0.4261
   2013.62856735      0.4181
   2013.62859589      0.4070
   2013.62862443      0.3973
   2013.62865297      0.4096
   2013.62868151      0.4069
   2013.62871005      0.4007
   2013.62873858      0.3960
   2013.62876712      0.4161
   2013.62879566      0.4196
   2013.62882420      0.4195
   2013.62885274      0.4218
   2013.62888128      0.4528
   2013.62890982      0.4793
   2013.62893836      0.4797
   2013.62896689      0.4915
   2013.62899543      0.5174
   2013.62902397      0.5741
   2013.62905251      0.5835
   2013.62908105      0.6180
   2013.62910959      0.6812
   2013.62913813      0.7561
   2013.62916667      0.7780
   2013.62919521      0.8286
   2013.62922374      0.9124
   2013.62925228      0.9763
   2013.62928082      1.0477
   2013.62930936      1.1148
   2013.62933790      1.2230
   2013.62936644      1.3105
   2013.62939498      1.3860
   2013.62942352      1.4397
   2013.62945205      1.5397
   2013.62948059      1.6052
   2013.62950913      1.6515
   2013.62953767      1.6764
   2013.62956621      1.7543
   2013.62959475      1.7957
   2013.62962329      1.8165
   2013.62965183      1.8228
   2013.62968037      1.8805
   2013.62970890      1.9006
   2013.62973744      1.9010
   2013.62976598      1.8906
   2013.62979452      1.9288
   2013.62982306      1.9298
   2013.62985160      1.9175
   2013.62988014      1.8893
   2013.62990868      1.9099
   2013.62993721      1.8928
   2013.62996575      1.8689
   2013.62999429      1.8282
   2013.63002283      1.8346
   2013.63005137      1.8005
   2013.63007991      1.7682
   2013.63010845      1.7224
   2013.63013699      1.6802
   2013.63016553      1.6681
   2013.63019406      1.6306
   2013.63022260      1.5845
   2013.63025114      1.5062
   2013.63027968      1.4567
   2013.63030822      1.3972
   2013.63033676      1.3379
   2013.63036530      1.2771
   2013.63039384      1.2169
   2013.63042237      1.1547
   2013.63045091      1.1361
   2013.63047945      1.0444
   2013.63050799      0.9847
   2013.63053653      0.9206
   2013.63056507      0.8712
   2013.63059361      0.8174
   2013.63062215      0.7648
   2013.63065068      0.7137
   2013.63067922      0.6654
   2013.63070776      0.6208
   2013.63073630      0.5794
   2013.63076484      0.5408
   2013.63079338      0.5050
   2013.63082192      0.4718
   2013.63085046      0.4408
   2013.63087900      0.4119
   2013.63090753      0.3848
   2013.63093607      0.3594
   2013.63096461      0.3357
   2013.63099315      0.3135
   2013.63102169      0.2929
   2013.63105023      0.2737
   2013.63107877      0.2558
   2013.63110731      0.2391
   2013.63113584      0.2234
   2013.63116438      0.2087
   2013.63119292      0.1950
   2013.63122146      0.1823
   2013.63125000      0.1705
   2013.63127854      0.1595
   2013.63130708      0.1493
   2013.63133562      0.1398
   2013.63136416      0.1310
   2013.63139269      0.1227
   2013.63142123      0.1151
   2013.63144977      0.1079
   2013.63147831      0.1012
