   2013.62465753      0.0000
   2013.62468607      0.0000
   2013.62471461      0.0000
   2013.62474315      0.0000
   2013.62477169      0.0000
   2013.62480023      0.0000
   2013.62482877      0.0000
   2013.62485731      0.0000
   2013.62488584      0.0000
   2013.62491438      0.0000
   2013.62494292      0.0000
   2013.62497146      0.0000
   2013.62500000      0.0000
   2013.62502854      0.0000
   2013.62505708      0.0000
   2013.62508562      0.0000
   2013.62511416      0.0000
   2013.62514269      0.0000
   2013.62517123      0.0000
   2013.62519977      0.0000
   2013.62522831      0.0000
   2013.62525685      0.0000
   2013.62528539      0.0000
   2013.62531393      0.0000
   2013.62534247      0.0000
   2013.62537100      0.0000
   2013.62539954      0.0000
   2013.62542808      0.0000
   2013.62545662      0.0000
   2013.62548516      0.0000
   2013.62551370      0.0000
   2013.62554224      0.0000
   2013.62557078      0.0000
   2013.62559932      0.0000
   2013.62562785      0.0000
   2013.62565639      0.0000
   2013.62568493      0.0000
   2013.62571347      0.0000
   2013.62574201      0.0000
   2013.62577055      0.0000
   2013.62579909      0.0000
   2013.62582763      0.0000
   2013.62585616      0.0000
   2013.62588470      0.0000
   2013.62591324      0.0000
   2013.62594178      0.0000
   2013.62597032      0.0000
   2013.62599886      0.0000
   2013.62602740      0.0000
   2013.62605594      0.0000
   2013.62608447      0.0000
   2013.62611301      0.0000
   2013.62614155      0.0000
   2013.62617009      0.0000
   2013.62619863      0.0000
   2013.62622717      0.0000
   2013.62625571      0.0000
   2013.62628425      0.0000
   2013.62631279      0.0000
   2013.62634132      0.0000
   2013.62636986      0.0000
   2013.62639840      0.0000
   2013.62642694      0.0000
   2013.62645548      0.0000
   2013.62648402      0.0000
   2013.62651256      0.0042
   2013.62654110      0.0058
   2013.62656963      0.0096
   2013.62659817      0.0700
   2013.62662671      0.1425
   2013.62665525      0.3159
   2013.62668379      0.6965
   2013.62671233      1.3392
   2013.62674087      2.2527
   2013.62676941      3.5451
   2013.62679795      5.3523
   2013.62682648      7.0723
   2013.62685502      8.4166
   2013.62688356      8.4726
   2013.62691210      8.2022
   2013.62694064      7.4323
   2013.62696918      6.8408
   2013.62699772      6.0261
   2013.62702626      5.7212
   2013.62705479      4.7100
   2013.62708333      4.4774
   2013.62711187      3.7798
   2013.62714041      3.4211
   2013.62716895      3.0428
   2013.62719749      2.7499
   2013.62722603      2.4854
   2013.62725457      2.2602
   2013.62728311      2.0709
   2013.62731164      1.9009
   2013.62734018      1.7563
   2013.62736872      1.6097
   2013.62739726      1.4953
   2013.62742580      1.3939
   2013.62745434      1.3024
   2013.62748288      1.2159
   2013.62751142      1.1813
   2013.62753995      1.0784
   2013.62756849      1.0140
   2013.62759703      0.9439
   2013.62762557      0.9006
   2013.62765411      0.8511
   2013.62768265      0.8038
   2013.62771119      0.7591
   2013.62773973      0.7174
   2013.62776826      0.6794
   2013.62779680      0.6450
   2013.62782534      0.6136
   2013.62785388      0.5843
   2013.62788242      0.5568
   2013.62791096      0.5310
   2013.62793950      0.5067
   2013.62796804      0.4838
   2013.62799658      0.4623
   2013.62802511      0.4418
   2013.62805365      0.4224
   2013.62808219      0.4039
   2013.62811073      0.3863
   2013.62813927      0.3696
   2013.62816781      0.3537
   2013.62819635      0.3387
   2013.62822489      0.3244
   2013.62825342      0.3109
   2013.62828196      0.2980
   2013.62831050      0.2858
   2013.62833904      0.2742
   2013.62836758      0.2631
   2013.62839612      0.2527
   2013.62842466      0.2427
   2013.62845320      0.2330
   2013.62848174      0.2238
   2013.62851027      0.2150
   2013.62853881      0.2074
   2013.62856735      0.1996
   2013.62859589      0.1920
   2013.62862443      0.1848
   2013.62865297      0.1804
   2013.62868151      0.1743
   2013.62871005      0.1681
   2013.62873858      0.1623
   2013.62876712      0.1606
   2013.62879566      0.1561
   2013.62882420      0.1514
   2013.62885274      0.1469
   2013.62888128      0.1473
   2013.62890982      0.1444
   2013.62893836      0.1413
   2013.62896689      0.1385
   2013.62899543      0.1420
   2013.62902397      0.1414
   2013.62905251      0.1403
   2013.62908105      0.1397
   2013.62910959      0.1466
   2013.62913813      0.1486
   2013.62916667      0.1502
   2013.62919521      0.1523
   2013.62922374      0.1695
   2013.62925228      0.1776
   2013.62928082      0.1845
   2013.62930936      0.1926
   2013.62933790      0.2006
   2013.62936644      0.2074
   2013.62939498      0.2131
   2013.62942352      0.2190
   2013.62945205      0.2277
   2013.62948059      0.2404
   2013.62950913      0.2569
   2013.62953767      0.2776
   2013.62956621      0.3026
   2013.62959475      0.3312
   2013.62962329      0.3623
   2013.62965183      0.3961
   2013.62968037      0.4345
   2013.62970890      0.4795
   2013.62973744      0.5296
   2013.62976598      0.5795
   2013.62979452      0.6223
   2013.62982306      0.6540
   2013.62985160      0.6751
   2013.62988014      0.6876
   2013.62990868      0.6933
   2013.62993721      0.6942
   2013.62996575      0.6916
   2013.62999429      0.6864
   2013.63002283      0.6787
   2013.63005137      0.6684
   2013.63007991      0.6556
   2013.63010845      0.6403
   2013.63013699      0.6226
   2013.63016553      0.6029
   2013.63019406      0.5817
   2013.63022260      0.5595
   2013.63025114      0.5368
   2013.63027968      0.5141
   2013.63030822      0.4916
   2013.63033676      0.4696
   2013.63036530      0.4483
   2013.63039384      0.4277
   2013.63042237      0.4079
   2013.63045091      0.3888
   2013.63047945      0.3706
   2013.63050799      0.3533
   2013.63053653      0.3370
   2013.63056507      0.3215
   2013.63059361      0.3068
   2013.63062215      0.2930
   2013.63065068      0.2800
   2013.63067922      0.2676
   2013.63070776      0.2560
   2013.63073630      0.2449
   2013.63076484      0.2344
   2013.63079338      0.2243
   2013.63082192      0.2146
   2013.63085046      0.2054
   2013.63087900      0.1967
   2013.63090753      0.1884
   2013.63093607      0.1806
   2013.63096461      0.1731
   2013.63099315      0.1660
   2013.63102169      0.1592
   2013.63105023      0.1528
   2013.63107877      0.1466
   2013.63110731      0.1408
   2013.63113584      0.1352
   2013.63116438      0.1299
   2013.63119292      0.1248
   2013.63122146      0.1200
   2013.63125000      0.1154
   2013.63127854      0.1110
   2013.63130708      0.1069
   2013.63133562      0.1029
