   2013.62465753      0.0000
   2013.62468607      0.0000
   2013.62471461      0.0000
   2013.62474315      0.0000
   2013.62477169      0.0000
   2013.62480023      0.0000
   2013.62482877      0.0000
   2013.62485731      0.0000
   2013.62488584      0.0000
   2013.62491438      0.0000
   2013.62494292      0.0000
   2013.62497146      0.0000
   2013.62500000      0.0000
   2013.62502854      0.0000
   2013.62505708      0.0000
   2013.62508562      0.0000
   2013.62511416      0.0000
   2013.62514269      0.0000
   2013.62517123      0.0000
   2013.62519977      0.0000
   2013.62522831      0.0000
   2013.62525685      0.0000
   2013.62528539      0.0000
   2013.62531393      0.0000
   2013.62534247      0.0000
   2013.62537100      0.0916
   2013.62539954      0.1651
   2013.62542808      0.3842
   2013.62545662      0.9735
   2013.62548516      2.0077
   2013.62551370      3.3760
   2013.62554224      5.8416
   2013.62557078      9.4912
   2013.62559932     12.1707
   2013.62562785     13.0775
   2013.62565639     13.0173
   2013.62568493     12.7254
   2013.62571347     12.4346
   2013.62574201     12.2859
   2013.62577055     12.1637
   2013.62579909     12.1761
   2013.62582763     12.2648
   2013.62585616     12.4164
   2013.62588470     12.5497
   2013.62591324     12.9939
   2013.62594178     12.9394
   2013.62597032     13.2231
   2013.62599886     13.3991
   2013.62602740     13.9516
   2013.62605594     14.1926
   2013.62608447     14.2447
   2013.62611301     14.4313
   2013.62614155     14.8086
   2013.62617009     14.9413
   2013.62619863     15.1270
   2013.62622717     14.5193
   2013.62625571     13.7945
   2013.62628425     13.7314
   2013.62631279     13.4060
   2013.62634132     12.2407
   2013.62636986     11.2317
   2013.62639840     11.2605
   2013.62642694     10.6563
   2013.62645548      9.9992
   2013.62648402      9.4481
   2013.62651256      9.7532
   2013.62654110      9.6484
   2013.62656963      9.5890
   2013.62659817      9.5182
   2013.62662671     10.4148
   2013.62665525     10.7085
   2013.62668379     10.8252
   2013.62671233     10.7227
   2013.62674087     11.6458
   2013.62676941     11.7391
   2013.62679795     11.4797
   2013.62682648     11.2227
   2013.62685502     11.9915
   2013.62688356     11.7417
   2013.62691210     11.4940
   2013.62694064     11.0745
   2013.62696918     11.5348
   2013.62699772     11.4342
   2013.62702626     11.3225
   2013.62705479     10.6344
   2013.62708333     11.0468
   2013.62711187     10.8628
   2013.62714041     10.5929
   2013.62716895      9.9905
   2013.62719749     10.3279
   2013.62722603     10.1191
   2013.62725457      9.8126
   2013.62728311      9.2717
   2013.62731164      9.5317
   2013.62734018      9.4371
   2013.62736872      9.0546
   2013.62739726      8.5548
   2013.62742580      8.7008
   2013.62745434      8.4288
   2013.62748288      8.1695
   2013.62751142      7.7607
   2013.62753995      7.8625
   2013.62756849      7.6715
   2013.62759703      7.3524
   2013.62762557      6.8560
   2013.62765411      7.3704
   2013.62768265      6.8505
   2013.62771119      6.5756
   2013.62773973      6.1474
   2013.62776826      6.5061
   2013.62779680      6.1324
   2013.62782534      6.1327
   2013.62785388      5.9720
   2013.62788242      5.8689
   2013.62791096      5.5782
   2013.62793950      5.5730
   2013.62796804      5.2264
   2013.62799658      5.4121
   2013.62802511      5.1799
   2013.62805365      5.1572
   2013.62808219      5.1386
   2013.62811073      5.1075
   2013.62813927      4.9273
   2013.62816781      4.9395
   2013.62819635      4.9646
   2013.62822489      4.9582
   2013.62825342      4.8172
   2013.62828196      4.8691
   2013.62831050      4.5945
   2013.62833904      4.9701
   2013.62836758      4.8564
   2013.62839612      4.9904
   2013.62842466      4.7322
   2013.62845320      5.1835
   2013.62848174      5.0807
   2013.62851027      5.3023
   2013.62853881      5.0495
   2013.62856735      5.4792
   2013.62859589      5.5065
   2013.62862443      5.6624
   2013.62865297      5.5707
   2013.62868151      6.0052
   2013.62871005      6.1989
   2013.62873858      6.4055
   2013.62876712      6.3998
   2013.62879566      6.8626
   2013.62882420      7.2053
   2013.62885274      7.3512
   2013.62888128      7.3827
   2013.62890982      7.8742
   2013.62893836      8.1772
   2013.62896689      8.3321
   2013.62899543      8.5779
   2013.62902397      9.0754
   2013.62905251      9.2515
   2013.62908105      9.3212
   2013.62910959      9.6553
   2013.62913813     10.1572
   2013.62916667     10.2332
   2013.62919521     10.2436
   2013.62922374      9.6617
   2013.62925228     11.1496
   2013.62928082     12.4584
   2013.62930936     12.3976
   2013.62933790     11.3285
   2013.62936644     10.5162
   2013.62939498      9.9397
   2013.62942352     10.1397
   2013.62945205     11.5567
   2013.62948059     12.2585
   2013.62950913     11.3976
   2013.62953767     10.4427
   2013.62956621      9.3309
   2013.62959475      8.4268
   2013.62962329      8.0433
   2013.62965183      8.0643
   2013.62968037      8.2619
   2013.62970890      7.9724
   2013.62973744      7.6427
   2013.62976598      6.7292
   2013.62979452      5.9703
   2013.62982306      5.4004
   2013.62985160      5.0050
   2013.62988014      4.4367
   2013.62990868      4.5614
   2013.62993721      4.0600
   2013.62996575      3.5235
   2013.62999429      3.1465
   2013.63002283      2.8086
   2013.63005137      2.6450
   2013.63007991      2.3289
   2013.63010845      2.0875
   2013.63013699      1.8141
   2013.63016553      1.6416
   2013.63019406      1.4863
   2013.63022260      1.3478
   2013.63025114      1.2610
   2013.63027968      1.1260
   2013.63030822      1.0081
   2013.63033676      0.9392
   2013.63036530      0.8607
   2013.63039384      0.7859
   2013.63042237      0.7167
   2013.63045091      0.6539
   2013.63047945      0.5977
   2013.63050799      0.5471
   2013.63053653      0.5017
   2013.63056507      0.4612
   2013.63059361      0.4247
   2013.63062215      0.3917
   2013.63065068      0.3617
   2013.63067922      0.3343
   2013.63070776      0.3093
   2013.63073630      0.2864
   2013.63076484      0.2656
   2013.63079338      0.2464
   2013.63082192      0.2286
   2013.63085046      0.2122
   2013.63087900      0.1972
   2013.63090753      0.1833
   2013.63093607      0.1706
   2013.63096461      0.1589
   2013.63099315      0.1481
   2013.63102169      0.1381
   2013.63105023      0.1290
   2013.63107877      0.1205
   2013.63110731      0.1126
   2013.63113584      0.1053
