   2013.62465753      0.0000
   2013.62468607      0.0000
   2013.62471461      0.0000
   2013.62474315      0.0000
   2013.62477169      0.0000
   2013.62480023      0.0000
   2013.62482877      0.0000
   2013.62485731      0.0000
   2013.62488584      0.0000
   2013.62491438      0.0000
   2013.62494292      0.0003
   2013.62497146      0.0007
   2013.62500000      0.0059
   2013.62502854      0.0019
   2013.62505708      0.0009
   2013.62508562      0.0004
   2013.62511416      0.0022
   2013.62514269      0.0010
   2013.62517123      0.0005
   2013.62519977      0.0098
   2013.62522831      0.0323
   2013.62525685      0.0468
   2013.62528539      0.0575
   2013.62531393      0.0715
   2013.62534247      0.1018
   2013.62537100      0.1255
   2013.62539954      0.1516
   2013.62542808      0.1793
   2013.62545662      0.2273
   2013.62548516      0.2691
   2013.62551370      0.3203
   2013.62554224      0.3816
   2013.62557078      0.4782
   2013.62559932      0.6061
   2013.62562785      0.7348
   2013.62565639      0.8724
   2013.62568493      0.9331
   2013.62571347      1.0490
   2013.62574201      1.0856
   2013.62577055      1.0991
   2013.62579909      1.1246
   2013.62582763      1.1645
   2013.62585616      1.1809
   2013.62588470      1.1879
   2013.62591324      1.2728
   2013.62594178      1.3124
   2013.62597032      1.3576
   2013.62599886      1.3998
   2013.62602740      1.5516
   2013.62605594      1.6506
   2013.62608447      1.7654
   2013.62611301      1.8592
   2013.62614155      2.0915
   2013.62617009      2.2751
   2013.62619863      2.4413
   2013.62622717      2.5760
   2013.62625571      2.8130
   2013.62628425      3.0867
   2013.62631279      3.2508
   2013.62634132      3.4354
   2013.62636986      3.6535
   2013.62639840      3.9513
   2013.62642694      4.1055
   2013.62645548      4.2589
   2013.62648402      4.4261
   2013.62651256      4.7845
   2013.62654110      4.8919
   2013.62656963      5.0057
   2013.62659817      5.0845
   2013.62662671      5.4608
   2013.62665525      5.5093
   2013.62668379      5.5614
   2013.62671233      5.6136
   2013.62674087      5.8685
   2013.62676941      5.8503
   2013.62679795      5.8935
   2013.62682648      5.8345
   2013.62685502      6.0873
   2013.62688356      5.9885
   2013.62691210      5.9831
   2013.62694064      5.8543
   2013.62696918      5.9633
   2013.62699772      5.8986
   2013.62702626      5.8476
   2013.62705479      5.7109
   2013.62708333      5.6872
   2013.62711187      5.6219
   2013.62714041      5.4705
   2013.62716895      5.3550
   2013.62719749      5.3174
   2013.62722603      5.2011
   2013.62725457      5.0458
   2013.62728311      4.9057
   2013.62731164      4.8425
   2013.62734018      4.6921
   2013.62736872      4.5084
   2013.62739726      4.3867
   2013.62742580      4.3133
   2013.62745434      4.1373
   2013.62748288      3.9761
   2013.62751142      3.9285
   2013.62753995      3.7781
   2013.62756849      3.6117
   2013.62759703      3.4744
   2013.62762557      3.1809
   2013.62765411      3.2842
   2013.62768265      3.1090
   2013.62771119      2.9874
   2013.62773973      2.9181
   2013.62776826      2.8275
   2013.62779680      2.6946
   2013.62782534      2.5536
   2013.62785388      2.5250
   2013.62788242      2.4189
   2013.62791096      2.2972
   2013.62793950      2.2007
   2013.62796804      2.1754
   2013.62799658      2.0777
   2013.62802511      1.9772
   2013.62805365      1.8938
   2013.62808219      1.8815
   2013.62811073      1.8070
   2013.62813927      1.7296
   2013.62816781      1.6634
   2013.62819635      1.6585
   2013.62822489      1.6072
   2013.62825342      1.5508
   2013.62828196      1.4963
   2013.62831050      1.5046
   2013.62833904      1.4804
   2013.62836758      1.4533
   2013.62839612      1.4095
   2013.62842466      1.4552
   2013.62845320      1.4392
   2013.62848174      1.4354
   2013.62851027      1.4216
   2013.62853881      1.4896
   2013.62856735      1.5061
   2013.62859589      1.5307
   2013.62862443      1.5426
   2013.62865297      1.6768
   2013.62868151      1.8186
   2013.62871005      1.9450
   2013.62873858      1.9493
   2013.62876712      1.9421
   2013.62879566      1.9458
   2013.62882420      1.9822
   2013.62885274      2.2098
   2013.62888128      2.6081
   2013.62890982      2.7962
   2013.62893836      2.9507
   2013.62896689      2.8907
   2013.62899543      2.7849
   2013.62902397      2.6781
   2013.62905251      2.6828
   2013.62908105      2.8216
   2013.62910959      3.0209
   2013.62913813      3.1756
   2013.62916667      3.0928
   2013.62919521      3.0844
   2013.62922374      2.9156
   2013.62925228      2.7760
   2013.62928082      2.6766
   2013.62930936      2.5804
   2013.62933790      2.5391
   2013.62936644      2.4807
   2013.62939498      2.3830
   2013.62942352      2.3639
   2013.62945205      2.0746
   2013.62948059      1.9110
   2013.62950913      1.7542
   2013.62953767      1.6373
   2013.62956621      1.5155
   2013.62959475      1.3871
   2013.62962329      1.2728
   2013.62965183      1.1629
   2013.62968037      1.0793
   2013.62970890      0.9986
   2013.62973744      0.9247
   2013.62976598      0.8562
   2013.62979452      0.7900
   2013.62982306      0.7267
   2013.62985160      0.6682
   2013.62988014      0.6152
   2013.62990868      0.5666
   2013.62993721      0.5221
   2013.62996575      0.4817
   2013.62999429      0.4449
   2013.63002283      0.4114
   2013.63005137      0.3806
   2013.63007991      0.3524
   2013.63010845      0.3265
   2013.63013699      0.3027
   2013.63016553      0.2809
   2013.63019406      0.2609
   2013.63022260      0.2424
   2013.63025114      0.2252
   2013.63027968      0.2093
   2013.63030822      0.1946
   2013.63033676      0.1811
   2013.63036530      0.1687
   2013.63039384      0.1572
   2013.63042237      0.1466
   2013.63045091      0.1369
   2013.63047945      0.1278
   2013.63050799      0.1195
   2013.63053653      0.1117
   2013.63056507      0.1045
   2013.63059361      0.0978
   2013.63062215      0.0916
   2013.63065068      0.0858
   2013.63067922      0.0804
   2013.63070776      0.0753
   2013.63073630      0.0706
   2013.63076484      0.0660
   2013.63079338      0.0618
   2013.63082192      0.0578
   2013.63085046      0.0541
   2013.63087900      0.0506
   2013.63090753      0.0473
   2013.63093607      0.0442
   2013.63096461      0.0414
   2013.63099315      0.0387
   2013.63102169      0.0361
   2013.63105023      0.0338
   2013.63107877      0.0316
   2013.63110731      0.0295
   2013.63113584      0.0276
   2013.63116438      0.0257
   2013.63119292      0.0240
