   2013.62465753      0.0000
   2013.62468607      0.0000
   2013.62471461      0.0000
   2013.62474315      0.0000
   2013.62477169      0.0000
   2013.62480023      0.0000
   2013.62482877      0.0000
   2013.62485731      0.0000
   2013.62488584      0.0000
   2013.62491438      0.0000
   2013.62494292      0.0000
   2013.62497146      0.0000
   2013.62500000      0.0000
   2013.62502854      0.0000
   2013.62505708      0.0000
   2013.62508562      0.0000
   2013.62511416      0.0000
   2013.62514269      0.0000
   2013.62517123      0.0000
   2013.62519977      0.0000
   2013.62522831      0.0000
   2013.62525685      0.0000
   2013.62528539      0.0000
   2013.62531393      0.0000
   2013.62534247      0.0000
   2013.62537100      0.0000
   2013.62539954      0.0000
   2013.62542808      0.0000
   2013.62545662      0.0000
   2013.62548516      0.0018
   2013.62551370      0.0014
   2013.62554224      0.0014
   2013.62557078      0.0019
   2013.62559932      0.0019
   2013.62562785      0.0029
   2013.62565639      0.0275
   2013.62568493      0.0626
   2013.62571347      0.0882
   2013.62574201      0.1236
   2013.62577055      0.1783
   2013.62579909      0.2566
   2013.62582763      0.3451
   2013.62585616      0.4442
   2013.62588470      0.5744
   2013.62591324      0.7382
   2013.62594178      0.9087
   2013.62597032      1.1432
   2013.62599886      1.3983
   2013.62602740      1.6822
   2013.62605594      1.8772
   2013.62608447      1.9107
   2013.62611301      1.9031
   2013.62614155      1.9174
   2013.62617009      1.8952
   2013.62619863      1.8280
   2013.62622717      1.7138
   2013.62625571      1.6202
   2013.62628425      1.6531
   2013.62631279      1.5939
   2013.62634132      1.5247
   2013.62636986      1.5216
   2013.62639840      1.4893
   2013.62642694      1.4646
   2013.62645548      1.4298
   2013.62648402      1.4609
   2013.62651256      1.4728
   2013.62654110      1.4899
   2013.62656963      1.4967
   2013.62659817      1.5775
   2013.62662671      1.6438
   2013.62665525      1.6970
   2013.62668379      1.7364
   2013.62671233      1.8560
   2013.62674087      1.9473
   2013.62676941      1.9990
   2013.62679795      2.0343
   2013.62682648      2.1517
   2013.62685502      2.2285
   2013.62688356      2.2425
   2013.62691210      2.2478
   2013.62694064      2.3377
   2013.62696918      2.3323
   2013.62699772      2.3626
   2013.62702626      2.3408
   2013.62705479      2.4016
   2013.62708333      2.4102
   2013.62711187      2.3683
   2013.62714041      2.3300
   2013.62716895      2.3531
   2013.62719749      2.3230
   2013.62722603      2.2784
   2013.62725457      2.2211
   2013.62728311      2.2231
   2013.62731164      2.1710
   2013.62734018      2.1193
   2013.62736872      2.0094
   2013.62739726      1.9967
   2013.62742580      1.9747
   2013.62745434      1.9160
   2013.62748288      1.8154
   2013.62751142      1.7792
   2013.62753995      1.7493
   2013.62756849      1.6564
   2013.62759703      1.5941
   2013.62762557      1.4999
   2013.62765411      1.5127
   2013.62768265      1.4789
   2013.62771119      1.3749
   2013.62773973      1.3323
   2013.62776826      1.2808
   2013.62779680      1.2262
   2013.62782534      1.1382
   2013.62785388      1.1644
   2013.62788242      1.0848
   2013.62791096      1.0233
   2013.62793950      0.9745
   2013.62796804      0.9290
   2013.62799658      0.8938
   2013.62802511      0.8498
   2013.62805365      0.8074
   2013.62808219      0.7795
   2013.62811073      0.7430
   2013.62813927      0.7049
   2013.62816781      0.6704
   2013.62819635      0.6530
   2013.62822489      0.6255
   2013.62825342      0.5962
   2013.62828196      0.5692
   2013.62831050      0.5592
   2013.62833904      0.5376
   2013.62836758      0.5142
   2013.62839612      0.4928
   2013.62842466      0.4907
   2013.62845320      0.4753
   2013.62848174      0.4573
   2013.62851027      0.4410
   2013.62853881      0.4460
   2013.62856735      0.4365
   2013.62859589      0.4238
   2013.62862443      0.4130
   2013.62865297      0.4274
   2013.62868151      0.4250
   2013.62871005      0.4189
   2013.62873858      0.4150
   2013.62876712      0.4395
   2013.62879566      0.4456
   2013.62882420      0.4482
   2013.62885274      0.4544
   2013.62888128      0.4948
   2013.62890982      0.5299
   2013.62893836      0.5466
   2013.62896689      0.5612
   2013.62899543      0.6081
   2013.62902397      0.6813
   2013.62905251      0.7108
   2013.62908105      0.7664
   2013.62910959      0.8645
   2013.62913813      0.9367
   2013.62916667      1.0210
   2013.62919521      1.1104
   2013.62922374      1.2613
   2013.62925228      1.4003
   2013.62928082      1.5240
   2013.62930936      1.6217
   2013.62933790      1.7826
   2013.62936644      1.9089
   2013.62939498      1.9917
   2013.62942352      2.0515
   2013.62945205      2.1904
   2013.62948059      2.2390
   2013.62950913      2.3291
   2013.62953767      2.3498
   2013.62956621      2.4535
   2013.62959475      2.4691
   2013.62962329      2.5195
   2013.62965183      2.5073
   2013.62968037      2.5802
   2013.62970890      2.5670
   2013.62973744      2.5902
   2013.62976598      2.5561
   2013.62979452      2.6060
   2013.62982306      2.5642
   2013.62985160      2.5586
   2013.62988014      2.5052
   2013.62990868      2.5298
   2013.62993721      2.4976
   2013.62996575      2.4360
   2013.62999429      2.3773
   2013.63002283      2.3719
   2013.63005137      2.3191
   2013.63007991      2.2616
   2013.63010845      2.1896
   2013.63013699      2.1275
   2013.63016553      2.1049
   2013.63019406      2.0416
   2013.63022260      1.9329
   2013.63025114      1.8652
   2013.63027968      1.7931
   2013.63030822      1.7147
   2013.63033676      1.6276
   2013.63036530      1.5354
   2013.63039384      1.4550
   2013.63042237      1.3770
   2013.63045091      1.3004
   2013.63047945      1.2239
   2013.63050799      1.1986
   2013.63053653      1.0865
   2013.63056507      1.0135
   2013.63059361      0.9392
   2013.63062215      0.8842
   2013.63065068      0.8245
   2013.63067922      0.7667
   2013.63070776      0.7113
   2013.63073630      0.6594
   2013.63076484      0.6119
   2013.63079338      0.5681
   2013.63082192      0.5278
   2013.63085046      0.4908
   2013.63087900      0.4568
   2013.63090753      0.4253
   2013.63093607      0.3962
   2013.63096461      0.3690
   2013.63099315      0.3437
   2013.63102169      0.3203
   2013.63105023      0.2985
   2013.63107877      0.2783
   2013.63110731      0.2597
   2013.63113584      0.2423
   2013.63116438      0.2260
   2013.63119292      0.2108
   2013.63122146      0.1967
   2013.63125000      0.1837
   2013.63127854      0.1716
   2013.63130708      0.1604
   2013.63133562      0.1500
   2013.63136416      0.1403
   2013.63139269      0.1313
   2013.63142123      0.1230
   2013.63144977      0.1152
   2013.63147831      0.1080
   2013.63150685      0.1012
