   2013.62465753      0.0000
   2013.62468607      0.0000
   2013.62471461      0.0000
   2013.62474315      0.0000
   2013.62477169      0.0000
   2013.62480023      0.0000
   2013.62482877      0.0000
   2013.62485731      0.0000
   2013.62488584      0.0000
   2013.62491438      0.0000
   2013.62494292      0.0000
   2013.62497146      0.0000
   2013.62500000      0.0000
   2013.62502854      0.0000
   2013.62505708      0.0000
   2013.62508562      0.0000
   2013.62511416      0.0000
   2013.62514269      0.0010
   2013.62517123      0.0004
   2013.62519977      0.0003
   2013.62522831      0.0007
   2013.62525685      0.0006
   2013.62528539      0.0005
   2013.62531393      0.0005
   2013.62534247      0.0009
   2013.62537100      0.0008
   2013.62539954      0.0008
   2013.62542808      0.0007
   2013.62545662      0.0098
   2013.62548516      0.0293
   2013.62551370      0.0440
   2013.62554224      0.0550
   2013.62557078      0.0739
   2013.62559932      0.0961
   2013.62562785      0.1263
   2013.62565639      0.1667
   2013.62568493      0.2210
   2013.62571347      0.2869
   2013.62574201      0.3608
   2013.62577055      0.4670
   2013.62579909      0.6214
   2013.62582763      0.8050
   2013.62585616      1.0230
   2013.62588470      1.2553
   2013.62591324      1.5112
   2013.62594178      1.7278
   2013.62597032      1.8730
   2013.62599886      2.0308
   2013.62602740      2.2519
   2013.62605594      2.4213
   2013.62608447      2.5365
   2013.62611301      2.6660
   2013.62614155      2.7603
   2013.62617009      2.9383
   2013.62619863      3.0220
   2013.62622717      3.1927
   2013.62625571      3.0060
   2013.62628425      3.3285
   2013.62631279      3.2962
   2013.62634132      3.5663
   2013.62636986      3.2454
   2013.62639840      3.5144
   2013.62642694      3.4779
   2013.62645548      3.4907
   2013.62648402      3.4716
   2013.62651256      3.7098
   2013.62654110      3.7741
   2013.62656963      3.8337
   2013.62659817      3.8113
   2013.62662671      4.2344
   2013.62665525      4.2986
   2013.62668379      4.5896
   2013.62671233      4.5195
   2013.62674087      5.0447
   2013.62676941      5.0479
   2013.62679795      5.2930
   2013.62682648      5.0113
   2013.62685502      5.4885
   2013.62688356      5.3658
   2013.62691210      5.5017
   2013.62694064      5.2206
   2013.62696918      5.5253
   2013.62699772      5.3432
   2013.62702626      5.3884
   2013.62705479      5.0643
   2013.62708333      5.3337
   2013.62711187      5.1218
   2013.62714041      5.0883
   2013.62716895      5.0453
   2013.62719749      4.8439
   2013.62722603      4.8698
   2013.62725457      4.6962
   2013.62728311      4.4522
   2013.62731164      4.4527
   2013.62734018      4.3878
   2013.62736872      4.2396
   2013.62739726      4.2033
   2013.62742580      4.0609
   2013.62745434      3.8486
   2013.62748288      3.8097
   2013.62751142      3.3693
   2013.62753995      3.5115
   2013.62756849      3.6471
   2013.62759703      3.2322
   2013.62762557      3.0434
   2013.62765411      3.1215
   2013.62768265      2.9405
   2013.62771119      2.8036
   2013.62773973      2.7396
   2013.62776826      2.6244
   2013.62779680      2.5130
   2013.62782534      2.3404
   2013.62785388      2.2882
   2013.62788242      2.2281
   2013.62791096      2.0869
   2013.62793950      1.9982
   2013.62796804      1.9450
   2013.62799658      1.8979
   2013.62802511      1.8240
   2013.62805365      1.7106
   2013.62808219      1.6696
   2013.62811073      1.6318
   2013.62813927      1.5730
   2013.62816781      1.4793
   2013.62819635      1.3620
   2013.62822489      1.4279
   2013.62825342      1.3858
   2013.62828196      1.3451
   2013.62831050      1.2208
   2013.62833904      1.2894
   2013.62836758      1.2630
   2013.62839612      1.2293
   2013.62842466      1.1535
   2013.62845320      1.2246
   2013.62848174      1.2214
   2013.62851027      1.2078
   2013.62853881      1.2461
   2013.62856735      1.2572
   2013.62859589      1.2765
   2013.62862443      1.2866
   2013.62865297      1.3624
   2013.62868151      1.4122
   2013.62871005      1.4690
   2013.62873858      1.5109
   2013.62876712      1.6440
   2013.62879566      1.7535
   2013.62882420      1.8515
   2013.62885274      1.9317
   2013.62888128      2.1373
   2013.62890982      2.3044
   2013.62893836      2.4049
   2013.62896689      2.5686
   2013.62899543      2.8261
   2013.62902397      3.0303
   2013.62905251      3.1369
   2013.62908105      3.3784
   2013.62910959      3.4212
   2013.62913813      3.8082
   2013.62916667      3.8830
   2013.62919521      4.1014
   2013.62922374      4.0796
   2013.62925228      4.5303
   2013.62928082      4.5522
   2013.62930936      4.7948
   2013.62933790      4.6190
   2013.62936644      5.1218
   2013.62939498      5.0735
   2013.62942352      5.3135
   2013.62945205      5.0364
   2013.62948059      5.5322
   2013.62950913      5.4274
   2013.62953767      5.6518
   2013.62956621      5.2548
   2013.62959475      5.7355
   2013.62962329      5.5699
   2013.62965183      5.7144
   2013.62968037      5.3843
   2013.62970890      5.6991
   2013.62973744      5.5003
   2013.62976598      5.5702
   2013.62979452      5.2163
   2013.62982306      5.4783
   2013.62985160      5.2571
   2013.62988014      5.2301
   2013.62990868      5.1763
   2013.62993721      4.9693
   2013.62996575      5.0310
   2013.62999429      4.8192
   2013.63002283      4.5628
   2013.63005137      4.5634
   2013.63007991      4.5043
   2013.63010845      4.3501
   2013.63013699      4.0637
   2013.63016553      4.1690
   2013.63019406      3.9112
   2013.63022260      3.7695
   2013.63025114      3.8822
   2013.63027968      3.6475
   2013.63030822      3.2933
   2013.63033676      3.1444
   2013.63036530      2.9633
   2013.63039384      2.7144
   2013.63042237      2.5334
   2013.63045091      2.3552
   2013.63047945      2.1833
   2013.63050799      2.0069
   2013.63053653      1.8484
   2013.63056507      1.7059
   2013.63059361      1.5738
   2013.63062215      1.4495
   2013.63065068      1.3324
   2013.63067922      1.2726
   2013.63070776      1.1228
   2013.63073630      1.0324
   2013.63076484      0.9482
   2013.63079338      0.8718
   2013.63082192      0.7987
   2013.63085046      0.7300
   2013.63087900      0.6674
   2013.63090753      0.6115
   2013.63093607      0.5609
   2013.63096461      0.5151
   2013.63099315      0.4739
   2013.63102169      0.4367
   2013.63105023      0.4030
   2013.63107877      0.3722
   2013.63110731      0.3442
   2013.63113584      0.3185
   2013.63116438      0.2951
   2013.63119292      0.2737
   2013.63122146      0.2540
   2013.63125000      0.2359
   2013.63127854      0.2190
   2013.63130708      0.2035
   2013.63133562      0.1893
   2013.63136416      0.1762
   2013.63139269      0.1641
   2013.63142123      0.1530
   2013.63144977      0.1427
   2013.63147831      0.1332
   2013.63150685      0.1245
   2013.63153539      0.1164
   2013.63156393      0.1089
   2013.63159247      0.1019
