   2013.62465753      0.0000
   2013.62468607      0.0000
   2013.62471461      0.0000
   2013.62474315      0.0000
   2013.62477169      0.0000
   2013.62480023      0.0000
   2013.62482877      0.0000
   2013.62485731      0.0000
   2013.62488584      0.0000
   2013.62491438      0.0000
   2013.62494292      0.0000
   2013.62497146      0.0000
   2013.62500000      0.0000
   2013.62502854      0.0000
   2013.62505708      0.0000
   2013.62508562      0.0000
   2013.62511416      0.0000
   2013.62514269      0.0076
   2013.62517123      0.0293
   2013.62519977      0.0634
   2013.62522831      0.1191
   2013.62525685      0.2318
   2013.62528539      0.4132
   2013.62531393      0.6787
   2013.62534247      1.0709
   2013.62537100      1.6547
   2013.62539954      2.4779
   2013.62542808      3.6974
   2013.62545662      5.0641
   2013.62548516      6.0415
   2013.62551370      6.2393
   2013.62554224      6.3575
   2013.62557078      6.4081
   2013.62559932      6.5811
   2013.62562785      6.3592
   2013.62565639      6.4016
   2013.62568493      6.4211
   2013.62571347      6.5897
   2013.62574201      6.5641
   2013.62577055      6.6546
   2013.62579909      6.7429
   2013.62582763      6.9353
   2013.62585616      7.1715
   2013.62588470      7.4993
   2013.62591324      7.9746
   2013.62594178      8.1643
   2013.62597032      8.2194
   2013.62599886      8.1535
   2013.62602740      7.5474
   2013.62605594      7.0456
   2013.62608447      6.7081
   2013.62611301      6.1146
   2013.62614155      5.5917
   2013.62617009      5.4215
   2013.62619863      4.6995
   2013.62622717      4.4820
   2013.62625571      3.7756
   2013.62628425      3.3746
   2013.62631279      3.0537
   2013.62634132      2.7117
   2013.62636986      2.5238
   2013.62639840      2.2406
   2013.62642694      1.9039
   2013.62645548      1.7270
   2013.62648402      1.5485
   2013.62651256      1.3882
   2013.62654110      1.2426
   2013.62656963      1.1214
   2013.62659817      1.0125
   2013.62662671      0.9184
   2013.62665525      0.8321
   2013.62668379      0.7523
   2013.62671233      0.6802
   2013.62674087      0.6170
   2013.62676941      0.5607
   2013.62679795      0.5105
   2013.62682648      0.4658
   2013.62685502      0.4260
   2013.62688356      0.3903
   2013.62691210      0.3582
   2013.62694064      0.3292
   2013.62696918      0.3030
   2013.62699772      0.2792
   2013.62702626      0.2577
   2013.62705479      0.2379
   2013.62708333      0.2198
   2013.62711187      0.2031
   2013.62714041      0.1880
   2013.62716895      0.1741
   2013.62719749      0.1614
   2013.62722603      0.1498
   2013.62725457      0.1392
   2013.62728311      0.1294
   2013.62731164      0.1204
   2013.62734018      0.1120
   2013.62736872      0.1044
