   2013.62465753      0.0000
   2013.62468607      0.0000
   2013.62471461      0.0000
   2013.62474315      0.0000
   2013.62477169      0.0000
   2013.62480023      0.0000
   2013.62482877      0.0000
   2013.62485731      0.0000
   2013.62488584      0.0000
   2013.62491438      0.0000
   2013.62494292      0.0000
   2013.62497146      0.0000
   2013.62500000      0.0000
   2013.62502854      0.0000
   2013.62505708      0.0000
   2013.62508562      0.0000
   2013.62511416      0.0000
   2013.62514269      0.0000
   2013.62517123      0.0000
   2013.62519977      0.0000
   2013.62522831      0.0000
   2013.62525685      0.0000
   2013.62528539      0.0002
   2013.62531393      0.0006
   2013.62534247      0.0011
   2013.62537100      0.0015
   2013.62539954      0.0018
   2013.62542808      0.0021
   2013.62545662      0.0025
   2013.62548516      0.0028
   2013.62551370      0.0199
   2013.62554224      0.0469
   2013.62557078      0.0645
   2013.62559932      0.0939
   2013.62562785      0.1361
   2013.62565639      0.1880
   2013.62568493      0.2458
   2013.62571347      0.3061
   2013.62574201      0.3796
   2013.62577055      0.4512
   2013.62579909      0.5339
   2013.62582763      0.6179
   2013.62585616      0.7188
   2013.62588470      0.8519
   2013.62591324      0.9981
   2013.62594178      1.1066
   2013.62597032      1.1493
   2013.62599886      1.1368
   2013.62602740      1.0878
   2013.62605594      1.0281
   2013.62608447      0.9583
   2013.62611301      0.8877
   2013.62614155      0.8167
   2013.62617009      0.7466
   2013.62619863      0.6804
   2013.62622717      0.6203
   2013.62625571      0.5656
   2013.62628425      0.5161
   2013.62631279      0.4715
   2013.62634132      0.4313
   2013.62636986      0.3951
   2013.62639840      0.3623
   2013.62642694      0.3327
   2013.62645548      0.3057
   2013.62648402      0.2813
   2013.62651256      0.2592
   2013.62654110      0.2389
   2013.62656963      0.2202
   2013.62659817      0.2032
   2013.62662671      0.1876
   2013.62665525      0.1734
   2013.62668379      0.1605
   2013.62671233      0.1486
   2013.62674087      0.1378
   2013.62676941      0.1279
   2013.62679795      0.1188
   2013.62682648      0.1104
   2013.62685502      0.1027
