   2013.62465753      0.0000
   2013.62468607      0.0000
   2013.62471461      0.0000
   2013.62474315      0.0000
   2013.62477169      0.0000
   2013.62480023      0.0000
   2013.62482877      0.0000
   2013.62485731      0.0000
   2013.62488584      0.0000
   2013.62491438      0.0000
   2013.62494292      0.0000
   2013.62497146      0.0000
   2013.62500000      0.0000
   2013.62502854      0.0038
   2013.62505708      0.0027
   2013.62508562      0.0025
   2013.62511416      0.0221
   2013.62514269      0.0678
   2013.62517123      0.1089
   2013.62519977      0.1850
   2013.62522831      0.3306
   2013.62525685      0.5604
   2013.62528539      0.9198
   2013.62531393      1.4404
   2013.62534247      2.1772
   2013.62537100      3.1549
   2013.62539954      4.3652
   2013.62542808      5.4415
   2013.62545662      6.1595
   2013.62548516      6.5313
   2013.62551370      6.8640
   2013.62554224      7.0491
   2013.62557078      6.7879
   2013.62559932      6.5717
   2013.62562785      6.6711
   2013.62565639      6.3471
   2013.62568493      6.5205
   2013.62571347      6.4995
   2013.62574201      6.6136
   2013.62577055      5.6927
   2013.62579909      5.3009
   2013.62582763      4.7846
   2013.62585616      4.2846
   2013.62588470      4.2436
   2013.62591324      3.9234
   2013.62594178      3.6661
   2013.62597032      3.6564
   2013.62599886      3.8363
   2013.62602740      3.6406
   2013.62605594      3.4541
   2013.62608447      3.2659
   2013.62611301      2.9179
   2013.62614155      2.8258
   2013.62617009      2.6857
   2013.62619863      2.5553
   2013.62622717      2.5758
   2013.62625571      2.3367
   2013.62628425      2.1441
   2013.62631279      1.8675
   2013.62634132      1.7067
   2013.62636986      1.5398
   2013.62639840      1.3865
   2013.62642694      1.2768
   2013.62645548      1.1348
   2013.62648402      1.0122
   2013.62651256      0.9310
   2013.62654110      0.8459
   2013.62656963      0.7673
   2013.62659817      0.6960
   2013.62662671      0.6326
   2013.62665525      0.5763
   2013.62668379      0.5260
   2013.62671233      0.4813
   2013.62674087      0.4417
   2013.62676941      0.4062
   2013.62679795      0.3742
   2013.62682648      0.3452
   2013.62685502      0.3188
   2013.62688356      0.2948
   2013.62691210      0.2730
   2013.62694064      0.2529
   2013.62696918      0.2345
   2013.62699772      0.2174
   2013.62702626      0.2017
   2013.62705479      0.1873
   2013.62708333      0.1740
   2013.62711187      0.1619
   2013.62714041      0.1507
   2013.62716895      0.1404
   2013.62719749      0.1308
   2013.62722603      0.1220
   2013.62725457      0.1139
   2013.62728311      0.1063
