   2013.62465753      0.0000
   2013.62468607      0.0000
   2013.62471461      0.0000
   2013.62474315      0.0000
   2013.62477169      0.0000
   2013.62480023      0.0000
   2013.62482877      0.0000
   2013.62485731      0.0000
   2013.62488584      0.0000
   2013.62491438      0.0000
   2013.62494292      0.0000
   2013.62497146      0.0000
   2013.62500000      0.0000
   2013.62502854      0.0000
   2013.62505708      0.0000
   2013.62508562      0.0000
   2013.62511416      0.0000
   2013.62514269      0.0000
   2013.62517123      0.0000
   2013.62519977      0.0000
   2013.62522831      0.0000
   2013.62525685      0.0000
   2013.62528539      0.0000
   2013.62531393      0.0000
   2013.62534247      0.0000
   2013.62537100      0.0000
   2013.62539954      0.0000
   2013.62542808      0.0000
   2013.62545662      0.0000
   2013.62548516      0.0000
   2013.62551370      0.0000
   2013.62554224      0.0000
   2013.62557078      0.0000
   2013.62559932      0.0000
   2013.62562785      0.0000
   2013.62565639      0.0000
   2013.62568493      0.0000
   2013.62571347      0.0000
   2013.62574201      0.0000
   2013.62577055      0.0000
   2013.62579909      0.0000
   2013.62582763      0.0000
   2013.62585616      0.0000
   2013.62588470      0.0000
   2013.62591324      0.0000
   2013.62594178      0.0000
   2013.62597032      0.0000
   2013.62599886      0.0000
   2013.62602740      0.0000
   2013.62605594      0.0000
   2013.62608447      0.0000
   2013.62611301      0.0000
   2013.62614155      0.0000
   2013.62617009      0.0000
   2013.62619863      0.0000
   2013.62622717      0.0000
   2013.62625571      0.0000
   2013.62628425      0.0000
   2013.62631279      0.0000
   2013.62634132      0.0000
   2013.62636986      0.0000
   2013.62639840      0.0000
   2013.62642694      0.0000
   2013.62645548      0.0000
   2013.62648402      0.0000
   2013.62651256      0.0000
   2013.62654110      0.0000
   2013.62656963      0.0000
   2013.62659817      0.0000
   2013.62662671      1.2691
   2013.62665525      6.9012
   2013.62668379     15.3972
   2013.62671233     35.2855
   2013.62674087     44.1556
   2013.62676941     38.5872
   2013.62679795     29.9408
   2013.62682648     23.6176
   2013.62685502     19.1036
   2013.62688356     15.9879
   2013.62691210     13.7421
   2013.62694064     12.2807
   2013.62696918     11.0760
   2013.62699772     10.2497
   2013.62702626      9.5944
   2013.62705479      9.2065
   2013.62708333      8.8901
   2013.62711187      8.6993
   2013.62714041      8.4431
   2013.62716895      8.3388
   2013.62719749      8.6734
   2013.62722603      8.6654
   2013.62725457      8.5793
   2013.62728311      8.5870
   2013.62731164      8.4412
   2013.62734018      8.1970
   2013.62736872      7.9981
   2013.62739726      7.5047
   2013.62742580      7.5494
   2013.62745434      7.0414
   2013.62748288      6.6482
   2013.62751142      5.9824
   2013.62753995      5.8175
   2013.62756849      5.5150
   2013.62759703      5.0952
   2013.62762557      4.5394
   2013.62765411      4.6222
   2013.62768265      4.3212
   2013.62771119      4.0362
   2013.62773973      3.8399
   2013.62776826      3.8017
   2013.62779680      3.6756
   2013.62782534      3.5963
   2013.62785388      3.2983
   2013.62788242      3.4483
   2013.62791096      3.3825
   2013.62793950      3.4705
   2013.62796804      3.1300
   2013.62799658      3.2387
   2013.62802511      3.1921
   2013.62805365      3.0772
   2013.62808219      3.0226
   2013.62811073      3.1003
   2013.62813927      3.0629
   2013.62816781      3.0067
   2013.62819635      2.9516
   2013.62822489      3.0086
   2013.62825342      2.9943
   2013.62828196      2.9584
   2013.62831050      2.9225
   2013.62833904      2.9930
   2013.62836758      2.9940
   2013.62839612      2.9381
   2013.62842466      2.9411
   2013.62845320      3.0437
   2013.62848174      3.0613
   2013.62851027      3.2628
   2013.62853881      3.0229
   2013.62856735      3.2406
   2013.62859589      3.2019
   2013.62862443      3.1703
   2013.62865297      3.1547
   2013.62868151      3.4218
   2013.62871005      3.3923
   2013.62873858      3.4257
   2013.62876712      3.6060
   2013.62879566      3.6449
   2013.62882420      3.6916
   2013.62885274      3.7182
   2013.62888128      3.8000
   2013.62890982      3.9424
   2013.62893836      3.9097
   2013.62896689      4.0118
   2013.62899543      4.1703
   2013.62902397      4.2463
   2013.62905251      4.2106
   2013.62908105      4.3309
   2013.62910959      4.4790
   2013.62913813      4.5547
   2013.62916667      4.5046
   2013.62919521      4.6275
   2013.62922374      4.4340
   2013.62925228      4.8322
   2013.62928082      4.7663
   2013.62930936      4.8968
   2013.62933790      4.6424
   2013.62936644      5.0638
   2013.62939498      4.9685
   2013.62942352      5.1023
   2013.62945205      4.7829
   2013.62948059      5.2089
   2013.62950913      5.0930
   2013.62953767      5.2185
   2013.62956621      5.2460
   2013.62959475      5.2899
   2013.62962329      5.1522
   2013.62965183      5.2523
   2013.62968037      5.2618
   2013.62970890      5.2912
   2013.62973744      5.1407
   2013.62976598      5.2090
   2013.62979452      4.9934
   2013.62982306      5.2257
   2013.62985160      5.0608
   2013.62988014      5.0878
   2013.62990868      4.8320
   2013.62993721      5.0902
   2013.62996575      4.9218
   2013.62999429      4.9276
   2013.63002283      4.6765
   2013.63005137      4.9055
   2013.63007991      4.7291
   2013.63010845      4.7064
   2013.63013699      4.7026
   2013.63016553      4.6660
   2013.63019406      4.5928
   2013.63022260      4.4609
   2013.63025114      4.3299
   2013.63027968      4.1383
   2013.63030822      3.9100
   2013.63033676      3.9064
   2013.63036530      3.6978
   2013.63039384      3.3273
   2013.63042237      3.1549
   2013.63045091      2.8830
   2013.63047945      2.6738
   2013.63050799      2.4727
   2013.63053653      2.2857
   2013.63056507      2.0695
   2013.63059361      1.8947
   2013.63062215      1.7330
   2013.63065068      1.5832
   2013.63067922      1.4434
   2013.63070776      1.3144
   2013.63073630      1.1955
   2013.63076484      1.0915
   2013.63079338      0.9951
   2013.63082192      0.9103
   2013.63085046      0.8304
   2013.63087900      0.7555
   2013.63090753      0.6872
   2013.63093607      0.6265
   2013.63096461      0.5722
   2013.63099315      0.5235
   2013.63102169      0.4798
   2013.63105023      0.4406
   2013.63107877      0.4052
   2013.63110731      0.3733
   2013.63113584      0.3442
   2013.63116438      0.3178
   2013.63119292      0.2938
   2013.63122146      0.2719
   2013.63125000      0.2519
   2013.63127854      0.2334
   2013.63130708      0.2164
   2013.63133562      0.2008
   2013.63136416      0.1864
   2013.63139269      0.1733
   2013.63142123      0.1612
   2013.63144977      0.1501
   2013.63147831      0.1399
   2013.63150685      0.1305
   2013.63153539      0.1218
   2013.63156393      0.1137
   2013.63159247      0.1063
