   2013.62465753      0.0000
   2013.62468607      0.0000
   2013.62471461      0.0000
   2013.62474315      0.0000
   2013.62477169      0.0000
   2013.62480023      0.0000
   2013.62482877      0.0001
   2013.62485731      0.0001
   2013.62488584      0.0003
   2013.62491438      0.0018
   2013.62494292      0.0026
   2013.62497146      0.0029
   2013.62500000      0.0095
   2013.62502854      0.0366
   2013.62505708      0.0864
   2013.62508562      0.1572
   2013.62511416      0.4464
   2013.62514269      0.8668
   2013.62517123      1.7205
   2013.62519977      2.9778
   2013.62522831      4.8303
   2013.62525685      7.3426
   2013.62528539      9.8714
   2013.62531393     11.2793
   2013.62534247     11.7617
   2013.62537100     12.5129
   2013.62539954     12.2580
   2013.62542808     11.0016
   2013.62545662      9.7411
   2013.62548516      8.9255
   2013.62551370      8.3590
   2013.62554224      8.4760
   2013.62557078      8.6284
   2013.62559932      8.7473
   2013.62562785      8.8217
   2013.62565639      8.7286
   2013.62568493      8.2702
   2013.62571347      7.4523
   2013.62574201      6.5814
   2013.62577055      5.8656
   2013.62579909      5.0033
   2013.62582763      4.4438
   2013.62585616      3.8224
   2013.62588470      3.4534
   2013.62591324      3.1967
   2013.62594178      2.9655
   2013.62597032      2.7347
   2013.62599886      2.5513
   2013.62602740      2.2545
   2013.62605594      2.0470
   2013.62608447      1.9049
   2013.62611301      1.7282
   2013.62614155      1.5541
   2013.62617009      1.3950
   2013.62619863      1.2769
   2013.62622717      1.1358
   2013.62625571      1.0121
   2013.62628425      0.9241
   2013.62631279      0.8350
   2013.62634132      0.7532
   2013.62636986      0.6796
   2013.62639840      0.6146
   2013.62642694      0.5567
   2013.62645548      0.5054
   2013.62648402      0.4599
   2013.62651256      0.4197
   2013.62654110      0.3838
   2013.62656963      0.3516
   2013.62659817      0.3226
   2013.62662671      0.2965
   2013.62665525      0.2730
   2013.62668379      0.2515
   2013.62671233      0.2319
   2013.62674087      0.2139
   2013.62676941      0.1976
   2013.62679795      0.1827
   2013.62682648      0.1691
   2013.62685502      0.1566
   2013.62688356      0.1453
   2013.62691210      0.1349
   2013.62694064      0.1254
   2013.62696918      0.1166
   2013.62699772      0.1085
   2013.62702626      0.1010
   2013.62705479      0.0941
