   2013.62465753      0.0000
   2013.62468607      0.0000
   2013.62471461      0.0000
   2013.62474315      0.0000
   2013.62477169      0.0000
   2013.62480023      0.0000
   2013.62482877      0.0000
   2013.62485731      0.0000
   2013.62488584      0.0000
   2013.62491438      0.0000
   2013.62494292      0.0000
   2013.62497146      0.0000
   2013.62500000      0.0000
   2013.62502854      0.0000
   2013.62505708      0.0000
   2013.62508562      0.0000
   2013.62511416      0.0000
   2013.62514269      0.0000
   2013.62517123      0.0000
   2013.62519977      0.0000
   2013.62522831      0.0000
   2013.62525685      0.0000
   2013.62528539      0.0000
   2013.62531393      0.0000
   2013.62534247      0.0000
   2013.62537100      0.0000
   2013.62539954      0.0000
   2013.62542808      0.0000
   2013.62545662      0.0000
   2013.62548516      0.0000
   2013.62551370      0.0000
   2013.62554224      0.0000
   2013.62557078      0.0000
   2013.62559932      0.0000
   2013.62562785      0.0000
   2013.62565639      0.0000
   2013.62568493      0.0000
   2013.62571347      0.0000
   2013.62574201      0.0000
   2013.62577055      0.0000
   2013.62579909      0.0000
   2013.62582763      0.0000
   2013.62585616      0.0000
   2013.62588470      0.0000
   2013.62591324      0.0000
   2013.62594178      0.0000
   2013.62597032      0.0000
   2013.62599886      0.0000
   2013.62602740      0.0000
   2013.62605594      0.0000
   2013.62608447      0.0000
   2013.62611301      0.0000
   2013.62614155      0.0000
   2013.62617009      0.0000
   2013.62619863      0.0000
   2013.62622717      0.0000
   2013.62625571      0.0000
   2013.62628425      0.0000
   2013.62631279      0.0000
   2013.62634132      0.0000
   2013.62636986      0.0000
   2013.62639840      0.0000
   2013.62642694      0.0000
   2013.62645548      0.0000
   2013.62648402      0.0000
   2013.62651256      0.0000
   2013.62654110      0.0000
   2013.62656963      0.0000
   2013.62659817      0.0000
   2013.62662671      0.0109
   2013.62665525      0.0624
   2013.62668379      0.1427
   2013.62671233      0.3543
   2013.62674087      0.9041
   2013.62676941      2.0845
   2013.62679795      3.9950
   2013.62682648      7.2197
   2013.62685502     12.4809
   2013.62688356     16.1316
   2013.62691210     17.2077
   2013.62694064     16.7133
   2013.62696918     15.5890
   2013.62699772     14.4062
   2013.62702626     12.9720
   2013.62705479     11.3987
   2013.62708333      9.8976
   2013.62711187      8.7338
   2013.62714041      7.8460
   2013.62716895      6.7939
   2013.62719749      6.2586
   2013.62722603      5.1618
   2013.62725457      4.5263
   2013.62728311      4.3239
   2013.62731164      3.6914
   2013.62734018      3.3648
   2013.62736872      3.0738
   2013.62739726      2.7435
   2013.62742580      2.5074
   2013.62745434      2.2962
   2013.62748288      2.1112
   2013.62751142      1.9508
   2013.62753995      1.8097
   2013.62756849      1.6787
   2013.62759703      1.5619
   2013.62762557      1.4598
   2013.62765411      1.3675
   2013.62768265      1.2825
   2013.62771119      1.2013
   2013.62773973      1.1585
   2013.62776826      1.0675
   2013.62779680      1.0043
   2013.62782534      0.9376
   2013.62785388      0.8887
   2013.62788242      0.8364
   2013.62791096      0.7865
   2013.62793950      0.7390
   2013.62796804      0.6948
   2013.62799658      0.6546
   2013.62802511      0.6181
   2013.62805365      0.5844
   2013.62808219      0.5530
   2013.62811073      0.5238
   2013.62813927      0.4966
   2013.62816781      0.4712
   2013.62819635      0.4473
   2013.62822489      0.4248
   2013.62825342      0.4036
   2013.62828196      0.3837
   2013.62831050      0.3650
   2013.62833904      0.3474
   2013.62836758      0.3309
   2013.62839612      0.3153
   2013.62842466      0.3008
   2013.62845320      0.2871
   2013.62848174      0.2742
   2013.62851027      0.2622
   2013.62853881      0.2508
   2013.62856735      0.2399
   2013.62859589      0.2296
   2013.62862443      0.2198
   2013.62865297      0.2155
   2013.62868151      0.2076
   2013.62871005      0.1995
   2013.62873858      0.1919
   2013.62876712      0.1934
   2013.62879566      0.1887
   2013.62882420      0.1831
   2013.62885274      0.1779
   2013.62888128      0.1854
   2013.62890982      0.1846
   2013.62893836      0.1829
   2013.62896689      0.1823
   2013.62899543      0.1984
   2013.62902397      0.2052
   2013.62905251      0.2114
   2013.62908105      0.2195
   2013.62910959      0.2501
   2013.62913813      0.2700
   2013.62916667      0.2891
   2013.62919521      0.3118
   2013.62922374      0.3736
   2013.62925228      0.4052
   2013.62928082      0.4622
   2013.62930936      0.5257
   2013.62933790      0.6177
   2013.62936644      0.7249
   2013.62939498      0.8499
   2013.62942352      0.9906
   2013.62945205      1.2117
   2013.62948059      1.4858
   2013.62950913      1.7489
   2013.62953767      1.9643
   2013.62956621      2.1205
   2013.62959475      2.3205
   2013.62962329      2.4507
   2013.62965183      2.5040
   2013.62968037      2.4888
   2013.62970890      2.6118
   2013.62973744      2.6438
   2013.62976598      2.6264
   2013.62979452      2.6481
   2013.62982306      2.6354
   2013.62985160      2.5955
   2013.62988014      2.5440
   2013.62990868      2.5269
   2013.62993721      2.4685
   2013.62996575      2.4082
   2013.62999429      2.3365
   2013.63002283      2.2804
   2013.63005137      2.2091
   2013.63007991      2.1309
   2013.63010845      2.0565
   2013.63013699      1.9430
   2013.63016553      1.9030
   2013.63019406      1.7883
   2013.63022260      1.7076
   2013.63025114      1.6293
   2013.63027968      1.5581
   2013.63030822      1.4729
   2013.63033676      1.4016
   2013.63036530      1.3329
   2013.63039384      1.2664
   2013.63042237      1.2010
   2013.63045091      1.1960
   2013.63047945      1.0889
   2013.63050799      1.0243
   2013.63053653      0.9490
   2013.63056507      0.9137
   2013.63059361      0.8658
   2013.63062215      0.8171
   2013.63065068      0.7702
   2013.63067922      0.7254
   2013.63070776      0.6837
   2013.63073630      0.6457
   2013.63076484      0.6108
   2013.63079338      0.5783
   2013.63082192      0.5479
   2013.63085046      0.5194
   2013.63087900      0.4928
   2013.63090753      0.4679
   2013.63093607      0.4444
   2013.63096461      0.4223
   2013.63099315      0.4014
   2013.63102169      0.3817
   2013.63105023      0.3632
   2013.63107877      0.3458
   2013.63110731      0.3294
   2013.63113584      0.3140
   2013.63116438      0.2996
   2013.63119292      0.2860
   2013.63122146      0.2732
   2013.63125000      0.2612
   2013.63127854      0.2499
   2013.63130708      0.2391
   2013.63133562      0.2288
   2013.63136416      0.2190
   2013.63139269      0.2098
   2013.63142123      0.2010
   2013.63144977      0.1928
   2013.63147831      0.1850
   2013.63150685      0.1776
   2013.63153539      0.1706
   2013.63156393      0.1640
   2013.63159247      0.1576
   2013.63162100      0.1516
   2013.63164954      0.1459
   2013.63167808      0.1405
   2013.63170662      0.1354
   2013.63173516      0.1305
   2013.63176370      0.1258
   2013.63179224      0.1214
   2013.63182078      0.1171
   2013.63184932      0.1131
   2013.63187785      0.1093
   2013.63190639      0.1056
   2013.63193493      0.1021
