   2013.62465753      0.0000
   2013.62468607      0.0000
   2013.62471461      0.0000
   2013.62474315      0.0000
   2013.62477169      0.0000
   2013.62480023      0.0000
   2013.62482877      0.0000
   2013.62485731      0.0000
   2013.62488584      0.0000
   2013.62491438      0.0000
   2013.62494292      0.0000
   2013.62497146      0.0000
   2013.62500000      0.0000
   2013.62502854      0.0000
   2013.62505708      0.0000
   2013.62508562      0.0000
   2013.62511416      0.0000
   2013.62514269      0.0000
   2013.62517123      0.0000
   2013.62519977      0.0000
   2013.62522831      0.0000
   2013.62525685      0.0000
   2013.62528539      0.0000
   2013.62531393      0.0000
   2013.62534247      0.0000
   2013.62537100      0.0000
   2013.62539954      0.0000
   2013.62542808      0.0000
   2013.62545662      0.0000
   2013.62548516      0.0000
   2013.62551370      0.0000
   2013.62554224      0.0000
   2013.62557078      0.0000
   2013.62559932      0.0000
   2013.62562785      0.0000
   2013.62565639      0.0000
   2013.62568493      0.0000
   2013.62571347      0.0000
   2013.62574201      0.0000
   2013.62577055      0.0000
   2013.62579909      0.0000
   2013.62582763      0.0000
   2013.62585616      0.0000
   2013.62588470      0.0000
   2013.62591324      0.0000
   2013.62594178      0.0000
   2013.62597032      0.0000
   2013.62599886      0.0000
   2013.62602740      0.0000
   2013.62605594      0.0000
   2013.62608447      0.0000
   2013.62611301      0.0000
   2013.62614155      0.0000
   2013.62617009      0.0000
   2013.62619863      0.0003
   2013.62622717      0.0006
   2013.62625571      0.0009
   2013.62628425      0.0012
   2013.62631279      0.0014
   2013.62634132      0.0017
   2013.62636986      0.0019
   2013.62639840      0.0021
   2013.62642694      0.0028
   2013.62645548      0.0302
   2013.62648402      0.0620
   2013.62651256      0.1067
   2013.62654110      0.1982
   2013.62656963      0.3695
   2013.62659817      0.6930
   2013.62662671      1.2969
   2013.62665525      2.2785
   2013.62668379      3.0754
   2013.62671233      3.6107
   2013.62674087      3.9065
   2013.62676941      4.0841
   2013.62679795      4.2068
   2013.62682648      4.2976
   2013.62685502      4.3680
   2013.62688356      4.4255
   2013.62691210      4.4742
   2013.62694064      4.5156
   2013.62696918      4.5584
   2013.62699772      4.4721
   2013.62702626      4.3619
   2013.62705479      4.1679
   2013.62708333      3.9459
   2013.62711187      3.9735
   2013.62714041      3.7330
   2013.62716895      3.3495
   2013.62719749      3.1700
   2013.62722603      2.8738
   2013.62725457      2.6436
   2013.62728311      2.6091
   2013.62731164      2.2760
   2013.62734018      2.0680
   2013.62736872      1.7859
   2013.62739726      1.6454
   2013.62742580      1.4916
   2013.62745434      1.3497
   2013.62748288      1.2175
   2013.62751142      1.1062
   2013.62753995      1.0043
   2013.62756849      0.9148
   2013.62759703      0.8319
   2013.62762557      0.7544
   2013.62765411      0.6838
   2013.62768265      0.6213
   2013.62771119      0.5655
   2013.62773973      0.5155
   2013.62776826      0.4709
   2013.62779680      0.4310
   2013.62782534      0.3951
   2013.62785388      0.3627
   2013.62788242      0.3334
   2013.62791096      0.3069
   2013.62793950      0.2829
   2013.62796804      0.2610
   2013.62799658      0.2410
   2013.62802511      0.2226
   2013.62805365      0.2058
   2013.62808219      0.1904
   2013.62811073      0.1763
   2013.62813927      0.1634
   2013.62816781      0.1515
   2013.62819635      0.1407
   2013.62822489      0.1307
   2013.62825342      0.1215
   2013.62828196      0.1130
   2013.62831050      0.1052
