   2013.62465753      0.0000
   2013.62468607      0.0000
   2013.62471461      0.0000
   2013.62474315      0.0000
   2013.62477169      0.0000
   2013.62480023      0.0000
   2013.62482877      0.0000
   2013.62485731      0.0000
   2013.62488584      0.0000
   2013.62491438      0.0000
   2013.62494292      0.0000
   2013.62497146      0.0000
   2013.62500000      0.0000
   2013.62502854      0.0000
   2013.62505708      0.0000
   2013.62508562      0.0000
   2013.62511416      0.0000
   2013.62514269      0.0000
   2013.62517123      0.0000
   2013.62519977      0.0000
   2013.62522831      0.0000
   2013.62525685      0.0000
   2013.62528539      0.0000
   2013.62531393      0.0000
   2013.62534247      0.0000
   2013.62537100      0.0000
   2013.62539954      0.0000
   2013.62542808      0.0000
   2013.62545662      0.0000
   2013.62548516      0.0000
   2013.62551370      0.0000
   2013.62554224      0.0000
   2013.62557078      0.0000
   2013.62559932      0.0000
   2013.62562785      0.0000
   2013.62565639      0.0000
   2013.62568493      0.0000
   2013.62571347      0.0000
   2013.62574201      0.0000
   2013.62577055      0.0000
   2013.62579909      0.0000
   2013.62582763      0.0000
   2013.62585616      0.0000
   2013.62588470      0.0000
   2013.62591324      0.0000
   2013.62594178      0.0000
   2013.62597032      0.0000
   2013.62599886      0.0000
   2013.62602740      0.0000
   2013.62605594      0.0000
   2013.62608447      0.0000
   2013.62611301      0.0000
   2013.62614155      0.0000
   2013.62617009      0.0000
   2013.62619863      0.0000
   2013.62622717      0.0000
   2013.62625571      0.0000
   2013.62628425      0.5086
   2013.62631279      2.0958
   2013.62634132      6.0897
   2013.62636986     11.9720
   2013.62639840     24.3738
   2013.62642694     31.0159
   2013.62645548     29.0033
   2013.62648402     24.9488
   2013.62651256     22.9408
   2013.62654110     20.7677
   2013.62656963     19.3743
   2013.62659817     18.0628
   2013.62662671     16.9846
   2013.62665525     15.8184
   2013.62668379     14.8016
   2013.62671233     13.2275
   2013.62674087     12.9222
   2013.62676941     12.2379
   2013.62679795     11.1361
   2013.62682648      9.7549
   2013.62685502      9.4679
   2013.62688356      8.8269
   2013.62691210      8.2021
   2013.62694064      7.6270
   2013.62696918      7.6504
   2013.62699772      7.4661
   2013.62702626      7.2154
   2013.62705479      6.8395
   2013.62708333      7.1024
   2013.62711187      7.0180
   2013.62714041      6.8225
   2013.62716895      6.4188
   2013.62719749      6.9195
   2013.62722603      6.5211
   2013.62725457      6.3009
   2013.62728311      6.0069
   2013.62731164      6.2549
   2013.62734018      5.9087
   2013.62736872      5.8745
   2013.62739726      5.7092
   2013.62742580      5.4206
   2013.62745434      5.2644
   2013.62748288      5.1433
   2013.62751142      4.7688
   2013.62753995      4.7861
   2013.62756849      4.6836
   2013.62759703      4.4896
   2013.62762557      4.1497
   2013.62765411      4.2510
   2013.62768265      3.9650
   2013.62771119      3.8014
   2013.62773973      3.5127
   2013.62776826      3.6120
   2013.62779680      3.4855
   2013.62782534      3.2760
   2013.62785388      3.1202
   2013.62788242      3.1385
   2013.62791096      3.0357
   2013.62793950      2.8895
   2013.62796804      2.8499
   2013.62799658      2.7764
   2013.62802511      2.6429
   2013.62805365      2.5391
   2013.62808219      2.5144
   2013.62811073      2.4415
   2013.62813927      2.3570
   2013.62816781      2.2745
   2013.62819635      2.2750
   2013.62822489      2.2298
   2013.62825342      2.1708
   2013.62828196      2.1124
   2013.62831050      2.1479
   2013.62833904      2.1683
   2013.62836758      2.2110
   2013.62839612      2.2319
   2013.62842466      2.2151
   2013.62845320      2.1238
   2013.62848174      1.9840
   2013.62851027      1.9428
   2013.62853881      1.9787
   2013.62856735      2.1049
   2013.62859589      2.2321
   2013.62862443      2.3117
   2013.62865297      2.3120
   2013.62868151      2.2414
   2013.62871005      2.1377
   2013.62873858      2.0401
   2013.62876712      1.9819
   2013.62879566      1.9965
   2013.62882420      2.0237
   2013.62885274      2.1194
   2013.62888128      2.1775
   2013.62890982      2.1726
   2013.62893836      2.1100
   2013.62896689      2.0059
   2013.62899543      1.8716
   2013.62902397      1.7442
   2013.62905251      1.6382
   2013.62908105      1.5511
   2013.62910959      1.4771
   2013.62913813      1.4080
   2013.62916667      1.3379
   2013.62919521      1.2645
   2013.62922374      1.2462
   2013.62925228      1.1065
   2013.62928082      1.0293
   2013.62930936      0.9523
   2013.62933790      0.8791
   2013.62936644      0.8074
   2013.62939498      0.7382
   2013.62942352      0.6741
   2013.62945205      0.6163
   2013.62948059      0.5639
   2013.62950913      0.5164
   2013.62953767      0.4737
   2013.62956621      0.4352
   2013.62959475      0.4003
   2013.62962329      0.3687
   2013.62965183      0.3399
   2013.62968037      0.3137
   2013.62970890      0.2899
   2013.62973744      0.2682
   2013.62976598      0.2483
   2013.62979452      0.2299
   2013.62982306      0.2130
   2013.62985160      0.1975
   2013.62988014      0.1833
   2013.62990868      0.1703
   2013.62993721      0.1583
   2013.62996575      0.1473
   2013.62999429      0.1372
   2013.63002283      0.1279
   2013.63005137      0.1193
   2013.63007991      0.1113
   2013.63010845      0.1040
