   2013.62465753      0.0000
   2013.62468607      0.0000
   2013.62471461      0.0000
   2013.62474315      0.0000
   2013.62477169      0.0000
   2013.62480023      0.0000
   2013.62482877      0.0000
   2013.62485731      0.0000
   2013.62488584      0.0000
   2013.62491438      0.0000
   2013.62494292      0.0000
   2013.62497146      0.0000
   2013.62500000      0.0000
   2013.62502854      0.0000
   2013.62505708      0.0000
   2013.62508562      0.0000
   2013.62511416      0.0000
   2013.62514269      0.0000
   2013.62517123      0.0000
   2013.62519977      0.0000
   2013.62522831      0.0000
   2013.62525685      0.0000
   2013.62528539      0.0000
   2013.62531393      0.0000
   2013.62534247      0.0000
   2013.62537100      0.0000
   2013.62539954      0.0000
   2013.62542808      0.0000
   2013.62545662      0.0000
   2013.62548516      0.0000
   2013.62551370      0.0000
   2013.62554224      0.0000
   2013.62557078      0.0000
   2013.62559932      0.0000
   2013.62562785      0.0000
   2013.62565639      0.0000
   2013.62568493      0.0000
   2013.62571347      0.0000
   2013.62574201      0.0000
   2013.62577055      0.0000
   2013.62579909      0.0000
   2013.62582763      0.0000
   2013.62585616      0.0000
   2013.62588470      0.0000
   2013.62591324      0.0000
   2013.62594178      0.0000
   2013.62597032      0.0000
   2013.62599886      0.0000
   2013.62602740      0.0000
   2013.62605594      0.0000
   2013.62608447      0.0000
   2013.62611301      0.0000
   2013.62614155      0.0000
   2013.62617009      0.0000
   2013.62619863      0.0000
   2013.62622717      0.0000
   2013.62625571      0.0000
   2013.62628425      0.0000
   2013.62631279      0.0000
   2013.62634132      0.0000
   2013.62636986      0.0000
   2013.62639840      0.0000
   2013.62642694      0.0000
   2013.62645548      0.0000
   2013.62648402      0.0000
   2013.62651256      0.0000
   2013.62654110      0.0000
   2013.62656963      0.0000
   2013.62659817      0.0000
   2013.62662671      0.0000
   2013.62665525      0.0000
   2013.62668379      0.0000
   2013.62671233      0.0000
   2013.62674087      0.0000
   2013.62676941      0.0000
   2013.62679795      0.0000
   2013.62682648      0.0000
   2013.62685502      0.0190
   2013.62688356      0.0888
   2013.62691210      0.1762
   2013.62694064      0.4254
   2013.62696918      0.9976
   2013.62699772      2.0142
   2013.62702626      3.5834
   2013.62705479      6.3405
   2013.62708333      9.8104
   2013.62711187     12.1167
   2013.62714041     12.9060
   2013.62716895     12.4943
   2013.62719749     11.9261
   2013.62722603     10.9568
   2013.62725457      9.8306
   2013.62728311      8.9108
   2013.62731164      8.1731
   2013.62734018      7.1553
   2013.62736872      6.2977
   2013.62739726      5.8380
   2013.62742580      4.7781
   2013.62745434      4.5155
   2013.62748288      3.8013
   2013.62751142      3.3491
   2013.62753995      3.0164
   2013.62756849      2.7053
   2013.62759703      2.4296
   2013.62762557      2.2075
   2013.62765411      1.9664
   2013.62768265      1.7864
   2013.62771119      1.6303
   2013.62773973      1.4927
   2013.62776826      1.3692
   2013.62779680      1.2571
   2013.62782534      1.1718
   2013.62785388      1.0765
   2013.62788242      0.9831
   2013.62791096      0.9228
   2013.62793950      0.8569
   2013.62796804      0.7952
   2013.62799658      0.7382
   2013.62802511      0.6862
   2013.62805365      0.6397
   2013.62808219      0.5981
   2013.62811073      0.5605
   2013.62813927      0.5264
   2013.62816781      0.4953
   2013.62819635      0.4668
   2013.62822489      0.4405
   2013.62825342      0.4161
   2013.62828196      0.3934
   2013.62831050      0.3723
   2013.62833904      0.3527
   2013.62836758      0.3345
   2013.62839612      0.3175
   2013.62842466      0.3017
   2013.62845320      0.2871
   2013.62848174      0.2734
   2013.62851027      0.2606
   2013.62853881      0.2486
   2013.62856735      0.2373
   2013.62859589      0.2266
   2013.62862443      0.2165
   2013.62865297      0.2069
   2013.62868151      0.1980
   2013.62871005      0.1896
   2013.62873858      0.1817
   2013.62876712      0.1742
   2013.62879566      0.1671
   2013.62882420      0.1605
   2013.62885274      0.1541
   2013.62888128      0.1481
   2013.62890982      0.1424
   2013.62893836      0.1371
   2013.62896689      0.1320
   2013.62899543      0.1271
   2013.62902397      0.1225
   2013.62905251      0.1182
   2013.62908105      0.1140
   2013.62910959      0.1101
   2013.62913813      0.1063
   2013.62916667      0.1027
