   2013.62465753      0.0000
   2013.62468607      0.0000
   2013.62471461      0.0000
   2013.62474315      0.0000
   2013.62477169      0.0000
   2013.62480023      0.0000
   2013.62482877      0.0000
   2013.62485731      0.0000
   2013.62488584      0.0000
   2013.62491438      0.0000
   2013.62494292      0.0000
   2013.62497146      0.0000
   2013.62500000      0.0000
   2013.62502854      0.0000
   2013.62505708      0.0000
   2013.62508562      0.0000
   2013.62511416      0.0000
   2013.62514269      0.0000
   2013.62517123      0.0000
   2013.62519977      0.0000
   2013.62522831      0.0000
   2013.62525685      0.0000
   2013.62528539      0.0000
   2013.62531393      0.0000
   2013.62534247      0.0000
   2013.62537100      0.0000
   2013.62539954      0.0000
   2013.62542808      0.0000
   2013.62545662      0.0000
   2013.62548516      0.0000
   2013.62551370      0.0000
   2013.62554224      0.0000
   2013.62557078      0.0000
   2013.62559932      0.0000
   2013.62562785      0.0000
   2013.62565639      0.0000
   2013.62568493      0.0000
   2013.62571347      0.0000
   2013.62574201      0.0000
   2013.62577055      0.0000
   2013.62579909      0.0000
   2013.62582763      0.0000
   2013.62585616      0.0000
   2013.62588470      0.0000
   2013.62591324      0.0000
   2013.62594178      0.0000
   2013.62597032      0.0000
   2013.62599886      0.0000
   2013.62602740      0.0000
   2013.62605594      0.0000
   2013.62608447      0.0000
   2013.62611301      0.0000
   2013.62614155      0.0000
   2013.62617009      0.0000
   2013.62619863      0.0000
   2013.62622717      0.0000
   2013.62625571      0.0000
   2013.62628425      0.0055
   2013.62631279      0.0050
   2013.62634132      0.0298
   2013.62636986      0.0764
   2013.62639840      0.1389
   2013.62642694      0.2679
   2013.62645548      0.4883
   2013.62648402      0.8509
   2013.62651256      1.3813
   2013.62654110      2.2158
   2013.62656963      3.4630
   2013.62659817      5.2699
   2013.62662671      6.8592
   2013.62665525      7.8891
   2013.62668379      8.3750
   2013.62671233      8.6635
   2013.62674087      8.8403
   2013.62676941      8.9720
   2013.62679795      9.0394
   2013.62682648      9.0963
   2013.62685502      9.1168
   2013.62688356      9.1698
   2013.62691210      9.0779
   2013.62694064      9.1623
   2013.62696918      9.1389
   2013.62699772      9.0342
   2013.62702626      9.0059
   2013.62705479      9.0332
   2013.62708333      8.9747
   2013.62711187      8.9380
   2013.62714041      8.7500
   2013.62716895      8.7231
   2013.62719749      8.6418
   2013.62722603      8.5396
   2013.62725457      8.3267
   2013.62728311      8.3634
   2013.62731164      8.1358
   2013.62734018      8.0653
   2013.62736872      7.6963
   2013.62739726      7.1894
   2013.62742580      7.0520
   2013.62745434      6.6815
   2013.62748288      6.4412
   2013.62751142      5.6437
   2013.62753995      5.5152
   2013.62756849      5.4289
   2013.62759703      4.6754
   2013.62762557      4.6044
   2013.62765411      4.0955
   2013.62768265      3.5393
   2013.62771119      3.1810
   2013.62773973      2.9001
   2013.62776826      2.6329
   2013.62779680      2.3901
   2013.62782534      2.1740
   2013.62785388      1.9745
   2013.62788242      1.7999
   2013.62791096      1.6513
   2013.62793950      1.5191
   2013.62796804      1.3998
   2013.62799658      1.2911
   2013.62802511      1.2245
   2013.62805365      1.1109
   2013.62808219      0.9946
   2013.62811073      0.9521
   2013.62813927      0.8899
   2013.62816781      0.8281
   2013.62819635      0.7706
   2013.62822489      0.7174
   2013.62825342      0.6691
   2013.62828196      0.6262
   2013.62831050      0.5901
   2013.62833904      0.5554
   2013.62836758      0.5233
   2013.62839612      0.4940
   2013.62842466      0.4732
   2013.62845320      0.4498
   2013.62848174      0.4271
   2013.62851027      0.4062
   2013.62853881      0.3986
   2013.62856735      0.3837
   2013.62859589      0.3682
   2013.62862443      0.3544
   2013.62865297      0.3583
   2013.62868151      0.3521
   2013.62871005      0.3445
   2013.62873858      0.3391
   2013.62876712      0.3570
   2013.62879566      0.3624
   2013.62882420      0.3662
   2013.62885274      0.3736
   2013.62888128      0.4131
   2013.62890982      0.4361
   2013.62893836      0.4705
   2013.62896689      0.4995
   2013.62899543      0.5762
   2013.62902397      0.6367
   2013.62905251      0.7078
   2013.62908105      0.7741
   2013.62910959      0.9192
   2013.62913813      1.0608
   2013.62916667      1.2463
   2013.62919521      1.4749
   2013.62922374      1.8283
   2013.62925228      2.1695
   2013.62928082      2.4110
   2013.62930936      2.6489
   2013.62933790      2.8950
   2013.62936644      3.2045
   2013.62939498      3.3740
   2013.62942352      3.5035
   2013.62945205      3.6040
   2013.62948059      3.7997
   2013.62950913      3.8745
   2013.62953767      3.9156
   2013.62956621      3.8767
   2013.62959475      4.1073
   2013.62962329      4.1051
   2013.62965183      4.0886
   2013.62968037      3.9828
   2013.62970890      4.0655
   2013.62973744      4.0921
   2013.62976598      4.0388
   2013.62979452      3.8518
   2013.62982306      4.0085
   2013.62985160      3.9206
   2013.62988014      3.7829
   2013.62990868      3.7265
   2013.62993721      3.6652
   2013.62996575      3.5668
   2013.62999429      3.6407
   2013.63002283      3.1528
   2013.63005137      3.2972
   2013.63007991      3.1877
   2013.63010845      3.0752
   2013.63013699      2.9919
   2013.63016553      2.8840
   2013.63019406      2.7620
   2013.63022260      2.6522
   2013.63025114      2.5412
   2013.63027968      2.3730
   2013.63030822      2.2644
   2013.63033676      2.1478
   2013.63036530      2.0336
   2013.63039384      1.9238
   2013.63042237      1.8189
   2013.63045091      1.7191
   2013.63047945      1.6194
   2013.63050799      1.5251
   2013.63053653      1.4393
   2013.63056507      1.3582
   2013.63059361      1.2805
   2013.63062215      1.2051
   2013.63065068      1.1106
   2013.63067922      1.0734
   2013.63070776      1.0093
   2013.63073630      0.9412
   2013.63076484      0.8910
   2013.63079338      0.8369
   2013.63082192      0.7849
   2013.63085046      0.7353
   2013.63087900      0.6891
   2013.63090753      0.6470
   2013.63093607      0.6088
   2013.63096461      0.5736
   2013.63099315      0.5410
   2013.63102169      0.5108
   2013.63105023      0.4828
   2013.63107877      0.4566
   2013.63110731      0.4322
   2013.63113584      0.4093
   2013.63116438      0.3878
   2013.63119292      0.3677
   2013.63122146      0.3490
   2013.63125000      0.3314
   2013.63127854      0.3150
   2013.63130708      0.2997
   2013.63133562      0.2854
   2013.63136416      0.2720
   2013.63139269      0.2594
   2013.63142123      0.2476
   2013.63144977      0.2364
   2013.63147831      0.2258
   2013.63150685      0.2158
   2013.63153539      0.2063
   2013.63156393      0.1975
   2013.63159247      0.1891
   2013.63162100      0.1812
   2013.63164954      0.1738
   2013.63167808      0.1667
   2013.63170662      0.1600
   2013.63173516      0.1537
   2013.63176370      0.1477
   2013.63179224      0.1420
   2013.63182078      0.1366
   2013.63184932      0.1315
   2013.63187785      0.1267
   2013.63190639      0.1221
   2013.63193493      0.1177
   2013.63196347      0.1135
   2013.63199201      0.1096
   2013.63202055      0.1058
   2013.63204909      0.1022
