   2013.62465753      0.0000
   2013.62468607      0.0000
   2013.62471461      0.0000
   2013.62474315      0.0000
   2013.62477169      0.0000
   2013.62480023      0.0000
   2013.62482877      0.0000
   2013.62485731      0.0000
   2013.62488584      0.0000
   2013.62491438      0.0000
   2013.62494292      0.0000
   2013.62497146      0.0000
   2013.62500000      0.0000
   2013.62502854      0.0000
   2013.62505708      0.0000
   2013.62508562      0.0000
   2013.62511416      0.0000
   2013.62514269      0.0000
   2013.62517123      0.0000
   2013.62519977      0.0000
   2013.62522831      0.0000
   2013.62525685      0.0000
   2013.62528539      0.0000
   2013.62531393      0.0000
   2013.62534247      0.0000
   2013.62537100      0.0000
   2013.62539954      0.0000
   2013.62542808      0.0000
   2013.62545662      0.0000
   2013.62548516      0.0000
   2013.62551370      0.0000
   2013.62554224      0.0000
   2013.62557078      0.0000
   2013.62559932      0.0000
   2013.62562785      0.0000
   2013.62565639      0.0000
   2013.62568493      0.0000
   2013.62571347      0.0000
   2013.62574201      0.0000
   2013.62577055      0.0000
   2013.62579909      0.0000
   2013.62582763      0.0000
   2013.62585616      0.0000
   2013.62588470      0.0000
   2013.62591324      0.0000
   2013.62594178      0.0000
   2013.62597032      0.0000
   2013.62599886      0.0000
   2013.62602740      0.0000
   2013.62605594      0.0000
   2013.62608447      0.0000
   2013.62611301      0.0000
   2013.62614155      0.0000
   2013.62617009      0.0000
   2013.62619863      0.0000
   2013.62622717      0.0000
   2013.62625571      0.0000
   2013.62628425      0.0000
   2013.62631279      0.0000
   2013.62634132      0.0000
   2013.62636986      0.0000
   2013.62639840      0.0065
   2013.62642694      0.0247
   2013.62645548      0.0542
   2013.62648402      0.0870
   2013.62651256      0.1494
   2013.62654110      0.2431
   2013.62656963      0.3767
   2013.62659817      0.5531
   2013.62662671      0.7497
   2013.62665525      0.9992
   2013.62668379      1.3841
   2013.62671233      1.9987
   2013.62674087      2.8797
   2013.62676941      3.2114
   2013.62679795      3.4042
   2013.62682648      3.1725
   2013.62685502      3.0322
   2013.62688356      2.8587
   2013.62691210      2.6211
   2013.62694064      2.5238
   2013.62696918      2.3058
   2013.62699772      2.2143
   2013.62702626      2.0350
   2013.62705479      1.9722
   2013.62708333      1.8441
   2013.62711187      1.7716
   2013.62714041      1.7073
   2013.62716895      1.6504
   2013.62719749      1.5987
   2013.62722603      1.5517
   2013.62725457      1.5091
   2013.62728311      1.4700
   2013.62731164      1.4333
   2013.62734018      1.3852
   2013.62736872      1.3392
   2013.62739726      1.2932
   2013.62742580      1.2456
   2013.62745434      1.1956
   2013.62748288      1.1425
   2013.62751142      1.0876
   2013.62753995      1.0314
   2013.62756849      0.9849
   2013.62759703      0.9359
   2013.62762557      0.8872
   2013.62765411      0.8411
   2013.62768265      0.7941
   2013.62771119      0.7471
   2013.62773973      0.7014
   2013.62776826      0.6581
   2013.62779680      0.6175
   2013.62782534      0.5788
   2013.62785388      0.5423
   2013.62788242      0.5079
   2013.62791096      0.4757
   2013.62793950      0.4455
   2013.62796804      0.4172
   2013.62799658      0.3905
   2013.62802511      0.3654
   2013.62805365      0.3418
   2013.62808219      0.3196
   2013.62811073      0.2988
   2013.62813927      0.2793
   2013.62816781      0.2611
   2013.62819635      0.2441
   2013.62822489      0.2281
   2013.62825342      0.2129
   2013.62828196      0.1988
   2013.62831050      0.1856
   2013.62833904      0.1733
   2013.62836758      0.1619
   2013.62839612      0.1512
   2013.62842466      0.1413
   2013.62845320      0.1321
   2013.62848174      0.1234
   2013.62851027      0.1154
   2013.62853881      0.1078
   2013.62856735      0.1008
