   2013.62465753      0.0000
   2013.62468607      0.0000
   2013.62471461      0.0000
   2013.62474315      0.0000
   2013.62477169      0.0000
   2013.62480023      0.0000
   2013.62482877      0.0000
   2013.62485731      0.0000
   2013.62488584      0.0000
   2013.62491438      0.0000
   2013.62494292      0.0000
   2013.62497146      0.0000
   2013.62500000      0.0000
   2013.62502854      0.0000
   2013.62505708      0.0000
   2013.62508562      0.0000
   2013.62511416      0.0000
   2013.62514269      0.0000
   2013.62517123      0.0000
   2013.62519977      0.0000
   2013.62522831      0.0000
   2013.62525685      0.0000
   2013.62528539      0.0000
   2013.62531393      0.0000
   2013.62534247      0.0000
   2013.62537100      0.0000
   2013.62539954      0.0000
   2013.62542808      0.0000
   2013.62545662      0.0000
   2013.62548516      0.0000
   2013.62551370      0.0000
   2013.62554224      0.0002
   2013.62557078      0.0004
   2013.62559932      0.0007
   2013.62562785      0.0010
   2013.62565639      0.0012
   2013.62568493      0.0014
   2013.62571347      0.0016
   2013.62574201      0.0018
   2013.62577055      0.0020
   2013.62579909      0.0025
   2013.62582763      0.0290
   2013.62585616      0.0576
   2013.62588470      0.0877
   2013.62591324      0.1377
   2013.62594178      0.1969
   2013.62597032      0.2736
   2013.62599886      0.3763
   2013.62602740      0.4916
   2013.62605594      0.6335
   2013.62608447      0.7723
   2013.62611301      0.9108
   2013.62614155      1.1004
   2013.62617009      1.3210
   2013.62619863      1.5042
   2013.62622717      1.6573
   2013.62625571      1.6801
   2013.62628425      1.6474
   2013.62631279      1.5175
   2013.62634132      1.4338
   2013.62636986      1.3325
   2013.62639840      1.2836
   2013.62642694      1.1277
   2013.62645548      1.0355
   2013.62648402      0.9492
   2013.62651256      0.8698
   2013.62654110      0.7938
   2013.62656963      0.7220
   2013.62659817      0.6566
   2013.62662671      0.5982
   2013.62665525      0.5454
   2013.62668379      0.4979
   2013.62671233      0.4554
   2013.62674087      0.4172
   2013.62676941      0.3828
   2013.62679795      0.3516
   2013.62682648      0.3233
   2013.62685502      0.2977
   2013.62688356      0.2745
   2013.62691210      0.2534
   2013.62694064      0.2339
   2013.62696918      0.2160
   2013.62699772      0.1997
   2013.62702626      0.1847
   2013.62705479      0.1710
   2013.62708333      0.1585
   2013.62711187      0.1470
   2013.62714041      0.1365
   2013.62716895      0.1269
   2013.62719749      0.1179
   2013.62722603      0.1097
   2013.62725457      0.1021
