   2013.62465753      0.0000
   2013.62468607      0.0000
   2013.62471461      0.0000
   2013.62474315      0.0000
   2013.62477169      0.0000
   2013.62480023      0.0000
   2013.62482877      0.0000
   2013.62485731      0.0000
   2013.62488584      0.0000
   2013.62491438      0.0000
   2013.62494292      0.0000
   2013.62497146      0.0000
   2013.62500000      0.0000
   2013.62502854      0.0000
   2013.62505708      0.0000
   2013.62508562      0.0000
   2013.62511416      0.0000
   2013.62514269      0.0000
   2013.62517123      0.0000
   2013.62519977      0.0000
   2013.62522831      0.0000
   2013.62525685      0.0000
   2013.62528539      0.0000
   2013.62531393      0.0000
   2013.62534247      0.0000
   2013.62537100      0.0000
   2013.62539954      0.0000
   2013.62542808      0.0000
   2013.62545662      0.0000
   2013.62548516      0.0000
   2013.62551370      0.0000
   2013.62554224      0.0000
   2013.62557078      0.0000
   2013.62559932      0.0000
   2013.62562785      0.0000
   2013.62565639      0.0000
   2013.62568493      0.0000
   2013.62571347      0.0000
   2013.62574201      0.0000
   2013.62577055      0.0000
   2013.62579909      0.0000
   2013.62582763      0.0000
   2013.62585616      0.0005
   2013.62588470      0.0011
   2013.62591324      0.0017
   2013.62594178      0.0022
   2013.62597032      0.0027
   2013.62599886      0.0032
   2013.62602740      0.0068
   2013.62605594      0.0448
   2013.62608447      0.0823
   2013.62611301      0.1476
   2013.62614155      0.2691
   2013.62617009      0.4813
   2013.62619863      0.9169
   2013.62622717      1.7723
   2013.62625571      3.2064
   2013.62628425      4.7949
   2013.62631279      5.8562
   2013.62634132      6.3336
   2013.62636986      6.4004
   2013.62639840      6.3305
   2013.62642694      6.1034
   2013.62645548      5.9168
   2013.62648402      5.7911
   2013.62651256      5.3610
   2013.62654110      4.6819
   2013.62656963      4.6181
   2013.62659817      4.0969
   2013.62662671      3.4245
   2013.62665525      3.1247
   2013.62668379      2.7838
   2013.62671233      2.5890
   2013.62674087      2.2976
   2013.62676941      1.9661
   2013.62679795      1.7636
   2013.62682648      1.5765
   2013.62685502      1.4084
   2013.62688356      1.2808
   2013.62691210      1.1377
   2013.62694064      1.0134
   2013.62696918      0.9236
   2013.62699772      0.8336
   2013.62702626      0.7515
   2013.62705479      0.6778
   2013.62708333      0.6130
   2013.62711187      0.5553
   2013.62714041      0.5042
   2013.62716895      0.4590
   2013.62719749      0.4190
   2013.62722603      0.3832
   2013.62725457      0.3511
   2013.62728311      0.3223
   2013.62731164      0.2962
   2013.62734018      0.2727
   2013.62736872      0.2512
   2013.62739726      0.2316
   2013.62742580      0.2136
   2013.62745434      0.1972
   2013.62748288      0.1823
   2013.62751142      0.1686
   2013.62753995      0.1562
   2013.62756849      0.1448
   2013.62759703      0.1343
   2013.62762557      0.1248
   2013.62765411      0.1159
   2013.62768265      0.1078
   2013.62771119      0.1003
