   2013.62465753      0.0000
   2013.62468607      0.0000
   2013.62471461      0.0000
   2013.62474315      0.0000
   2013.62477169      0.0000
   2013.62480023      0.0000
   2013.62482877      0.0000
   2013.62485731      0.0000
   2013.62488584      0.0000
   2013.62491438      0.0000
   2013.62494292      0.0000
   2013.62497146      0.0000
   2013.62500000      0.0000
   2013.62502854      0.0012
   2013.62505708      0.0022
   2013.62508562      0.0030
   2013.62511416      0.0049
   2013.62514269      0.0057
   2013.62517123      0.0490
   2013.62519977      0.0978
   2013.62522831      0.1901
   2013.62525685      0.3700
   2013.62528539      0.6824
   2013.62531393      1.2159
   2013.62534247      2.0115
   2013.62537100      3.2083
   2013.62539954      4.9580
   2013.62542808      7.0665
   2013.62545662      8.5069
   2013.62548516      9.4183
   2013.62551370      9.9601
   2013.62554224     10.2609
   2013.62557078     10.4719
   2013.62559932     10.6196
   2013.62562785     10.7418
   2013.62565639     10.5735
   2013.62568493     10.0144
   2013.62571347     10.0977
   2013.62574201      9.3793
   2013.62577055      8.7902
   2013.62579909      8.0136
   2013.62582763      7.6611
   2013.62585616      7.1430
   2013.62588470      6.4372
   2013.62591324      5.3990
   2013.62594178      5.3955
   2013.62597032      4.8252
   2013.62599886      4.4308
   2013.62602740      3.8232
   2013.62605594      3.6992
   2013.62608447      3.4594
   2013.62611301      3.2452
   2013.62614155      3.1642
   2013.62617009      3.0458
   2013.62619863      2.8853
   2013.62622717      2.8370
   2013.62625571      2.9232
   2013.62628425      2.9708
   2013.62631279      2.9686
   2013.62634132      3.0584
   2013.62636986      3.2281
   2013.62639840      3.5475
   2013.62642694      3.6538
   2013.62645548      3.9221
   2013.62648402      3.9742
   2013.62651256      4.4757
   2013.62654110      4.5390
   2013.62656963      4.8371
   2013.62659817      4.7131
   2013.62662671      5.2723
   2013.62665525      5.2224
   2013.62668379      5.3792
   2013.62671233      5.2313
   2013.62674087      5.8209
   2013.62676941      5.6757
   2013.62679795      5.6752
   2013.62682648      5.5194
   2013.62685502      6.0500
   2013.62688356      5.8495
   2013.62691210      5.7857
   2013.62694064      5.5261
   2013.62696918      5.9918
   2013.62699772      5.7635
   2013.62702626      5.8428
   2013.62705479      5.4494
   2013.62708333      5.7165
   2013.62711187      5.4687
   2013.62714041      5.4384
   2013.62716895      5.3536
   2013.62719749      5.1252
   2013.62722603      5.1712
   2013.62725457      4.9328
   2013.62728311      4.6036
   2013.62731164      4.6381
   2013.62734018      4.5565
   2013.62736872      4.3863
   2013.62739726      4.0780
   2013.62742580      4.1473
   2013.62745434      3.9203
   2013.62748288      3.7487
   2013.62751142      3.4177
   2013.62753995      3.5370
   2013.62756849      3.6122
   2013.62759703      3.2290
   2013.62762557      3.1603
   2013.62765411      3.0370
   2013.62768265      2.8831
   2013.62771119      2.7442
   2013.62773973      2.5980
   2013.62776826      2.5300
   2013.62779680      2.4086
   2013.62782534      2.2390
   2013.62785388      2.1602
   2013.62788242      2.0939
   2013.62791096      1.9566
   2013.62793950      1.8553
   2013.62796804      1.7902
   2013.62799658      1.7379
   2013.62802511      1.6266
   2013.62805365      1.5948
   2013.62808219      1.3794
   2013.62811073      1.4547
   2013.62813927      1.4196
   2013.62816781      1.3201
   2013.62819635      1.1966
   2013.62822489      1.2422
   2013.62825342      1.1998
   2013.62828196      1.1038
   2013.62831050      1.0955
   2013.62833904      1.0936
   2013.62836758      1.0542
   2013.62839612      1.0534
   2013.62842466      0.9730
   2013.62845320      1.0138
   2013.62848174      1.0053
   2013.62851027      1.0134
   2013.62853881      0.9916
   2013.62856735      1.0638
   2013.62859589      1.0299
   2013.62862443      1.0370
   2013.62865297      1.0998
   2013.62868151      1.1229
   2013.62871005      1.1779
   2013.62873858      1.2194
   2013.62876712      1.3372
   2013.62879566      1.4303
   2013.62882420      1.5381
   2013.62885274      1.6295
   2013.62888128      1.8379
   2013.62890982      2.0192
   2013.62893836      2.1501
   2013.62896689      2.3327
   2013.62899543      2.6313
   2013.62902397      2.8756
   2013.62905251      3.0324
   2013.62908105      3.2973
   2013.62910959      3.4036
   2013.62913813      3.8587
   2013.62916667      3.9649
   2013.62919521      4.2360
   2013.62922374      4.2334
   2013.62925228      4.7582
   2013.62928082      4.7890
   2013.62930936      5.1117
   2013.62933790      4.9171
   2013.62936644      5.5116
   2013.62939498      5.4241
   2013.62942352      5.5762
   2013.62945205      5.4208
   2013.62948059      6.0279
   2013.62950913      5.8514
   2013.62953767      5.9475
   2013.62956621      5.6913
   2013.62959475      6.2305
   2013.62962329      6.0016
   2013.62965183      5.9288
   2013.62968037      5.6727
   2013.62970890      6.1391
   2013.62973744      5.8976
   2013.62976598      6.0020
   2013.62979452      5.5708
   2013.62982306      5.8454
   2013.62985160      5.5879
   2013.62988014      5.5708
   2013.62990868      5.4669
   2013.62993721      5.2472
   2013.62996575      5.1318
   2013.62999429      5.0418
   2013.63002283      4.6997
   2013.63005137      4.7367
   2013.63007991      4.6603
   2013.63010845      4.4840
   2013.63013699      4.1409
   2013.63016553      4.2507
   2013.63019406      4.0923
   2013.63022260      3.8217
   2013.63025114      3.9347
   2013.63027968      3.6770
   2013.63030822      3.3107
   2013.63033676      3.1514
   2013.63036530      2.9691
   2013.63039384      2.7090
   2013.63042237      2.5244
   2013.63045091      2.3425
   2013.63047945      2.1692
   2013.63050799      1.9888
   2013.63053653      1.8319
   2013.63056507      1.6894
   2013.63059361      1.5574
   2013.63062215      1.4334
   2013.63065068      1.3169
   2013.63067922      1.2016
   2013.63070776      1.1096
   2013.63073630      1.0186
   2013.63076484      0.9373
   2013.63079338      0.8614
   2013.63082192      0.7889
   2013.63085046      0.7211
   2013.63087900      0.6595
   2013.63090753      0.6045
   2013.63093607      0.5546
   2013.63096461      0.5096
   2013.63099315      0.4690
   2013.63102169      0.4323
   2013.63105023      0.3990
   2013.63107877      0.3687
   2013.63110731      0.3410
   2013.63113584      0.3156
   2013.63116438      0.2925
   2013.63119292      0.2713
   2013.63122146      0.2519
   2013.63125000      0.2339
   2013.63127854      0.2172
   2013.63130708      0.2019
   2013.63133562      0.1878
   2013.63136416      0.1748
   2013.63139269      0.1629
   2013.63142123      0.1519
   2013.63144977      0.1417
   2013.63147831      0.1323
   2013.63150685      0.1237
   2013.63153539      0.1156
   2013.63156393      0.1081
   2013.63159247      0.1012
