   2013.62465753      0.0000
   2013.62468607      0.0000
   2013.62471461      0.0000
   2013.62474315      0.0000
   2013.62477169      0.0000
   2013.62480023      0.0000
   2013.62482877      0.0000
   2013.62485731      0.0000
   2013.62488584      0.0000
   2013.62491438      0.0000
   2013.62494292      0.0000
   2013.62497146      0.0000
   2013.62500000      0.0000
   2013.62502854      0.0000
   2013.62505708      0.0000
   2013.62508562      0.0000
   2013.62511416      0.0000
   2013.62514269      0.0000
   2013.62517123      0.0000
   2013.62519977      0.0000
   2013.62522831      0.0000
   2013.62525685      0.0000
   2013.62528539      0.0000
   2013.62531393      0.0000
   2013.62534247      0.0000
   2013.62537100      0.0000
   2013.62539954      0.0000
   2013.62542808      0.0000
   2013.62545662      0.0000
   2013.62548516      0.0000
   2013.62551370      0.0000
   2013.62554224      0.0000
   2013.62557078      0.0000
   2013.62559932      0.0000
   2013.62562785      0.0000
   2013.62565639      0.0000
   2013.62568493      0.0000
   2013.62571347      0.0000
   2013.62574201      0.0000
   2013.62577055      0.0000
   2013.62579909      0.0000
   2013.62582763      0.0000
   2013.62585616      0.0000
   2013.62588470      0.0000
   2013.62591324      0.0000
   2013.62594178      0.0000
   2013.62597032      0.0000
   2013.62599886      0.0000
   2013.62602740      0.0000
   2013.62605594      0.0000
   2013.62608447      0.0000
   2013.62611301      0.0000
   2013.62614155      0.0000
   2013.62617009      0.0000
   2013.62619863      0.0000
   2013.62622717      0.0000
   2013.62625571      0.0000
   2013.62628425      0.0000
   2013.62631279      0.0000
   2013.62634132      0.0000
   2013.62636986      0.0000
   2013.62639840      0.0000
   2013.62642694      0.0000
   2013.62645548      0.0000
   2013.62648402      0.0000
   2013.62651256      0.0000
   2013.62654110      0.0000
   2013.62656963      0.0000
   2013.62659817      0.0000
   2013.62662671      0.0000
   2013.62665525      0.0000
   2013.62668379      0.0000
   2013.62671233      0.0000
   2013.62674087      0.0000
   2013.62676941      0.0000
   2013.62679795      0.0000
   2013.62682648      0.0000
   2013.62685502      0.0000
   2013.62688356      0.0000
   2013.62691210      0.0000
   2013.62694064      0.0000
   2013.62696918      0.0000
   2013.62699772      0.0000
   2013.62702626      0.0000
   2013.62705479      0.0000
   2013.62708333      0.0000
   2013.62711187      0.0000
   2013.62714041      0.0000
   2013.62716895      0.0000
   2013.62719749      0.0000
   2013.62722603      0.0000
   2013.62725457      0.0000
   2013.62728311      0.0000
   2013.62731164      1.4689
   2013.62734018      7.9839
   2013.62736872     17.6615
   2013.62739726     39.8947
   2013.62742580     46.0126
   2013.62745434     38.9749
   2013.62748288     30.3193
   2013.62751142     22.8660
   2013.62753995     18.2020
   2013.62756849     14.9460
   2013.62759703     12.7197
   2013.62762557     11.2363
   2013.62765411      9.8630
   2013.62768265      8.6977
   2013.62771119      7.9616
   2013.62773973      7.2979
   2013.62776826      6.7633
   2013.62779680      6.3771
   2013.62782534      6.0711
   2013.62785388      5.8511
   2013.62788242      5.6671
   2013.62791096      5.5303
   2013.62793950      5.4396
   2013.62796804      5.3695
   2013.62799658      5.2913
   2013.62802511      5.2305
   2013.62805365      5.1784
   2013.62808219      5.1684
   2013.62811073      5.1251
   2013.62813927      5.0915
   2013.62816781      5.0634
   2013.62819635      4.8002
   2013.62822489      4.9534
   2013.62825342      4.7966
   2013.62828196      4.9495
   2013.62831050      4.3925
   2013.62833904      4.2362
   2013.62836758      3.9930
   2013.62839612      3.9231
   2013.62842466      3.5279
   2013.62845320      3.3903
   2013.62848174      3.2130
   2013.62851027      2.9375
   2013.62853881      2.8004
   2013.62856735      2.6595
   2013.62859589      2.4317
   2013.62862443      2.2744
   2013.62865297      2.1971
   2013.62868151      2.1164
   2013.62871005      2.0024
   2013.62873858      1.8919
   2013.62876712      1.8787
   2013.62879566      1.8318
   2013.62882420      1.7871
   2013.62885274      1.7341
   2013.62888128      1.7848
   2013.62890982      1.8121
   2013.62893836      1.8356
   2013.62896689      1.8513
   2013.62899543      1.9883
   2013.62902397      2.1019
   2013.62905251      2.1682
   2013.62908105      2.2871
   2013.62910959      2.5140
   2013.62913813      2.6932
   2013.62916667      2.7809
   2013.62919521      2.9121
   2013.62922374      3.1837
   2013.62925228      3.3427
   2013.62928082      3.4733
   2013.62930936      3.5820
   2013.62933790      3.8022
   2013.62936644      3.8888
   2013.62939498      3.8927
   2013.62942352      4.0238
   2013.62945205      4.0224
   2013.62948059      4.2737
   2013.62950913      4.2428
   2013.62953767      4.3444
   2013.62956621      4.2805
   2013.62959475      4.5092
   2013.62962329      4.4259
   2013.62965183      4.4738
   2013.62968037      4.5340
   2013.62970890      4.5442
   2013.62973744      4.5074
   2013.62976598      4.4131
   2013.62979452      4.2508
   2013.62982306      4.4116
   2013.62985160      4.3133
   2013.62988014      4.2126
   2013.62990868      4.0371
   2013.62993721      4.0538
   2013.62996575      4.0230
   2013.62999429      3.8535
   2013.63002283      3.8136
   2013.63005137      3.7407
   2013.63007991      3.6379
   2013.63010845      3.7474
   2013.63013699      3.2560
   2013.63016553      3.3833
   2013.63019406      3.5097
   2013.63022260      3.1424
   2013.63025114      3.0453
   2013.63027968      2.9215
   2013.63030822      2.7771
   2013.63033676      2.5739
   2013.63036530      2.4249
   2013.63039384      2.2772
   2013.63042237      2.1283
   2013.63045091      2.0028
   2013.63047945      1.8346
   2013.63050799      1.7050
   2013.63053653      1.5843
   2013.63056507      1.4708
   2013.63059361      1.3623
   2013.63062215      1.2593
   2013.63065068      1.1587
   2013.63067922      1.0732
   2013.63070776      0.9886
   2013.63073630      0.9147
   2013.63076484      0.8433
   2013.63079338      0.7746
   2013.63082192      0.7101
   2013.63085046      0.6514
   2013.63087900      0.5984
   2013.63090753      0.5502
   2013.63093607      0.5064
   2013.63096461      0.4668
   2013.63099315      0.4309
   2013.63102169      0.3981
   2013.63105023      0.3681
   2013.63107877      0.3407
   2013.63110731      0.3155
   2013.63113584      0.2925
   2013.63116438      0.2714
   2013.63119292      0.2519
   2013.63122146      0.2340
   2013.63125000      0.2173
   2013.63127854      0.2019
   2013.63130708      0.1878
   2013.63133562      0.1747
   2013.63136416      0.1627
   2013.63139269      0.1517
   2013.63142123      0.1415
   2013.63144977      0.1320
   2013.63147831      0.1233
   2013.63150685      0.1152
   2013.63153539      0.1077
   2013.63156393      0.1008
