   2013.62465753      0.0000
   2013.62468607      0.0000
   2013.62471461      0.0000
   2013.62474315      0.0000
   2013.62477169      0.0000
   2013.62480023      0.0000
   2013.62482877      0.0000
   2013.62485731      0.0000
   2013.62488584      0.0000
   2013.62491438      0.0000
   2013.62494292      0.0000
   2013.62497146      0.0000
   2013.62500000      0.0000
   2013.62502854      0.0000
   2013.62505708      0.0000
   2013.62508562      0.0000
   2013.62511416      0.0000
   2013.62514269      0.0000
   2013.62517123      0.0000
   2013.62519977      0.0000
   2013.62522831      0.0000
   2013.62525685      0.0000
   2013.62528539      0.0000
   2013.62531393      0.0000
   2013.62534247      0.0000
   2013.62537100      0.0000
   2013.62539954      0.0000
   2013.62542808      0.0000
   2013.62545662      0.0000
   2013.62548516      0.0000
   2013.62551370      0.0000
   2013.62554224      0.0000
   2013.62557078      0.0000
   2013.62559932      0.0000
   2013.62562785      0.0000
   2013.62565639      0.0000
   2013.62568493      0.0000
   2013.62571347      0.0000
   2013.62574201      0.0000
   2013.62577055      0.0000
   2013.62579909      0.0000
   2013.62582763      0.0000
   2013.62585616      0.0000
   2013.62588470      0.0000
   2013.62591324      0.0000
   2013.62594178      0.0000
   2013.62597032      0.0000
   2013.62599886      0.0000
   2013.62602740      0.0000
   2013.62605594      0.0000
   2013.62608447      0.0000
   2013.62611301      0.0000
   2013.62614155      0.0000
   2013.62617009      0.0000
   2013.62619863      0.0000
   2013.62622717      0.0000
   2013.62625571      0.0000
   2013.62628425      0.0000
   2013.62631279      0.0000
   2013.62634132      0.0000
   2013.62636986      0.0000
   2013.62639840      0.0057
   2013.62642694      0.0059
   2013.62645548      0.0360
   2013.62648402      0.0898
   2013.62651256      0.1742
   2013.62654110      0.3549
   2013.62656963      0.6888
   2013.62659817      1.2493
   2013.62662671      2.1601
   2013.62665525      3.5652
   2013.62668379      5.7722
   2013.62671233      7.8701
   2013.62674087      9.4601
   2013.62676941      9.6651
   2013.62679795      9.6518
   2013.62682648      9.0429
   2013.62685502      8.8976
   2013.62688356      8.2919
   2013.62691210      7.7794
   2013.62694064      6.9424
   2013.62696918      6.6744
   2013.62699772      6.1736
   2013.62702626      5.6185
   2013.62705479      5.4573
   2013.62708333      4.7600
   2013.62711187      4.3272
   2013.62714041      4.0244
   2013.62716895      3.5324
   2013.62719749      3.5999
   2013.62722603      3.6210
   2013.62725457      3.2290
   2013.62728311      3.0999
   2013.62731164      2.9512
   2013.62734018      2.7977
   2013.62736872      2.6677
   2013.62739726      2.5550
   2013.62742580      2.4334
   2013.62745434      2.2649
   2013.62748288      2.1609
   2013.62751142      2.0548
   2013.62753995      1.9503
   2013.62756849      1.8478
   2013.62759703      1.7493
   2013.62762557      1.6686
   2013.62765411      1.5613
   2013.62768265      1.4763
   2013.62771119      1.3966
   2013.62773973      1.3207
   2013.62776826      1.2471
   2013.62779680      1.1741
   2013.62782534      1.1294
   2013.62785388      1.0509
   2013.62788242      0.9574
   2013.62791096      0.9290
   2013.62793950      0.8796
   2013.62796804      0.8281
   2013.62799658      0.7786
   2013.62802511      0.7315
   2013.62805365      0.6876
   2013.62808219      0.6477
   2013.62811073      0.6113
   2013.62813927      0.5776
   2013.62816781      0.5463
   2013.62819635      0.5171
   2013.62822489      0.4899
   2013.62825342      0.4645
   2013.62828196      0.4406
   2013.62831050      0.4182
   2013.62833904      0.3971
   2013.62836758      0.3772
   2013.62839612      0.3585
   2013.62842466      0.3410
   2013.62845320      0.3246
   2013.62848174      0.3093
   2013.62851027      0.2948
   2013.62853881      0.2851
   2013.62856735      0.2731
   2013.62859589      0.2613
   2013.62862443      0.2501
   2013.62865297      0.2481
   2013.62868151      0.2401
   2013.62871005      0.2312
   2013.62873858      0.2230
   2013.62876712      0.2289
   2013.62879566      0.2258
   2013.62882420      0.2215
   2013.62885274      0.2183
   2013.62888128      0.2341
   2013.62890982      0.2391
   2013.62893836      0.2428
   2013.62896689      0.2489
   2013.62899543      0.2815
   2013.62902397      0.3013
   2013.62905251      0.3201
   2013.62908105      0.3542
   2013.62910959      0.4133
   2013.62913813      0.4488
   2013.62916667      0.5123
   2013.62919521      0.5824
   2013.62922374      0.6886
   2013.62925228      0.8117
   2013.62928082      0.9545
   2013.62930936      1.1233
   2013.62933790      1.4088
   2013.62936644      1.7547
   2013.62939498      2.0501
   2013.62942352      2.3453
   2013.62945205      2.4939
   2013.62948059      2.8099
   2013.62950913      2.9798
   2013.62953767      3.0928
   2013.62956621      3.0832
   2013.62959475      3.2952
   2013.62962329      3.3439
   2013.62965183      3.3306
   2013.62968037      3.2846
   2013.62970890      3.4222
   2013.62973744      3.4099
   2013.62976598      3.3510
   2013.62979452      3.1504
   2013.62982306      3.3442
   2013.62985160      3.3020
   2013.62988014      3.3817
   2013.62990868      3.0129
   2013.62993721      3.1793
   2013.62996575      3.0387
   2013.62999429      2.9377
   2013.63002283      2.8663
   2013.63005137      2.7739
   2013.63007991      2.6730
   2013.63010845      2.5710
   2013.63013699      2.4803
   2013.63016553      2.3764
   2013.63019406      2.2771
   2013.63022260      2.1290
   2013.63025114      2.0311
   2013.63027968      1.9325
   2013.63030822      1.8344
   2013.63033676      1.7391
   2013.63036530      1.6641
   2013.63039384      1.5552
   2013.63042237      1.4717
   2013.63045091      1.3931
   2013.63047945      1.3180
   2013.63050799      1.2450
   2013.63053653      1.1725
   2013.63056507      1.1281
   2013.63059361      1.0499
   2013.63062215      0.9566
   2013.63065068      0.9284
   2013.63067922      0.8791
   2013.63070776      0.8277
   2013.63073630      0.7784
   2013.63076484      0.7313
   2013.63079338      0.6875
   2013.63082192      0.6476
   2013.63085046      0.6113
   2013.63087900      0.5776
   2013.63090753      0.5463
   2013.63093607      0.5171
   2013.63096461      0.4899
   2013.63099315      0.4645
   2013.63102169      0.4406
   2013.63105023      0.4182
   2013.63107877      0.3971
   2013.63110731      0.3772
   2013.63113584      0.3585
   2013.63116438      0.3410
   2013.63119292      0.3246
   2013.63122146      0.3093
   2013.63125000      0.2948
   2013.63127854      0.2813
   2013.63130708      0.2686
   2013.63133562      0.2566
   2013.63136416      0.2454
   2013.63139269      0.2346
   2013.63142123      0.2244
   2013.63144977      0.2147
   2013.63147831      0.2056
   2013.63150685      0.1970
   2013.63153539      0.1888
   2013.63156393      0.1812
   2013.63159247      0.1739
   2013.63162100      0.1670
   2013.63164954      0.1604
   2013.63167808      0.1542
   2013.63170662      0.1483
   2013.63173516      0.1427
   2013.63176370      0.1374
   2013.63179224      0.1323
   2013.63182078      0.1275
   2013.63184932      0.1230
   2013.63187785      0.1186
   2013.63190639      0.1145
   2013.63193493      0.1106
   2013.63196347      0.1068
   2013.63199201      0.1032
