   2013.62465753      0.0000
   2013.62468607      0.0000
   2013.62471461      0.0000
   2013.62474315      0.0000
   2013.62477169      0.0000
   2013.62480023      0.0000
   2013.62482877      0.0000
   2013.62485731      0.0000
   2013.62488584      0.0000
   2013.62491438      0.0000
   2013.62494292      0.0000
   2013.62497146      0.0000
   2013.62500000      0.0002
   2013.62502854      0.0002
   2013.62505708      0.0002
   2013.62508562      0.0002
   2013.62511416      0.0005
   2013.62514269      0.0005
   2013.62517123      0.0005
   2013.62519977      0.0005
   2013.62522831      0.0009
   2013.62525685      0.0008
   2013.62528539      0.0008
   2013.62531393      0.0007
   2013.62534247      0.0012
   2013.62537100      0.0011
   2013.62539954      0.0010
   2013.62542808      0.0010
   2013.62545662      0.0186
   2013.62548516      0.0401
   2013.62551370      0.0540
   2013.62554224      0.0710
   2013.62557078      0.0972
   2013.62559932      0.1324
   2013.62562785      0.1759
   2013.62565639      0.2274
   2013.62568493      0.2981
   2013.62571347      0.3884
   2013.62574201      0.4920
   2013.62577055      0.6151
   2013.62579909      0.7710
   2013.62582763      0.9364
   2013.62585616      1.1057
   2013.62588470      1.2605
   2013.62591324      1.4321
   2013.62594178      1.5167
   2013.62597032      1.5520
   2013.62599886      1.5721
   2013.62602740      1.6505
   2013.62605594      1.6546
   2013.62608447      1.6414
   2013.62611301      1.6193
   2013.62614155      1.7081
   2013.62617009      1.7011
   2013.62619863      1.6999
   2013.62622717      1.6787
   2013.62625571      1.7659
   2013.62628425      1.7842
   2013.62631279      1.8067
   2013.62634132      1.8132
   2013.62636986      1.9570
   2013.62639840      2.0248
   2013.62642694      2.1107
   2013.62645548      2.1823
   2013.62648402      2.3988
   2013.62651256      2.5517
   2013.62654110      2.7085
   2013.62656963      2.8288
   2013.62659817      3.0498
   2013.62662671      3.1897
   2013.62665525      3.2958
   2013.62668379      3.3988
   2013.62671233      3.5910
   2013.62674087      3.6503
   2013.62676941      3.7119
   2013.62679795      3.7307
   2013.62682648      3.8557
   2013.62685502      3.8601
   2013.62688356      3.9056
   2013.62691210      3.8789
   2013.62694064      3.9509
   2013.62696918      3.9089
   2013.62699772      3.9067
   2013.62702626      3.8477
   2013.62705479      3.9006
   2013.62708333      3.8068
   2013.62711187      3.7658
   2013.62714041      3.6881
   2013.62716895      3.7119
   2013.62719749      3.6285
   2013.62722603      3.5343
   2013.62725457      3.5873
   2013.62728311      3.1782
   2013.62731164      3.3363
   2013.62734018      3.4296
   2013.62736872      3.0877
   2013.62739726      3.0160
   2013.62742580      3.0056
   2013.62745434      2.8841
   2013.62748288      2.7640
   2013.62751142      2.7147
   2013.62753995      2.6274
   2013.62756849      2.5058
   2013.62759703      2.3948
   2013.62762557      2.3712
   2013.62765411      2.2474
   2013.62768265      2.1541
   2013.62771119      2.0634
   2013.62773973      2.0197
   2013.62776826      1.9065
   2013.62779680      1.8308
   2013.62782534      1.7462
   2013.62785388      1.7016
   2013.62788242      1.6069
   2013.62791096      1.5435
   2013.62793950      1.5159
   2013.62796804      1.3222
   2013.62799658      1.3603
   2013.62802511      1.3448
   2013.62805365      1.2707
   2013.62808219      1.2414
   2013.62811073      1.1752
   2013.62813927      1.1452
   2013.62816781      1.1196
   2013.62819635      0.9637
   2013.62822489      0.9536
   2013.62825342      0.9280
   2013.62828196      0.8976
   2013.62831050      0.8753
   2013.62833904      0.8553
   2013.62836758      0.8328
   2013.62839612      0.8006
   2013.62842466      0.7598
   2013.62845320      0.7172
   2013.62848174      0.6802
   2013.62851027      0.6524
   2013.62853881      0.6335
   2013.62856735      0.6202
   2013.62859589      0.6095
   2013.62862443      0.5988
   2013.62865297      0.5861
   2013.62868151      0.5703
   2013.62871005      0.5513
   2013.62873858      0.5301
   2013.62876712      0.5080
   2013.62879566      0.4868
   2013.62882420      0.4678
   2013.62885274      0.4520
   2013.62888128      0.4394
   2013.62890982      0.4299
   2013.62893836      0.4229
   2013.62896689      0.4177
   2013.62899543      0.4136
   2013.62902397      0.4097
   2013.62905251      0.4050
   2013.62908105      0.3989
   2013.62910959      0.3910
   2013.62913813      0.3814
   2013.62916667      0.3705
   2013.62919521      0.3587
   2013.62922374      0.3465
   2013.62925228      0.3343
   2013.62928082      0.3224
   2013.62930936      0.3106
   2013.62933790      0.2991
   2013.62936644      0.2877
   2013.62939498      0.2763
   2013.62942352      0.2650
   2013.62945205      0.2536
   2013.62948059      0.2422
   2013.62950913      0.2308
   2013.62953767      0.2195
   2013.62956621      0.2082
   2013.62959475      0.1972
   2013.62962329      0.1866
   2013.62965183      0.1764
   2013.62968037      0.1666
   2013.62970890      0.1573
   2013.62973744      0.1485
   2013.62976598      0.1401
   2013.62979452      0.1321
   2013.62982306      0.1245
   2013.62985160      0.1174
   2013.62988014      0.1107
   2013.62990868      0.1043
   2013.62993721      0.0984
   2013.62996575      0.0928
   2013.62999429      0.0875
   2013.63002283      0.0825
