   2013.62465753      0.0000
   2013.62468607      0.0000
   2013.62471461      0.0000
   2013.62474315      0.0000
   2013.62477169      0.0000
   2013.62480023      0.0000
   2013.62482877      0.0000
   2013.62485731      0.0000
   2013.62488584      0.0000
   2013.62491438      0.0000
   2013.62494292      0.0000
   2013.62497146      0.0000
   2013.62500000      0.0000
   2013.62502854      0.0000
   2013.62505708      0.0000
   2013.62508562      0.0000
   2013.62511416      0.0000
   2013.62514269      0.0000
   2013.62517123      0.0000
   2013.62519977      0.0000
   2013.62522831      0.0000
   2013.62525685      0.0000
   2013.62528539      0.0000
   2013.62531393      0.0000
   2013.62534247      0.0000
   2013.62537100      0.0000
   2013.62539954      0.0000
   2013.62542808      0.0000
   2013.62545662      0.0000
   2013.62548516      0.0000
   2013.62551370      0.0000
   2013.62554224      0.0000
   2013.62557078      0.0000
   2013.62559932      0.0000
   2013.62562785      0.0000
   2013.62565639      0.0000
   2013.62568493      0.0000
   2013.62571347      0.0000
   2013.62574201      0.0000
   2013.62577055      0.0000
   2013.62579909      0.0000
   2013.62582763      0.0000
   2013.62585616      0.0000
   2013.62588470      0.0000
   2013.62591324      0.0000
   2013.62594178      0.0000
   2013.62597032      0.0000
   2013.62599886      0.0000
   2013.62602740      0.0000
   2013.62605594      0.2045
   2013.62608447      0.4744
   2013.62611301      1.5417
   2013.62614155      3.4437
   2013.62617009      6.2181
   2013.62619863     11.5911
   2013.62622717     17.4024
   2013.62625571     19.1888
   2013.62628425     18.6260
   2013.62631279     17.4770
   2013.62634132     16.4085
   2013.62636986     15.7276
   2013.62639840     15.2871
   2013.62642694     15.1331
   2013.62645548     15.0828
   2013.62648402     15.5398
   2013.62651256     15.2582
   2013.62654110     15.4638
   2013.62656963     15.5822
   2013.62659817     15.8162
   2013.62662671     15.8931
   2013.62665525     16.0888
   2013.62668379     16.1771
   2013.62671233     15.8575
   2013.62674087     15.3872
   2013.62676941     14.5641
   2013.62679795     13.7247
   2013.62682648     12.2670
   2013.62685502     12.0778
   2013.62688356     11.1671
   2013.62691210     10.2007
   2013.62694064      9.0446
   2013.62696918      8.7192
   2013.62699772      8.1010
   2013.62702626      7.3860
   2013.62705479      6.6412
   2013.62708333      6.8962
   2013.62711187      6.3640
   2013.62714041      6.3318
   2013.62716895      5.7612
   2013.62719749      5.9881
   2013.62722603      5.6825
   2013.62725457      5.6519
   2013.62728311      5.5468
   2013.62731164      5.2931
   2013.62734018      5.1688
   2013.62736872      5.0738
   2013.62739726      4.7768
   2013.62742580      4.7638
   2013.62745434      4.6888
   2013.62748288      4.5075
   2013.62751142      4.1711
   2013.62753995      4.2122
   2013.62756849      4.1121
   2013.62759703      3.9054
   2013.62762557      3.6416
   2013.62765411      3.6856
   2013.62768265      3.5562
   2013.62771119      3.5785
   2013.62773973      3.1664
   2013.62776826      3.2266
   2013.62779680      3.1199
   2013.62782534      2.9768
   2013.62785388      2.7990
   2013.62788242      2.8530
   2013.62791096      2.7138
   2013.62793950      2.6048
   2013.62796804      2.5678
   2013.62799658      2.4781
   2013.62802511      2.3881
   2013.62805365      2.2924
   2013.62808219      2.3075
   2013.62811073      2.2838
   2013.62813927      2.2079
   2013.62816781      2.0977
   2013.62819635      2.0199
   2013.62822489      1.9317
   2013.62825342      1.9109
   2013.62828196      1.9344
   2013.62831050      1.9642
   2013.62833904      1.9341
   2013.62836758      1.8443
   2013.62839612      1.7436
   2013.62842466      1.6645
   2013.62845320      1.6362
   2013.62848174      1.6549
   2013.62851027      1.6661
   2013.62853881      1.6950
   2013.62856735      1.6879
   2013.62859589      1.6656
   2013.62862443      1.5970
   2013.62865297      1.5275
   2013.62868151      1.4448
   2013.62871005      1.4195
   2013.62873858      1.4146
   2013.62876712      1.4251
   2013.62879566      1.4301
   2013.62882420      1.4282
   2013.62885274      1.4081
   2013.62888128      1.3677
   2013.62890982      1.3114
   2013.62893836      1.2473
   2013.62896689      1.1837
   2013.62899543      1.1260
   2013.62902397      1.0753
   2013.62905251      1.0213
   2013.62908105      0.9854
   2013.62910959      0.9415
   2013.62913813      0.8940
   2013.62916667      0.8458
   2013.62919521      0.7938
   2013.62922374      0.7400
   2013.62925228      0.6872
   2013.62928082      0.6374
   2013.62930936      0.5909
   2013.62933790      0.5474
   2013.62936644      0.5075
   2013.62939498      0.4709
   2013.62942352      0.4375
   2013.62945205      0.4067
   2013.62948059      0.3784
   2013.62950913      0.3523
   2013.62953767      0.3282
   2013.62956621      0.3059
   2013.62959475      0.2852
   2013.62962329      0.2662
   2013.62965183      0.2485
   2013.62968037      0.2320
   2013.62970890      0.2165
   2013.62973744      0.2021
   2013.62976598      0.1887
   2013.62979452      0.1763
   2013.62982306      0.1648
   2013.62985160      0.1541
   2013.62988014      0.1442
   2013.62990868      0.1350
   2013.62993721      0.1264
   2013.62996575      0.1184
   2013.62999429      0.1109
   2013.63002283      0.1039
