   2013.62465753      0.0000
   2013.62468607      0.0000
   2013.62471461      0.0000
   2013.62474315      0.0000
   2013.62477169      0.0000
   2013.62480023      0.0000
   2013.62482877      0.0000
   2013.62485731      0.0000
   2013.62488584      0.0000
   2013.62491438      0.0000
   2013.62494292      0.0000
   2013.62497146      0.0000
   2013.62500000      0.0000
   2013.62502854      0.0000
   2013.62505708      0.0000
   2013.62508562      0.0000
   2013.62511416      0.0000
   2013.62514269      0.0000
   2013.62517123      0.0000
   2013.62519977      0.0000
   2013.62522831      0.0000
   2013.62525685      0.0000
   2013.62528539      0.0000
   2013.62531393      0.0000
   2013.62534247      0.0000
   2013.62537100      0.0000
   2013.62539954      0.0000
   2013.62542808      0.0000
   2013.62545662      0.0000
   2013.62548516      0.0000
   2013.62551370      0.0000
   2013.62554224      0.0000
   2013.62557078      0.0000
   2013.62559932      0.0000
   2013.62562785      0.0000
   2013.62565639      0.0000
   2013.62568493      0.0000
   2013.62571347      0.0000
   2013.62574201      0.0000
   2013.62577055      0.0000
   2013.62579909      0.0000
   2013.62582763      0.0000
   2013.62585616      0.0000
   2013.62588470      0.0000
   2013.62591324      0.0000
   2013.62594178      0.0000
   2013.62597032      0.0000
   2013.62599886      0.0000
   2013.62602740      0.0000
   2013.62605594      0.0000
   2013.62608447      0.0000
   2013.62611301      0.0000
   2013.62614155      0.0000
   2013.62617009      0.0000
   2013.62619863      0.0000
   2013.62622717      0.0000
   2013.62625571      0.0000
   2013.62628425      0.0000
   2013.62631279      0.0000
   2013.62634132      0.0000
   2013.62636986      0.0000
   2013.62639840      0.0000
   2013.62642694      0.0000
   2013.62645548      0.0000
   2013.62648402      0.0000
   2013.62651256      0.0000
   2013.62654110      0.0000
   2013.62656963      0.0002
   2013.62659817      0.0004
   2013.62662671      0.0007
   2013.62665525      0.0009
   2013.62668379      0.0012
   2013.62671233      0.0014
   2013.62674087      0.0016
   2013.62676941      0.0017
   2013.62679795      0.0019
   2013.62682648      0.0022
   2013.62685502      0.0246
   2013.62688356      0.0538
   2013.62691210      0.0808
   2013.62694064      0.1259
   2013.62696918      0.1941
   2013.62699772      0.2899
   2013.62702626      0.4170
   2013.62705479      0.6085
   2013.62708333      0.8595
   2013.62711187      1.1821
   2013.62714041      1.5961
   2013.62716895      2.1163
   2013.62719749      2.6532
   2013.62722603      2.9175
   2013.62725457      3.2415
   2013.62728311      3.3145
   2013.62731164      3.1150
   2013.62734018      3.0355
   2013.62736872      2.8436
   2013.62739726      2.6861
   2013.62742580      2.5145
   2013.62745434      2.3445
   2013.62748288      2.2330
   2013.62751142      2.0457
   2013.62753995      1.8747
   2013.62756849      1.6519
   2013.62759703      1.5107
   2013.62762557      1.3744
   2013.62765411      1.2393
   2013.62768265      1.1340
   2013.62771119      1.0327
   2013.62773973      0.9416
   2013.62776826      0.8587
   2013.62779680      0.7806
   2013.62782534      0.7083
   2013.62785388      0.6434
   2013.62788242      0.5858
   2013.62791096      0.5339
   2013.62793950      0.4875
   2013.62796804      0.4459
   2013.62799658      0.4086
   2013.62802511      0.3749
   2013.62805365      0.3445
   2013.62808219      0.3169
   2013.62811073      0.2919
   2013.62813927      0.2692
   2013.62816781      0.2484
   2013.62819635      0.2294
   2013.62822489      0.2118
   2013.62825342      0.1957
   2013.62828196      0.1810
   2013.62831050      0.1676
   2013.62833904      0.1553
   2013.62836758      0.1440
   2013.62839612      0.1336
   2013.62842466      0.1240
   2013.62845320      0.1152
   2013.62848174      0.1070
