   2013.62465753      0.0000
   2013.62468607      0.0000
   2013.62471461      0.0000
   2013.62474315      0.0000
   2013.62477169      0.0000
   2013.62480023      0.0000
   2013.62482877      0.0000
   2013.62485731      0.0000
   2013.62488584      0.0000
   2013.62491438      0.0000
   2013.62494292      0.0000
   2013.62497146      0.0000
   2013.62500000      0.0000
   2013.62502854      0.0000
   2013.62505708      0.0000
   2013.62508562      0.0000
   2013.62511416      0.0000
   2013.62514269      0.0000
   2013.62517123      0.0000
   2013.62519977      0.0000
   2013.62522831      0.0000
   2013.62525685      0.0000
   2013.62528539      0.0000
   2013.62531393      0.0000
   2013.62534247      0.0000
   2013.62537100      0.0000
   2013.62539954      0.0000
   2013.62542808      0.0000
   2013.62545662      0.0000
   2013.62548516      0.0000
   2013.62551370      0.0000
   2013.62554224      0.0000
   2013.62557078      0.0000
   2013.62559932      0.0000
   2013.62562785      0.0000
   2013.62565639      0.0000
   2013.62568493      0.0000
   2013.62571347      0.0000
   2013.62574201      0.0000
   2013.62577055      0.0000
   2013.62579909      0.0000
   2013.62582763      0.0000
   2013.62585616      0.0000
   2013.62588470      0.0000
   2013.62591324      0.0000
   2013.62594178      0.0000
   2013.62597032      0.0000
   2013.62599886      0.0000
   2013.62602740      0.0000
   2013.62605594      0.0000
   2013.62608447      0.0000
   2013.62611301      0.0000
   2013.62614155      0.0000
   2013.62617009      0.0000
   2013.62619863      0.0000
   2013.62622717      0.0000
   2013.62625571      0.0000
   2013.62628425      0.0000
   2013.62631279      0.0000
   2013.62634132      0.0000
   2013.62636986      0.0000
   2013.62639840      0.0000
   2013.62642694      0.0000
   2013.62645548      0.0000
   2013.62648402      0.0000
   2013.62651256      0.2429
   2013.62654110      0.6237
   2013.62656963      2.1023
   2013.62659817      4.5011
   2013.62662671      8.2133
   2013.62665525     15.6997
   2013.62668379     21.0795
   2013.62671233     21.8573
   2013.62674087     20.3305
   2013.62676941     19.0425
   2013.62679795     17.8845
   2013.62682648     16.9724
   2013.62685502     16.6433
   2013.62688356     16.4681
   2013.62691210     16.2843
   2013.62694064     16.2352
   2013.62696918     16.1141
   2013.62699772     16.1405
   2013.62702626     15.6195
   2013.62705479     15.0422
   2013.62708333     14.2165
   2013.62711187     13.3309
   2013.62714041     12.4913
   2013.62716895     10.9127
   2013.62719749     10.4044
   2013.62722603      9.5424
   2013.62725457      8.3983
   2013.62728311      7.3342
   2013.62731164      6.8927
   2013.62734018      6.2100
   2013.62736872      5.8211
   2013.62739726      4.9964
   2013.62742580      4.6230
   2013.62745434      4.0976
   2013.62748288      3.9822
   2013.62751142      3.5376
   2013.62753995      3.3149
   2013.62756849      3.0864
   2013.62759703      2.8741
   2013.62762557      2.6530
   2013.62765411      2.4680
   2013.62768265      2.3139
   2013.62771119      2.1569
   2013.62773973      2.0382
   2013.62776826      1.9118
   2013.62779680      1.9215
   2013.62782534      1.6590
   2013.62785388      1.5643
   2013.62788242      1.4713
   2013.62791096      1.3793
   2013.62793950      1.2885
   2013.62796804      1.2120
   2013.62799658      1.1623
   2013.62802511      1.0691
   2013.62805365      0.9713
   2013.62808219      0.9406
   2013.62811073      0.8855
   2013.62813927      0.8259
   2013.62816781      0.7700
   2013.62819635      0.7310
   2013.62822489      0.6853
   2013.62825342      0.6400
   2013.62828196      0.5995
   2013.62831050      0.5797
   2013.62833904      0.5485
   2013.62836758      0.5162
   2013.62839612      0.4868
   2013.62842466      0.4817
   2013.62845320      0.4612
   2013.62848174      0.4377
   2013.62851027      0.4166
   2013.62853881      0.4242
   2013.62856735      0.4134
   2013.62859589      0.3988
   2013.62862443      0.3869
   2013.62865297      0.4108
   2013.62868151      0.4125
   2013.62871005      0.4099
   2013.62873858      0.4115
   2013.62876712      0.4590
   2013.62879566      0.4795
   2013.62882420      0.5099
   2013.62885274      0.5377
   2013.62888128      0.6532
   2013.62890982      0.7567
   2013.62893836      0.8929
   2013.62896689      0.9572
   2013.62899543      1.0020
   2013.62902397      1.0493
   2013.62905251      1.2008
   2013.62908105      1.5658
   2013.62910959      2.0289
   2013.62913813      2.4875
   2013.62916667      2.5763
   2013.62919521      2.6548
   2013.62922374      2.7667
   2013.62925228      3.1045
   2013.62928082      3.5441
   2013.62930936      3.8044
   2013.62933790      3.8178
   2013.62936644      3.6834
   2013.62939498      3.5342
   2013.62942352      3.6727
   2013.62945205      3.7450
   2013.62948059      3.6587
   2013.62950913      3.9250
   2013.62953767      3.6931
   2013.62956621      3.2995
   2013.62959475      3.1450
   2013.62962329      2.9615
   2013.62965183      2.8077
   2013.62968037      2.6287
   2013.62970890      2.5187
   2013.62973744      2.3997
   2013.62976598      2.2376
   2013.62979452      2.1701
   2013.62982306      2.0032
   2013.62985160      1.7571
   2013.62988014      1.6541
   2013.62990868      1.5344
   2013.62993721      1.4232
   2013.62996575      1.3205
   2013.62999429      1.2269
   2013.63002283      1.1352
   2013.63005137      1.0598
   2013.63007991      0.9842
   2013.63010845      0.9127
   2013.63013699      0.8444
   2013.63016553      0.7777
   2013.63019406      0.7145
   2013.63022260      0.6566
   2013.63025114      0.6043
   2013.63027968      0.5566
   2013.63030822      0.5133
   2013.63033676      0.4742
   2013.63036530      0.4388
   2013.63039384      0.4065
   2013.63042237      0.3770
   2013.63045091      0.3500
   2013.63047945      0.3251
   2013.63050799      0.3023
   2013.63053653      0.2813
   2013.63056507      0.2621
   2013.63059361      0.2442
   2013.63062215      0.2276
   2013.63065068      0.2121
   2013.63067922      0.1978
   2013.63070776      0.1845
   2013.63073630      0.1723
   2013.63076484      0.1610
   2013.63079338      0.1505
   2013.63082192      0.1407
   2013.63085046      0.1317
   2013.63087900      0.1233
   2013.63090753      0.1154
   2013.63093607      0.1081
   2013.63096461      0.1014
