   2013.62465753      0.0000
   2013.62468607      0.0000
   2013.62471461      0.0000
   2013.62474315      0.0000
   2013.62477169      0.0000
   2013.62480023      0.0000
   2013.62482877      0.0000
   2013.62485731      0.0000
   2013.62488584      0.0000
   2013.62491438      0.0000
   2013.62494292      0.0000
   2013.62497146      0.0000
   2013.62500000      0.0000
   2013.62502854      0.0000
   2013.62505708      0.0000
   2013.62508562      0.0000
   2013.62511416      0.0000
   2013.62514269      0.0000
   2013.62517123      0.0000
   2013.62519977      0.0000
   2013.62522831      0.0000
   2013.62525685      0.0000
   2013.62528539      0.0000
   2013.62531393      0.0000
   2013.62534247      0.0000
   2013.62537100      0.0000
   2013.62539954      0.0000
   2013.62542808      0.0000
   2013.62545662      0.0000
   2013.62548516      0.0003
   2013.62551370      0.0007
   2013.62554224      0.0010
   2013.62557078      0.0013
   2013.62559932      0.0015
   2013.62562785      0.0017
   2013.62565639      0.0011
   2013.62568493      0.0008
   2013.62571347      0.0006
   2013.62574201      0.0012
   2013.62577055      0.0167
   2013.62579909      0.0353
   2013.62582763      0.0477
   2013.62585616      0.0622
   2013.62588470      0.0797
   2013.62591324      0.0995
   2013.62594178      0.1211
   2013.62597032      0.1440
   2013.62599886      0.1681
   2013.62602740      0.1956
   2013.62605594      0.2277
   2013.62608447      0.2679
   2013.62611301      0.3206
   2013.62614155      0.3948
   2013.62617009      0.4913
   2013.62619863      0.5967
   2013.62622717      0.6835
   2013.62625571      0.7443
   2013.62628425      0.7708
   2013.62631279      0.7713
   2013.62634132      0.7566
   2013.62636986      0.7441
   2013.62639840      0.7190
   2013.62642694      0.6892
   2013.62645548      0.6599
   2013.62648402      0.6490
   2013.62651256      0.6264
   2013.62654110      0.6029
   2013.62656963      0.5830
   2013.62659817      0.5905
   2013.62662671      0.5816
   2013.62665525      0.5721
   2013.62668379      0.5677
   2013.62671233      0.5788
   2013.62674087      0.6303
   2013.62676941      0.6413
   2013.62679795      0.6641
   2013.62682648      0.7428
   2013.62685502      0.7967
   2013.62688356      0.8663
   2013.62691210      0.9154
   2013.62694064      1.0643
   2013.62696918      1.2149
   2013.62699772      1.4235
   2013.62702626      1.6683
   2013.62705479      2.0445
   2013.62708333      2.4297
   2013.62711187      2.7310
   2013.62714041      3.0966
   2013.62716895      3.3823
   2013.62719749      3.8107
   2013.62722603      3.9662
   2013.62725457      4.2197
   2013.62728311      4.4387
   2013.62731164      4.5898
   2013.62734018      4.5780
   2013.62736872      4.6929
   2013.62739726      4.5674
   2013.62742580      4.6941
   2013.62745434      4.8214
   2013.62748288      4.7017
   2013.62751142      4.4450
   2013.62753995      4.5530
   2013.62756849      4.5028
   2013.62759703      4.3827
   2013.62762557      4.3034
   2013.62765411      4.1788
   2013.62768265      4.0632
   2013.62771119      3.8577
   2013.62773973      3.5614
   2013.62776826      3.5915
   2013.62779680      3.6810
   2013.62782534      3.5112
   2013.62785388      3.2111
   2013.62788242      3.0880
   2013.62791096      2.9388
   2013.62793950      2.7968
   2013.62796804      2.6998
   2013.62799658      2.5687
   2013.62802511      2.4571
   2013.62805365      2.3405
   2013.62808219      2.2086
   2013.62811073      2.1095
   2013.62813927      1.9860
   2013.62816781      1.8946
   2013.62819635      1.7904
   2013.62822489      1.7311
   2013.62825342      1.6542
   2013.62828196      1.5611
   2013.62831050      1.3847
   2013.62833904      1.4276
   2013.62836758      1.3390
   2013.62839612      1.2821
   2013.62842466      1.2355
   2013.62845320      1.1784
   2013.62848174      1.1013
   2013.62851027      1.0786
   2013.62853881      0.9977
   2013.62856735      0.9476
   2013.62859589      0.8926
   2013.62862443      0.8559
   2013.62865297      0.8175
   2013.62868151      0.7745
   2013.62871005      0.7291
   2013.62873858      0.6858
   2013.62876712      0.6510
   2013.62879566      0.6160
   2013.62882420      0.5826
   2013.62885274      0.5519
   2013.62888128      0.5286
   2013.62890982      0.5024
   2013.62893836      0.4764
   2013.62896689      0.4518
   2013.62899543      0.4367
   2013.62902397      0.4164
   2013.62905251      0.3951
   2013.62908105      0.3746
   2013.62910959      0.3662
   2013.62913813      0.3497
   2013.62916667      0.3315
   2013.62919521      0.3135
   2013.62922374      0.3120
   2013.62925228      0.2994
   2013.62928082      0.2843
   2013.62930936      0.2692
   2013.62933790      0.2761
   2013.62936644      0.2679
   2013.62939498      0.2564
   2013.62942352      0.2452
   2013.62945205      0.2635
   2013.62948059      0.2620
   2013.62950913      0.2561
   2013.62953767      0.2517
   2013.62956621      0.2871
   2013.62959475      0.2985
   2013.62962329      0.3053
   2013.62965183      0.3168
   2013.62968037      0.3805
   2013.62970890      0.4181
   2013.62973744      0.4659
   2013.62976598      0.5149
   2013.62979452      0.6355
   2013.62982306      0.7313
   2013.62985160      0.8532
   2013.62988014      0.9428
   2013.62990868      1.1463
   2013.62993721      1.3742
   2013.62996575      1.6370
   2013.62999429      1.9657
   2013.63002283      2.2614
   2013.63005137      2.7392
   2013.63007991      2.9309
   2013.63010845      3.0824
   2013.63013699      3.1731
   2013.63016553      3.3864
   2013.63019406      3.4263
   2013.63022260      3.4457
   2013.63025114      3.5008
   2013.63027968      3.4483
   2013.63030822      3.1642
   2013.63033676      3.0462
   2013.63036530      2.8955
   2013.63039384      2.6757
   2013.63042237      2.5151
   2013.63045091      2.3492
   2013.63047945      2.1862
   2013.63050799      2.0095
   2013.63053653      1.8541
   2013.63056507      1.7115
   2013.63059361      1.5780
   2013.63062215      1.4517
   2013.63065068      1.3323
   2013.63067922      1.2149
   2013.63070776      1.1192
   2013.63073630      1.0257
   2013.63076484      0.9415
   2013.63079338      0.8635
   2013.63082192      0.7890
   2013.63085046      0.7195
   2013.63087900      0.6566
   2013.63090753      0.6004
   2013.63093607      0.5496
   2013.63096461      0.5039
   2013.63099315      0.4627
   2013.63102169      0.4257
   2013.63105023      0.3920
   2013.63107877      0.3615
   2013.63110731      0.3336
   2013.63113584      0.3083
   2013.63116438      0.2851
   2013.63119292      0.2640
   2013.63122146      0.2446
   2013.63125000      0.2267
   2013.63127854      0.2102
   2013.63130708      0.1950
   2013.63133562      0.1811
   2013.63136416      0.1683
   2013.63139269      0.1566
   2013.63142123      0.1458
   2013.63144977      0.1358
   2013.63147831      0.1267
   2013.63150685      0.1182
   2013.63153539      0.1103
   2013.63156393      0.1031
