   2013.62465753      0.0000
   2013.62468607      0.0000
   2013.62471461      0.0000
   2013.62474315      0.0000
   2013.62477169      0.0000
   2013.62480023      0.0000
   2013.62482877      0.0000
   2013.62485731      0.0000
   2013.62488584      0.0000
   2013.62491438      0.0000
   2013.62494292      0.0000
   2013.62497146      0.0000
   2013.62500000      0.0000
   2013.62502854      0.0000
   2013.62505708      0.0000
   2013.62508562      0.0000
   2013.62511416      0.0000
   2013.62514269      0.0000
   2013.62517123      0.0000
   2013.62519977      0.0000
   2013.62522831      0.0000
   2013.62525685      0.0000
   2013.62528539      0.0000
   2013.62531393      0.0000
   2013.62534247      0.0000
   2013.62537100      0.0000
   2013.62539954      0.0000
   2013.62542808      0.0000
   2013.62545662      0.0000
   2013.62548516      0.0000
   2013.62551370      0.0000
   2013.62554224      0.0000
   2013.62557078      0.0000
   2013.62559932      0.0000
   2013.62562785      0.0000
   2013.62565639      0.0000
   2013.62568493      0.0000
   2013.62571347      0.0000
   2013.62574201      0.0000
   2013.62577055      0.0000
   2013.62579909      0.0000
   2013.62582763      0.0000
   2013.62585616      0.0000
   2013.62588470      0.0000
   2013.62591324      0.0000
   2013.62594178      0.0000
   2013.62597032      0.0000
   2013.62599886      0.0000
   2013.62602740      0.0000
   2013.62605594      0.0000
   2013.62608447      0.0000
   2013.62611301      0.0000
   2013.62614155      0.0000
   2013.62617009      0.2988
   2013.62619863      1.0174
   2013.62622717      4.2557
   2013.62625571      8.4697
   2013.62628425     16.6458
   2013.62631279     23.3218
   2013.62634132     22.4051
   2013.62636986     19.6093
   2013.62639840     16.0185
   2013.62642694     13.4708
   2013.62645548     11.2935
   2013.62648402      9.4992
   2013.62651256      8.4451
   2013.62654110      7.3475
   2013.62656963      7.1553
   2013.62659817      6.1823
   2013.62662671      5.5862
   2013.62665525      5.1428
   2013.62668379      4.3213
   2013.62671233      4.2289
   2013.62674087      3.8173
   2013.62676941      3.3492
   2013.62679795      3.0562
   2013.62682648      2.8264
   2013.62685502      2.5734
   2013.62688356      2.4674
   2013.62691210      2.2381
   2013.62694064      2.0410
   2013.62696918      1.7869
   2013.62699772      1.6280
   2013.62702626      1.4738
   2013.62705479      1.3327
   2013.62708333      1.2241
   2013.62711187      1.1003
   2013.62714041      0.9902
   2013.62716895      0.9098
   2013.62719749      0.8283
   2013.62722603      0.7534
   2013.62725457      0.6854
   2013.62728311      0.6248
   2013.62731164      0.5707
   2013.62734018      0.5225
   2013.62736872      0.4796
   2013.62739726      0.4413
   2013.62742580      0.4069
   2013.62745434      0.3758
   2013.62748288      0.3474
   2013.62751142      0.3216
   2013.62753995      0.2979
   2013.62756849      0.2762
   2013.62759703      0.2563
   2013.62762557      0.2380
   2013.62765411      0.2209
   2013.62768265      0.2052
   2013.62771119      0.1907
   2013.62773973      0.1774
   2013.62776826      0.1651
   2013.62779680      0.1537
   2013.62782534      0.1433
   2013.62785388      0.1336
   2013.62788242      0.1246
   2013.62791096      0.1163
   2013.62793950      0.1086
   2013.62796804      0.1014
