   2013.62465753      0.0000
   2013.62468607      0.0000
   2013.62471461      0.0000
   2013.62474315      0.0000
   2013.62477169      0.0000
   2013.62480023      0.0000
   2013.62482877      0.0000
   2013.62485731      0.0000
   2013.62488584      0.0000
   2013.62491438      0.0000
   2013.62494292      0.0000
   2013.62497146      0.0000
   2013.62500000      0.0000
   2013.62502854      0.0003
   2013.62505708      0.0007
   2013.62508562      0.0011
   2013.62511416      0.0021
   2013.62514269      0.0022
   2013.62517123      0.0024
   2013.62519977      0.0026
   2013.62522831      0.0029
   2013.62525685      0.0219
   2013.62528539      0.0415
   2013.62531393      0.0564
   2013.62534247      0.0843
   2013.62537100      0.1169
   2013.62539954      0.1567
   2013.62542808      0.1972
   2013.62545662      0.2499
   2013.62548516      0.3033
   2013.62551370      0.3600
   2013.62554224      0.4222
   2013.62557078      0.5104
   2013.62559932      0.6362
   2013.62562785      0.7614
   2013.62565639      0.9044
   2013.62568493      1.0805
   2013.62571347      1.1825
   2013.62574201      1.1850
   2013.62577055      1.1667
   2013.62579909      1.1583
   2013.62582763      1.1405
   2013.62585616      1.0951
   2013.62588470      1.0376
   2013.62591324      0.9515
   2013.62594178      0.8961
   2013.62597032      0.8540
   2013.62599886      0.8334
   2013.62602740      0.8204
   2013.62605594      0.8275
   2013.62608447      0.7728
   2013.62611301      0.7378
   2013.62614155      0.7042
   2013.62617009      0.6910
   2013.62619863      0.7253
   2013.62622717      0.7089
   2013.62625571      0.7064
   2013.62628425      0.6969
   2013.62631279      0.7003
   2013.62634132      0.7290
   2013.62636986      0.7792
   2013.62639840      0.8345
   2013.62642694      0.8811
   2013.62645548      0.9206
   2013.62648402      0.9654
   2013.62651256      1.0239
   2013.62654110      1.0903
   2013.62656963      1.1484
   2013.62659817      1.1711
   2013.62662671      1.2113
   2013.62665525      1.2524
   2013.62668379      1.2996
   2013.62671233      1.3399
   2013.62674087      1.3615
   2013.62676941      1.3658
   2013.62679795      1.3794
   2013.62682648      1.3407
   2013.62685502      1.3264
   2013.62688356      1.3104
   2013.62691210      1.2880
   2013.62694064      1.2555
   2013.62696918      1.2136
   2013.62699772      1.1662
   2013.62702626      1.1175
   2013.62705479      1.0699
   2013.62708333      1.0564
   2013.62711187      0.9863
   2013.62714041      0.9139
   2013.62716895      0.8906
   2013.62719749      0.8497
   2013.62722603      0.8056
   2013.62725457      0.7620
   2013.62728311      0.7192
   2013.62731164      0.6785
   2013.62734018      0.6406
   2013.62736872      0.6051
   2013.62739726      0.5713
   2013.62742580      0.5391
   2013.62745434      0.5084
   2013.62748288      0.4791
   2013.62751142      0.4514
   2013.62753995      0.4252
   2013.62756849      0.4003
   2013.62759703      0.3767
   2013.62762557      0.3544
   2013.62765411      0.3332
   2013.62768265      0.3133
   2013.62771119      0.2945
   2013.62773973      0.2768
   2013.62776826      0.2603
   2013.62779680      0.2448
   2013.62782534      0.2301
   2013.62785388      0.2162
   2013.62788242      0.2031
   2013.62791096      0.1908
   2013.62793950      0.1794
   2013.62796804      0.1687
   2013.62799658      0.1586
   2013.62802511      0.1492
   2013.62805365      0.1404
   2013.62808219      0.1322
   2013.62811073      0.1244
   2013.62813927      0.1171
   2013.62816781      0.1103
   2013.62819635      0.1038
