   2013.62465753      0.0000
   2013.62468607      0.0000
   2013.62471461      0.0000
   2013.62474315      0.0000
   2013.62477169      0.0000
   2013.62480023      0.0000
   2013.62482877      0.0000
   2013.62485731      0.0000
   2013.62488584      0.0000
   2013.62491438      0.0000
   2013.62494292      0.0000
   2013.62497146      0.0000
   2013.62500000      0.0000
   2013.62502854      0.0000
   2013.62505708      0.0000
   2013.62508562      0.0000
   2013.62511416      0.0000
   2013.62514269      0.0000
   2013.62517123      0.0000
   2013.62519977      0.0000
   2013.62522831      0.0000
   2013.62525685      0.0000
   2013.62528539      0.0000
   2013.62531393      0.0000
   2013.62534247      0.0000
   2013.62537100      0.0000
   2013.62539954      0.0000
   2013.62542808      0.0000
   2013.62545662      0.0000
   2013.62548516      0.0000
   2013.62551370      0.0000
   2013.62554224      0.0000
   2013.62557078      0.0000
   2013.62559932      0.0000
   2013.62562785      0.0000
   2013.62565639      0.0000
   2013.62568493      0.0000
   2013.62571347      0.0000
   2013.62574201      0.0000
   2013.62577055      0.0000
   2013.62579909      0.0000
   2013.62582763      0.0000
   2013.62585616      0.0000
   2013.62588470      0.0000
   2013.62591324      0.0000
   2013.62594178      0.0000
   2013.62597032      0.0000
   2013.62599886      0.0000
   2013.62602740      0.0000
   2013.62605594      0.0000
   2013.62608447      0.0000
   2013.62611301      0.0000
   2013.62614155      0.0000
   2013.62617009      0.0000
   2013.62619863      0.0000
   2013.62622717      0.0000
   2013.62625571      0.0000
   2013.62628425      0.0902
   2013.62631279      0.1644
   2013.62634132      0.3835
   2013.62636986      0.9722
   2013.62639840      1.9880
   2013.62642694      3.3849
   2013.62645548      5.9562
   2013.62648402      9.5311
   2013.62651256     12.3004
   2013.62654110     13.2682
   2013.62656963     13.2943
   2013.62659817     13.0590
   2013.62662671     12.8214
   2013.62665525     12.7002
   2013.62668379     12.5990
   2013.62671233     12.2654
   2013.62674087     12.9082
   2013.62676941     12.9020
   2013.62679795     12.5706
   2013.62682648     12.0033
   2013.62685502     11.7946
   2013.62688356     11.4091
   2013.62691210     10.7834
   2013.62694064      9.6924
   2013.62696918      9.2880
   2013.62699772      8.3784
   2013.62702626      7.9056
   2013.62705479      6.6301
   2013.62708333      6.3443
   2013.62711187      5.8418
   2013.62714041      5.6874
   2013.62716895      4.6083
   2013.62719749      4.6163
   2013.62722603      4.1923
   2013.62725457      4.0407
   2013.62728311      3.4890
   2013.62731164      3.5660
   2013.62734018      3.6244
   2013.62736872      3.2149
   2013.62739726      3.1277
   2013.62742580      3.0048
   2013.62745434      2.8493
   2013.62748288      2.7149
   2013.62751142      2.6443
   2013.62753995      2.5137
   2013.62756849      2.3988
   2013.62759703      2.2292
   2013.62762557      2.1463
   2013.62765411      2.0810
   2013.62768265      1.9421
   2013.62771119      1.8356
   2013.62773973      1.7071
   2013.62776826      1.7005
   2013.62779680      1.5850
   2013.62782534      1.4842
   2013.62785388      1.4156
   2013.62788242      1.3431
   2013.62791096      1.2689
   2013.62793950      1.1938
   2013.62796804      1.1760
   2013.62799658      1.0804
   2013.62802511      1.0145
   2013.62805365      0.9427
   2013.62808219      0.9084
   2013.62811073      0.8575
   2013.62813927      0.8039
   2013.62816781      0.7533
   2013.62819635      0.7193
   2013.62822489      0.6784
   2013.62825342      0.6377
   2013.62828196      0.6010
   2013.62831050      0.5842
   2013.62833904      0.5554
   2013.62836758      0.5252
   2013.62839612      0.4976
   2013.62842466      0.4927
   2013.62845320      0.4731
   2013.62848174      0.4508
   2013.62851027      0.4308
   2013.62853881      0.4383
   2013.62856735      0.4278
   2013.62859589      0.4137
   2013.62862443      0.4021
   2013.62865297      0.4234
   2013.62868151      0.4239
   2013.62871005      0.4203
   2013.62873858      0.4206
   2013.62876712      0.4614
   2013.62879566      0.4779
   2013.62882420      0.5038
   2013.62885274      0.5262
   2013.62888128      0.6020
   2013.62890982      0.6504
   2013.62893836      0.7035
   2013.62896689      0.7492
   2013.62899543      0.8807
   2013.62902397      0.9869
   2013.62905251      1.1195
   2013.62908105      1.2740
   2013.62910959      1.5529
   2013.62913813      1.8354
   2013.62916667      2.0571
   2013.62919521      2.2949
   2013.62922374      2.6235
   2013.62925228      2.8776
   2013.62928082      3.0139
   2013.62930936      3.1853
   2013.62933790      3.4122
   2013.62936644      3.6294
   2013.62939498      3.7650
   2013.62942352      3.8288
   2013.62945205      3.8598
   2013.62948059      4.1131
   2013.62950913      4.0954
   2013.62953767      4.1986
   2013.62956621      4.3207
   2013.62959475      4.3708
   2013.62962329      4.4083
   2013.62965183      4.3384
   2013.62968037      4.4009
   2013.62970890      4.4112
   2013.62973744      4.3629
   2013.62976598      4.2824
   2013.62979452      4.1272
   2013.62982306      4.1589
   2013.62985160      4.1675
   2013.62988014      4.0700
   2013.62990868      3.9821
   2013.62993721      3.9963
   2013.62996575      3.7983
   2013.62999429      3.6685
   2013.63002283      3.4068
   2013.63005137      3.5423
   2013.63007991      3.4463
   2013.63010845      3.4929
   2013.63013699      3.0886
   2013.63016553      3.1328
   2013.63019406      3.0275
   2013.63022260      2.8843
   2013.63025114      2.7728
   2013.63027968      2.5819
   2013.63030822      2.4513
   2013.63033676      2.3081
   2013.63036530      2.1679
   2013.63039384      2.0309
   2013.63042237      1.9057
   2013.63045091      1.7596
   2013.63047945      1.6400
   2013.63050799      1.5278
   2013.63053653      1.4216
   2013.63056507      1.3201
   2013.63059361      1.2229
   2013.63062215      1.1469
   2013.63065068      1.0544
   2013.63067922      0.9651
   2013.63070776      0.9005
   2013.63073630      0.8311
   2013.63076484      0.7651
   2013.63079338      0.7032
   2013.63082192      0.6465
   2013.63085046      0.5951
   2013.63087900      0.5483
   2013.63090753      0.5059
   2013.63093607      0.4676
   2013.63096461      0.4327
   2013.63099315      0.4008
   2013.63102169      0.3715
   2013.63105023      0.3445
   2013.63107877      0.3197
   2013.63110731      0.2968
   2013.63113584      0.2758
   2013.63116438      0.2565
   2013.63119292      0.2386
   2013.63122146      0.2218
   2013.63125000      0.2064
   2013.63127854      0.1921
   2013.63130708      0.1790
   2013.63133562      0.1669
   2013.63136416      0.1557
   2013.63139269      0.1453
   2013.63142123      0.1357
   2013.63144977      0.1269
   2013.63147831      0.1187
   2013.63150685      0.1110
   2013.63153539      0.1039
