   2013.62465753      0.0000
   2013.62468607      0.0000
   2013.62471461      0.0000
   2013.62474315      0.0000
   2013.62477169      0.0000
   2013.62480023      0.0000
   2013.62482877      0.0000
   2013.62485731      0.0000
   2013.62488584      0.0000
   2013.62491438      0.0000
   2013.62494292      0.0000
   2013.62497146      0.0000
   2013.62500000      0.0000
   2013.62502854      0.0000
   2013.62505708      0.0000
   2013.62508562      0.0000
   2013.62511416      0.0000
   2013.62514269      0.0000
   2013.62517123      0.0000
   2013.62519977      0.0000
   2013.62522831      0.0000
   2013.62525685      0.0000
   2013.62528539      0.0000
   2013.62531393      0.0000
   2013.62534247      0.0000
   2013.62537100      0.0000
   2013.62539954      0.0000
   2013.62542808      0.0000
   2013.62545662      0.0000
   2013.62548516      0.0000
   2013.62551370      0.0000
   2013.62554224      0.0000
   2013.62557078      0.0000
   2013.62559932      0.0000
   2013.62562785      0.0000
   2013.62565639      0.0000
   2013.62568493      0.0000
   2013.62571347      0.0000
   2013.62574201      0.0000
   2013.62577055      0.0000
   2013.62579909      0.0000
   2013.62582763      0.0000
   2013.62585616      0.0000
   2013.62588470      0.0000
   2013.62591324      0.0000
   2013.62594178      0.0000
   2013.62597032      0.0000
   2013.62599886      0.0000
   2013.62602740      0.0000
   2013.62605594      0.0000
   2013.62608447      0.0000
   2013.62611301      0.0000
   2013.62614155      0.0000
   2013.62617009      0.0000
   2013.62619863      0.0000
   2013.62622717      0.0000
   2013.62625571      0.0000
   2013.62628425      0.0000
   2013.62631279      0.0000
   2013.62634132      0.0000
   2013.62636986      0.0000
   2013.62639840      0.0000
   2013.62642694      0.0000
   2013.62645548      0.0000
   2013.62648402      0.0000
   2013.62651256      0.0000
   2013.62654110      0.0000
   2013.62656963      0.0000
   2013.62659817      0.0000
   2013.62662671      0.0000
   2013.62665525      0.0000
   2013.62668379      0.0000
   2013.62671233      0.0000
   2013.62674087      0.0000
   2013.62676941      0.0000
   2013.62679795      0.0000
   2013.62682648      0.0000
   2013.62685502      0.0000
   2013.62688356      0.0000
   2013.62691210      0.0000
   2013.62694064      0.0000
   2013.62696918      0.0064
   2013.62699772      0.0087
   2013.62702626      0.0661
   2013.62705479      0.1438
   2013.62708333      0.3481
   2013.62711187      0.9657
   2013.62714041      2.5816
   2013.62716895      6.0423
   2013.62719749     11.4736
   2013.62722603     14.7140
   2013.62725457     15.2747
   2013.62728311     14.7727
   2013.62731164     13.4756
   2013.62734018     12.1497
   2013.62736872     10.4491
   2013.62739726      9.1140
   2013.62742580      8.0250
   2013.62745434      7.3631
   2013.62748288      5.7242
   2013.62751142      4.8876
   2013.62753995      4.2536
   2013.62756849      3.6377
   2013.62759703      3.1437
   2013.62762557      2.8680
   2013.62765411      2.4737
   2013.62768265      2.1574
   2013.62771119      1.8217
   2013.62773973      1.6050
   2013.62776826      1.4165
   2013.62779680      1.2659
   2013.62782534      1.0806
   2013.62785388      0.9963
   2013.62788242      0.8963
   2013.62791096      0.8028
   2013.62793950      0.7196
   2013.62796804      0.6465
   2013.62799658      0.5825
   2013.62802511      0.5260
   2013.62805365      0.4763
   2013.62808219      0.4326
   2013.62811073      0.3939
   2013.62813927      0.3594
   2013.62816781      0.3287
   2013.62819635      0.3011
   2013.62822489      0.2762
   2013.62825342      0.2538
   2013.62828196      0.2332
   2013.62831050      0.2145
   2013.62833904      0.1975
   2013.62836758      0.1820
   2013.62839612      0.1679
   2013.62842466      0.1550
   2013.62845320      0.1433
   2013.62848174      0.1326
   2013.62851027      0.1227
   2013.62853881      0.1137
   2013.62856735      0.1054
