   2013.62465753      0.0000
   2013.62468607      0.0000
   2013.62471461      0.0000
   2013.62474315      0.0000
   2013.62477169      0.0000
   2013.62480023      0.0000
   2013.62482877      0.0000
   2013.62485731      0.0000
   2013.62488584      0.0000
   2013.62491438      0.0000
   2013.62494292      0.0000
   2013.62497146      0.0000
   2013.62500000      0.0000
   2013.62502854      0.0000
   2013.62505708      0.0000
   2013.62508562      0.0000
   2013.62511416      0.0000
   2013.62514269      0.0000
   2013.62517123      0.0000
   2013.62519977      0.0000
   2013.62522831      0.0000
   2013.62525685      0.0000
   2013.62528539      0.0000
   2013.62531393      0.0000
   2013.62534247      0.0000
   2013.62537100      0.0000
   2013.62539954      0.0000
   2013.62542808      0.0000
   2013.62545662      0.0000
   2013.62548516      0.0000
   2013.62551370      0.0000
   2013.62554224      0.0000
   2013.62557078      0.0000
   2013.62559932      0.0000
   2013.62562785      0.0000
   2013.62565639      0.0000
   2013.62568493      0.0000
   2013.62571347      0.0000
   2013.62574201      0.0000
   2013.62577055      0.0000
   2013.62579909      0.0000
   2013.62582763      0.0000
   2013.62585616      0.0000
   2013.62588470      0.0000
   2013.62591324      0.0000
   2013.62594178      0.0000
   2013.62597032      0.0000
   2013.62599886      0.0000
   2013.62602740      0.0000
   2013.62605594      0.0000
   2013.62608447      0.0000
   2013.62611301      0.0000
   2013.62614155      0.0000
   2013.62617009      0.0000
   2013.62619863      0.0000
   2013.62622717      0.0000
   2013.62625571      0.0000
   2013.62628425      0.0000
   2013.62631279      0.0000
   2013.62634132      0.0000
   2013.62636986      0.0000
   2013.62639840      0.0000
   2013.62642694      0.0000
   2013.62645548      0.0000
   2013.62648402      0.0000
   2013.62651256      0.0000
   2013.62654110      0.0000
   2013.62656963      0.0000
   2013.62659817      0.0000
   2013.62662671      0.0000
   2013.62665525      0.0000
   2013.62668379      0.0000
   2013.62671233      0.0000
   2013.62674087      0.0000
   2013.62676941      0.0000
   2013.62679795      0.0000
   2013.62682648      0.0000
   2013.62685502      0.0000
   2013.62688356      0.0000
   2013.62691210      0.0000
   2013.62694064      0.0000
   2013.62696918      0.0238
   2013.62699772      0.0900
   2013.62702626      0.1702
   2013.62705479      0.3961
   2013.62708333      0.8841
   2013.62711187      1.7146
   2013.62714041      2.9181
   2013.62716895      5.0201
   2013.62719749      7.8530
   2013.62722603     10.2550
   2013.62725457     10.9632
   2013.62728311     10.8242
   2013.62731164     10.2257
   2013.62734018      9.3831
   2013.62736872      8.6150
   2013.62739726      8.0527
   2013.62742580      7.1407
   2013.62745434      6.8275
   2013.62748288      5.4423
   2013.62751142      5.0061
   2013.62753995      4.6726
   2013.62756849      3.8852
   2013.62759703      3.5148
   2013.62762557      3.0870
   2013.62765411      2.7647
   2013.62768265      2.4768
   2013.62771119      2.2250
   2013.62773973      1.9899
   2013.62776826      1.8018
   2013.62779680      1.6385
   2013.62782534      1.4945
   2013.62785388      1.3657
   2013.62788242      1.3039
   2013.62791096      1.1578
   2013.62793950      1.0643
   2013.62796804      0.9745
   2013.62799658      0.9078
   2013.62802511      0.8402
   2013.62805365      0.7778
   2013.62808219      0.7206
   2013.62811073      0.6689
   2013.62813927      0.6232
   2013.62816781      0.5822
   2013.62819635      0.5452
   2013.62822489      0.5117
   2013.62825342      0.4813
   2013.62828196      0.4534
   2013.62831050      0.4277
   2013.62833904      0.4039
   2013.62836758      0.3818
   2013.62839612      0.3613
   2013.62842466      0.3423
   2013.62845320      0.3246
   2013.62848174      0.3083
   2013.62851027      0.2931
   2013.62853881      0.2818
   2013.62856735      0.2692
   2013.62859589      0.2569
   2013.62862443      0.2454
   2013.62865297      0.2402
   2013.62868151      0.2312
   2013.62871005      0.2219
   2013.62873858      0.2132
   2013.62876712      0.2134
   2013.62879566      0.2081
   2013.62882420      0.2022
   2013.62885274      0.1969
   2013.62888128      0.2032
   2013.62890982      0.2024
   2013.62893836      0.2008
   2013.62896689      0.2003
   2013.62899543      0.2149
   2013.62902397      0.2209
   2013.62905251      0.2257
   2013.62908105      0.2321
   2013.62910959      0.2577
   2013.62913813      0.2736
   2013.62916667      0.2885
   2013.62919521      0.3062
   2013.62922374      0.3573
   2013.62925228      0.3802
   2013.62928082      0.4255
   2013.62930936      0.4731
   2013.62933790      0.5365
   2013.62936644      0.6357
   2013.62939498      0.7027
   2013.62942352      0.8060
   2013.62945205      0.9484
   2013.62948059      1.1093
   2013.62950913      1.2989
   2013.62953767      1.4799
   2013.62956621      1.6678
   2013.62959475      1.8056
   2013.62962329      1.8964
   2013.62965183      1.9542
   2013.62968037      2.0373
   2013.62970890      2.0836
   2013.62973744      2.1015
   2013.62976598      2.1010
   2013.62979452      2.1341
   2013.62982306      2.1298
   2013.62985160      2.1107
   2013.62988014      2.0872
   2013.62990868      2.0797
   2013.62993721      2.0466
   2013.62996575      2.0138
   2013.62999429      1.9665
   2013.63002283      1.9327
   2013.63005137      1.8874
   2013.63007991      1.8354
   2013.63010845      1.7825
   2013.63013699      1.6946
   2013.63016553      1.6692
   2013.63019406      1.5820
   2013.63022260      1.5282
   2013.63025114      1.5038
   2013.63027968      1.4101
   2013.63030822      1.3525
   2013.63033676      1.2949
   2013.63036530      1.2385
   2013.63039384      1.1543
   2013.63042237      1.1613
   2013.63045091      1.0698
   2013.63047945      1.0113
   2013.63050799      0.9403
   2013.63053653      0.9081
   2013.63056507      0.8639
   2013.63059361      0.8192
   2013.63062215      0.7760
   2013.63065068      0.7343
   2013.63067922      0.6950
   2013.63070776      0.6588
   2013.63073630      0.6254
   2013.63076484      0.5940
   2013.63079338      0.5644
   2013.63082192      0.5364
   2013.63085046      0.5101
   2013.63087900      0.4854
   2013.63090753      0.4620
   2013.63093607      0.4399
   2013.63096461      0.4190
   2013.63099315      0.3991
   2013.63102169      0.3803
   2013.63105023      0.3626
   2013.63107877      0.3458
   2013.63110731      0.3299
   2013.63113584      0.3150
   2013.63116438      0.3009
   2013.63119292      0.2876
   2013.63122146      0.2751
   2013.63125000      0.2633
   2013.63127854      0.2521
   2013.63130708      0.2414
   2013.63133562      0.2313
   2013.63136416      0.2215
   2013.63139269      0.2123
   2013.63142123      0.2036
   2013.63144977      0.1953
   2013.63147831      0.1875
   2013.63150685      0.1801
   2013.63153539      0.1731
   2013.63156393      0.1664
   2013.63159247      0.1600
   2013.63162100      0.1540
   2013.63164954      0.1482
   2013.63167808      0.1427
   2013.63170662      0.1375
   2013.63173516      0.1325
   2013.63176370      0.1278
   2013.63179224      0.1233
   2013.63182078      0.1190
   2013.63184932      0.1149
   2013.63187785      0.1111
   2013.63190639      0.1073
   2013.63193493      0.1038
   2013.63196347      0.1004
