   2013.62465753      0.0000
   2013.62468607      0.0000
   2013.62471461      0.0000
   2013.62474315      0.0000
   2013.62477169      0.0000
   2013.62480023      0.0000
   2013.62482877      0.0000
   2013.62485731      0.0000
   2013.62488584      0.0000
   2013.62491438      0.0000
   2013.62494292      0.0000
   2013.62497146      0.0000
   2013.62500000      0.0000
   2013.62502854      0.0000
   2013.62505708      0.0000
   2013.62508562      0.0000
   2013.62511416      0.0000
   2013.62514269      0.0000
   2013.62517123      0.0000
   2013.62519977      0.0000
   2013.62522831      0.0000
   2013.62525685      0.0000
   2013.62528539      0.0000
   2013.62531393      0.0000
   2013.62534247      0.0000
   2013.62537100      0.0000
   2013.62539954      0.0000
   2013.62542808      0.0000
   2013.62545662      0.0000
   2013.62548516      0.0000
   2013.62551370      0.0000
   2013.62554224      0.0000
   2013.62557078      0.0000
   2013.62559932      0.0000
   2013.62562785      0.0000
   2013.62565639      0.0000
   2013.62568493      0.0000
   2013.62571347      0.0000
   2013.62574201      0.0000
   2013.62577055      0.0000
   2013.62579909      0.0000
   2013.62582763      0.0000
   2013.62585616      0.0000
   2013.62588470      0.0000
   2013.62591324      0.0000
   2013.62594178      0.0000
   2013.62597032      0.0000
   2013.62599886      0.0000
   2013.62602740      0.0000
   2013.62605594      0.0000
   2013.62608447      0.0000
   2013.62611301      0.0000
   2013.62614155      0.0000
   2013.62617009      0.0000
   2013.62619863      0.0000
   2013.62622717      0.0000
   2013.62625571      0.0000
   2013.62628425      0.0000
   2013.62631279      0.0000
   2013.62634132      0.0000
   2013.62636986      0.0000
   2013.62639840      0.0000
   2013.62642694      0.0000
   2013.62645548      0.0000
   2013.62648402      0.0000
   2013.62651256      0.0000
   2013.62654110      0.0000
   2013.62656963      0.0000
   2013.62659817      0.0000
   2013.62662671      0.0000
   2013.62665525      0.0000
   2013.62668379      0.0000
   2013.62671233      0.0000
   2013.62674087      0.0000
   2013.62676941      0.0000
   2013.62679795      0.0000
   2013.62682648      0.0000
   2013.62685502      0.0000
   2013.62688356      0.0000
   2013.62691210      0.0000
   2013.62694064      0.0000
   2013.62696918      0.0000
   2013.62699772      0.0000
   2013.62702626      0.0000
   2013.62705479      0.0000
   2013.62708333      0.0000
   2013.62711187      0.0000
   2013.62714041      0.0000
   2013.62716895      0.0000
   2013.62719749      0.0075
   2013.62722603      0.0270
   2013.62725457      0.0581
   2013.62728311      0.0936
   2013.62731164      0.1685
   2013.62734018      0.2819
   2013.62736872      0.4296
   2013.62739726      0.5945
   2013.62742580      0.7871
   2013.62745434      1.0560
   2013.62748288      1.4456
   2013.62751142      2.0359
   2013.62753995      2.6768
   2013.62756849      2.9073
   2013.62759703      3.0063
   2013.62762557      2.8544
   2013.62765411      2.6787
   2013.62768265      2.4737
   2013.62771119      2.2649
   2013.62773973      2.0517
   2013.62776826      1.8684
   2013.62779680      1.7049
   2013.62782534      1.5585
   2013.62785388      1.4255
   2013.62788242      1.3053
   2013.62791096      1.2169
   2013.62793950      1.1075
   2013.62796804      1.0022
   2013.62799658      0.9405
   2013.62802511      0.8705
   2013.62805365      0.8046
   2013.62808219      0.7440
   2013.62811073      0.6889
   2013.62813927      0.6398
   2013.62816781      0.5961
   2013.62819635      0.5568
   2013.62822489      0.5214
   2013.62825342      0.4893
   2013.62828196      0.4600
   2013.62831050      0.4332
   2013.62833904      0.4084
   2013.62836758      0.3854
   2013.62839612      0.3642
   2013.62842466      0.3445
   2013.62845320      0.3264
   2013.62848174      0.3095
   2013.62851027      0.2939
   2013.62853881      0.2794
   2013.62856735      0.2659
   2013.62859589      0.2533
   2013.62862443      0.2415
   2013.62865297      0.2303
   2013.62868151      0.2198
   2013.62871005      0.2099
   2013.62873858      0.2006
   2013.62876712      0.1920
   2013.62879566      0.1838
   2013.62882420      0.1761
   2013.62885274      0.1688
   2013.62888128      0.1620
   2013.62890982      0.1555
   2013.62893836      0.1494
   2013.62896689      0.1436
   2013.62899543      0.1381
   2013.62902397      0.1329
   2013.62905251      0.1280
   2013.62908105      0.1233
   2013.62910959      0.1188
   2013.62913813      0.1146
   2013.62916667      0.1106
   2013.62919521      0.1068
   2013.62922374      0.1032
