   2013.62465753      0.0000
   2013.62468607      0.0000
   2013.62471461      0.0000
   2013.62474315      0.0000
   2013.62477169      0.0000
   2013.62480023      0.0000
   2013.62482877      0.0000
   2013.62485731      0.0000
   2013.62488584      0.0000
   2013.62491438      0.0000
   2013.62494292      0.0000
   2013.62497146      0.0000
   2013.62500000      0.0000
   2013.62502854      0.0000
   2013.62505708      0.0000
   2013.62508562      0.0000
   2013.62511416      0.0000
   2013.62514269      0.0000
   2013.62517123      0.0000
   2013.62519977      0.0000
   2013.62522831      0.0000
   2013.62525685      0.0411
   2013.62528539      0.1009
   2013.62531393      0.1947
   2013.62534247      0.4614
   2013.62537100      0.9997
   2013.62539954      1.8531
   2013.62542808      3.1139
   2013.62545662      5.3305
   2013.62548516      8.4023
   2013.62551370     10.5824
   2013.62554224     11.5307
   2013.62557078     11.8250
   2013.62559932     11.8387
   2013.62562785     11.8865
   2013.62565639     11.8709
   2013.62568493     12.2012
   2013.62571347     12.0526
   2013.62574201     12.2188
   2013.62577055     12.3394
   2013.62579909     12.7699
   2013.62582763     12.7110
   2013.62585616     12.9939
   2013.62588470     13.1735
   2013.62591324     13.7213
   2013.62594178     13.9767
   2013.62597032     14.0816
   2013.62599886     14.2907
   2013.62602740     14.7219
   2013.62605594     14.8978
   2013.62608447     15.1584
   2013.62611301     14.6036
   2013.62614155     13.9994
   2013.62617009     13.9320
   2013.62619863     13.3216
   2013.62622717     12.7083
   2013.62625571     11.5933
   2013.62628425     11.6639
   2013.62631279     11.1284
   2013.62634132     10.6445
   2013.62636986     10.0540
   2013.62639840     10.6220
   2013.62642694     10.7319
   2013.62645548     10.8262
   2013.62648402     11.4576
   2013.62651256     12.2378
   2013.62654110     12.8321
   2013.62656963     13.0337
   2013.62659817     13.4640
   2013.62662671     14.3122
   2013.62665525     14.5920
   2013.62668379     14.4158
   2013.62671233     14.4329
   2013.62674087     15.1402
   2013.62676941     15.1650
   2013.62679795     14.8081
   2013.62682648     14.6524
   2013.62685502     14.8327
   2013.62688356     15.0496
   2013.62691210     14.5601
   2013.62694064     14.2991
   2013.62696918     14.3684
   2013.62699772     14.2359
   2013.62702626     13.9127
   2013.62705479     13.3825
   2013.62708333     13.5492
   2013.62711187     13.3344
   2013.62714041     12.8513
   2013.62716895     12.3429
   2013.62719749     12.5353
   2013.62722603     12.2538
   2013.62725457     11.7735
   2013.62728311     11.0770
   2013.62731164     11.4005
   2013.62734018     11.0948
   2013.62736872     10.6896
   2013.62739726      9.9392
   2013.62742580     10.2222
   2013.62745434     10.0375
   2013.62748288      9.4920
   2013.62751142      8.9320
   2013.62753995      9.0076
   2013.62756849      8.6525
   2013.62759703      8.4111
   2013.62762557      7.8485
   2013.62765411      7.9145
   2013.62768265      7.6757
   2013.62771119      7.3222
   2013.62773973      6.7929
   2013.62776826      7.2360
   2013.62779680      6.7344
   2013.62782534      6.4436
   2013.62785388      5.9821
   2013.62788242      6.3498
   2013.62791096      5.9901
   2013.62793950      5.9763
   2013.62796804      5.8385
   2013.62799658      5.7430
   2013.62802511      5.4676
   2013.62805365      5.4501
   2013.62808219      5.3923
   2013.62811073      5.3575
   2013.62813927      5.1523
   2013.62816781      5.1738
   2013.62819635      4.8097
   2013.62822489      5.1784
   2013.62825342      5.0226
   2013.62828196      5.0942
   2013.62831050      4.7876
   2013.62833904      5.2126
   2013.62836758      5.0833
   2013.62839612      5.2531
   2013.62842466      4.9689
   2013.62845320      5.3715
   2013.62848174      5.3868
   2013.62851027      5.5139
   2013.62853881      5.4504
   2013.62856735      5.8288
   2013.62859589      6.0036
   2013.62862443      6.2164
   2013.62865297      6.2167
   2013.62868151      6.7112
   2013.62871005      7.3286
   2013.62873858      7.2584
   2013.62876712      7.5688
   2013.62879566      7.9166
   2013.62882420      8.2873
   2013.62885274      8.5536
   2013.62888128      8.9492
   2013.62890982      9.4992
   2013.62893836      9.8157
   2013.62896689      9.9789
   2013.62899543     10.0423
   2013.62902397     11.0228
   2013.62905251     11.3461
   2013.62908105     11.4186
   2013.62910959     11.9270
   2013.62913813     12.4642
   2013.62916667     12.7857
   2013.62919521     12.7640
   2013.62922374     13.0489
   2013.62925228     13.7679
   2013.62928082     14.0416
   2013.62930936     13.9026
   2013.62933790     14.0011
   2013.62936644     14.8055
   2013.62939498     14.9551
   2013.62942352     14.6975
   2013.62945205     14.6704
   2013.62948059     15.3688
   2013.62950913     15.3715
   2013.62953767     14.9971
   2013.62956621     14.8263
   2013.62959475     15.0054
   2013.62962329     15.2188
   2013.62965183     14.7218
   2013.62968037     14.4464
   2013.62970890     14.5187
   2013.62973744     14.3834
   2013.62976598     14.0540
   2013.62979452     13.5527
   2013.62982306     13.6866
   2013.62985160     13.4707
   2013.62988014     12.9771
   2013.62990868     12.4914
   2013.62993721     12.6556
   2013.62996575     12.3781
   2013.62999429     11.8929
   2013.63002283     11.2003
   2013.63005137     11.5170
   2013.63007991     11.2077
   2013.63010845     10.8072
   2013.63013699     10.0446
   2013.63016553     10.3326
   2013.63019406     10.1609
   2013.63022260      9.5971
   2013.63025114      9.0067
   2013.63027968      8.5548
   2013.63030822      7.9721
   2013.63033676      7.3206
   2013.63036530      6.8014
   2013.63039384      6.5515
   2013.63042237      5.4718
   2013.63045091      4.9668
   2013.63047945      4.8088
   2013.63050799      3.9271
   2013.63053653      3.4835
   2013.63056507      3.1297
   2013.63059361      2.7594
   2013.63062215      2.5436
   2013.63065068      2.2493
   2013.63067922      1.9171
   2013.63070776      1.7179
   2013.63073630      1.5346
   2013.63076484      1.3716
   2013.63079338      1.2276
   2013.63082192      1.1061
   2013.63085046      0.9987
   2013.63087900      0.9056
   2013.63090753      0.8199
   2013.63093607      0.7413
   2013.63096461      0.6710
   2013.63099315      0.6095
   2013.63102169      0.5548
   2013.63105023      0.5061
   2013.63107877      0.4627
   2013.63110731      0.4240
   2013.63113584      0.3893
   2013.63116438      0.3580
   2013.63119292      0.3297
   2013.63122146      0.3041
   2013.63125000      0.2809
   2013.63127854      0.2598
   2013.63130708      0.2405
   2013.63133562      0.2227
   2013.63136416      0.2063
   2013.63139269      0.1914
   2013.63142123      0.1777
   2013.63144977      0.1652
   2013.63147831      0.1537
   2013.63150685      0.1432
   2013.63153539      0.1334
   2013.63156393      0.1245
   2013.63159247      0.1162
   2013.63162100      0.1086
   2013.63164954      0.1015
