   2013.62465753      0.0000
   2013.62468607      0.0000
   2013.62471461      0.0000
   2013.62474315      0.0000
   2013.62477169      0.0000
   2013.62480023      0.0000
   2013.62482877      0.0000
   2013.62485731      0.0000
   2013.62488584      0.0000
   2013.62491438      0.0000
   2013.62494292      0.0000
   2013.62497146      0.0000
   2013.62500000      0.0000
   2013.62502854      0.0000
   2013.62505708      0.0000
   2013.62508562      0.0000
   2013.62511416      0.0000
   2013.62514269      0.0000
   2013.62517123      0.0000
   2013.62519977      0.0000
   2013.62522831      0.0000
   2013.62525685      0.0000
   2013.62528539      0.0000
   2013.62531393      0.0000
   2013.62534247      0.0000
   2013.62537100      0.0000
   2013.62539954      0.0000
   2013.62542808      0.0000
   2013.62545662      0.0000
   2013.62548516      0.0000
   2013.62551370      0.0000
   2013.62554224      0.0000
   2013.62557078      0.0000
   2013.62559932      0.0000
   2013.62562785      0.0000
   2013.62565639      0.0000
   2013.62568493      0.0000
   2013.62571347      0.0030
   2013.62574201      0.0029
   2013.62577055      0.0031
   2013.62579909      0.0061
   2013.62582763      0.0447
   2013.62585616      0.0847
   2013.62588470      0.1509
   2013.62591324      0.2713
   2013.62594178      0.4690
   2013.62597032      0.7729
   2013.62599886      1.2472
   2013.62602740      1.9438
   2013.62605594      2.9663
   2013.62608447      4.3009
   2013.62611301      5.7961
   2013.62614155      6.8650
   2013.62617009      7.5569
   2013.62619863      7.8406
   2013.62622717      7.9861
   2013.62625571      7.9736
   2013.62628425      7.8855
   2013.62631279      7.4972
   2013.62634132      7.1540
   2013.62636986      6.5840
   2013.62639840      6.4444
   2013.62642694      6.0667
   2013.62645548      5.8592
   2013.62648402      4.9057
   2013.62651256      4.9345
   2013.62654110      4.5521
   2013.62656963      4.1676
   2013.62659817      3.7186
   2013.62662671      3.7420
   2013.62665525      3.5908
   2013.62668379      3.4789
   2013.62671233      3.2542
   2013.62674087      3.3987
   2013.62676941      3.2893
   2013.62679795      3.2177
   2013.62682648      3.1250
   2013.62685502      3.4328
   2013.62688356      3.3843
   2013.62691210      3.3677
   2013.62694064      3.3404
   2013.62696918      3.5852
   2013.62699772      3.4996
   2013.62702626      3.4452
   2013.62705479      3.2789
   2013.62708333      3.4732
   2013.62711187      3.4389
   2013.62714041      3.5279
   2013.62716895      3.1425
   2013.62719749      3.2883
   2013.62722603      3.4394
   2013.62725457      3.0966
   2013.62728311      2.9421
   2013.62731164      3.0354
   2013.62734018      2.8903
   2013.62736872      2.7743
   2013.62739726      2.7289
   2013.62742580      2.6268
   2013.62745434      2.5247
   2013.62748288      2.3578
   2013.62751142      2.3002
   2013.62753995      2.2409
   2013.62756849      2.0991
   2013.62759703      1.9927
   2013.62762557      1.9194
   2013.62765411      1.8224
   2013.62768265      1.7397
   2013.62771119      1.6504
   2013.62773973      1.5047
   2013.62776826      1.5202
   2013.62779680      1.4166
   2013.62782534      1.3376
   2013.62785388      1.2723
   2013.62788242      1.1806
   2013.62791096      1.1049
   2013.62793950      1.0652
   2013.62796804      1.0077
   2013.62799658      0.9375
   2013.62802511      0.8872
   2013.62805365      0.8322
   2013.62808219      0.7893
   2013.62811073      0.7412
   2013.62813927      0.6928
   2013.62816781      0.6488
   2013.62819635      0.6191
   2013.62822489      0.5834
   2013.62825342      0.5477
   2013.62828196      0.5149
   2013.62831050      0.4983
   2013.62833904      0.4723
   2013.62836758      0.4450
   2013.62839612      0.4194
   2013.62842466      0.4125
   2013.62845320      0.3938
   2013.62848174      0.3729
   2013.62851027      0.3533
   2013.62853881      0.3566
   2013.62856735      0.3454
   2013.62859589      0.3311
   2013.62862443      0.3181
   2013.62865297      0.3308
   2013.62868151      0.3272
   2013.62871005      0.3202
   2013.62873858      0.3148
   2013.62876712      0.3412
   2013.62879566      0.3485
   2013.62882420      0.3519
   2013.62885274      0.3586
   2013.62888128      0.4059
   2013.62890982      0.4304
   2013.62893836      0.4641
   2013.62896689      0.4964
   2013.62899543      0.5849
   2013.62902397      0.6510
   2013.62905251      0.7049
   2013.62908105      0.7962
   2013.62910959      0.9505
   2013.62913813      1.0960
   2013.62916667      1.2847
   2013.62919521      1.5000
   2013.62922374      1.8258
   2013.62925228      2.1114
   2013.62928082      2.2988
   2013.62930936      2.5014
   2013.62933790      2.6728
   2013.62936644      2.9824
   2013.62939498      3.0625
   2013.62942352      3.1802
   2013.62945205      3.4077
   2013.62948059      3.5018
   2013.62950913      3.5866
   2013.62953767      3.5609
   2013.62956621      3.7019
   2013.62959475      3.7989
   2013.62962329      3.7920
   2013.62965183      3.8066
   2013.62968037      3.8139
   2013.62970890      3.8785
   2013.62973744      3.8269
   2013.62976598      3.7164
   2013.62979452      3.7062
   2013.62982306      3.6879
   2013.62985160      3.6274
   2013.62988014      3.6443
   2013.62990868      3.2800
   2013.62993721      3.4611
   2013.62996575      3.3877
   2013.62999429      3.4416
   2013.63002283      3.0704
   2013.63005137      3.1356
   2013.63007991      3.0460
   2013.63010845      2.9193
   2013.63013699      2.8673
   2013.63016553      2.7635
   2013.63019406      2.6558
   2013.63022260      2.5395
   2013.63025114      2.3882
   2013.63027968      2.2727
   2013.63030822      2.1490
   2013.63033676      2.0248
   2013.63036530      1.9051
   2013.63039384      1.7857
   2013.63042237      1.6669
   2013.63045091      1.5609
   2013.63047945      1.4598
   2013.63050799      1.3631
   2013.63053653      1.2698
   2013.63056507      1.2320
   2013.63059361      1.1072
   2013.63062215      1.0257
   2013.63065068      0.9454
   2013.63067922      0.8819
   2013.63070776      0.8162
   2013.63073630      0.7538
   2013.63076484      0.6949
   2013.63079338      0.6409
   2013.63082192      0.5918
   2013.63085046      0.5468
   2013.63087900      0.5060
   2013.63090753      0.4689
   2013.63093607      0.4349
   2013.63096461      0.4038
   2013.63099315      0.3750
   2013.63102169      0.3483
   2013.63105023      0.3238
   2013.63107877      0.3011
   2013.63110731      0.2801
   2013.63113584      0.2608
   2013.63116438      0.2429
   2013.63119292      0.2262
   2013.63122146      0.2107
   2013.63125000      0.1963
   2013.63127854      0.1830
   2013.63130708      0.1708
   2013.63133562      0.1594
   2013.63136416      0.1489
   2013.63139269      0.1392
   2013.63142123      0.1302
   2013.63144977      0.1218
   2013.63147831      0.1140
   2013.63150685      0.1068
   2013.63153539      0.1001
