   2013.62465753      0.0000
   2013.62468607      0.0000
   2013.62471461      0.0000
   2013.62474315      0.0000
   2013.62477169      0.0000
   2013.62480023      0.0000
   2013.62482877      0.0000
   2013.62485731      0.0000
   2013.62488584      0.0000
   2013.62491438      0.0000
   2013.62494292      0.0000
   2013.62497146      0.0000
   2013.62500000      0.0000
   2013.62502854      0.0000
   2013.62505708      0.0000
   2013.62508562      0.0000
   2013.62511416      0.0000
   2013.62514269      0.0000
   2013.62517123      0.0000
   2013.62519977      0.0000
   2013.62522831      0.0000
   2013.62525685      0.0000
   2013.62528539      0.0000
   2013.62531393      0.0000
   2013.62534247      0.0000
   2013.62537100      0.0000
   2013.62539954      0.0000
   2013.62542808      0.0000
   2013.62545662      0.0000
   2013.62548516      0.0334
   2013.62551370      0.0748
   2013.62554224      0.1226
   2013.62557078      0.2527
   2013.62559932      0.4949
   2013.62562785      0.8190
   2013.62565639      1.2090
   2013.62568493      1.7863
   2013.62571347      2.6860
   2013.62574201      3.9811
   2013.62577055      5.2247
   2013.62579909      5.7692
   2013.62582763      5.7855
   2013.62585616      5.5791
   2013.62588470      5.3319
   2013.62591324      5.2399
   2013.62594178      4.9937
   2013.62597032      4.8748
   2013.62599886      4.6805
   2013.62602740      4.8280
   2013.62605594      4.8017
   2013.62608447      4.9086
   2013.62611301      4.9462
   2013.62614155      5.1483
   2013.62617009      5.4114
   2013.62619863      5.6302
   2013.62622717      5.8394
   2013.62625571      5.9098
   2013.62628425      6.1825
   2013.62631279      6.2297
   2013.62634132      6.1956
   2013.62636986      6.0315
   2013.62639840      6.3612
   2013.62642694      6.3900
   2013.62645548      6.4334
   2013.62648402      6.2209
   2013.62651256      6.5383
   2013.62654110      6.6957
   2013.62656963      6.7937
   2013.62659817      6.8545
   2013.62662671      7.4594
   2013.62665525      7.8421
   2013.62668379      7.9723
   2013.62671233      8.3508
   2013.62674087      8.7444
   2013.62676941      8.9178
   2013.62679795      8.9880
   2013.62682648      9.1721
   2013.62685502      9.2502
   2013.62688356      9.2969
   2013.62691210      9.1353
   2013.62694064      8.5602
   2013.62696918      9.5534
   2013.62699772      9.6495
   2013.62702626      9.1845
   2013.62705479      8.6244
   2013.62708333      8.2004
   2013.62711187      7.7588
   2013.62714041      8.2378
   2013.62716895      8.4016
   2013.62719749      8.4351
   2013.62722603      7.5230
   2013.62725457      6.8413
   2013.62728311      6.5271
   2013.62731164      6.0819
   2013.62734018      6.0695
   2013.62736872      5.9758
   2013.62739726      5.6847
   2013.62742580      5.2697
   2013.62745434      5.3241
   2013.62748288      4.7106
   2013.62751142      4.1656
   2013.62753995      3.9203
   2013.62756849      4.0009
   2013.62759703      3.4654
   2013.62762557      3.3301
   2013.62765411      3.0585
   2013.62768265      2.8232
   2013.62771119      2.5885
   2013.62773973      2.3863
   2013.62776826      2.2148
   2013.62779680      2.1227
   2013.62782534      1.9699
   2013.62785388      1.7526
   2013.62788242      1.6453
   2013.62791096      1.5252
   2013.62793950      1.4085
   2013.62796804      1.2988
   2013.62799658      1.1995
   2013.62802511      1.1083
   2013.62805365      1.0302
   2013.62808219      0.9556
   2013.62811073      0.8895
   2013.62813927      0.8260
   2013.62816781      0.7649
   2013.62819635      0.7074
   2013.62822489      0.6547
   2013.62825342      0.6069
   2013.62828196      0.5630
   2013.62831050      0.5228
   2013.62833904      0.4861
   2013.62836758      0.4526
   2013.62839612      0.4219
   2013.62842466      0.3935
   2013.62845320      0.3672
   2013.62848174      0.3427
   2013.62851027      0.3200
   2013.62853881      0.2989
   2013.62856735      0.2793
   2013.62859589      0.2610
   2013.62862443      0.2440
   2013.62865297      0.2281
   2013.62868151      0.2131
   2013.62871005      0.1991
   2013.62873858      0.1861
   2013.62876712      0.1739
   2013.62879566      0.1627
   2013.62882420      0.1522
   2013.62885274      0.1425
   2013.62888128      0.1334
   2013.62890982      0.1249
   2013.62893836      0.1170
   2013.62896689      0.1096
   2013.62899543      0.1027
