   2013.62465753      0.0000
   2013.62468607      0.0000
   2013.62471461      0.0000
   2013.62474315      0.0000
   2013.62477169      0.0000
   2013.62480023      0.0000
   2013.62482877      0.0000
   2013.62485731      0.0000
   2013.62488584      0.0000
   2013.62491438      0.0000
   2013.62494292      0.0000
   2013.62497146      0.0000
   2013.62500000      0.0000
   2013.62502854      0.0000
   2013.62505708      0.0000
   2013.62508562      0.0000
   2013.62511416      0.0000
   2013.62514269      0.0000
   2013.62517123      0.0000
   2013.62519977      0.0000
   2013.62522831      0.0000
   2013.62525685      0.0000
   2013.62528539      0.0000
   2013.62531393      0.0000
   2013.62534247      0.0000
   2013.62537100      0.0000
   2013.62539954      0.0000
   2013.62542808      0.0000
   2013.62545662      0.0000
   2013.62548516      0.0000
   2013.62551370      0.0000
   2013.62554224      0.0000
   2013.62557078      0.0000
   2013.62559932      0.0000
   2013.62562785      0.0000
   2013.62565639      0.0000
   2013.62568493      0.0000
   2013.62571347      0.0000
   2013.62574201      0.0000
   2013.62577055      0.0000
   2013.62579909      0.0000
   2013.62582763      0.3157
   2013.62585616      0.9268
   2013.62588470      3.0502
   2013.62591324      5.9351
   2013.62594178     11.0799
   2013.62597032     19.7570
   2013.62599886     22.8403
   2013.62602740     21.4806
   2013.62605594     19.4370
   2013.62608447     17.5081
   2013.62611301     16.0284
   2013.62614155     15.0969
   2013.62617009     14.5058
   2013.62619863     14.2762
   2013.62622717     14.1798
   2013.62625571     14.3633
   2013.62628425     14.3844
   2013.62631279     14.7646
   2013.62634132     14.9487
   2013.62636986     15.4136
   2013.62639840     15.4577
   2013.62642694     15.9007
   2013.62645548     16.0741
   2013.62648402     16.4782
   2013.62651256     17.8211
   2013.62654110     18.6886
   2013.62656963     18.4466
   2013.62659817     17.9703
   2013.62662671     18.9572
   2013.62665525     18.5403
   2013.62668379     17.3676
   2013.62671233     15.8162
   2013.62674087     15.1251
   2013.62676941     13.9864
   2013.62679795     12.8335
   2013.62682648     11.7411
   2013.62685502     11.8499
   2013.62688356     11.4555
   2013.62691210     11.1042
   2013.62694064     10.3809
   2013.62696918     10.7409
   2013.62699772     10.5694
   2013.62702626     10.3193
   2013.62705479      9.7773
   2013.62708333     10.1327
   2013.62711187     10.0525
   2013.62714041      9.6742
   2013.62716895      9.1745
   2013.62719749      9.4193
   2013.62722603      9.3535
   2013.62725457      8.8811
   2013.62728311      8.4750
   2013.62731164      8.6239
   2013.62734018      8.4355
   2013.62736872      8.3525
   2013.62739726      7.6903
   2013.62742580      7.7909
   2013.62745434      7.6014
   2013.62748288      7.2867
   2013.62751142      6.7753
   2013.62753995      7.2550
   2013.62756849      6.7672
   2013.62759703      6.4884
   2013.62762557      6.1548
   2013.62765411      6.1618
   2013.62768265      5.9943
   2013.62771119      5.9386
   2013.62773973      5.4485
   2013.62776826      5.4593
   2013.62779680      5.3235
   2013.62782534      5.2172
   2013.62785388      5.1229
   2013.62788242      5.0251
   2013.62791096      4.8836
   2013.62793950      4.6802
   2013.62796804      4.4330
   2013.62799658      4.5483
   2013.62802511      4.4122
   2013.62805365      4.2724
   2013.62808219      4.2620
   2013.62811073      4.2054
   2013.62813927      4.1110
   2013.62816781      4.0136
   2013.62819635      3.9801
   2013.62822489      4.0161
   2013.62825342      3.9662
   2013.62828196      3.9041
   2013.62831050      3.9209
   2013.62833904      3.9914
   2013.62836758      3.9051
   2013.62839612      3.9631
   2013.62842466      3.8421
   2013.62845320      4.1521
   2013.62848174      4.1053
   2013.62851027      4.2233
   2013.62853881      4.1253
   2013.62856735      4.5309
   2013.62859589      4.5127
   2013.62862443      4.7430
   2013.62865297      4.6177
   2013.62868151      5.0667
   2013.62871005      5.1599
   2013.62873858      5.3655
   2013.62876712      5.3644
   2013.62879566      5.8102
   2013.62882420      6.0362
   2013.62885274      6.2826
   2013.62888128      6.3021
   2013.62890982      6.7923
   2013.62893836      7.1022
   2013.62896689      7.3070
   2013.62899543      7.3485
   2013.62902397      7.7613
   2013.62905251      8.1529
   2013.62908105      8.3252
   2013.62910959      8.5532
   2013.62913813      9.0520
   2013.62916667      9.2257
   2013.62919521      9.2940
   2013.62922374      9.1992
   2013.62925228      9.9895
   2013.62928082     10.1202
   2013.62930936     10.1817
   2013.62933790     10.2235
   2013.62936644     11.1448
   2013.62939498     10.8406
   2013.62942352     10.5815
   2013.62945205      9.9444
   2013.62948059     10.7950
   2013.62950913     12.0544
   2013.62953767     12.5963
   2013.62956621     11.7042
   2013.62959475     10.7158
   2013.62962329      9.6608
   2013.62965183      9.0267
   2013.62968037      9.2434
   2013.62970890      9.8454
   2013.62973744     10.0399
   2013.62976598      9.2457
   2013.62979452      8.4669
   2013.62982306      7.6699
   2013.62985160      7.0821
   2013.62988014      6.6382
   2013.62990868      6.6239
   2013.62993721      6.2806
   2013.62996575      6.4317
   2013.62999429      5.8034
   2013.63002283      4.8876
   2013.63005137      4.3521
   2013.63007991      4.2124
   2013.63010845      3.7668
   2013.63013699      3.3217
   2013.63016553      3.0678
   2013.63019406      2.8602
   2013.63022260      2.6065
   2013.63025114      2.4832
   2013.63027968      2.2440
   2013.63030822      2.0328
   2013.63033676      1.7660
   2013.63036530      1.6077
   2013.63039384      1.4545
   2013.63042237      1.3180
   2013.63045091      1.2179
   2013.63047945      1.0979
   2013.63050799      0.9903
   2013.63053653      0.9183
   2013.63056507      0.8419
   2013.63059361      0.7703
   2013.63062215      0.7043
   2013.63065068      0.6446
   2013.63067922      0.5909
   2013.63070776      0.5424
   2013.63073630      0.4989
   2013.63076484      0.4598
   2013.63079338      0.4245
   2013.63082192      0.3924
   2013.63085046      0.3630
   2013.63087900      0.3361
   2013.63090753      0.3114
   2013.63093607      0.2889
   2013.63096461      0.2682
   2013.63099315      0.2491
   2013.63102169      0.2314
   2013.63105023      0.2151
   2013.63107877      0.2000
   2013.63110731      0.1861
   2013.63113584      0.1733
   2013.63116438      0.1615
   2013.63119292      0.1506
   2013.63122146      0.1406
   2013.63125000      0.1313
   2013.63127854      0.1227
   2013.63130708      0.1148
   2013.63133562      0.1074
   2013.63136416      0.1005
