   2013.62465753      0.0000
   2013.62468607      0.0000
   2013.62471461      0.0000
   2013.62474315      0.0000
   2013.62477169      0.0000
   2013.62480023      0.0000
   2013.62482877      0.0000
   2013.62485731      0.0000
   2013.62488584      0.0000
   2013.62491438      0.0000
   2013.62494292      0.0000
   2013.62497146      0.0000
   2013.62500000      0.0000
   2013.62502854      0.0000
   2013.62505708      0.0000
   2013.62508562      0.0000
   2013.62511416      0.0000
   2013.62514269      0.0000
   2013.62517123      0.0000
   2013.62519977      0.0000
   2013.62522831      0.0000
   2013.62525685      0.0000
   2013.62528539      0.0000
   2013.62531393      0.0000
   2013.62534247      0.0000
   2013.62537100      0.0000
   2013.62539954      0.0000
   2013.62542808      0.0000
   2013.62545662      0.0000
   2013.62548516      0.0000
   2013.62551370      0.0000
   2013.62554224      0.0000
   2013.62557078      0.0000
   2013.62559932      0.0000
   2013.62562785      0.0000
   2013.62565639      0.0000
   2013.62568493      0.0000
   2013.62571347      0.0000
   2013.62574201      0.0000
   2013.62577055      0.0000
   2013.62579909      0.0000
   2013.62582763      0.0000
   2013.62585616      0.0000
   2013.62588470      0.0000
   2013.62591324      0.0000
   2013.62594178      0.0000
   2013.62597032      0.0000
   2013.62599886      0.0000
   2013.62602740      0.0000
   2013.62605594      0.0000
   2013.62608447      0.0000
   2013.62611301      0.0000
   2013.62614155      0.0000
   2013.62617009      0.0000
   2013.62619863      0.0000
   2013.62622717      0.0000
   2013.62625571      0.0000
   2013.62628425      0.0000
   2013.62631279      0.0000
   2013.62634132      0.0000
   2013.62636986      0.0000
   2013.62639840      0.0000
   2013.62642694      0.0000
   2013.62645548      0.0000
   2013.62648402      0.0000
   2013.62651256      0.0000
   2013.62654110      0.0000
   2013.62656963      0.0000
   2013.62659817      0.0000
   2013.62662671      0.0000
   2013.62665525      0.0000
   2013.62668379      0.0000
   2013.62671233      0.0000
   2013.62674087      0.0000
   2013.62676941      0.0000
   2013.62679795      0.0000
   2013.62682648      0.0000
   2013.62685502      0.0000
   2013.62688356      0.0000
   2013.62691210      0.0000
   2013.62694064      0.0000
   2013.62696918      0.0000
   2013.62699772      0.0003
   2013.62702626      0.0009
   2013.62705479      0.0015
   2013.62708333      0.0019
   2013.62711187      0.0024
   2013.62714041      0.0028
   2013.62716895      0.0033
   2013.62719749      0.0233
   2013.62722603      0.0624
   2013.62725457      0.1033
   2013.62728311      0.1817
   2013.62731164      0.3083
   2013.62734018      0.4966
   2013.62736872      0.8030
   2013.62739726      1.2419
   2013.62742580      1.8463
   2013.62745434      2.7059
   2013.62748288      3.8206
   2013.62751142      4.9404
   2013.62753995      5.5726
   2013.62756849      6.0549
   2013.62759703      6.3332
   2013.62762557      6.5171
   2013.62765411      6.6390
   2013.62768265      6.7230
   2013.62771119      6.7849
   2013.62773973      6.7380
   2013.62776826      6.5402
   2013.62779680      6.3301
   2013.62782534      6.0505
   2013.62785388      5.8079
   2013.62788242      5.6913
   2013.62791096      5.2692
   2013.62793950      4.6183
   2013.62796804      4.5010
   2013.62799658      3.7673
   2013.62802511      3.3875
   2013.62805365      3.0960
   2013.62808219      2.7623
   2013.62811073      2.5787
   2013.62813927      2.2900
   2013.62816781      1.9554
   2013.62819635      1.7638
   2013.62822489      1.5794
   2013.62825342      1.4133
   2013.62828196      1.2899
   2013.62831050      1.1435
   2013.62833904      1.0173
   2013.62836758      0.9289
   2013.62839612      0.8390
   2013.62842466      0.7567
   2013.62845320      0.6826
   2013.62848174      0.6172
   2013.62851027      0.5590
   2013.62853881      0.5073
   2013.62856735      0.4616
   2013.62859589      0.4210
   2013.62862443      0.3848
   2013.62865297      0.3522
   2013.62868151      0.3229
   2013.62871005      0.2965
   2013.62873858      0.2726
   2013.62876712      0.2508
   2013.62879566      0.2309
   2013.62882420      0.2127
   2013.62885274      0.1960
   2013.62888128      0.1808
   2013.62890982      0.1670
   2013.62893836      0.1544
   2013.62896689      0.1429
   2013.62899543      0.1323
   2013.62902397      0.1226
   2013.62905251      0.1137
   2013.62908105      0.1055
