   2013.62465753      0.0000
   2013.62468607      0.0000
   2013.62471461      0.0000
   2013.62474315      0.0000
   2013.62477169      0.0000
   2013.62480023      0.0000
   2013.62482877      0.0000
   2013.62485731      0.0000
   2013.62488584      0.0000
   2013.62491438      0.0000
   2013.62494292      0.0000
   2013.62497146      0.0000
   2013.62500000      0.0000
   2013.62502854      0.0000
   2013.62505708      0.0000
   2013.62508562      0.0000
   2013.62511416      0.0000
   2013.62514269      0.0000
   2013.62517123      0.0000
   2013.62519977      0.0000
   2013.62522831      0.0000
   2013.62525685      0.0000
   2013.62528539      0.0000
   2013.62531393      0.0000
   2013.62534247      0.0000
   2013.62537100      0.0001
   2013.62539954      0.0007
   2013.62542808      0.0015
   2013.62545662      0.0022
   2013.62548516      0.0028
   2013.62551370      0.0034
   2013.62554224      0.0041
   2013.62557078      0.0350
   2013.62559932      0.0777
   2013.62562785      0.1369
   2013.62565639      0.2525
   2013.62568493      0.4371
   2013.62571347      0.7467
   2013.62574201      1.2229
   2013.62577055      1.9143
   2013.62579909      2.9027
   2013.62582763      4.3794
   2013.62585616      5.8506
   2013.62588470      6.8933
   2013.62591324      7.4431
   2013.62594178      7.7676
   2013.62597032      7.9087
   2013.62599886      8.0229
   2013.62602740      7.7615
   2013.62605594      7.5793
   2013.62608447      7.1696
   2013.62611301      6.7191
   2013.62614155      6.2357
   2013.62617009      6.1605
   2013.62619863      5.1948
   2013.62622717      4.8003
   2013.62625571      4.5285
   2013.62628425      3.8035
   2013.62631279      3.3696
   2013.62634132      3.0309
   2013.62636986      2.8083
   2013.62639840      2.4500
   2013.62642694      2.0765
   2013.62645548      1.8581
   2013.62648402      1.6552
   2013.62651256      1.4740
   2013.62654110      1.3542
   2013.62656963      1.1832
   2013.62659817      1.0413
   2013.62662671      0.9535
   2013.62665525      0.8604
   2013.62668379      0.7745
   2013.62671233      0.6975
   2013.62674087      0.6295
   2013.62676941      0.5695
   2013.62679795      0.5163
   2013.62682648      0.4693
   2013.62685502      0.4278
   2013.62688356      0.3908
   2013.62691210      0.3578
   2013.62694064      0.3281
   2013.62696918      0.3014
   2013.62699772      0.2772
   2013.62702626      0.2553
   2013.62705479      0.2353
   2013.62708333      0.2170
   2013.62711187      0.2002
   2013.62714041      0.1850
   2013.62716895      0.1711
   2013.62719749      0.1584
   2013.62722603      0.1468
   2013.62725457      0.1362
   2013.62728311      0.1265
   2013.62731164      0.1175
   2013.62734018      0.1093
   2013.62736872      0.1017
