   2013.62465753      0.0000
   2013.62468607      0.0000
   2013.62471461      0.0000
   2013.62474315      0.0000
   2013.62477169      0.0000
   2013.62480023      0.0000
   2013.62482877      0.0000
   2013.62485731      0.0000
   2013.62488584      0.0000
   2013.62491438      0.0000
   2013.62494292      0.0000
   2013.62497146      0.0000
   2013.62500000      0.0000
   2013.62502854      0.0000
   2013.62505708      0.0000
   2013.62508562      0.0000
   2013.62511416      0.0000
   2013.62514269      0.0000
   2013.62517123      0.0000
   2013.62519977      0.0000
   2013.62522831      0.0000
   2013.62525685      0.0000
   2013.62528539      0.0000
   2013.62531393      0.0000
   2013.62534247      0.0000
   2013.62537100      0.0000
   2013.62539954      0.0000
   2013.62542808      0.0000
   2013.62545662      0.0000
   2013.62548516      0.0000
   2013.62551370      0.0000
   2013.62554224      0.0000
   2013.62557078      0.0000
   2013.62559932      0.0000
   2013.62562785      0.0000
   2013.62565639      0.0000
   2013.62568493      0.0000
   2013.62571347      0.0000
   2013.62574201      0.0000
   2013.62577055      0.0000
   2013.62579909      0.0000
   2013.62582763      0.0000
   2013.62585616      0.0000
   2013.62588470      0.0000
   2013.62591324      0.0000
   2013.62594178      0.0000
   2013.62597032      0.0000
   2013.62599886      0.0000
   2013.62602740      0.0000
   2013.62605594      0.0000
   2013.62608447      0.0000
   2013.62611301      0.0000
   2013.62614155      0.0000
   2013.62617009      0.0000
   2013.62619863      0.0000
   2013.62622717      0.0000
   2013.62625571      0.0000
   2013.62628425      0.0000
   2013.62631279      0.0000
   2013.62634132      0.0000
   2013.62636986      0.0000
   2013.62639840      0.0000
   2013.62642694      0.0000
   2013.62645548      0.0000
   2013.62648402      0.0000
   2013.62651256      0.0000
   2013.62654110      0.0000
   2013.62656963      0.0000
   2013.62659817      0.0000
   2013.62662671      0.0000
   2013.62665525      0.0000
   2013.62668379      0.0000
   2013.62671233      0.0000
   2013.62674087      0.0000
   2013.62676941      0.0000
   2013.62679795      0.0000
   2013.62682648      0.0000
   2013.62685502      0.0000
   2013.62688356      0.0000
   2013.62691210      0.0000
   2013.62694064      0.0000
   2013.62696918      0.0000
   2013.62699772      0.0000
   2013.62702626      0.0000
   2013.62705479      0.0000
   2013.62708333      0.0000
   2013.62711187      0.0000
   2013.62714041      0.0000
   2013.62716895      0.0000
   2013.62719749      1.7375
   2013.62722603      9.6406
   2013.62725457     22.1206
   2013.62728311     48.6260
   2013.62731164     52.1695
   2013.62734018     44.5388
   2013.62736872     33.0089
   2013.62739726     26.7041
   2013.62742580     21.9575
   2013.62745434     18.8236
   2013.62748288     16.3280
   2013.62751142     14.2100
   2013.62753995     13.0068
   2013.62756849     11.8391
   2013.62759703     10.6355
   2013.62762557      9.3506
   2013.62765411      8.6469
   2013.62768265      7.9624
   2013.62771119      6.9984
   2013.62773973      5.8179
   2013.62776826      5.4480
   2013.62779680      4.7414
   2013.62782534      4.4662
   2013.62785388      3.7970
   2013.62788242      3.3276
   2013.62791096      2.9968
   2013.62793950      2.6729
   2013.62796804      2.3229
   2013.62799658      2.1752
   2013.62802511      1.9502
   2013.62805365      1.7551
   2013.62808219      1.6126
   2013.62811073      1.4783
   2013.62813927      1.3528
   2013.62816781      1.2914
   2013.62819635      1.1651
   2013.62822489      1.0765
   2013.62825342      0.9804
   2013.62828196      0.9194
   2013.62831050      0.8762
   2013.62833904      0.8204
   2013.62836758      0.7626
   2013.62839612      0.7117
   2013.62842466      0.6955
   2013.62845320      0.6628
   2013.62848174      0.6286
   2013.62851027      0.6003
   2013.62853881      0.6096
   2013.62856735      0.5955
   2013.62859589      0.5787
   2013.62862443      0.5674
   2013.62865297      0.6014
   2013.62868151      0.6308
   2013.62871005      0.6292
   2013.62873858      0.6299
   2013.62876712      0.6672
   2013.62879566      0.7496
   2013.62882420      0.8001
   2013.62885274      0.8257
   2013.62888128      0.9470
   2013.62890982      1.0390
   2013.62893836      1.1615
   2013.62896689      1.3043
   2013.62899543      1.5846
   2013.62902397      1.8721
   2013.62905251      2.1163
   2013.62908105      2.3796
   2013.62910959      2.6577
   2013.62913813      3.1160
   2013.62916667      3.3133
   2013.62919521      3.6348
   2013.62922374      3.7486
   2013.62925228      4.2520
   2013.62928082      4.3503
   2013.62930936      4.6532
   2013.62933790      4.5537
   2013.62936644      5.1148
   2013.62939498      5.0903
   2013.62942352      5.3887
   2013.62945205      5.1119
   2013.62948059      5.6665
   2013.62950913      5.5445
   2013.62953767      5.5457
   2013.62956621      5.3905
   2013.62959475      5.9076
   2013.62962329      5.7282
   2013.62965183      5.9039
   2013.62968037      5.4131
   2013.62970890      5.8658
   2013.62973744      5.6454
   2013.62976598      5.7161
   2013.62979452      5.3372
   2013.62982306      5.5908
   2013.62985160      5.3508
   2013.62988014      5.3121
   2013.62990868      4.9603
   2013.62993721      5.0277
   2013.62996575      4.9950
   2013.62999429      4.8048
   2013.63002283      4.4782
   2013.63005137      4.5049
   2013.63007991      4.4026
   2013.63010845      4.2248
   2013.63013699      4.0675
   2013.63016553      3.9101
   2013.63019406      3.7657
   2013.63022260      3.7530
   2013.63025114      3.6181
   2013.63027968      3.2544
   2013.63030822      3.0836
   2013.63033676      2.9031
   2013.63036530      2.6536
   2013.63039384      2.4784
   2013.63042237      2.3047
   2013.63045091      2.1368
   2013.63047945      1.9678
   2013.63050799      1.8151
   2013.63053653      1.6780
   2013.63056507      1.5509
   2013.63059361      1.4312
   2013.63062215      1.3183
   2013.63065068      1.2614
   2013.63067922      1.1150
   2013.63070776      1.0273
   2013.63073630      0.9452
   2013.63076484      0.8705
   2013.63079338      0.7987
   2013.63082192      0.7310
   2013.63085046      0.6691
   2013.63087900      0.6136
   2013.63090753      0.5632
   2013.63093607      0.5176
   2013.63096461      0.4764
   2013.63099315      0.4392
   2013.63102169      0.4053
   2013.63105023      0.3744
   2013.63107877      0.3462
   2013.63110731      0.3204
   2013.63113584      0.2968
   2013.63116438      0.2752
   2013.63119292      0.2554
   2013.63122146      0.2371
   2013.63125000      0.2201
   2013.63127854      0.2044
   2013.63130708      0.1900
   2013.63133562      0.1768
   2013.63136416      0.1646
   2013.63139269      0.1533
   2013.63142123      0.1430
   2013.63144977      0.1334
   2013.63147831      0.1246
   2013.63150685      0.1164
   2013.63153539      0.1088
   2013.63156393      0.1017
