   2013.62465753      0.0000
   2013.62468607      0.0000
   2013.62471461      0.0000
   2013.62474315      0.0000
   2013.62477169      0.0000
   2013.62480023      0.0000
   2013.62482877      0.0000
   2013.62485731      0.0000
   2013.62488584      0.0000
   2013.62491438      0.0000
   2013.62494292      0.0000
   2013.62497146      0.0000
   2013.62500000      0.0000
   2013.62502854      0.0000
   2013.62505708      0.0000
   2013.62508562      0.0000
   2013.62511416      0.0000
   2013.62514269      0.0000
   2013.62517123      0.0000
   2013.62519977      0.0000
   2013.62522831      0.0000
   2013.62525685      0.0000
   2013.62528539      0.0000
   2013.62531393      0.0000
   2013.62534247      0.0000
   2013.62537100      0.0000
   2013.62539954      0.0000
   2013.62542808      0.0000
   2013.62545662      0.0000
   2013.62548516      0.0000
   2013.62551370      0.0000
   2013.62554224      0.0000
   2013.62557078      0.0000
   2013.62559932      0.0000
   2013.62562785      0.0000
   2013.62565639      0.0000
   2013.62568493      0.0000
   2013.62571347      0.0000
   2013.62574201      0.0000
   2013.62577055      0.0000
   2013.62579909      0.0000
   2013.62582763      0.0000
   2013.62585616      0.0000
   2013.62588470      0.0000
   2013.62591324      0.0000
   2013.62594178      0.0000
   2013.62597032      0.0000
   2013.62599886      0.0000
   2013.62602740      0.0000
   2013.62605594      0.0000
   2013.62608447      0.0000
   2013.62611301      0.0000
   2013.62614155      0.0000
   2013.62617009      0.0000
   2013.62619863      0.0000
   2013.62622717      0.0000
   2013.62625571      0.0000
   2013.62628425      0.0000
   2013.62631279      0.0000
   2013.62634132      0.0000
   2013.62636986      0.0000
   2013.62639840      0.0000
   2013.62642694      0.0000
   2013.62645548      0.0000
   2013.62648402      0.0000
   2013.62651256      0.0000
   2013.62654110      0.0000
   2013.62656963      0.0000
   2013.62659817      0.0000
   2013.62662671      0.0000
   2013.62665525      0.0000
   2013.62668379      0.0000
   2013.62671233      0.0000
   2013.62674087      0.0000
   2013.62676941      0.0000
   2013.62679795      0.0000
   2013.62682648      0.0000
   2013.62685502      0.0000
   2013.62688356      0.0000
   2013.62691210      0.0000
   2013.62694064      0.0001
   2013.62696918      0.0002
   2013.62699772      0.0003
   2013.62702626      0.0005
   2013.62705479      0.0006
   2013.62708333      0.0008
   2013.62711187      0.0009
   2013.62714041      0.0010
   2013.62716895      0.0011
   2013.62719749      0.0012
   2013.62722603      0.0013
   2013.62725457      0.0014
   2013.62728311      0.0018
   2013.62731164      0.0233
   2013.62734018      0.0475
   2013.62736872      0.0669
   2013.62739726      0.0946
   2013.62742580      0.1373
   2013.62745434      0.1938
   2013.62748288      0.2661
   2013.62751142      0.3621
   2013.62753995      0.4992
   2013.62756849      0.6672
   2013.62759703      0.8754
   2013.62762557      1.1480
   2013.62765411      1.4974
   2013.62768265      1.8141
   2013.62771119      2.0409
   2013.62773973      2.1594
   2013.62776826      2.2126
   2013.62779680      2.2218
   2013.62782534      2.1919
   2013.62785388      2.1193
   2013.62788242      2.0355
   2013.62791096      1.9391
   2013.62793950      1.8728
   2013.62796804      1.7560
   2013.62799658      1.6470
   2013.62802511      1.5397
   2013.62805365      1.4339
   2013.62808219      1.3297
   2013.62811073      1.2291
   2013.62813927      1.1327
   2013.62816781      1.0455
   2013.62819635      0.9621
   2013.62822489      0.8862
   2013.62825342      0.8130
   2013.62828196      0.7432
   2013.62831050      0.6786
   2013.62833904      0.6204
   2013.62836758      0.5677
   2013.62839612      0.5198
   2013.62842466      0.4767
   2013.62845320      0.4377
   2013.62848174      0.4023
   2013.62851027      0.3702
   2013.62853881      0.3409
   2013.62856735      0.3142
   2013.62859589      0.2898
   2013.62862443      0.2676
   2013.62865297      0.2472
   2013.62868151      0.2283
   2013.62871005      0.2109
   2013.62873858      0.1950
   2013.62876712      0.1804
   2013.62879566      0.1670
   2013.62882420      0.1547
   2013.62885274      0.1434
   2013.62888128      0.1331
   2013.62890982      0.1236
   2013.62893836      0.1147
   2013.62896689      0.1066
