   2013.62465753      0.0000
   2013.62468607      0.0000
   2013.62471461      0.0000
   2013.62474315      0.0000
   2013.62477169      0.0000
   2013.62480023      0.0000
   2013.62482877      0.0000
   2013.62485731      0.0000
   2013.62488584      0.0000
   2013.62491438      0.0000
   2013.62494292      0.0000
   2013.62497146      0.0000
   2013.62500000      0.0000
   2013.62502854      0.0000
   2013.62505708      0.0000
   2013.62508562      0.0000
   2013.62511416      0.0000
   2013.62514269      0.0000
   2013.62517123      0.0000
   2013.62519977      0.0000
   2013.62522831      0.0000
   2013.62525685      0.0000
   2013.62528539      0.0000
   2013.62531393      0.0000
   2013.62534247      0.0000
   2013.62537100      0.0000
   2013.62539954      0.0000
   2013.62542808      0.0000
   2013.62545662      0.0000
   2013.62548516      0.0000
   2013.62551370      0.0000
   2013.62554224      0.0000
   2013.62557078      0.0000
   2013.62559932      0.0000
   2013.62562785      0.0000
   2013.62565639      0.0000
   2013.62568493      0.0000
   2013.62571347      0.0000
   2013.62574201      0.0000
   2013.62577055      0.0000
   2013.62579909      0.0000
   2013.62582763      0.0000
   2013.62585616      0.0000
   2013.62588470      0.0000
   2013.62591324      0.0000
   2013.62594178      0.4922
   2013.62597032      1.9943
   2013.62599886      5.8884
   2013.62602740     11.8756
   2013.62605594     24.5595
   2013.62608447     32.2727
   2013.62611301     30.2049
   2013.62614155     24.1541
   2013.62617009     21.2456
   2013.62619863     18.2514
   2013.62622717     15.8586
   2013.62625571     13.3600
   2013.62628425     12.4510
   2013.62631279     11.3351
   2013.62634132     10.1182
   2013.62636986      8.9155
   2013.62639840      8.6273
   2013.62642694      8.1816
   2013.62645548      7.7453
   2013.62648402      7.1680
   2013.62651256      7.3251
   2013.62654110      7.2740
   2013.62656963      7.2586
   2013.62659817      7.0029
   2013.62662671      7.3298
   2013.62665525      7.4458
   2013.62668379      7.4900
   2013.62671233      7.2990
   2013.62674087      7.6035
   2013.62676941      7.7477
   2013.62679795      7.7256
   2013.62682648      7.4811
   2013.62685502      7.7581
   2013.62688356      7.8534
   2013.62691210      7.7993
   2013.62694064      7.4940
   2013.62696918      7.7462
   2013.62699772      7.7587
   2013.62702626      7.5614
   2013.62705479      7.3552
   2013.62708333      7.5574
   2013.62711187      7.5069
   2013.62714041      7.3072
   2013.62716895      6.9851
   2013.62719749      7.2233
   2013.62722603      7.1390
   2013.62725457      6.9452
   2013.62728311      6.5940
   2013.62731164      6.8259
   2013.62734018      6.7328
   2013.62736872      6.5463
   2013.62739726      6.1879
   2013.62742580      6.6779
   2013.62745434      6.3252
   2013.62748288      6.1503
   2013.62751142      6.2941
   2013.62753995      6.2079
   2013.62756849      5.9117
   2013.62759703      5.9391
   2013.62762557      5.5092
   2013.62765411      5.7582
   2013.62768265      5.4906
   2013.62771119      5.4574
   2013.62773973      5.0988
   2013.62776826      5.3261
   2013.62779680      5.0877
   2013.62782534      5.0380
   2013.62785388      4.7897
   2013.62788242      4.9412
   2013.62791096      4.7390
   2013.62793950      4.7003
   2013.62796804      4.4996
   2013.62799658      4.6521
   2013.62802511      4.4866
   2013.62805365      4.4703
   2013.62808219      4.3087
   2013.62811073      4.4676
   2013.62813927      4.4467
   2013.62816781      4.3315
   2013.62819635      4.2011
   2013.62822489      4.3689
   2013.62825342      4.2586
   2013.62828196      4.2855
   2013.62831050      4.3606
   2013.62833904      4.3698
   2013.62836758      4.2773
   2013.62839612      4.3294
   2013.62842466      4.4296
   2013.62845320      4.4649
   2013.62848174      4.3871
   2013.62851027      4.4777
   2013.62853881      4.3107
   2013.62856735      4.6861
   2013.62859589      4.6219
   2013.62862443      4.7895
   2013.62865297      4.5918
   2013.62868151      5.0576
   2013.62871005      4.9879
   2013.62873858      5.2375
   2013.62876712      5.0065
   2013.62879566      5.5906
   2013.62882420      5.4674
   2013.62885274      5.6181
   2013.62888128      5.5040
   2013.62890982      5.8783
   2013.62893836      5.9958
   2013.62896689      6.1439
   2013.62899543      5.9640
   2013.62902397      6.3826
   2013.62905251      6.5105
   2013.62908105      6.6407
   2013.62910959      6.4944
   2013.62913813      6.8767
   2013.62916667      7.0254
   2013.62919521      7.1325
   2013.62922374      7.0361
   2013.62925228      7.3605
   2013.62928082      7.5632
   2013.62930936      7.6002
   2013.62933790      7.4339
   2013.62936644      7.7854
   2013.62939498      7.8073
   2013.62942352      7.9575
   2013.62945205      7.7217
   2013.62948059      8.0262
   2013.62950913      8.0353
   2013.62953767      8.2285
   2013.62956621      7.8439
   2013.62959475      8.1094
   2013.62962329      8.0878
   2013.62965183      8.2471
   2013.62968037      7.8052
   2013.62970890      8.0452
   2013.62973744      7.9868
   2013.62976598      8.0062
   2013.62979452      7.6285
   2013.62982306      7.8527
   2013.62985160      7.8062
   2013.62988014      7.7014
   2013.62990868      7.3154
   2013.62993721      7.4753
   2013.62996575      7.3854
   2013.62999429      7.1700
   2013.63002283      6.8166
   2013.63005137      7.0464
   2013.63007991      6.9487
   2013.63010845      6.7519
   2013.63013699      6.3867
   2013.63016553      6.9339
   2013.63019406      6.5209
   2013.63022260      6.3373
   2013.63025114      6.1143
   2013.63027968      5.9541
   2013.63030822      5.6442
   2013.63033676      5.2419
   2013.63036530      5.1479
   2013.63039384      4.5262
   2013.63042237      4.6100
   2013.63045091      4.0357
   2013.63047945      3.5183
   2013.63050799      3.1799
   2013.63053653      2.9011
   2013.63056507      2.5979
   2013.63059361      2.4339
   2013.63062215      2.1808
   2013.63065068      1.8841
   2013.63067922      1.7013
   2013.63070776      1.5319
   2013.63073630      1.3779
   2013.63076484      1.2385
   2013.63079338      1.1215
   2013.63082192      1.0156
   2013.63085046      0.9242
   2013.63087900      0.8398
   2013.63090753      0.7612
   2013.63093607      0.6901
   2013.63096461      0.6273
   2013.63099315      0.5715
   2013.63102169      0.5216
   2013.63105023      0.4772
   2013.63107877      0.4374
   2013.63110731      0.4017
   2013.63113584      0.3695
   2013.63116438      0.3404
   2013.63119292      0.3140
   2013.63122146      0.2901
   2013.63125000      0.2683
   2013.63127854      0.2484
   2013.63130708      0.2300
   2013.63133562      0.2132
   2013.63136416      0.1977
   2013.63139269      0.1835
   2013.63142123      0.1706
   2013.63144977      0.1587
   2013.63147831      0.1477
   2013.63150685      0.1377
   2013.63153539      0.1284
   2013.63156393      0.1198
   2013.63159247      0.1119
   2013.63162100      0.1046
