   2013.62465753      0.0000
   2013.62468607      0.0000
   2013.62471461      0.0000
   2013.62474315      0.0000
   2013.62477169      0.0000
   2013.62480023      0.0000
   2013.62482877      0.0000
   2013.62485731      0.0000
   2013.62488584      0.0000
   2013.62491438      0.0000
   2013.62494292      0.0000
   2013.62497146      0.0000
   2013.62500000      0.0000
   2013.62502854      0.0000
   2013.62505708      0.0000
   2013.62508562      0.0000
   2013.62511416      0.0000
   2013.62514269      0.0000
   2013.62517123      0.0000
   2013.62519977      0.0000
   2013.62522831      0.0000
   2013.62525685      0.0000
   2013.62528539      0.0000
   2013.62531393      0.0000
   2013.62534247      0.0000
   2013.62537100      0.0000
   2013.62539954      0.0000
   2013.62542808      0.0000
   2013.62545662      0.0000
   2013.62548516      0.0000
   2013.62551370      0.0000
   2013.62554224      0.0000
   2013.62557078      0.0000
   2013.62559932      0.0000
   2013.62562785      0.0000
   2013.62565639      0.0000
   2013.62568493      0.0000
   2013.62571347      0.0016
   2013.62574201      0.0007
   2013.62577055      0.0005
   2013.62579909      0.0007
   2013.62582763      0.0007
   2013.62585616      0.0006
   2013.62588470      0.0005
   2013.62591324      0.0010
   2013.62594178      0.0071
   2013.62597032      0.0257
   2013.62599886      0.0412
   2013.62602740      0.0560
   2013.62605594      0.0739
   2013.62608447      0.0941
   2013.62611301      0.1214
   2013.62614155      0.1619
   2013.62617009      0.2133
   2013.62619863      0.2717
   2013.62622717      0.3405
   2013.62625571      0.4560
   2013.62628425      0.6027
   2013.62631279      0.7921
   2013.62634132      1.0184
   2013.62636986      1.2952
   2013.62639840      1.5549
   2013.62642694      1.7762
   2013.62645548      1.9422
   2013.62648402      2.1367
   2013.62651256      2.3099
   2013.62654110      2.4290
   2013.62656963      2.5860
   2013.62659817      2.8679
   2013.62662671      3.1222
   2013.62665525      3.3373
   2013.62668379      3.5208
   2013.62671233      3.6103
   2013.62674087      3.9126
   2013.62676941      3.9695
   2013.62679795      4.0327
   2013.62682648      3.9640
   2013.62685502      4.1336
   2013.62688356      4.1916
   2013.62691210      4.1332
   2013.62694064      4.1850
   2013.62696918      4.0944
   2013.62699772      3.8850
   2013.62702626      3.9910
   2013.62705479      3.3858
   2013.62708333      3.4626
   2013.62711187      3.5599
   2013.62714041      3.1514
   2013.62716895      2.9301
   2013.62719749      2.9738
   2013.62722603      2.8120
   2013.62725457      2.6871
   2013.62728311      2.6335
   2013.62731164      2.5315
   2013.62734018      2.4338
   2013.62736872      2.3319
   2013.62739726      2.2370
   2013.62742580      2.1894
   2013.62745434      2.0584
   2013.62748288      1.9745
   2013.62751142      1.9168
   2013.62753995      1.8726
   2013.62756849      1.7628
   2013.62759703      1.6777
   2013.62762557      1.5674
   2013.62765411      1.5694
   2013.62768265      1.4990
   2013.62771119      1.4041
   2013.62773973      1.3471
   2013.62776826      1.2842
   2013.62779680      1.2197
   2013.62782534      1.1401
   2013.62785388      1.1066
   2013.62788242      1.0369
   2013.62791096      0.9504
   2013.62793950      0.9175
   2013.62796804      0.8759
   2013.62799658      0.8265
   2013.62802511      0.7765
   2013.62805365      0.7289
   2013.62808219      0.6934
   2013.62811073      0.6536
   2013.62813927      0.6144
   2013.62816781      0.5780
   2013.62819635      0.5543
   2013.62822489      0.5240
   2013.62825342      0.4934
   2013.62828196      0.4650
   2013.62831050      0.4506
   2013.62833904      0.4278
   2013.62836758      0.4036
   2013.62839612      0.3806
   2013.62842466      0.3744
   2013.62845320      0.3577
   2013.62848174      0.3390
   2013.62851027      0.3212
   2013.62853881      0.3225
   2013.62856735      0.3116
   2013.62859589      0.2982
   2013.62862443      0.2855
   2013.62865297      0.2947
   2013.62868151      0.2898
   2013.62871005      0.2819
   2013.62873858      0.2750
   2013.62876712      0.2935
   2013.62879566      0.2961
   2013.62882420      0.2954
   2013.62885274      0.2964
   2013.62888128      0.3285
   2013.62890982      0.3424
   2013.62893836      0.3528
   2013.62896689      0.3672
   2013.62899543      0.4216
   2013.62902397      0.4557
   2013.62905251      0.5038
   2013.62908105      0.5320
   2013.62910959      0.6361
   2013.62913813      0.7441
   2013.62916667      0.8138
   2013.62919521      0.9191
   2013.62922374      1.0929
   2013.62925228      1.2841
   2013.62928082      1.4925
   2013.62930936      1.6777
   2013.62933790      1.9262
   2013.62936644      2.1230
   2013.62939498      2.2689
   2013.62942352      2.3529
   2013.62945205      2.5403
   2013.62948059      2.6102
   2013.62950913      2.6966
   2013.62953767      2.7601
   2013.62956621      2.7741
   2013.62959475      2.9175
   2013.62962329      2.9481
   2013.62965183      2.9180
   2013.62968037      2.9144
   2013.62970890      3.0339
   2013.62973744      3.0254
   2013.62976598      2.9785
   2013.62979452      2.9003
   2013.62982306      2.9911
   2013.62985160      2.9698
   2013.62988014      2.8928
   2013.62990868      2.7709
   2013.62993721      2.8219
   2013.62996575      2.7757
   2013.62999429      2.6869
   2013.63002283      2.6741
   2013.63005137      2.6008
   2013.63007991      2.5194
   2013.63010845      2.4273
   2013.63013699      2.3330
   2013.63016553      2.3009
   2013.63019406      2.2165
   2013.63022260      2.0861
   2013.63025114      2.0020
   2013.63027968      1.9129
   2013.63030822      1.8194
   2013.63033676      1.7311
   2013.63036530      1.6148
   2013.63039384      1.5238
   2013.63042237      1.4365
   2013.63045091      1.3521
   2013.63047945      1.2689
   2013.63050799      1.1868
   2013.63053653      1.1267
   2013.63056507      1.0420
   2013.63059361      0.9574
   2013.63062215      0.9046
   2013.63065068      0.8427
   2013.63067922      0.7824
   2013.63070776      0.7247
   2013.63073630      0.6706
   2013.63076484      0.6211
   2013.63079338      0.5757
   2013.63082192      0.5339
   2013.63085046      0.4958
   2013.63087900      0.4609
   2013.63090753      0.4287
   2013.63093607      0.3989
   2013.63096461      0.3713
   2013.63099315      0.3456
   2013.63102169      0.3218
   2013.63105023      0.2997
   2013.63107877      0.2793
   2013.63110731      0.2604
   2013.63113584      0.2429
   2013.63116438      0.2265
   2013.63119292      0.2112
   2013.63122146      0.1970
   2013.63125000      0.1839
   2013.63127854      0.1717
   2013.63130708      0.1604
   2013.63133562      0.1500
   2013.63136416      0.1403
   2013.63139269      0.1313
   2013.63142123      0.1229
   2013.63144977      0.1151
   2013.63147831      0.1079
   2013.63150685      0.1011
