   2013.62465753      0.0000
   2013.62468607      0.0000
   2013.62471461      0.0000
   2013.62474315      0.0000
   2013.62477169      0.0000
   2013.62480023      0.0000
   2013.62482877      0.0000
   2013.62485731      0.0000
   2013.62488584      0.0000
   2013.62491438      0.0000
   2013.62494292      0.0000
   2013.62497146      0.0000
   2013.62500000      0.0000
   2013.62502854      0.0000
   2013.62505708      0.0000
   2013.62508562      0.0000
   2013.62511416      0.0000
   2013.62514269      0.0000
   2013.62517123      0.0000
   2013.62519977      0.0000
   2013.62522831      0.0000
   2013.62525685      0.0000
   2013.62528539      0.0000
   2013.62531393      0.0000
   2013.62534247      0.0000
   2013.62537100      0.0000
   2013.62539954      0.0000
   2013.62542808      0.0000
   2013.62545662      0.0000
   2013.62548516      0.0000
   2013.62551370      0.0000
   2013.62554224      0.0000
   2013.62557078      0.0000
   2013.62559932      0.0000
   2013.62562785      0.0000
   2013.62565639      0.0000
   2013.62568493      0.0000
   2013.62571347      0.0000
   2013.62574201      0.0000
   2013.62577055      0.0000
   2013.62579909      0.0000
   2013.62582763      0.0000
   2013.62585616      0.0000
   2013.62588470      0.0000
   2013.62591324      0.0000
   2013.62594178      0.0000
   2013.62597032      0.0000
   2013.62599886      0.0000
   2013.62602740      0.0000
   2013.62605594      0.0000
   2013.62608447      0.0000
   2013.62611301      0.0000
   2013.62614155      0.0000
   2013.62617009      0.0059
   2013.62619863      0.0061
   2013.62622717      0.0402
   2013.62625571      0.0940
   2013.62628425      0.1658
   2013.62631279      0.3263
   2013.62634132      0.6049
   2013.62636986      1.0421
   2013.62639840      1.6714
   2013.62642694      2.6716
   2013.62645548      4.2870
   2013.62648402      6.1969
   2013.62651256      7.4064
   2013.62654110      8.1023
   2013.62656963      8.2961
   2013.62659817      8.3283
   2013.62662671      8.2457
   2013.62665525      8.1826
   2013.62668379      7.8488
   2013.62671233      7.6285
   2013.62674087      7.3145
   2013.62676941      7.2118
   2013.62679795      6.7013
   2013.62682648      6.0278
   2013.62685502      5.7008
   2013.62688356      5.5601
   2013.62691210      4.7499
   2013.62694064      4.4070
   2013.62696918      4.2965
   2013.62699772      3.6685
   2013.62702626      3.2982
   2013.62705479      3.0030
   2013.62708333      2.7561
   2013.62711187      2.4886
   2013.62714041      2.2193
   2013.62716895      1.9074
   2013.62719749      1.7140
   2013.62722603      1.5353
   2013.62725457      1.3743
   2013.62728311      1.2475
   2013.62731164      1.1143
   2013.62734018      0.9973
   2013.62736872      0.9071
   2013.62739726      0.8191
   2013.62742580      0.7389
   2013.62745434      0.6671
   2013.62748288      0.6038
   2013.62751142      0.5474
   2013.62753995      0.4974
   2013.62756849      0.4532
   2013.62759703      0.4139
   2013.62762557      0.3788
   2013.62765411      0.3472
   2013.62768265      0.3188
   2013.62771119      0.2932
   2013.62773973      0.2699
   2013.62776826      0.2488
   2013.62779680      0.2294
   2013.62782534      0.2116
   2013.62785388      0.1954
   2013.62788242      0.1806
   2013.62791096      0.1672
   2013.62793950      0.1548
   2013.62796804      0.1436
   2013.62799658      0.1332
   2013.62802511      0.1238
   2013.62805365      0.1150
   2013.62808219      0.1070
