   2013.62465753      0.0000
   2013.62468607      0.0000
   2013.62471461      0.0000
   2013.62474315      0.0000
   2013.62477169      0.0000
   2013.62480023      0.0000
   2013.62482877      0.0000
   2013.62485731      0.0000
   2013.62488584      0.0000
   2013.62491438      0.0000
   2013.62494292      0.0000
   2013.62497146      0.0000
   2013.62500000      0.0000
   2013.62502854      0.0000
   2013.62505708      0.0000
   2013.62508562      0.0000
   2013.62511416      0.0000
   2013.62514269      0.0000
   2013.62517123      0.0000
   2013.62519977      0.0000
   2013.62522831      0.0000
   2013.62525685      0.0000
   2013.62528539      0.0000
   2013.62531393      0.0000
   2013.62534247      0.0000
   2013.62537100      0.0000
   2013.62539954      0.0000
   2013.62542808      0.0000
   2013.62545662      0.0000
   2013.62548516      0.0000
   2013.62551370      0.0000
   2013.62554224      0.0000
   2013.62557078      0.0000
   2013.62559932      0.0000
   2013.62562785      0.0000
   2013.62565639      0.0000
   2013.62568493      0.0000
   2013.62571347      0.0000
   2013.62574201      0.0000
   2013.62577055      0.0000
   2013.62579909      0.0000
   2013.62582763      0.0000
   2013.62585616      0.0000
   2013.62588470      0.0000
   2013.62591324      0.0000
   2013.62594178      0.0000
   2013.62597032      0.0000
   2013.62599886      0.0000
   2013.62602740      0.0000
   2013.62605594      0.0000
   2013.62608447      0.0000
   2013.62611301      0.0000
   2013.62614155      0.0000
   2013.62617009      1.4908
   2013.62619863      8.1712
   2013.62622717     18.2393
   2013.62625571     41.5980
   2013.62628425     47.6381
   2013.62631279     40.6034
   2013.62634132     30.6704
   2013.62636986     24.0063
   2013.62639840     20.1977
   2013.62642694     17.1962
   2013.62645548     15.0288
   2013.62648402     13.7816
   2013.62651256     12.7381
   2013.62654110     12.1349
   2013.62656963     11.6959
   2013.62659817     11.7378
   2013.62662671     11.3670
   2013.62665525     11.4364
   2013.62668379     11.4351
   2013.62671233     12.0154
   2013.62674087     12.8635
   2013.62676941     13.3504
   2013.62679795     13.4628
   2013.62682648     13.2143
   2013.62685502     14.6102
   2013.62688356     16.2077
   2013.62691210     15.5024
   2013.62694064     14.0503
   2013.62696918     12.5324
   2013.62699772     11.3149
   2013.62702626     10.6319
   2013.62705479     10.8131
   2013.62708333     10.9261
   2013.62711187     10.0144
   2013.62714041      9.1219
   2013.62716895      8.2669
   2013.62719749      7.3396
   2013.62722603      6.6943
   2013.62725457      6.3829
   2013.62728311      6.2253
   2013.62731164      6.0060
   2013.62734018      6.0605
   2013.62736872      5.5156
   2013.62739726      4.6704
   2013.62742580      4.1650
   2013.62745434      4.0869
   2013.62748288      3.6916
   2013.62751142      3.2937
   2013.62753995      3.0618
   2013.62756849      2.8582
   2013.62759703      2.5989
   2013.62762557      2.4629
   2013.62765411      2.2235
   2013.62768265      2.0126
   2013.62771119      1.7582
   2013.62773973      1.5965
   2013.62776826      1.4489
   2013.62779680      1.3176
   2013.62782534      1.2348
   2013.62785388      1.1078
   2013.62788242      0.9956
   2013.62791096      0.9306
   2013.62793950      0.8557
   2013.62796804      0.7838
   2013.62799658      0.7167
   2013.62802511      0.6553
   2013.62805365      0.5999
   2013.62808219      0.5498
   2013.62811073      0.5046
   2013.62813927      0.4640
   2013.62816781      0.4274
   2013.62819635      0.3942
   2013.62822489      0.3638
   2013.62825342      0.3361
   2013.62828196      0.3107
   2013.62831050      0.2874
   2013.62833904      0.2661
   2013.62836758      0.2465
   2013.62839612      0.2283
   2013.62842466      0.2115
   2013.62845320      0.1961
   2013.62848174      0.1819
   2013.62851027      0.1688
   2013.62853881      0.1568
   2013.62856735      0.1457
   2013.62859589      0.1355
   2013.62862443      0.1261
   2013.62865297      0.1173
   2013.62868151      0.1092
   2013.62871005      0.1018
