   2013.62465753      0.0000
   2013.62468607      0.0000
   2013.62471461      0.0000
   2013.62474315      0.0000
   2013.62477169      0.0000
   2013.62480023      0.0000
   2013.62482877      0.0000
   2013.62485731      0.0000
   2013.62488584      0.0000
   2013.62491438      0.0000
   2013.62494292      0.0000
   2013.62497146      0.0000
   2013.62500000      0.0000
   2013.62502854      0.0000
   2013.62505708      0.0000
   2013.62508562      0.0000
   2013.62511416      0.0000
   2013.62514269      0.0000
   2013.62517123      0.0000
   2013.62519977      0.0000
   2013.62522831      0.0000
   2013.62525685      0.0000
   2013.62528539      0.0000
   2013.62531393      0.0000
   2013.62534247      0.0000
   2013.62537100      0.0000
   2013.62539954      0.0000
   2013.62542808      0.0000
   2013.62545662      0.0000
   2013.62548516      0.0005
   2013.62551370      0.0011
   2013.62554224      0.0016
   2013.62557078      0.0009
   2013.62559932      0.0007
   2013.62562785      0.0005
   2013.62565639      0.0004
   2013.62568493      0.0004
   2013.62571347      0.0003
   2013.62574201      0.0003
   2013.62577055      0.0002
   2013.62579909      0.0076
   2013.62582763      0.0223
   2013.62585616      0.0338
   2013.62588470      0.0410
   2013.62591324      0.0490
   2013.62594178      0.0576
   2013.62597032      0.0667
   2013.62599886      0.0766
   2013.62602740      0.0874
   2013.62605594      0.0988
   2013.62608447      0.1115
   2013.62611301      0.1264
   2013.62614155      0.1446
   2013.62617009      0.1654
   2013.62619863      0.1898
   2013.62622717      0.2203
   2013.62625571      0.2609
   2013.62628425      0.3095
   2013.62631279      0.3595
   2013.62634132      0.4016
   2013.62636986      0.4325
   2013.62639840      0.4481
   2013.62642694      0.4521
   2013.62645548      0.4482
   2013.62648402      0.4424
   2013.62651256      0.4307
   2013.62654110      0.4164
   2013.62656963      0.4013
   2013.62659817      0.3906
   2013.62662671      0.3763
   2013.62665525      0.3617
   2013.62668379      0.3477
   2013.62671233      0.3407
   2013.62674087      0.3297
   2013.62676941      0.3184
   2013.62679795      0.3080
   2013.62682648      0.3062
   2013.62685502      0.2994
   2013.62688356      0.2921
   2013.62691210      0.2856
   2013.62694064      0.2897
   2013.62696918      0.2874
   2013.62699772      0.2844
   2013.62702626      0.2823
   2013.62705479      0.2932
   2013.62708333      0.2766
   2013.62711187      0.2681
   2013.62714041      0.2613
   2013.62716895      0.2685
   2013.62719749      0.2651
   2013.62722603      0.2593
   2013.62725457      0.2530
   2013.62728311      0.2621
   2013.62731164      0.2585
   2013.62734018      0.2514
   2013.62736872      0.2437
   2013.62739726      0.2542
   2013.62742580      0.2524
   2013.62745434      0.2484
   2013.62748288      0.2453
   2013.62751142      0.2635
   2013.62753995      0.2683
   2013.62756849      0.2701
   2013.62759703      0.2724
   2013.62762557      0.2977
   2013.62765411      0.3082
   2013.62768265      0.3150
   2013.62771119      0.3222
   2013.62773973      0.3531
   2013.62776826      0.3662
   2013.62779680      0.3733
   2013.62782534      0.3796
   2013.62785388      0.4091
   2013.62788242      0.4186
   2013.62791096      0.4221
   2013.62793950      0.4261
   2013.62796804      0.4539
   2013.62799658      0.4570
   2013.62802511      0.4640
   2013.62805365      0.4705
   2013.62808219      0.5001
   2013.62811073      0.5275
   2013.62813927      0.5284
   2013.62816781      0.5422
   2013.62819635      0.5517
   2013.62822489      0.6033
   2013.62825342      0.6302
   2013.62828196      0.6576
   2013.62831050      0.7028
   2013.62833904      0.7358
   2013.62836758      0.7566
   2013.62839612      0.7754
   2013.62842466      0.8072
   2013.62845320      0.8217
   2013.62848174      0.8261
   2013.62851027      0.8260
   2013.62853881      0.8365
   2013.62856735      0.8321
   2013.62859589      0.8197
   2013.62862443      0.8046
   2013.62865297      0.7994
   2013.62868151      0.7829
   2013.62871005      0.7613
   2013.62873858      0.7392
   2013.62876712      0.7239
   2013.62879566      0.7011
   2013.62882420      0.6756
   2013.62885274      0.6504
   2013.62888128      0.6340
   2013.62890982      0.6096
   2013.62893836      0.5832
   2013.62896689      0.5576
   2013.62899543      0.5399
   2013.62902397      0.5165
   2013.62905251      0.4924
   2013.62908105      0.4694
   2013.62910959      0.4552
   2013.62913813      0.4350
   2013.62916667      0.4135
   2013.62919521      0.3926
   2013.62922374      0.3799
   2013.62925228      0.3620
   2013.62928082      0.3434
   2013.62930936      0.3253
   2013.62933790      0.3166
   2013.62936644      0.3021
   2013.62939498      0.2868
   2013.62942352      0.2717
   2013.62945205      0.2660
   2013.62948059      0.2543
   2013.62950913      0.2415
   2013.62953767      0.2288
   2013.62956621      0.2265
   2013.62959475      0.2171
   2013.62962329      0.2065
   2013.62965183      0.1960
   2013.62968037      0.1970
   2013.62970890      0.1900
   2013.62973744      0.1815
   2013.62976598      0.1732
   2013.62979452      0.1772
   2013.62982306      0.1725
   2013.62985160      0.1661
   2013.62988014      0.1601
   2013.62990868      0.1680
   2013.62993721      0.1660
   2013.62996575      0.1623
   2013.62999429      0.1590
   2013.63002283      0.1717
   2013.63005137      0.1735
   2013.63007991      0.1733
   2013.63010845      0.1739
   2013.63013699      0.1934
   2013.63016553      0.2008
   2013.63019406      0.2058
   2013.63022260      0.2115
   2013.63025114      0.2189
   2013.63027968      0.2274
   2013.63030822      0.2360
   2013.63033676      0.2444
   2013.63036530      0.2531
   2013.63039384      0.2622
   2013.63042237      0.2709
   2013.63045091      0.2786
   2013.63047945      0.2850
   2013.63050799      0.2904
   2013.63053653      0.2958
   2013.63056507      0.3019
   2013.63059361      0.3095
   2013.63062215      0.3186
   2013.63065068      0.3284
   2013.63067922      0.3380
   2013.63070776      0.3460
   2013.63073630      0.3517
   2013.63076484      0.3545
   2013.63079338      0.3542
   2013.63082192      0.3508
   2013.63085046      0.3445
   2013.63087900      0.3357
   2013.63090753      0.3250
   2013.63093607      0.3129
   2013.63096461      0.2998
   2013.63099315      0.2862
   2013.63102169      0.2723
   2013.63105023      0.2585
   2013.63107877      0.2448
   2013.63110731      0.2314
   2013.63113584      0.2182
   2013.63116438      0.2056
   2013.63119292      0.1934
   2013.63122146      0.1819
   2013.63125000      0.1710
   2013.63127854      0.1606
   2013.63130708      0.1509
   2013.63133562      0.1418
   2013.63136416      0.1332
   2013.63139269      0.1251
   2013.63142123      0.1175
   2013.63144977      0.1103
   2013.63147831      0.1037
