   2013.62465753      0.0000
   2013.62468607      0.0000
   2013.62471461      0.0000
   2013.62474315      0.0000
   2013.62477169      0.0000
   2013.62480023      0.0000
   2013.62482877      0.0000
   2013.62485731      0.0000
   2013.62488584      0.0000
   2013.62491438      0.0000
   2013.62494292      0.0000
   2013.62497146      0.0000
   2013.62500000      0.0000
   2013.62502854      0.0000
   2013.62505708      0.0000
   2013.62508562      0.0000
   2013.62511416      0.0000
   2013.62514269      0.0000
   2013.62517123      0.0000
   2013.62519977      0.0000
   2013.62522831      0.0000
   2013.62525685      0.0000
   2013.62528539      0.0000
   2013.62531393      0.0000
   2013.62534247      0.0000
   2013.62537100      0.0000
   2013.62539954      0.0000
   2013.62542808      0.0000
   2013.62545662      0.0000
   2013.62548516      0.0000
   2013.62551370      0.0000
   2013.62554224      0.0000
   2013.62557078      0.0000
   2013.62559932      0.0000
   2013.62562785      0.0000
   2013.62565639      0.0000
   2013.62568493      0.0000
   2013.62571347      0.0000
   2013.62574201      0.0000
   2013.62577055      0.0000
   2013.62579909      0.0000
   2013.62582763      0.0000
   2013.62585616      0.0000
   2013.62588470      0.0000
   2013.62591324      0.0000
   2013.62594178      0.0000
   2013.62597032      0.0000
   2013.62599886      0.0000
   2013.62602740      0.0000
   2013.62605594      0.0000
   2013.62608447      0.0000
   2013.62611301      0.0000
   2013.62614155      0.0000
   2013.62617009      0.0000
   2013.62619863      0.0000
   2013.62622717      0.0000
   2013.62625571      0.0000
   2013.62628425      0.0000
   2013.62631279      0.0000
   2013.62634132      0.0000
   2013.62636986      0.0000
   2013.62639840      0.0000
   2013.62642694      0.0000
   2013.62645548      0.0000
   2013.62648402      0.0000
   2013.62651256      0.0000
   2013.62654110      0.0000
   2013.62656963      0.0000
   2013.62659817      0.0000
   2013.62662671      0.2593
   2013.62665525      0.6475
   2013.62668379      2.2110
   2013.62671233      4.6480
   2013.62674087      9.2216
   2013.62676941     17.3479
   2013.62679795     20.5025
   2013.62682648     18.9457
   2013.62685502     16.4064
   2013.62688356     14.1958
   2013.62691210     12.4081
   2013.62694064     11.0780
   2013.62696918     10.0126
   2013.62699772      9.1971
   2013.62702626      8.6459
   2013.62705479      8.1102
   2013.62708333      7.4805
   2013.62711187      7.0259
   2013.62714041      6.5234
   2013.62716895      6.1929
   2013.62719749      5.9675
   2013.62722603      5.4579
   2013.62725457      4.7272
   2013.62728311      4.6832
   2013.62731164      3.8059
   2013.62734018      3.5326
   2013.62736872      3.1374
   2013.62739726      2.7945
   2013.62742580      2.6010
   2013.62745434      2.3063
   2013.62748288      1.9714
   2013.62751142      1.7697
   2013.62753995      1.5820
   2013.62756849      1.4134
   2013.62759703      1.2866
   2013.62762557      1.1413
   2013.62765411      1.0158
   2013.62768265      0.9261
   2013.62771119      0.8359
   2013.62773973      0.7535
   2013.62776826      0.6796
   2013.62779680      0.6144
   2013.62782534      0.5565
   2013.62785388      0.5052
   2013.62788242      0.4598
   2013.62791096      0.4196
   2013.62793950      0.3837
   2013.62796804      0.3515
   2013.62799658      0.3225
   2013.62802511      0.2964
   2013.62805365      0.2728
   2013.62808219      0.2513
   2013.62811073      0.2316
   2013.62813927      0.2136
   2013.62816781      0.1971
   2013.62819635      0.1821
   2013.62822489      0.1684
   2013.62825342      0.1558
   2013.62828196      0.1444
   2013.62831050      0.1339
   2013.62833904      0.1242
   2013.62836758      0.1152
   2013.62839612      0.1070
