   2013.62465753      0.0000
   2013.62468607      0.0000
   2013.62471461      0.0000
   2013.62474315      0.0000
   2013.62477169      0.0000
   2013.62480023      0.0000
   2013.62482877      0.0000
   2013.62485731      0.0000
   2013.62488584      0.0000
   2013.62491438      0.0000
   2013.62494292      0.0000
   2013.62497146      0.0000
   2013.62500000      0.0000
   2013.62502854      0.0000
   2013.62505708      0.0000
   2013.62508562      0.0000
   2013.62511416      0.0000
   2013.62514269      0.0000
   2013.62517123      0.0000
   2013.62519977      0.0000
   2013.62522831      0.0000
   2013.62525685      0.0000
   2013.62528539      0.0000
   2013.62531393      0.0000
   2013.62534247      0.0000
   2013.62537100      0.0000
   2013.62539954      0.0000
   2013.62542808      0.0000
   2013.62545662      0.0000
   2013.62548516      0.0000
   2013.62551370      0.0000
   2013.62554224      0.0000
   2013.62557078      0.0000
   2013.62559932      0.0000
   2013.62562785      0.0000
   2013.62565639      0.0000
   2013.62568493      0.0000
   2013.62571347      0.0000
   2013.62574201      0.0000
   2013.62577055      0.0000
   2013.62579909      0.0000
   2013.62582763      0.0000
   2013.62585616      0.0000
   2013.62588470      0.0000
   2013.62591324      0.0000
   2013.62594178      0.0000
   2013.62597032      0.0000
   2013.62599886      0.0000
   2013.62602740      0.0000
   2013.62605594      0.0000
   2013.62608447      0.0000
   2013.62611301      0.0000
   2013.62614155      0.0000
   2013.62617009      0.0094
   2013.62619863      0.0513
   2013.62622717      0.0963
   2013.62625571      0.2002
   2013.62628425      0.4131
   2013.62631279      0.7872
   2013.62634132      1.3471
   2013.62636986      2.1871
   2013.62639840      3.5202
   2013.62642694      5.5341
   2013.62645548      7.3868
   2013.62648402      8.6162
   2013.62651256      9.1509
   2013.62654110      9.3870
   2013.62656963      9.4875
   2013.62659817      9.5824
   2013.62662671      9.6846
   2013.62665525      9.7961
   2013.62668379      9.8887
   2013.62671233      9.2029
   2013.62674087      9.2384
   2013.62676941      8.8508
   2013.62679795      8.3155
   2013.62682648      7.6557
   2013.62685502      7.3883
   2013.62688356      6.8796
   2013.62691210      6.3601
   2013.62694064      5.5432
   2013.62696918      5.3174
   2013.62699772      4.8214
   2013.62702626      4.3227
   2013.62705479      3.7718
   2013.62708333      3.6981
   2013.62711187      3.4265
   2013.62714041      3.1552
   2013.62716895      2.9894
   2013.62719749      2.7750
   2013.62722603      2.5960
   2013.62725457      2.4297
   2013.62728311      2.2912
   2013.62731164      2.2078
   2013.62734018      2.1015
   2013.62736872      1.9590
   2013.62739726      1.9036
   2013.62742580      1.8572
   2013.62745434      1.7480
   2013.62748288      1.6759
   2013.62751142      1.6278
   2013.62753995      1.5912
   2013.62756849      1.5061
   2013.62759703      1.4503
   2013.62762557      1.3969
   2013.62765411      1.3671
   2013.62768265      1.2875
   2013.62771119      1.2271
   2013.62773973      1.1531
   2013.62776826      1.1676
   2013.62779680      1.0750
   2013.62782534      1.0139
   2013.62785388      0.9489
   2013.62788242      0.9189
   2013.62791096      0.8733
   2013.62793950      0.8264
   2013.62796804      0.7898
   2013.62799658      0.7470
   2013.62802511      0.7035
   2013.62805365      0.6636
   2013.62808219      0.6371
   2013.62811073      0.6040
   2013.62813927      0.5700
   2013.62816781      0.5383
   2013.62819635      0.5200
   2013.62822489      0.4937
   2013.62825342      0.4666
   2013.62828196      0.4412
   2013.62831050      0.4294
   2013.62833904      0.4090
   2013.62836758      0.3871
   2013.62839612      0.3663
   2013.62842466      0.3618
   2013.62845320      0.3468
   2013.62848174      0.3298
   2013.62851027      0.3134
   2013.62853881      0.3147
   2013.62856735      0.3045
   2013.62859589      0.2919
   2013.62862443      0.2800
   2013.62865297      0.2883
   2013.62868151      0.2835
   2013.62871005      0.2758
   2013.62873858      0.2688
   2013.62876712      0.2855
   2013.62879566      0.2869
   2013.62882420      0.2851
   2013.62885274      0.2846
   2013.62888128      0.3118
   2013.62890982      0.3223
   2013.62893836      0.3295
   2013.62896689      0.3396
   2013.62899543      0.3834
   2013.62902397      0.4089
   2013.62905251      0.4440
   2013.62908105      0.4766
   2013.62910959      0.5364
   2013.62913813      0.6122
   2013.62916667      0.6587
   2013.62919521      0.7371
   2013.62922374      0.8634
   2013.62925228      0.9754
   2013.62928082      1.1075
   2013.62930936      1.2492
   2013.62933790      1.4555
   2013.62936644      1.6320
   2013.62939498      1.7624
   2013.62942352      1.8537
   2013.62945205      2.0108
   2013.62948059      2.1276
   2013.62950913      2.1871
   2013.62953767      2.2261
   2013.62956621      2.3434
   2013.62959475      2.4292
   2013.62962329      2.4356
   2013.62965183      2.4356
   2013.62968037      2.5161
   2013.62970890      2.5070
   2013.62973744      2.5307
   2013.62976598      2.5003
   2013.62979452      2.5498
   2013.62982306      2.5597
   2013.62985160      2.4951
   2013.62988014      2.4463
   2013.62990868      2.4619
   2013.62993721      2.4214
   2013.62996575      2.3681
   2013.62999429      2.3043
   2013.63002283      2.2974
   2013.63005137      2.2361
   2013.63007991      2.1767
   2013.63010845      2.0585
   2013.63013699      2.0378
   2013.63016553      2.0100
   2013.63019406      1.9449
   2013.63022260      1.8395
   2013.63025114      1.7690
   2013.63027968      1.6986
   2013.63030822      1.6307
   2013.63033676      1.5337
   2013.63036530      1.4541
   2013.63039384      1.3781
   2013.63042237      1.3045
   2013.63045091      1.2311
   2013.63047945      1.1565
   2013.63050799      1.1009
   2013.63053653      1.0248
   2013.63056507      0.9466
   2013.63059361      0.8959
   2013.63062215      0.8370
   2013.63065068      0.7794
   2013.63067922      0.7239
   2013.63070776      0.6715
   2013.63073630      0.6235
   2013.63076484      0.5792
   2013.63079338      0.5383
   2013.63082192      0.5007
   2013.63085046      0.4662
   2013.63087900      0.4342
   2013.63090753      0.4046
   2013.63093607      0.3770
   2013.63096461      0.3513
   2013.63099315      0.3274
   2013.63102169      0.3052
   2013.63105023      0.2846
   2013.63107877      0.2655
   2013.63110731      0.2478
   2013.63113584      0.2312
   2013.63116438      0.2157
   2013.63119292      0.2013
   2013.63122146      0.1879
   2013.63125000      0.1755
   2013.63127854      0.1641
   2013.63130708      0.1534
   2013.63133562      0.1435
   2013.63136416      0.1343
   2013.63139269      0.1257
   2013.63142123      0.1178
   2013.63144977      0.1103
   2013.63147831      0.1034
