   2013.62465753      0.0000
   2013.62468607      0.0000
   2013.62471461      0.0000
   2013.62474315      0.0000
   2013.62477169      0.0000
   2013.62480023      0.0000
   2013.62482877      0.0000
   2013.62485731      0.0000
   2013.62488584      0.0002
   2013.62491438      0.0011
   2013.62494292      0.0017
   2013.62497146      0.0020
   2013.62500000      0.0040
   2013.62502854      0.0016
   2013.62505708      0.0009
   2013.62508562      0.0005
   2013.62511416      0.0139
   2013.62514269      0.0497
   2013.62517123      0.0660
   2013.62519977      0.0908
   2013.62522831      0.1621
   2013.62525685      0.2249
   2013.62528539      0.3042
   2013.62531393      0.4167
   2013.62534247      0.6232
   2013.62537100      0.8364
   2013.62539954      1.1033
   2013.62542808      1.4594
   2013.62545662      1.9437
   2013.62548516      2.4459
   2013.62551370      2.7834
   2013.62554224      2.9941
   2013.62557078      3.2009
   2013.62559932      3.3695
   2013.62562785      3.4172
   2013.62565639      3.4903
   2013.62568493      3.6933
   2013.62571347      3.6854
   2013.62574201      3.7280
   2013.62577055      3.7287
   2013.62579909      3.8764
   2013.62582763      3.9257
   2013.62585616      3.9665
   2013.62588470      3.9779
   2013.62591324      4.0191
   2013.62594178      4.1977
   2013.62597032      4.2465
   2013.62599886      4.2799
   2013.62602740      4.3165
   2013.62605594      4.5369
   2013.62608447      4.5935
   2013.62611301      4.6230
   2013.62614155      4.6783
   2013.62617009      4.9720
   2013.62619863      5.0128
   2013.62622717      5.1777
   2013.62625571      5.1122
   2013.62628425      5.4109
   2013.62631279      5.4733
   2013.62634132      5.5242
   2013.62636986      5.6054
   2013.62639840      5.8389
   2013.62642694      5.9361
   2013.62645548      5.9621
   2013.62648402      6.0129
   2013.62651256      6.2561
   2013.62654110      6.3458
   2013.62656963      6.3363
   2013.62659817      6.3657
   2013.62662671      6.5812
   2013.62665525      6.6411
   2013.62668379      6.5899
   2013.62671233      6.5647
   2013.62674087      6.7862
   2013.62676941      6.8244
   2013.62679795      6.7404
   2013.62682648      6.6748
   2013.62685502      6.8739
   2013.62688356      6.8307
   2013.62691210      6.7703
   2013.62694064      6.6610
   2013.62696918      6.8448
   2013.62699772      6.7751
   2013.62702626      6.7166
   2013.62705479      6.5349
   2013.62708333      6.7073
   2013.62711187      6.6066
   2013.62714041      6.5352
   2013.62716895      6.3070
   2013.62719749      6.5368
   2013.62722603      6.3446
   2013.62725457      6.2622
   2013.62728311      6.0513
   2013.62731164      6.1190
   2013.62734018      6.0089
   2013.62736872      5.9190
   2013.62739726      5.6549
   2013.62742580      5.7275
   2013.62745434      5.6427
   2013.62748288      5.5041
   2013.62751142      5.3916
   2013.62753995      5.3527
   2013.62756849      5.2800
   2013.62759703      5.1788
   2013.62762557      5.0355
   2013.62765411      5.0063
   2013.62768265      4.9440
   2013.62771119      4.8329
   2013.62773973      4.7638
   2013.62776826      4.6988
   2013.62779680      4.6495
   2013.62782534      4.5475
   2013.62785388      4.5407
   2013.62788242      4.4456
   2013.62791096      4.4094
   2013.62793950      4.3197
   2013.62796804      4.3335
   2013.62799658      4.2544
   2013.62802511      4.2626
   2013.62805365      4.1535
   2013.62808219      4.1842
   2013.62811073      4.1172
   2013.62813927      4.1259
   2013.62816781      4.0387
   2013.62819635      4.0531
   2013.62822489      4.0747
   2013.62825342      4.0720
   2013.62828196      3.9938
   2013.62831050      4.0314
   2013.62833904      4.0700
   2013.62836758      4.0463
   2013.62839612      4.0275
   2013.62842466      4.0833
   2013.62845320      4.1404
   2013.62848174      4.1311
   2013.62851027      4.1339
   2013.62853881      4.2081
   2013.62856735      4.2887
   2013.62859589      4.3189
   2013.62862443      4.3213
   2013.62865297      4.3179
   2013.62868151      4.5141
   2013.62871005      4.5540
   2013.62873858      4.5952
   2013.62876712      4.5773
   2013.62879566      4.8265
   2013.62882420      4.8690
   2013.62885274      4.9119
   2013.62888128      4.9279
   2013.62890982      5.1938
   2013.62893836      5.2600
   2013.62896689      5.3039
   2013.62899543      5.3345
   2013.62902397      5.6074
   2013.62905251      5.6965
   2013.62908105      5.7399
   2013.62910959      5.7805
   2013.62913813      6.0421
   2013.62916667      6.1388
   2013.62919521      6.1525
   2013.62922374      6.1650
   2013.62925228      6.4376
   2013.62928082      6.5220
   2013.62930936      6.5033
   2013.62933790      6.5115
   2013.62936644      6.7439
   2013.62939498      6.8020
   2013.62942352      6.7434
   2013.62945205      6.7339
   2013.62948059      6.9344
   2013.62950913      6.9731
   2013.62953767      6.8807
   2013.62956621      6.9055
   2013.62959475      7.0095
   2013.62962329      6.9648
   2013.62965183      6.8930
   2013.62968037      6.8589
   2013.62970890      6.9696
   2013.62973744      6.8975
   2013.62976598      6.8313
   2013.62979452      6.6594
   2013.62982306      6.8214
   2013.62985160      6.7187
   2013.62988014      6.6417
   2013.62990868      6.4175
   2013.62993721      6.5702
   2013.62996575      6.4485
   2013.62999429      6.3614
   2013.63002283      6.1315
   2013.63005137      6.2263
   2013.63007991      6.1058
   2013.63010845      6.0111
   2013.63013699      5.7484
   2013.63016553      5.8205
   2013.63019406      5.7320
   2013.63022260      5.6063
   2013.63025114      5.3531
   2013.63027968      5.1036
   2013.63030822      4.8394
   2013.63033676      4.4703
   2013.63036530      4.3420
   2013.63039384      4.0228
   2013.63042237      3.6314
   2013.63045091      3.4422
   2013.63047945      3.1582
   2013.63050799      2.9200
   2013.63053653      2.6525
   2013.63056507      2.4489
   2013.63059361      2.1486
   2013.63062215      1.9850
   2013.63065068      1.8137
   2013.63067922      1.6405
   2013.63070776      1.4812
   2013.63073630      1.3359
   2013.63076484      1.2060
   2013.63079338      1.0946
   2013.63082192      0.9938
   2013.63085046      0.9058
   2013.63087900      0.8237
   2013.63090753      0.7475
   2013.63093607      0.6785
   2013.63096461      0.6178
   2013.63099315      0.5636
   2013.63102169      0.5151
   2013.63105023      0.4717
   2013.63107877      0.4330
   2013.63110731      0.3981
   2013.63113584      0.3665
   2013.63116438      0.3379
   2013.63119292      0.3120
   2013.63122146      0.2884
   2013.63125000      0.2670
   2013.63127854      0.2473
   2013.63130708      0.2292
   2013.63133562      0.2125
   2013.63136416      0.1973
   2013.63139269      0.1832
   2013.63142123      0.1704
   2013.63144977      0.1586
   2013.63147831      0.1477
   2013.63150685      0.1377
   2013.63153539      0.1285
   2013.63156393      0.1200
   2013.63159247      0.1121
   2013.63162100      0.1049
   2013.63164954      0.0981
   2013.63167808      0.0919
   2013.63170662      0.0861
   2013.63173516      0.0807
   2013.63176370      0.0756
   2013.63179224      0.0709
   2013.63182078      0.0664
   2013.63184932      0.0621
   2013.63187785      0.0582
   2013.63190639      0.0545
   2013.63193493      0.0510
   2013.63196347      0.0478
   2013.63199201      0.0447
   2013.63202055      0.0419
