   2013.62465753      0.0000
   2013.62468607      0.0000
   2013.62471461      0.0000
   2013.62474315      0.0000
   2013.62477169      0.0000
   2013.62480023      0.0000
   2013.62482877      0.0000
   2013.62485731      0.0000
   2013.62488584      0.0000
   2013.62491438      0.0000
   2013.62494292      0.0000
   2013.62497146      0.0000
   2013.62500000      0.0000
   2013.62502854      0.0027
   2013.62505708      0.0055
   2013.62508562      0.0080
   2013.62511416      0.0560
   2013.62514269      0.1360
   2013.62517123      0.2469
   2013.62519977      0.5019
   2013.62522831      0.9160
   2013.62525685      1.4640
   2013.62528539      2.0902
   2013.62531393      2.8827
   2013.62534247      4.0685
   2013.62537100      5.3450
   2013.62539954      6.1409
   2013.62542808      5.4636
   2013.62545662      5.0958
   2013.62548516      4.5211
   2013.62551370      4.0347
   2013.62554224      3.5532
   2013.62557078      3.2114
   2013.62559932      2.8508
   2013.62562785      2.5425
   2013.62565639      2.2133
   2013.62568493      2.0053
   2013.62571347      1.8104
   2013.62574201      1.6309
   2013.62577055      1.4671
   2013.62579909      1.3622
   2013.62582763      1.2844
   2013.62585616      1.1591
   2013.62588470      1.0671
   2013.62591324      1.0146
   2013.62594178      0.9620
   2013.62597032      0.9022
   2013.62599886      0.8494
   2013.62602740      0.8469
   2013.62605594      0.8475
   2013.62608447      0.8145
   2013.62611301      0.7862
   2013.62614155      0.8121
   2013.62617009      0.8627
   2013.62619863      0.8390
   2013.62622717      0.8697
   2013.62625571      0.9548
   2013.62628425      1.0014
   2013.62631279      1.0835
   2013.62634132      1.1712
   2013.62636986      1.3624
   2013.62639840      1.5652
   2013.62642694      1.7614
   2013.62645548      1.9946
   2013.62648402      2.3286
   2013.62651256      2.6074
   2013.62654110      2.7760
   2013.62656963      2.9711
   2013.62659817      3.3119
   2013.62662671      3.4816
   2013.62665525      3.6455
   2013.62668379      3.7344
   2013.62671233      3.7892
   2013.62674087      4.0539
   2013.62676941      4.0493
   2013.62679795      4.1575
   2013.62682648      4.1183
   2013.62685502      4.3458
   2013.62688356      4.2761
   2013.62691210      4.3303
   2013.62694064      4.3983
   2013.62696918      4.4114
   2013.62699772      4.3584
   2013.62702626      4.2811
   2013.62705479      4.1249
   2013.62708333      4.1553
   2013.62711187      4.1588
   2013.62714041      4.0604
   2013.62716895      3.9727
   2013.62719749      3.9751
   2013.62722603      3.7868
   2013.62725457      3.6492
   2013.62728311      3.3662
   2013.62731164      3.5148
   2013.62734018      3.6988
   2013.62736872      3.4703
   2013.62739726      3.0689
   2013.62742580      3.1462
   2013.62745434      2.9806
   2013.62748288      2.8409
   2013.62751142      2.7702
   2013.62753995      2.6481
   2013.62756849      2.5324
   2013.62759703      2.3597
   2013.62762557      2.2794
   2013.62765411      2.2102
   2013.62768265      2.0633
   2013.62771119      1.9508
   2013.62773973      1.8748
   2013.62776826      1.8137
   2013.62779680      1.6913
   2013.62782534      1.5935
   2013.62785388      1.5178
   2013.62788242      1.4672
   2013.62791096      1.3755
   2013.62793950      1.2987
   2013.62796804      1.1832
   2013.62799658      1.1599
   2013.62802511      1.1120
   2013.62805365      1.0382
   2013.62808219      0.9678
   2013.62811073      0.9305
   2013.62813927      0.8784
   2013.62816781      0.8272
   2013.62819635      0.8106
   2013.62822489      0.7530
   2013.62825342      0.7069
   2013.62828196      0.6668
   2013.62831050      0.6296
   2013.62833904      0.6257
   2013.62836758      0.6023
   2013.62839612      0.5732
   2013.62842466      0.5418
   2013.62845320      0.5110
   2013.62848174      0.4863
   2013.62851027      0.4741
   2013.62853881      0.4701
   2013.62856735      0.4651
   2013.62859589      0.4551
   2013.62862443      0.4407
   2013.62865297      0.4240
   2013.62868151      0.4098
   2013.62871005      0.4039
   2013.62873858      0.4071
   2013.62876712      0.4127
   2013.62879566      0.4134
   2013.62882420      0.4087
   2013.62885274      0.4046
   2013.62888128      0.4098
   2013.62890982      0.4423
   2013.62893836      0.4735
   2013.62896689      0.4948
   2013.62899543      0.5254
   2013.62902397      0.5538
   2013.62905251      0.5917
   2013.62908105      0.6446
   2013.62910959      0.7142
   2013.62913813      0.8014
   2013.62916667      0.8955
   2013.62919521      0.9685
   2013.62922374      1.0526
   2013.62925228      1.1150
   2013.62928082      1.1768
   2013.62930936      1.2211
   2013.62933790      1.2417
   2013.62936644      1.2390
   2013.62939498      1.2203
   2013.62942352      1.1951
   2013.62945205      1.1681
   2013.62948059      1.1392
   2013.62950913      1.1061
   2013.62953767      1.1223
   2013.62956621      1.0204
   2013.62959475      0.9752
   2013.62962329      0.9239
   2013.62965183      0.8761
   2013.62968037      0.8278
   2013.62970890      0.7791
   2013.62973744      0.7312
   2013.62976598      0.6853
   2013.62979452      0.6421
   2013.62982306      0.6011
   2013.62985160      0.5621
   2013.62988014      0.5251
   2013.62990868      0.4904
   2013.62993721      0.4578
   2013.62996575      0.4274
   2013.62999429      0.3988
   2013.63002283      0.3720
   2013.63005137      0.3470
   2013.63007991      0.3236
   2013.63010845      0.3018
   2013.63013699      0.2816
   2013.63016553      0.2628
   2013.63019406      0.2453
   2013.63022260      0.2290
   2013.63025114      0.2137
   2013.63027968      0.1995
   2013.63030822      0.1863
   2013.63033676      0.1741
   2013.63036530      0.1628
   2013.63039384      0.1523
   2013.63042237      0.1426
   2013.63045091      0.1336
   2013.63047945      0.1251
   2013.63050799      0.1173
   2013.63053653      0.1100
   2013.63056507      0.1032
