   2013.62465753      0.0000
   2013.62468607      0.0000
   2013.62471461      0.0000
   2013.62474315      0.0000
   2013.62477169      0.0000
   2013.62480023      0.0000
   2013.62482877      0.0000
   2013.62485731      0.0000
   2013.62488584      0.0000
   2013.62491438      0.0000
   2013.62494292      0.0000
   2013.62497146      0.0000
   2013.62500000      0.0000
   2013.62502854      0.0000
   2013.62505708      0.0000
   2013.62508562      0.0000
   2013.62511416      0.0000
   2013.62514269      0.0128
   2013.62517123      0.0917
   2013.62519977      0.2304
   2013.62522831      0.6770
   2013.62525685      1.5051
   2013.62528539      2.7422
   2013.62531393      5.1375
   2013.62534247      9.5631
   2013.62537100     13.5468
   2013.62539954     14.3748
   2013.62542808     13.4235
   2013.62545662     11.8648
   2013.62548516     10.5441
   2013.62551370      9.2201
   2013.62554224      8.4988
   2013.62557078      7.9395
   2013.62559932      6.3533
   2013.62562785      5.9576
   2013.62565639      4.7877
   2013.62568493      4.4300
   2013.62571347      3.9088
   2013.62574201      3.3517
   2013.62577055      3.1139
   2013.62579909      2.8326
   2013.62582763      2.6299
   2013.62585616      2.4138
   2013.62588470      2.3792
   2013.62591324      2.1350
   2013.62594178      1.9650
   2013.62597032      1.8185
   2013.62599886      1.6920
   2013.62602740      1.5200
   2013.62605594      1.4219
   2013.62608447      1.3264
   2013.62611301      1.2349
   2013.62614155      1.1690
   2013.62617009      1.0680
   2013.62619863      0.9726
   2013.62622717      0.9082
   2013.62625571      0.8359
   2013.62628425      0.7665
   2013.62631279      0.7016
   2013.62634132      0.6424
   2013.62636986      0.5890
   2013.62639840      0.5408
   2013.62642694      0.4976
   2013.62645548      0.4588
   2013.62648402      0.4239
   2013.62651256      0.3922
   2013.62654110      0.3632
   2013.62656963      0.3366
   2013.62659817      0.3122
   2013.62662671      0.2898
   2013.62665525      0.2692
   2013.62668379      0.2502
   2013.62671233      0.2326
   2013.62674087      0.2162
   2013.62676941      0.2010
   2013.62679795      0.1871
   2013.62682648      0.1742
   2013.62685502      0.1623
   2013.62688356      0.1513
   2013.62691210      0.1411
   2013.62694064      0.1317
   2013.62696918      0.1230
   2013.62699772      0.1148
   2013.62702626      0.1073
   2013.62705479      0.1003
