   2013.62465753      0.0000
   2013.62468607      0.0000
   2013.62471461      0.0000
   2013.62474315      0.0000
   2013.62477169      0.0000
   2013.62480023      0.0000
   2013.62482877      0.0000
   2013.62485731      0.0000
   2013.62488584      0.0000
   2013.62491438      0.0000
   2013.62494292      0.0000
   2013.62497146      0.0000
   2013.62500000      0.0000
   2013.62502854      0.0000
   2013.62505708      0.0000
   2013.62508562      0.0000
   2013.62511416      0.0000
   2013.62514269      0.0000
   2013.62517123      0.0000
   2013.62519977      0.0000
   2013.62522831      0.0000
   2013.62525685      0.0000
   2013.62528539      0.0000
   2013.62531393      0.0000
   2013.62534247      0.0000
   2013.62537100      0.0000
   2013.62539954      0.0000
   2013.62542808      0.0000
   2013.62545662      0.0000
   2013.62548516      0.0000
   2013.62551370      0.0000
   2013.62554224      0.0000
   2013.62557078      0.0000
   2013.62559932      0.0000
   2013.62562785      0.0000
   2013.62565639      0.0000
   2013.62568493      0.0000
   2013.62571347      0.0000
   2013.62574201      0.0000
   2013.62577055      0.0000
   2013.62579909      0.0000
   2013.62582763      2.1842
   2013.62585616     11.9908
   2013.62588470     28.8875
   2013.62591324     55.2597
   2013.62594178     57.5841
   2013.62597032     46.3410
   2013.62599886     36.8641
   2013.62602740     27.7421
   2013.62605594     23.9148
   2013.62608447     20.1932
   2013.62611301     17.4092
   2013.62614155     15.4006
   2013.62617009     15.0079
   2013.62619863     14.7511
   2013.62622717     14.2018
   2013.62625571     13.7501
   2013.62628425     13.4664
   2013.62631279     12.2156
   2013.62634132     10.7839
   2013.62636986      9.4252
   2013.62639840      8.2758
   2013.62642694      7.3061
   2013.62645548      6.7116
   2013.62648402      7.3009
   2013.62651256      6.6604
   2013.62654110      6.5242
   2013.62656963      6.5728
   2013.62659817      5.3805
   2013.62662671      4.7983
   2013.62665525      4.1730
   2013.62668379      3.6271
   2013.62671233      3.1642
   2013.62674087      2.9089
   2013.62676941      2.5144
   2013.62679795      2.2006
   2013.62682648      1.8497
   2013.62685502      1.6441
   2013.62688356      1.4533
   2013.62691210      1.3073
   2013.62694064      1.1533
   2013.62696918      1.0212
   2013.62699772      0.9232
   2013.62702626      0.8284
   2013.62705479      0.7435
   2013.62708333      0.6683
   2013.62711187      0.6026
   2013.62714041      0.5445
   2013.62716895      0.4933
   2013.62719749      0.4482
   2013.62722603      0.4083
   2013.62725457      0.3728
   2013.62728311      0.3410
   2013.62731164      0.3126
   2013.62734018      0.2870
   2013.62736872      0.2639
   2013.62739726      0.2429
   2013.62742580      0.2237
   2013.62745434      0.2061
   2013.62748288      0.1902
   2013.62751142      0.1757
   2013.62753995      0.1625
   2013.62756849      0.1504
   2013.62759703      0.1394
   2013.62762557      0.1293
   2013.62765411      0.1201
   2013.62768265      0.1116
   2013.62771119      0.1037
