   2013.62465753      0.0000
   2013.62468607      0.0000
   2013.62471461      0.0000
   2013.62474315      0.0000
   2013.62477169      0.0000
   2013.62480023      0.0000
   2013.62482877      0.0000
   2013.62485731      0.0000
   2013.62488584      0.0000
   2013.62491438      0.0000
   2013.62494292      0.0000
   2013.62497146      0.0000
   2013.62500000      0.0000
   2013.62502854      0.0000
   2013.62505708      0.0000
   2013.62508562      0.0000
   2013.62511416      0.0000
   2013.62514269      0.0000
   2013.62517123      0.0000
   2013.62519977      0.0000
   2013.62522831      0.0000
   2013.62525685      0.0000
   2013.62528539      0.0000
   2013.62531393      0.0000
   2013.62534247      0.0000
   2013.62537100      0.0000
   2013.62539954      0.0000
   2013.62542808      0.0000
   2013.62545662      0.0000
   2013.62548516      0.0000
   2013.62551370      0.0000
   2013.62554224      0.0000
   2013.62557078      0.0000
   2013.62559932      0.0000
   2013.62562785      0.0000
   2013.62565639      0.0000
   2013.62568493      0.0000
   2013.62571347      0.0000
   2013.62574201      0.0000
   2013.62577055      0.0000
   2013.62579909      0.0000
   2013.62582763      1.2947
   2013.62585616      7.1495
   2013.62588470     16.1764
   2013.62591324     37.6709
   2013.62594178     46.4718
   2013.62597032     41.3687
   2013.62599886     31.6171
   2013.62602740     25.1272
   2013.62605594     21.5649
   2013.62608447     19.0529
   2013.62611301     16.7827
   2013.62614155     15.4787
   2013.62617009     14.9864
   2013.62619863     14.6714
   2013.62622717     14.4140
   2013.62625571     14.0425
   2013.62628425     14.4504
   2013.62631279     14.7678
   2013.62634132     14.8795
   2013.62636986     14.7437
   2013.62639840     15.2737
   2013.62642694     15.6658
   2013.62645548     15.7767
   2013.62648402     15.5756
   2013.62651256     16.1241
   2013.62654110     16.4186
   2013.62656963     16.4585
   2013.62659817     16.2489
   2013.62662671     16.8586
   2013.62665525     17.3661
   2013.62668379     17.3708
   2013.62671233     16.2787
   2013.62674087     17.0204
   2013.62676941     16.2866
   2013.62679795     14.8219
   2013.62682648     13.6896
   2013.62685502     12.5171
   2013.62688356     12.4443
   2013.62691210     13.4216
   2013.62694064     13.2540
   2013.62696918     12.2306
   2013.62699772     10.7600
   2013.62702626      9.6357
   2013.62705479      8.9371
   2013.62708333      8.9461
   2013.62711187      9.8293
   2013.62714041     10.1632
   2013.62716895      9.5288
   2013.62719749      8.7851
   2013.62722603      8.3441
   2013.62725457      6.8469
   2013.62728311      6.7074
   2013.62731164      5.6055
   2013.62734018      5.7569
   2013.62736872      4.9875
   2013.62739726      4.5776
   2013.62742580      4.4602
   2013.62745434      3.7586
   2013.62748288      3.3161
   2013.62751142      2.9351
   2013.62753995      2.7617
   2013.62756849      2.4345
   2013.62759703      2.1528
   2013.62762557      1.9354
   2013.62765411      1.6789
   2013.62768265      1.5228
   2013.62771119      1.3797
   2013.62773973      1.3050
   2013.62776826      1.1481
   2013.62779680      1.0189
   2013.62782534      0.9503
   2013.62785388      0.8699
   2013.62788242      0.7927
   2013.62791096      0.7215
   2013.62793950      0.6568
   2013.62796804      0.5990
   2013.62799658      0.5470
   2013.62802511      0.5004
   2013.62805365      0.4589
   2013.62808219      0.4216
   2013.62811073      0.3880
   2013.62813927      0.3575
   2013.62816781      0.3297
   2013.62819635      0.3044
   2013.62822489      0.2814
   2013.62825342      0.2603
   2013.62828196      0.2409
   2013.62831050      0.2230
   2013.62833904      0.2065
   2013.62836758      0.1914
   2013.62839612      0.1775
   2013.62842466      0.1647
   2013.62845320      0.1530
   2013.62848174      0.1422
   2013.62851027      0.1322
   2013.62853881      0.1231
   2013.62856735      0.1145
   2013.62859589      0.1067
