   2013.62465753      0.0000
   2013.62468607      0.0000
   2013.62471461      0.0000
   2013.62474315      0.0000
   2013.62477169      0.0000
   2013.62480023      0.0000
   2013.62482877      0.0000
   2013.62485731      0.0000
   2013.62488584      0.0000
   2013.62491438      0.0000
   2013.62494292      0.0000
   2013.62497146      0.0000
   2013.62500000      0.0000
   2013.62502854      0.0000
   2013.62505708      0.0000
   2013.62508562      0.0000
   2013.62511416      0.0000
   2013.62514269      0.0000
   2013.62517123      0.0000
   2013.62519977      0.0000
   2013.62522831      0.0000
   2013.62525685      0.0000
   2013.62528539      0.0000
   2013.62531393      0.0000
   2013.62534247      0.0000
   2013.62537100      0.0000
   2013.62539954      0.0000
   2013.62542808      0.0000
   2013.62545662      0.0000
   2013.62548516      0.0000
   2013.62551370      0.0000
   2013.62554224      0.0000
   2013.62557078      0.0000
   2013.62559932      0.0000
   2013.62562785      0.0000
   2013.62565639      0.0000
   2013.62568493      0.0000
   2013.62571347      0.0022
   2013.62574201      0.0026
   2013.62577055      0.0030
   2013.62579909      0.0041
   2013.62582763      0.0151
   2013.62585616      0.0572
   2013.62588470      0.0997
   2013.62591324      0.1860
   2013.62594178      0.3378
   2013.62597032      0.5704
   2013.62599886      0.9412
   2013.62602740      1.5187
   2013.62605594      2.3893
   2013.62608447      3.5810
   2013.62611301      4.9234
   2013.62614155      6.1261
   2013.62617009      6.9729
   2013.62619863      7.5873
   2013.62622717      8.0623
   2013.62625571      8.2190
   2013.62628425      8.2988
   2013.62631279      8.2951
   2013.62634132      8.0779
   2013.62636986      7.6432
   2013.62639840      7.6991
   2013.62642694      7.3690
   2013.62645548      6.9211
   2013.62648402      6.3811
   2013.62651256      6.4668
   2013.62654110      5.9491
   2013.62656963      5.7838
   2013.62659817      5.2355
   2013.62662671      5.3356
   2013.62665525      5.0595
   2013.62668379      5.0682
   2013.62671233      4.8029
   2013.62674087      5.0128
   2013.62676941      4.9073
   2013.62679795      5.0610
   2013.62682648      4.8828
   2013.62685502      5.1632
   2013.62688356      5.0725
   2013.62691210      5.2025
   2013.62694064      4.9703
   2013.62696918      5.2202
   2013.62699772      5.0646
   2013.62702626      5.0763
   2013.62705479      4.8354
   2013.62708333      4.8714
   2013.62711187      4.8184
   2013.62714041      4.7696
   2013.62716895      4.4698
   2013.62719749      4.5368
   2013.62722603      4.4550
   2013.62725457      4.3098
   2013.62728311      4.2460
   2013.62731164      4.1124
   2013.62734018      3.9139
   2013.62736872      3.8099
   2013.62739726      3.4951
   2013.62742580      3.5551
   2013.62745434      3.7074
   2013.62748288      3.2683
   2013.62751142      3.1930
   2013.62753995      3.0722
   2013.62756849      2.9265
   2013.62759703      2.7802
   2013.62762557      2.6764
   2013.62765411      2.5480
   2013.62768265      2.4247
   2013.62771119      2.2982
   2013.62773973      2.1903
   2013.62776826      2.0802
   2013.62779680      1.9719
   2013.62782534      1.8324
   2013.62785388      1.7797
   2013.62788242      1.6796
   2013.62791096      1.5901
   2013.62793950      1.4977
   2013.62796804      1.4100
   2013.62799658      1.3371
   2013.62802511      1.2665
   2013.62805365      1.1789
   2013.62808219      1.1003
   2013.62811073      1.0750
   2013.62813927      1.0155
   2013.62816781      0.9462
   2013.62819635      0.9117
   2013.62822489      0.8660
   2013.62825342      0.8205
   2013.62828196      0.7778
   2013.62831050      0.7476
   2013.62833904      0.7136
   2013.62836758      0.6806
   2013.62839612      0.6515
   2013.62842466      0.6404
   2013.62845320      0.6203
   2013.62848174      0.5999
   2013.62851027      0.5827
   2013.62853881      0.5894
   2013.62856735      0.5824
   2013.62859589      0.5744
   2013.62862443      0.5707
   2013.62865297      0.5974
   2013.62868151      0.6266
   2013.62871005      0.6357
   2013.62873858      0.6538
   2013.62876712      0.7140
   2013.62879566      0.7529
   2013.62882420      0.7993
   2013.62885274      0.8214
   2013.62888128      0.9346
   2013.62890982      1.0123
   2013.62893836      1.1307
   2013.62896689      1.2522
   2013.62899543      1.4763
   2013.62902397      1.7007
   2013.62905251      1.9292
   2013.62908105      2.0892
   2013.62910959      2.4002
   2013.62913813      2.6570
   2013.62916667      2.8238
   2013.62919521      3.0351
   2013.62922374      3.3549
   2013.62925228      3.6265
   2013.62928082      3.7509
   2013.62930936      4.0083
   2013.62933790      4.0917
   2013.62936644      4.4402
   2013.62939498      4.4860
   2013.62942352      4.7239
   2013.62945205      4.6575
   2013.62948059      4.9759
   2013.62950913      4.9469
   2013.62953767      5.1439
   2013.62956621      4.9162
   2013.62959475      5.2498
   2013.62962329      5.1409
   2013.62965183      5.2554
   2013.62968037      5.0046
   2013.62970890      5.2433
   2013.62973744      5.0764
   2013.62976598      5.0807
   2013.62979452      4.8342
   2013.62982306      4.8662
   2013.62985160      4.8095
   2013.62988014      4.7584
   2013.62990868      4.4586
   2013.62993721      4.5219
   2013.62996575      4.4373
   2013.62999429      4.2918
   2013.63002283      4.2329
   2013.63005137      4.0987
   2013.63007991      3.9052
   2013.63010845      3.7951
   2013.63013699      3.4590
   2013.63016553      3.5389
   2013.63019406      3.6745
   2013.63022260      3.2567
   2013.63025114      3.1460
   2013.63027968      3.0034
   2013.63030822      2.8441
   2013.63033676      2.6910
   2013.63036530      2.5401
   2013.63039384      2.3422
   2013.63042237      2.2118
   2013.63045091      2.0735
   2013.63047945      1.9412
   2013.63050799      1.8165
   2013.63053653      1.7016
   2013.63056507      1.5830
   2013.63059361      1.4809
   2013.63062215      1.3851
   2013.63065068      1.2946
   2013.63067922      1.2719
   2013.63070776      1.1381
   2013.63073630      1.0560
   2013.63076484      0.9715
   2013.63079338      0.9170
   2013.63082192      0.8554
   2013.63085046      0.7965
   2013.63087900      0.7411
   2013.63090753      0.6898
   2013.63093607      0.6435
   2013.63096461      0.6017
   2013.63099315      0.5636
   2013.63102169      0.5287
   2013.63105023      0.4968
   2013.63107877      0.4675
   2013.63110731      0.4403
   2013.63113584      0.4150
   2013.63116438      0.3916
   2013.63119292      0.3697
   2013.63122146      0.3495
   2013.63125000      0.3306
   2013.63127854      0.3131
   2013.63130708      0.2969
   2013.63133562      0.2818
   2013.63136416      0.2677
   2013.63139269      0.2546
   2013.63142123      0.2422
   2013.63144977      0.2306
   2013.63147831      0.2196
   2013.63150685      0.2092
   2013.63153539      0.1996
   2013.63156393      0.1905
   2013.63159247      0.1820
   2013.63162100      0.1740
   2013.63164954      0.1665
   2013.63167808      0.1593
   2013.63170662      0.1526
   2013.63173516      0.1463
   2013.63176370      0.1403
   2013.63179224      0.1346
   2013.63182078      0.1293
   2013.63184932      0.1242
   2013.63187785      0.1194
   2013.63190639      0.1149
   2013.63193493      0.1106
   2013.63196347      0.1065
   2013.63199201      0.1026
