   2013.62465753      0.0000
   2013.62468607      0.0000
   2013.62471461      0.0000
   2013.62474315      0.0000
   2013.62477169      0.0000
   2013.62480023      0.0000
   2013.62482877      0.0000
   2013.62485731      0.0000
   2013.62488584      0.0000
   2013.62491438      0.0000
   2013.62494292      0.0000
   2013.62497146      0.0000
   2013.62500000      0.0000
   2013.62502854      0.0000
   2013.62505708      0.0000
   2013.62508562      0.0000
   2013.62511416      0.0000
   2013.62514269      0.0052
   2013.62517123      0.0041
   2013.62519977      0.0279
   2013.62522831      0.0697
   2013.62525685      0.1231
   2013.62528539      0.2172
   2013.62531393      0.3649
   2013.62534247      0.6046
   2013.62537100      0.9398
   2013.62539954      1.4297
   2013.62542808      2.1272
   2013.62545662      3.2793
   2013.62548516      4.4964
   2013.62551370      5.2921
   2013.62554224      5.7995
   2013.62557078      6.0864
   2013.62559932      6.3680
   2013.62562785      6.2698
   2013.62565639      6.3442
   2013.62568493      6.3945
   2013.62571347      6.5425
   2013.62574201      6.5701
   2013.62577055      6.6332
   2013.62579909      6.6900
   2013.62582763      6.7923
   2013.62585616      6.8546
   2013.62588470      6.9114
   2013.62591324      6.9786
   2013.62594178      7.0756
   2013.62597032      7.1881
   2013.62599886      7.1411
   2013.62602740      7.0745
   2013.62605594      7.0314
   2013.62608447      6.7704
   2013.62611301      6.6348
   2013.62614155      6.1741
   2013.62617009      6.5474
   2013.62619863      6.1402
   2013.62622717      6.0976
   2013.62625571      5.4849
   2013.62628425      5.8112
   2013.62631279      5.4717
   2013.62634132      5.4903
   2013.62636986      5.0536
   2013.62639840      5.5046
   2013.62642694      5.3074
   2013.62645548      5.4070
   2013.62648402      5.2727
   2013.62651256      5.6698
   2013.62654110      5.7992
   2013.62656963      5.8705
   2013.62659817      5.7977
   2013.62662671      6.1831
   2013.62665525      6.2685
   2013.62668379      6.2613
   2013.62671233      6.0980
   2013.62674087      6.4489
   2013.62676941      6.4940
   2013.62679795      6.4321
   2013.62682648      6.2342
   2013.62685502      6.5549
   2013.62688356      6.5663
   2013.62691210      6.4795
   2013.62694064      6.2382
   2013.62696918      6.5363
   2013.62699772      6.5229
   2013.62702626      6.4139
   2013.62705479      6.1460
   2013.62708333      6.5311
   2013.62711187      6.3866
   2013.62714041      6.2651
   2013.62716895      5.9899
   2013.62719749      6.5135
   2013.62722603      6.1994
   2013.62725457      6.0762
   2013.62728311      5.8058
   2013.62731164      6.2744
   2013.62734018      6.0006
   2013.62736872      5.8815
   2013.62739726      5.5843
   2013.62742580      6.0334
   2013.62745434      5.7855
   2013.62748288      5.8717
   2013.62751142      5.8105
   2013.62753995      5.7786
   2013.62756849      5.5481
   2013.62759703      5.6015
   2013.62762557      5.5342
   2013.62765411      5.5120
   2013.62768265      5.2983
   2013.62771119      5.3098
   2013.62773973      5.0521
   2013.62776826      5.2572
   2013.62779680      5.0632
   2013.62782534      5.0643
   2013.62785388      4.8467
   2013.62788242      5.0453
   2013.62791096      4.8759
   2013.62793950      4.8854
   2013.62796804      4.6939
   2013.62799658      4.8829
   2013.62802511      4.7289
   2013.62805365      4.7379
   2013.62808219      4.5697
   2013.62811073      4.7622
   2013.62813927      4.6295
   2013.62816781      4.6581
   2013.62819635      4.5095
   2013.62822489      4.7040
   2013.62825342      4.5870
   2013.62828196      4.6257
   2013.62831050      4.6912
   2013.62833904      4.7033
   2013.62836758      4.5998
   2013.62839612      4.6625
   2013.62842466      4.7459
   2013.62845320      4.7773
   2013.62848174      4.6822
   2013.62851027      4.7688
   2013.62853881      4.5271
   2013.62856735      4.9097
   2013.62859589      4.8122
   2013.62862443      4.9310
   2013.62865297      4.6776
   2013.62868151      5.1124
   2013.62871005      5.0109
   2013.62873858      5.1865
   2013.62876712      4.8881
   2013.62879566      5.3791
   2013.62882420      5.2622
   2013.62885274      5.4887
   2013.62888128      5.1582
   2013.62890982      5.7046
   2013.62893836      5.5453
   2013.62896689      5.6435
   2013.62899543      5.4376
   2013.62902397      6.0396
   2013.62905251      5.8279
   2013.62908105      5.9196
   2013.62910959      5.7027
   2013.62913813      6.0287
   2013.62916667      6.0778
   2013.62919521      6.1634
   2013.62922374      5.8997
   2013.62925228      6.2623
   2013.62928082      6.3163
   2013.62930936      6.3973
   2013.62933790      6.1318
   2013.62936644      6.4808
   2013.62939498      6.5323
   2013.62942352      6.4836
   2013.62945205      6.3231
   2013.62948059      6.6512
   2013.62950913      6.6857
   2013.62953767      6.6121
   2013.62956621      6.4133
   2013.62959475      6.7285
   2013.62962329      6.7359
   2013.62965183      6.6289
   2013.62968037      6.5535
   2013.62970890      6.9421
   2013.62973744      6.7250
   2013.62976598      6.5623
   2013.62979452      6.0865
   2013.62982306      6.3071
   2013.62985160      6.7060
   2013.62988014      7.1563
   2013.62990868      7.0960
   2013.62993721      6.4958
   2013.62996575      5.8866
   2013.62999429      5.5154
   2013.63002283      5.3471
   2013.63005137      5.6549
   2013.63007991      5.6648
   2013.63010845      5.6468
   2013.63013699      5.3518
   2013.63016553      4.9549
   2013.63019406      4.5600
   2013.63022260      4.5014
   2013.63025114      3.9484
   2013.63027968      3.8913
   2013.63030822      3.7179
   2013.63033676      3.7932
   2013.63036530      3.3998
   2013.63039384      3.2202
   2013.63042237      2.9220
   2013.63045091      2.6838
   2013.63047945      2.4685
   2013.63050799      2.2902
   2013.63053653      2.2769
   2013.63056507      2.0555
   2013.63059361      1.8018
   2013.63062215      1.7215
   2013.63065068      1.5986
   2013.63067922      1.4744
   2013.63070776      1.3520
   2013.63073630      1.2895
   2013.63076484      1.1315
   2013.63079338      1.0366
   2013.63082192      0.9491
   2013.63085046      0.8690
   2013.63087900      0.7927
   2013.63090753      0.7214
   2013.63093607      0.6571
   2013.63096461      0.5998
   2013.63099315      0.5482
   2013.63102169      0.5019
   2013.63105023      0.4603
   2013.63107877      0.4230
   2013.63110731      0.3892
   2013.63113584      0.3586
   2013.63116438      0.3307
   2013.63119292      0.3054
   2013.63122146      0.2824
   2013.63125000      0.2614
   2013.63127854      0.2421
   2013.63130708      0.2243
   2013.63133562      0.2079
   2013.63136416      0.1929
   2013.63139269      0.1791
   2013.63142123      0.1665
   2013.63144977      0.1548
   2013.63147831      0.1442
   2013.63150685      0.1343
   2013.63153539      0.1253
   2013.63156393      0.1169
   2013.63159247      0.1091
   2013.63162100      0.1020
