   2013.62465753      0.0000
   2013.62468607      0.0000
   2013.62471461      0.0000
   2013.62474315      0.0000
   2013.62477169      0.0000
   2013.62480023      0.0000
   2013.62482877      0.0001
   2013.62485731      0.0004
   2013.62488584      0.0009
   2013.62491438      0.0034
   2013.62494292      0.0047
   2013.62497146      0.0056
   2013.62500000      0.0553
   2013.62502854      0.1354
   2013.62505708      0.2787
   2013.62508562      0.6071
   2013.62511416      1.3613
   2013.62514269      2.6247
   2013.62517123      4.5819
   2013.62519977      7.6235
   2013.62522831     11.1097
   2013.62525685     13.9719
   2013.62528539     15.3377
   2013.62531393     15.1840
   2013.62534247     14.6193
   2013.62537100     14.4818
   2013.62539954     13.7339
   2013.62542808     12.8326
   2013.62545662     11.7036
   2013.62548516     11.7044
   2013.62551370     11.0533
   2013.62554224     10.3631
   2013.62557078     10.0561
   2013.62559932     10.0211
   2013.62562785      9.8444
   2013.62565639      9.6827
   2013.62568493     10.1620
   2013.62571347     10.9277
   2013.62574201     11.8028
   2013.62577055     12.6594
   2013.62579909     12.8612
   2013.62582763     13.5104
   2013.62585616     13.2190
   2013.62588470     12.6053
   2013.62591324     11.2343
   2013.62594178      9.8555
   2013.62597032      8.4083
   2013.62599886      7.7335
   2013.62602740      6.0245
   2013.62605594      5.1372
   2013.62608447      4.5055
   2013.62611301      4.3034
   2013.62614155      3.6282
   2013.62617009      3.3855
   2013.62619863      3.0437
   2013.62622717      2.7399
   2013.62625571      2.5682
   2013.62628425      2.2987
   2013.62631279      1.9720
   2013.62634132      1.7818
   2013.62636986      1.5961
   2013.62639840      1.4282
   2013.62642694      1.3079
   2013.62645548      1.1555
   2013.62648402      1.0253
   2013.62651256      0.9379
   2013.62654110      0.8474
   2013.62656963      0.7642
   2013.62659817      0.6893
   2013.62662671      0.6231
   2013.62665525      0.5645
   2013.62668379      0.5124
   2013.62671233      0.4664
   2013.62674087      0.4257
   2013.62676941      0.3894
   2013.62679795      0.3568
   2013.62682648      0.3276
   2013.62685502      0.3012
   2013.62688356      0.2773
   2013.62691210      0.2557
   2013.62694064      0.2359
   2013.62696918      0.2177
   2013.62699772      0.2011
   2013.62702626      0.1859
   2013.62705479      0.1721
   2013.62708333      0.1595
   2013.62711187      0.1479
   2013.62714041      0.1374
   2013.62716895      0.1277
   2013.62719749      0.1187
   2013.62722603      0.1105
   2013.62725457      0.1029
