   2013.62465753      0.0000
   2013.62468607      0.0000
   2013.62471461      0.0000
   2013.62474315      0.0000
   2013.62477169      0.0000
   2013.62480023      0.0016
   2013.62482877      0.0045
   2013.62485731      0.0069
   2013.62488584      0.0262
   2013.62491438      0.1096
   2013.62494292      0.2482
   2013.62497146      0.6232
   2013.62500000      1.4063
   2013.62502854      2.6711
   2013.62505708      4.3615
   2013.62508562      6.6260
   2013.62511416      9.0791
   2013.62514269     10.8437
   2013.62517123     11.2302
   2013.62519977     10.4815
   2013.62522831      9.4271
   2013.62525685      8.5269
   2013.62528539      7.6409
   2013.62531393      7.0263
   2013.62534247      5.8037
   2013.62537100      5.6505
   2013.62539954      5.3193
   2013.62542808      4.8683
   2013.62545662      4.6316
   2013.62548516      4.4207
   2013.62551370      4.2001
   2013.62554224      3.9474
   2013.62557078      3.9350
   2013.62559932      3.9687
   2013.62562785      3.9225
   2013.62565639      3.8691
   2013.62568493      3.7587
   2013.62571347      4.0397
   2013.62574201      3.9911
   2013.62577055      4.1079
   2013.62579909      4.0451
   2013.62582763      4.4401
   2013.62585616      4.4302
   2013.62588470      4.6669
   2013.62591324      4.5792
   2013.62594178      5.0304
   2013.62597032      5.1315
   2013.62599886      5.3507
   2013.62602740      5.3797
   2013.62605594      5.8251
   2013.62608447      6.0655
   2013.62611301      6.3230
   2013.62614155      6.3509
   2013.62617009      6.8578
   2013.62619863      7.2445
   2013.62622717      7.3949
   2013.62625571      7.4639
   2013.62628425      7.9465
   2013.62631279      8.2666
   2013.62634132      8.4351
   2013.62636986      8.6902
   2013.62639840      9.1990
   2013.62642694      9.3901
   2013.62645548      9.4695
   2013.62648402      9.3989
   2013.62651256     10.1917
   2013.62654110     10.3583
   2013.62656963     10.3614
   2013.62659817     10.1736
   2013.62662671     11.0257
   2013.62665525     11.1088
   2013.62668379     10.9085
   2013.62671233     10.7059
   2013.62674087     11.5132
   2013.62676941     11.3533
   2013.62679795     11.1874
   2013.62682648     10.8822
   2013.62685502     11.3750
   2013.62688356     11.3474
   2013.62691210     11.1197
   2013.62694064     10.6890
   2013.62696918     11.1405
   2013.62699772     11.0186
   2013.62702626     10.8134
   2013.62705479     10.2116
   2013.62708333     10.5871
   2013.62711187     10.3960
   2013.62714041     10.1024
   2013.62716895      9.5092
   2013.62719749      9.8325
   2013.62722603      9.7558
   2013.62725457      9.3009
   2013.62728311      8.8371
   2013.62731164      8.9810
   2013.62734018      8.6951
   2013.62736872      8.5030
   2013.62739726      8.0162
   2013.62742580      8.0780
   2013.62745434      7.9470
   2013.62748288      7.5963
   2013.62751142      7.1115
   2013.62753995      7.2716
   2013.62756849      7.0730
   2013.62759703      6.7833
   2013.62762557      6.6533
   2013.62765411      6.6803
   2013.62768265      6.2803
   2013.62771119      6.2537
   2013.62773973      5.7072
   2013.62776826      5.9102
   2013.62779680      5.5850
   2013.62782534      5.4916
   2013.62785388      5.0910
   2013.62788242      5.2857
   2013.62791096      5.0188
   2013.62793950      4.9343
   2013.62796804      4.8734
   2013.62799658      4.7950
   2013.62802511      4.6819
   2013.62805365      4.5162
   2013.62808219      4.5008
   2013.62811073      4.4457
   2013.62813927      4.3707
   2013.62816781      4.2549
   2013.62819635      4.1106
   2013.62822489      4.2560
   2013.62825342      4.2336
   2013.62828196      4.1471
   2013.62831050      4.2255
   2013.62833904      4.2379
   2013.62836758      4.1510
   2013.62839612      4.2200
   2013.62842466      4.0744
   2013.62845320      4.4141
   2013.62848174      4.3615
   2013.62851027      4.4982
   2013.62853881      4.3709
   2013.62856735      4.8260
   2013.62859589      4.7882
   2013.62862443      5.0643
   2013.62865297      4.9017
   2013.62868151      5.2970
   2013.62871005      5.4595
   2013.62873858      5.6729
   2013.62876712      5.6450
   2013.62879566      6.1218
   2013.62882420      6.3722
   2013.62885274      6.6038
   2013.62888128      6.6883
   2013.62890982      7.1147
   2013.62893836      7.3275
   2013.62896689      7.6355
   2013.62899543      7.6868
   2013.62902397      8.2251
   2013.62905251      8.4933
   2013.62908105      8.6472
   2013.62910959      8.7118
   2013.62913813      9.3841
   2013.62916667      9.5863
   2013.62919521      9.6846
   2013.62922374      9.5576
   2013.62925228     10.3810
   2013.62928082     10.5357
   2013.62930936     10.5270
   2013.62933790     10.3410
   2013.62936644     11.1911
   2013.62939498     11.2702
   2013.62942352     11.1554
   2013.62945205     10.8668
   2013.62948059     11.6609
   2013.62950913     11.4861
   2013.62953767     11.4236
   2013.62956621     11.0261
   2013.62959475     11.5051
   2013.62962329     11.4788
   2013.62965183     11.2409
   2013.62968037     10.8183
   2013.62970890     11.2600
   2013.62973744     11.1366
   2013.62976598     10.9402
   2013.62979452     10.3205
   2013.62982306     10.6953
   2013.62985160     10.5024
   2013.62988014     10.2104
   2013.62990868      9.6110
   2013.62993721      9.9352
   2013.62996575      9.8723
   2013.62999429      9.3989
   2013.63002283      8.9462
   2013.63005137      9.0780
   2013.63007991      8.8857
   2013.63010845      8.5868
   2013.63013699      8.1139
   2013.63016553      8.1586
   2013.63019406      8.0451
   2013.63022260      7.6761
   2013.63025114      7.6783
   2013.63027968      6.8785
   2013.63030822      6.5051
   2013.63033676      6.1455
   2013.63036530      5.9225
   2013.63039384      5.4164
   2013.63042237      4.7075
   2013.63045091      4.6118
   2013.63047945      4.1003
   2013.63050799      3.5210
   2013.63053653      3.1339
   2013.63056507      2.8260
   2013.63059361      2.6312
   2013.63062215      2.3226
   2013.63065068      1.9788
   2013.63067922      1.7909
   2013.63070776      1.6075
   2013.63073630      1.4421
   2013.63076484      1.2882
   2013.63079338      1.1657
   2013.63082192      1.0532
   2013.63085046      0.9561
   2013.63087900      0.8685
   2013.63090753      0.7871
   2013.63093607      0.7127
   2013.63096461      0.6468
   2013.63099315      0.5888
   2013.63102169      0.5369
   2013.63105023      0.4906
   2013.63107877      0.4494
   2013.63110731      0.4125
   2013.63113584      0.3792
   2013.63116438      0.3492
   2013.63119292      0.3219
   2013.63122146      0.2973
   2013.63125000      0.2749
   2013.63127854      0.2545
   2013.63130708      0.2357
   2013.63133562      0.2184
   2013.63136416      0.2025
   2013.63139269      0.1880
   2013.63142123      0.1747
   2013.63144977      0.1625
   2013.63147831      0.1513
   2013.63150685      0.1410
   2013.63153539      0.1315
   2013.63156393      0.1227
   2013.63159247      0.1146
   2013.63162100      0.1071
   2013.63164954      0.1002
