   2013.62465753      0.0000
   2013.62468607      0.0000
   2013.62471461      0.0000
   2013.62474315      0.0000
   2013.62477169      0.0000
   2013.62480023      0.0010
   2013.62482877      0.0032
   2013.62485731      0.0051
   2013.62488584      0.0071
   2013.62491438      0.0550
   2013.62494292      0.1249
   2013.62497146      0.2820
   2013.62500000      0.6967
   2013.62502854      1.4468
   2013.62505708      2.5888
   2013.62508562      4.1689
   2013.62511416      6.2333
   2013.62514269      8.4143
   2013.62517123      9.5801
   2013.62519977      9.6853
   2013.62522831      9.2590
   2013.62525685      8.3551
   2013.62528539      7.4160
   2013.62531393      6.5590
   2013.62534247      5.6381
   2013.62537100      5.0119
   2013.62539954      4.5376
   2013.62542808      3.9632
   2013.62545662      3.6434
   2013.62548516      3.3071
   2013.62551370      2.9686
   2013.62554224      2.7216
   2013.62557078      2.5739
   2013.62559932      2.3597
   2013.62562785      2.1705
   2013.62565639      2.0196
   2013.62568493      1.9692
   2013.62571347      1.8788
   2013.62574201      1.7929
   2013.62577055      1.6987
   2013.62579909      1.7232
   2013.62582763      1.6784
   2013.62585616      1.6490
   2013.62588470      1.6128
   2013.62591324      1.6718
   2013.62594178      1.6736
   2013.62597032      1.6793
   2013.62599886      1.6756
   2013.62602740      1.7544
   2013.62605594      1.8060
   2013.62608447      1.8358
   2013.62611301      1.8521
   2013.62614155      1.9573
   2013.62617009      2.0162
   2013.62619863      2.0703
   2013.62622717      2.0938
   2013.62625571      2.2193
   2013.62628425      2.2843
   2013.62631279      2.3589
   2013.62634132      2.3716
   2013.62636986      2.5079
   2013.62639840      2.5622
   2013.62642694      2.6228
   2013.62645548      2.6635
   2013.62648402      2.7438
   2013.62651256      2.8352
   2013.62654110      2.8807
   2013.62656963      2.8760
   2013.62659817      2.8598
   2013.62662671      3.0626
   2013.62665525      3.0995
   2013.62668379      3.1230
   2013.62671233      3.0064
   2013.62674087      3.2078
   2013.62676941      3.2420
   2013.62679795      3.2318
   2013.62682648      3.0943
   2013.62685502      3.3012
   2013.62688356      3.3203
   2013.62691210      3.2998
   2013.62694064      3.1437
   2013.62696918      3.3510
   2013.62699772      3.3466
   2013.62702626      3.3156
   2013.62705479      3.1336
   2013.62708333      3.3413
   2013.62711187      3.3157
   2013.62714041      3.3051
   2013.62716895      3.0900
   2013.62719749      3.2724
   2013.62722603      3.2301
   2013.62725457      3.0747
   2013.62728311      3.0595
   2013.62731164      3.1573
   2013.62734018      3.0851
   2013.62736872      2.9528
   2013.62739726      2.9704
   2013.62742580      2.9968
   2013.62745434      2.9518
   2013.62748288      2.8255
   2013.62751142      2.8116
   2013.62753995      2.7949
   2013.62756849      2.7243
   2013.62759703      2.6413
   2013.62762557      2.6238
   2013.62765411      2.6155
   2013.62768265      2.5311
   2013.62771119      2.4379
   2013.62773973      2.4546
   2013.62776826      2.4198
   2013.62779680      2.3464
   2013.62782534      2.2611
   2013.62785388      2.2735
   2013.62788242      2.2348
   2013.62791096      2.1632
   2013.62793950      2.0976
   2013.62796804      2.1099
   2013.62799658      2.0774
   2013.62802511      2.0149
   2013.62805365      1.9561
   2013.62808219      1.9719
   2013.62811073      1.9477
   2013.62813927      1.8952
   2013.62816781      1.8448
   2013.62819635      1.8679
   2013.62822489      1.8529
   2013.62825342      1.8221
   2013.62828196      1.7710
   2013.62831050      1.8044
   2013.62833904      1.7992
   2013.62836758      1.7792
   2013.62839612      1.7387
   2013.62842466      1.7856
   2013.62845320      1.7919
   2013.62848174      1.7829
   2013.62851027      1.7621
   2013.62853881      1.8148
   2013.62856735      1.8381
   2013.62859589      1.8417
   2013.62862443      1.8331
   2013.62865297      1.9041
   2013.62868151      1.9314
   2013.62871005      1.9579
   2013.62873858      1.9595
   2013.62876712      2.0498
   2013.62879566      2.0904
   2013.62882420      2.1298
   2013.62885274      2.1392
   2013.62888128      2.2466
   2013.62890982      2.2947
   2013.62893836      2.3520
   2013.62896689      2.3583
   2013.62899543      2.4831
   2013.62902397      2.5321
   2013.62905251      2.5877
   2013.62908105      2.6041
   2013.62910959      2.7147
   2013.62913813      2.7936
   2013.62916667      2.8394
   2013.62919521      2.8902
   2013.62922374      2.8394
   2013.62925228      3.0317
   2013.62928082      3.0761
   2013.62930936      3.0810
   2013.62933790      3.0028
   2013.62936644      3.2148
   2013.62939498      3.2612
   2013.62942352      3.2568
   2013.62945205      3.1980
   2013.62948059      3.3531
   2013.62950913      3.3832
   2013.62953767      3.3767
   2013.62956621      3.3957
   2013.62959475      3.4511
   2013.62962329      3.4498
   2013.62965183      3.4245
   2013.62968037      3.4272
   2013.62970890      3.4656
   2013.62973744      3.4659
   2013.62976598      3.4288
   2013.62979452      3.4688
   2013.62982306      3.5873
   2013.62985160      3.4874
   2013.62988014      3.3976
   2013.62990868      3.0931
   2013.62993721      3.2256
   2013.62996575      3.2928
   2013.62999429      3.3868
   2013.63002283      3.2864
   2013.63005137      3.2142
   2013.63007991      3.1171
   2013.63010845      2.9541
   2013.63013699      2.7084
   2013.63016553      2.6658
   2013.63019406      2.7076
   2013.63022260      2.7055
   2013.63025114      2.6512
   2013.63027968      2.5787
   2013.63030822      2.4599
   2013.63033676      2.3114
   2013.63036530      2.1609
   2013.63039384      2.0271
   2013.63042237      1.9111
   2013.63045091      1.8250
   2013.63047945      1.7528
   2013.63050799      1.7141
   2013.63053653      1.6378
   2013.63056507      1.5584
   2013.63059361      1.4727
   2013.63062215      1.3808
   2013.63065068      1.2857
   2013.63067922      1.1827
   2013.63070776      1.1003
   2013.63073630      1.0137
   2013.63076484      0.9353
   2013.63079338      0.8610
   2013.63082192      0.7893
   2013.63085046      0.7217
   2013.63087900      0.6600
   2013.63090753      0.6047
   2013.63093607      0.5545
   2013.63096461      0.5091
   2013.63099315      0.4682
   2013.63102169      0.4312
   2013.63105023      0.3976
   2013.63107877      0.3670
   2013.63110731      0.3391
   2013.63113584      0.3136
   2013.63116438      0.2903
   2013.63119292      0.2691
   2013.63122146      0.2495
   2013.63125000      0.2315
   2013.63127854      0.2148
   2013.63130708      0.1994
   2013.63133562      0.1853
   2013.63136416      0.1723
   2013.63139269      0.1604
   2013.63142123      0.1494
   2013.63144977      0.1393
   2013.63147831      0.1299
   2013.63150685      0.1213
   2013.63153539      0.1133
   2013.63156393      0.1059
