   2013.62465753      0.0000
   2013.62468607      0.0000
   2013.62471461      0.0000
   2013.62474315      0.0000
   2013.62477169      0.0000
   2013.62480023      0.0000
   2013.62482877      0.0000
   2013.62485731      0.0000
   2013.62488584      0.0000
   2013.62491438      0.0000
   2013.62494292      0.0000
   2013.62497146      0.0000
   2013.62500000      0.0000
   2013.62502854      0.0000
   2013.62505708      0.0000
   2013.62508562      0.0000
   2013.62511416      0.0000
   2013.62514269      0.0000
   2013.62517123      0.0000
   2013.62519977      0.0000
   2013.62522831      0.0000
   2013.62525685      0.0000
   2013.62528539      0.0000
   2013.62531393      0.0000
   2013.62534247      0.0000
   2013.62537100      0.0000
   2013.62539954      0.0000
   2013.62542808      0.0000
   2013.62545662      0.0000
   2013.62548516      0.0000
   2013.62551370      0.0000
   2013.62554224      0.0000
   2013.62557078      0.0000
   2013.62559932      0.0000
   2013.62562785      0.0000
   2013.62565639      0.0000
   2013.62568493      0.0000
   2013.62571347      0.0000
   2013.62574201      0.0000
   2013.62577055      0.0000
   2013.62579909      0.0000
   2013.62582763      0.0000
   2013.62585616      0.0000
   2013.62588470      0.0000
   2013.62591324      0.0000
   2013.62594178      0.0000
   2013.62597032      0.0000
   2013.62599886      0.0000
   2013.62602740      0.0000
   2013.62605594      0.0000
   2013.62608447      0.0000
   2013.62611301      0.0000
   2013.62614155      0.0000
   2013.62617009      0.0000
   2013.62619863      0.0000
   2013.62622717      0.0000
   2013.62625571      0.0000
   2013.62628425      0.0000
   2013.62631279      0.0000
   2013.62634132      0.0000
   2013.62636986      0.0000
   2013.62639840      9.4789
   2013.62642694     37.8654
   2013.62645548     93.5562
   2013.62648402    100.3564
   2013.62651256     78.3633
   2013.62654110     55.2111
   2013.62656963     41.1302
   2013.62659817     30.7871
   2013.62662671     27.1335
   2013.62665525     24.1091
   2013.62668379     22.2222
   2013.62671233     20.6290
   2013.62674087     20.7033
   2013.62676941     20.6775
   2013.62679795     20.2113
   2013.62682648     19.8230
   2013.62685502     20.4080
   2013.62688356     20.6034
   2013.62691210     20.1838
   2013.62694064     19.7003
   2013.62696918     20.0422
   2013.62699772     20.3284
   2013.62702626     19.9164
   2013.62705479     19.1149
   2013.62708333     19.2067
   2013.62711187     19.3787
   2013.62714041     18.9877
   2013.62716895     17.4744
   2013.62719749     17.4151
   2013.62722603     16.5225
   2013.62725457     15.2596
   2013.62728311     14.0931
   2013.62731164     13.9959
   2013.62734018     13.2368
   2013.62736872     12.2748
   2013.62739726     11.2345
   2013.62742580     11.3026
   2013.62745434     10.9253
   2013.62748288     10.6215
   2013.62751142     10.0100
   2013.62753995     10.4155
   2013.62756849     10.3723
   2013.62759703      9.8166
   2013.62762557      9.2240
   2013.62765411      9.3659
   2013.62768265      9.0784
   2013.62771119      8.7270
   2013.62773973      8.2336
   2013.62776826      8.2279
   2013.62779680      8.1420
   2013.62782534      7.7352
   2013.62785388      7.2972
   2013.62788242      7.4478
   2013.62791096      7.2810
   2013.62793950      7.0165
   2013.62796804      6.6138
   2013.62799658      6.8196
   2013.62802511      6.7053
   2013.62805365      6.5125
   2013.62808219      6.1718
   2013.62811073      6.5350
   2013.62813927      6.3604
   2013.62816781      6.2286
   2013.62819635      5.9881
   2013.62822489      6.2636
   2013.62825342      6.2554
   2013.62828196      6.1872
   2013.62831050      6.0100
   2013.62833904      6.3549
   2013.62836758      6.4179
   2013.62839612      6.5064
   2013.62842466      6.3323
   2013.62845320      6.7262
   2013.62848174      6.8977
   2013.62851027      7.0269
   2013.62853881      7.0292
   2013.62856735      7.5535
   2013.62859589      7.5865
   2013.62862443      7.8702
   2013.62865297      7.8926
   2013.62868151      8.4689
   2013.62871005      8.7593
   2013.62873858      9.1010
   2013.62876712      9.0392
   2013.62879566      9.8708
   2013.62882420     10.1740
   2013.62885274     10.3250
   2013.62888128     10.4267
   2013.62890982     11.4458
   2013.62893836     11.8263
   2013.62896689     11.9139
   2013.62899543     13.0434
   2013.62902397     13.1379
   2013.62905251     13.5131
   2013.62908105     13.4847
   2013.62910959     13.1102
   2013.62913813     15.7178
   2013.62916667     17.9602
   2013.62919521     18.5295
   2013.62922374     16.7983
   2013.62925228     14.7241
   2013.62928082     13.3726
   2013.62930936     12.4020
   2013.62933790     13.4955
   2013.62936644     15.7865
   2013.62939498     16.5714
   2013.62942352     15.0551
   2013.62945205     12.9219
   2013.62948059     11.0463
   2013.62950913      9.4419
   2013.62953767      8.3546
   2013.62956621      7.9914
   2013.62959475      7.7999
   2013.62962329      7.5446
   2013.62965183      7.3424
   2013.62968037      5.9005
   2013.62970890      5.0977
   2013.62973744      4.8156
   2013.62976598      3.9491
   2013.62979452      3.3969
   2013.62982306      3.2213
   2013.62985160      2.6843
   2013.62988014      2.3459
   2013.62990868      1.9819
   2013.62993721      1.7566
   2013.62996575      1.5574
   2013.62999429      1.3839
   2013.63002283      1.2480
   2013.63005137      1.1134
   2013.63007991      0.9961
   2013.63010845      0.9049
   2013.63013699      0.8176
   2013.63016553      0.7389
   2013.63019406      0.6687
   2013.63022260      0.6071
   2013.63025114      0.5523
   2013.63027968      0.5039
   2013.63030822      0.4610
   2013.63033676      0.4229
   2013.63036530      0.3887
   2013.63039384      0.3580
   2013.63042237      0.3301
   2013.63045091      0.3049
   2013.63047945      0.2819
   2013.63050799      0.2610
   2013.63053653      0.2418
   2013.63056507      0.2241
   2013.63059361      0.2079
   2013.63062215      0.1929
   2013.63065068      0.1793
   2013.63067922      0.1667
   2013.63070776      0.1552
   2013.63073630      0.1446
   2013.63076484      0.1348
   2013.63079338      0.1258
   2013.63082192      0.1174
   2013.63085046      0.1097
   2013.63087900      0.1026
