   2013.62465753      0.0000
   2013.62468607      0.0000
   2013.62471461      0.0000
   2013.62474315      0.0000
   2013.62477169      0.0000
   2013.62480023      0.0000
   2013.62482877      0.0000
   2013.62485731      0.0000
   2013.62488584      0.0000
   2013.62491438      0.0000
   2013.62494292      0.0000
   2013.62497146      0.0000
   2013.62500000      0.0000
   2013.62502854      0.0000
   2013.62505708      0.0000
   2013.62508562      0.0000
   2013.62511416      0.0000
   2013.62514269      0.0000
   2013.62517123      0.0000
   2013.62519977      0.0000
   2013.62522831      0.0000
   2013.62525685      0.0000
   2013.62528539      0.0000
   2013.62531393      0.0000
   2013.62534247      0.0000
   2013.62537100      0.0000
   2013.62539954      0.0000
   2013.62542808      0.0000
   2013.62545662      0.0000
   2013.62548516      0.0000
   2013.62551370      0.0000
   2013.62554224      0.0000
   2013.62557078      0.0000
   2013.62559932      0.0000
   2013.62562785      0.0000
   2013.62565639      0.0000
   2013.62568493      0.0000
   2013.62571347      0.0000
   2013.62574201      0.0000
   2013.62577055      0.0000
   2013.62579909      0.0000
   2013.62582763      0.0000
   2013.62585616      0.0000
   2013.62588470      0.0000
   2013.62591324      0.0000
   2013.62594178      0.0000
   2013.62597032      0.0000
   2013.62599886      0.0000
   2013.62602740      0.0000
   2013.62605594      0.4880
   2013.62608447      1.9072
   2013.62611301      5.4218
   2013.62614155     10.0844
   2013.62617009     20.1002
   2013.62619863     27.7298
   2013.62622717     25.4776
   2013.62625571     22.0618
   2013.62628425     18.5953
   2013.62631279     16.0929
   2013.62634132     14.1931
   2013.62636986     13.0249
   2013.62639840     12.0641
   2013.62642694     11.4879
   2013.62645548     11.0520
   2013.62648402     10.8411
   2013.62651256     10.7057
   2013.62654110     10.7478
   2013.62656963     10.7553
   2013.62659817     10.8635
   2013.62662671     10.9631
   2013.62665525     11.1259
   2013.62668379     11.1903
   2013.62671233     11.3173
   2013.62674087     11.3836
   2013.62676941     11.5042
   2013.62679795     11.5249
   2013.62682648     11.6082
   2013.62685502     11.6191
   2013.62688356     11.6864
   2013.62691210     11.6639
   2013.62694064     11.6885
   2013.62696918     11.6696
   2013.62699772     11.6881
   2013.62702626     11.4004
   2013.62705479     11.1835
   2013.62708333     10.7526
   2013.62711187     10.3033
   2013.62714041      9.8312
   2013.62716895      8.9763
   2013.62719749      8.8981
   2013.62722603      8.3082
   2013.62725457      7.8200
   2013.62728311      6.9935
   2013.62731164      7.2787
   2013.62734018      6.6145
   2013.62736872      6.4993
   2013.62739726      6.1854
   2013.62742580      6.0274
   2013.62745434      5.7079
   2013.62748288      5.7242
   2013.62751142      5.3327
   2013.62753995      5.5841
   2013.62756849      5.3462
   2013.62759703      5.3125
   2013.62762557      4.9742
   2013.62765411      5.1953
   2013.62768265      4.9575
   2013.62771119      4.8881
   2013.62773973      4.6295
   2013.62776826      4.7626
   2013.62779680      4.6223
   2013.62782534      4.4672
   2013.62785388      4.2534
   2013.62788242      4.3706
   2013.62791096      4.2441
   2013.62793950      4.1255
   2013.62796804      4.0291
   2013.62799658      4.0699
   2013.62802511      3.9598
   2013.62805365      3.8109
   2013.62808219      3.8159
   2013.62811073      3.8545
   2013.62813927      3.7105
   2013.62816781      3.6864
   2013.62819635      3.5927
   2013.62822489      3.7461
   2013.62825342      3.6455
   2013.62828196      3.6291
   2013.62831050      3.5573
   2013.62833904      3.7226
   2013.62836758      3.7417
   2013.62839612      3.6430
   2013.62842466      3.7153
   2013.62845320      3.8093
   2013.62848174      3.8260
   2013.62851027      3.8183
   2013.62853881      3.9824
   2013.62856735      4.0149
   2013.62859589      3.9727
   2013.62862443      4.0816
   2013.62865297      3.9854
   2013.62868151      4.3481
   2013.62871005      4.3256
   2013.62873858      4.4875
   2013.62876712      4.3726
   2013.62879566      4.8321
   2013.62882420      4.8052
   2013.62885274      5.0568
   2013.62888128      4.8770
   2013.62890982      5.4575
   2013.62893836      5.3567
   2013.62896689      5.5145
   2013.62899543      5.4322
   2013.62902397      5.7997
   2013.62905251      5.9281
   2013.62908105      6.0912
   2013.62910959      5.9280
   2013.62913813      6.3539
   2013.62916667      6.4899
   2013.62919521      6.6272
   2013.62922374      6.4645
   2013.62925228      6.8550
   2013.62928082      6.9868
   2013.62930936      7.0894
   2013.62933790      6.9497
   2013.62936644      7.2687
   2013.62939498      7.3924
   2013.62942352      7.4401
   2013.62945205      7.2402
   2013.62948059      7.5370
   2013.62950913      7.6353
   2013.62953767      7.6256
   2013.62956621      7.3727
   2013.62959475      7.6325
   2013.62962329      7.6815
   2013.62965183      7.6457
   2013.62968037      7.3369
   2013.62970890      7.5734
   2013.62973744      7.5601
   2013.62976598      7.3744
   2013.62979452      7.1466
   2013.62982306      7.6396
   2013.62985160      7.7528
   2013.62988014      7.4444
   2013.62990868      6.7227
   2013.62993721      6.6367
   2013.62996575      6.5480
   2013.62999429      6.6525
   2013.63002283      6.8039
   2013.63005137      6.6487
   2013.63007991      6.3955
   2013.63010845      5.8931
   2013.63013699      5.4350
   2013.63016553      5.1640
   2013.63019406      5.1056
   2013.63022260      5.0548
   2013.63025114      5.2015
   2013.63027968      4.5519
   2013.63030822      4.3535
   2013.63033676      3.9746
   2013.63036530      3.8910
   2013.63039384      3.5476
   2013.63042237      3.1960
   2013.63045091      3.1349
   2013.63047945      2.9376
   2013.63050799      2.7643
   2013.63053653      2.5731
   2013.63056507      2.4780
   2013.63059361      2.2291
   2013.63062215      1.9231
   2013.63065068      1.7713
   2013.63067922      1.6057
   2013.63070776      1.4513
   2013.63073630      1.3744
   2013.63076484      1.1833
   2013.63079338      1.0740
   2013.63082192      0.9759
   2013.63085046      0.8887
   2013.63087900      0.8073
   2013.63090753      0.7320
   2013.63093607      0.6642
   2013.63096461      0.6045
   2013.63099315      0.5511
   2013.63102169      0.5033
   2013.63105023      0.4606
   2013.63107877      0.4224
   2013.63110731      0.3880
   2013.63113584      0.3569
   2013.63116438      0.3288
   2013.63119292      0.3033
   2013.63122146      0.2801
   2013.63125000      0.2590
   2013.63127854      0.2396
   2013.63130708      0.2218
   2013.63133562      0.2054
   2013.63136416      0.1905
   2013.63139269      0.1768
   2013.63142123      0.1642
   2013.63144977      0.1527
   2013.63147831      0.1421
   2013.63150685      0.1323
   2013.63153539      0.1233
   2013.63156393      0.1150
   2013.63159247      0.1074
   2013.63162100      0.1003
