   2013.62465753      0.0000
   2013.62468607      0.0000
   2013.62471461      0.0000
   2013.62474315      0.0000
   2013.62477169      0.0000
   2013.62480023      0.0000
   2013.62482877      0.0000
   2013.62485731      0.0000
   2013.62488584      0.0000
   2013.62491438      0.0001
   2013.62494292      0.0009
   2013.62497146      0.0015
   2013.62500000      0.0068
   2013.62502854      0.0052
   2013.62505708      0.0072
   2013.62508562      0.0452
   2013.62511416      0.1003
   2013.62514269      0.1939
   2013.62517123      0.3672
   2013.62519977      0.6745
   2013.62522831      1.2251
   2013.62525685      2.0363
   2013.62528539      3.1932
   2013.62531393      4.9068
   2013.62534247      6.9352
   2013.62537100      8.3763
   2013.62539954      9.2109
   2013.62542808      9.5797
   2013.62545662      9.9174
   2013.62548516     10.0662
   2013.62551370     10.4187
   2013.62554224     10.7014
   2013.62557078     11.3141
   2013.62559932     11.1977
   2013.62562785     11.2771
   2013.62565639     11.0006
   2013.62568493     10.4213
   2013.62571347      9.8897
   2013.62574201      9.4988
   2013.62577055      9.2676
   2013.62579909      9.3190
   2013.62582763      9.4151
   2013.62585616      9.4836
   2013.62588470      9.1658
   2013.62591324      8.7273
   2013.62594178      8.1801
   2013.62597032      8.5644
   2013.62599886      6.4047
   2013.62602740      5.5206
   2013.62605594      4.8725
   2013.62608447      4.2486
   2013.62611301      3.7721
   2013.62614155      3.3424
   2013.62617009      2.9529
   2013.62619863      2.6071
   2013.62622717      2.2689
   2013.62625571      2.0491
   2013.62628425      1.8421
   2013.62631279      1.6401
   2013.62634132      1.4611
   2013.62636986      1.3415
   2013.62639840      1.1758
   2013.62642694      1.0358
   2013.62645548      0.9487
   2013.62648402      0.8570
   2013.62651256      0.7726
   2013.62654110      0.6967
   2013.62656963      0.6297
   2013.62659817      0.5704
   2013.62662671      0.5178
   2013.62665525      0.4713
   2013.62668379      0.4302
   2013.62671233      0.3935
   2013.62674087      0.3607
   2013.62676941      0.3311
   2013.62679795      0.3045
   2013.62682648      0.2804
   2013.62685502      0.2586
   2013.62688356      0.2386
   2013.62691210      0.2202
   2013.62694064      0.2035
   2013.62696918      0.1882
   2013.62699772      0.1742
   2013.62702626      0.1614
   2013.62705479      0.1498
   2013.62708333      0.1391
   2013.62711187      0.1292
   2013.62714041      0.1202
   2013.62716895      0.1119
   2013.62719749      0.1042
