   2013.62465753      0.0000
   2013.62468607      0.0000
   2013.62471461      0.0000
   2013.62474315      0.0000
   2013.62477169      0.0000
   2013.62480023      0.0000
   2013.62482877      0.0000
   2013.62485731      0.0000
   2013.62488584      0.0000
   2013.62491438      0.0000
   2013.62494292      0.0000
   2013.62497146      0.0000
   2013.62500000      0.0000
   2013.62502854      0.0000
   2013.62505708      0.0000
   2013.62508562      0.0000
   2013.62511416      0.0000
   2013.62514269      0.0000
   2013.62517123      0.0000
   2013.62519977      0.0000
   2013.62522831      0.0000
   2013.62525685      0.0000
   2013.62528539      0.0000
   2013.62531393      0.0000
   2013.62534247      0.0000
   2013.62537100      0.0000
   2013.62539954      0.0000
   2013.62542808      0.0000
   2013.62545662      0.0000
   2013.62548516      0.0000
   2013.62551370      0.0000
   2013.62554224      0.0000
   2013.62557078      0.0000
   2013.62559932      0.0000
   2013.62562785      0.0000
   2013.62565639      0.0000
   2013.62568493      0.0000
   2013.62571347      0.0001
   2013.62574201      0.0002
   2013.62577055      0.0001
   2013.62579909      0.0001
   2013.62582763      0.0001
   2013.62585616      0.0001
   2013.62588470      0.0001
   2013.62591324      0.0001
   2013.62594178      0.0000
   2013.62597032      0.0000
   2013.62599886      0.0000
   2013.62602740      0.0000
   2013.62605594      0.0000
   2013.62608447      0.0000
   2013.62611301      0.0000
   2013.62614155      0.0000
   2013.62617009      0.0000
   2013.62619863      0.0000
   2013.62622717      0.0000
   2013.62625571      0.0000
   2013.62628425      0.0000
   2013.62631279      0.0000
   2013.62634132      0.0000
   2013.62636986      0.0000
   2013.62639840      0.0000
   2013.62642694      0.0000
   2013.62645548      0.0000
   2013.62648402      0.0000
   2013.62651256      0.0000
   2013.62654110      0.0000
   2013.62656963      0.0000
   2013.62659817      0.0001
   2013.62662671      0.0001
   2013.62665525      0.0000
   2013.62668379      0.0000
   2013.62671233      0.0001
   2013.62674087      0.0001
   2013.62676941      0.0001
   2013.62679795      0.0001
   2013.62682648      0.0001
   2013.62685502      0.0001
   2013.62688356      0.0001
   2013.62691210      0.0001
   2013.62694064      0.0002
   2013.62696918      0.0002
   2013.62699772      0.0001
   2013.62702626      0.0001
   2013.62705479      0.0003
   2013.62708333      0.0002
   2013.62711187      0.0002
   2013.62714041      0.0002
   2013.62716895      0.0005
   2013.62719749      0.0053
   2013.62722603      0.0100
   2013.62725457      0.0134
   2013.62728311      0.0176
   2013.62731164      0.0206
   2013.62734018      0.0230
   2013.62736872      0.0255
   2013.62739726      0.0311
   2013.62742580      0.0357
   2013.62745434      0.0389
   2013.62748288      0.0428
   2013.62751142      0.0512
   2013.62753995      0.0585
   2013.62756849      0.0661
   2013.62759703      0.0753
   2013.62762557      0.0910
   2013.62765411      0.1055
   2013.62768265      0.1219
   2013.62771119      0.1407
   2013.62773973      0.1680
   2013.62776826      0.1913
   2013.62779680      0.2142
   2013.62782534      0.2376
   2013.62785388      0.2707
   2013.62788242      0.2991
   2013.62791096      0.3280
   2013.62793950      0.3597
   2013.62796804      0.4057
   2013.62799658      0.4461
   2013.62802511      0.4868
   2013.62805365      0.5290
   2013.62808219      0.5534
   2013.62811073      0.6239
   2013.62813927      0.6633
   2013.62816781      0.6980
   2013.62819635      0.7335
   2013.62822489      0.7844
   2013.62825342      0.8149
   2013.62828196      0.8421
   2013.62831050      0.8491
   2013.62833904      0.9082
   2013.62836758      0.9383
   2013.62839612      0.9626
   2013.62842466      1.0021
   2013.62845320      1.0297
   2013.62848174      1.0548
   2013.62851027      1.0758
   2013.62853881      1.1117
   2013.62856735      1.1370
   2013.62859589      1.1572
   2013.62862443      1.1725
   2013.62865297      1.2030
   2013.62868151      1.2235
   2013.62871005      1.2382
   2013.62873858      1.2470
   2013.62876712      1.2712
   2013.62879566      1.2858
   2013.62882420      1.2941
   2013.62885274      1.2960
   2013.62888128      1.3134
   2013.62890982      1.3214
   2013.62893836      1.3229
   2013.62896689      1.3183
   2013.62899543      1.3306
   2013.62902397      1.3310
   2013.62905251      1.3266
   2013.62908105      1.3168
   2013.62910959      1.3245
   2013.62913813      1.3195
   2013.62916667      1.3110
   2013.62919521      1.2980
   2013.62922374      1.3024
   2013.62925228      1.2945
   2013.62928082      1.2839
   2013.62930936      1.2694
   2013.62933790      1.2710
   2013.62936644      1.2627
   2013.62939498      1.2514
   2013.62942352      1.2368
   2013.62945205      1.2369
   2013.62948059      1.2297
   2013.62950913      1.2189
   2013.62953767      1.2052
   2013.62956621      1.2064
   2013.62959475      1.2001
   2013.62962329      1.1905
   2013.62965183      1.1784
   2013.62968037      1.1814
   2013.62970890      1.1765
   2013.62973744      1.1686
   2013.62976598      1.1585
   2013.62979452      1.1636
   2013.62982306      1.1607
   2013.62985160      1.1548
   2013.62988014      1.1468
   2013.62990868      1.1544
   2013.62993721      1.1537
   2013.62996575      1.1500
   2013.62999429      1.1441
   2013.63002283      1.1542
   2013.63005137      1.1557
   2013.63007991      1.1542
   2013.63010845      1.1502
   2013.63013699      1.1611
   2013.63016553      1.1639
   2013.63019406      1.1635
   2013.63022260      1.1602
   2013.63025114      1.1532
   2013.63027968      1.1471
   2013.63030822      1.1599
   2013.63033676      1.1231
   2013.63036530      1.1081
   2013.63039384      1.0912
   2013.63042237      1.0346
   2013.63045091      1.0422
   2013.63047945      1.0621
   2013.63050799      1.0143
   2013.63053653      0.9727
   2013.63056507      0.9433
   2013.63059361      0.8960
   2013.63062215      0.8804
   2013.63065068      0.8524
   2013.63067922      0.8208
   2013.63070776      0.7879
   2013.63073630      0.7543
   2013.63076484      0.7214
   2013.63079338      0.6898
   2013.63082192      0.6594
   2013.63085046      0.6301
   2013.63087900      0.6014
   2013.63090753      0.5733
   2013.63093607      0.5462
   2013.63096461      0.5202
   2013.63099315      0.4953
   2013.63102169      0.4717
   2013.63105023      0.4491
   2013.63107877      0.4276
   2013.63110731      0.4071
   2013.63113584      0.3875
   2013.63116438      0.3690
   2013.63119292      0.3514
   2013.63122146      0.3348
   2013.63125000      0.3191
   2013.63127854      0.3043
   2013.63130708      0.2904
   2013.63133562      0.2773
   2013.63136416      0.2649
   2013.63139269      0.2532
   2013.63142123      0.2422
   2013.63144977      0.2316
   2013.63147831      0.2216
   2013.63150685      0.2120
   2013.63153539      0.2030
   2013.63156393      0.1945
   2013.63159247      0.1865
   2013.63162100      0.1789
   2013.63164954      0.1717
   2013.63167808      0.1649
   2013.63170662      0.1585
   2013.63173516      0.1523
   2013.63176370      0.1465
   2013.63179224      0.1409
   2013.63182078      0.1357
   2013.63184932      0.1307
   2013.63187785      0.1259
   2013.63190639      0.1214
   2013.63193493      0.1171
   2013.63196347      0.1131
   2013.63199201      0.1092
   2013.63202055      0.1055
   2013.63204909      0.1019
   2013.63207763      0.0986
   2013.63210616      0.0954
   2013.63213470      0.0923
   2013.63216324      0.0894
   2013.63219178      0.0866
   2013.63222032      0.0839
   2013.63224886      0.0813
   2013.63227740      0.0789
   2013.63230594      0.0765
   2013.63233447      0.0742
   2013.63236301      0.0720
   2013.63239155      0.0699
   2013.63242009      0.0678
   2013.63244863      0.0659
   2013.63247717      0.0640
   2013.63250571      0.0622
   2013.63253425      0.0605
   2013.63256279      0.0588
   2013.63259132      0.0572
   2013.63261986      0.0557
   2013.63264840      0.0542
   2013.63267694      0.0527
   2013.63270548      0.0513
   2013.63273402      0.0500
   2013.63276256      0.0487
   2013.63279110      0.0475
   2013.63281963      0.0463
   2013.63284817      0.0451
   2013.63287671      0.0440
   2013.63290525      0.0429
   2013.63293379      0.0419
   2013.63296233      0.0409
   2013.63299087      0.0399
   2013.63301941      0.0390
   2013.63304795      0.0381
   2013.63307648      0.0372
   2013.63310502      0.0363
   2013.63313356      0.0355
   2013.63316210      0.0347
   2013.63319064      0.0340
   2013.63321918      0.0332
   2013.63324772      0.0325
   2013.63327626      0.0318
   2013.63330479      0.0311
   2013.63333333      0.0305
   2013.63336187      0.0298
   2013.63339041      0.0292
   2013.63341895      0.0286
   2013.63344749      0.0280
   2013.63347603      0.0274
   2013.63350457      0.0268
   2013.63353311      0.0263
   2013.63356164      0.0257
   2013.63359018      0.0252
   2013.63361872      0.0247
   2013.63364726      0.0242
   2013.63367580      0.0237
   2013.63370434      0.0233
   2013.63373288      0.0228
   2013.63376142      0.0224
   2013.63378995      0.0219
   2013.63381849      0.0215
   2013.63384703      0.0211
   2013.63387557      0.0207
   2013.63390411      0.0203
   2013.63393265      0.0200
   2013.63396119      0.0196
   2013.63398973      0.0192
   2013.63401826      0.0189
   2013.63404680      0.0186
   2013.63407534      0.0182
   2013.63410388      0.0179
   2013.63413242      0.0176
   2013.63416096      0.0173
   2013.63418950      0.0170
   2013.63421804      0.0167
   2013.63424658      0.0164
   2013.63427511      0.0161
   2013.63430365      0.0159
   2013.63433219      0.0156
   2013.63436073      0.0153
   2013.63438927      0.0151
   2013.63441781      0.0148
   2013.63444635      0.0146
   2013.63447489      0.0144
   2013.63450342      0.0141
   2013.63453196      0.0139
   2013.63456050      0.0137
   2013.63458904      0.0135
   2013.63461758      0.0133
   2013.63464612      0.0131
   2013.63467466      0.0129
   2013.63470320      0.0127
   2013.63473174      0.0125
   2013.63476027      0.0123
   2013.63478881      0.0121
