   2013.62465753      0.0000
   2013.62468607      0.0000
   2013.62471461      0.0000
   2013.62474315      0.0000
   2013.62477169      0.0000
   2013.62480023      0.0000
   2013.62482877      0.0000
   2013.62485731      0.0000
   2013.62488584      0.0000
   2013.62491438      0.0000
   2013.62494292      0.0000
   2013.62497146      0.0000
   2013.62500000      0.0000
   2013.62502854      0.0000
   2013.62505708      0.0000
   2013.62508562      0.0000
   2013.62511416      0.0000
   2013.62514269      0.0000
   2013.62517123      0.0000
   2013.62519977      0.0000
   2013.62522831      0.0000
   2013.62525685      0.0000
   2013.62528539      0.0000
   2013.62531393      0.0000
   2013.62534247      0.0000
   2013.62537100      0.0000
   2013.62539954      0.0000
   2013.62542808      0.0000
   2013.62545662      0.0000
   2013.62548516      0.0000
   2013.62551370      0.0000
   2013.62554224      0.0000
   2013.62557078      0.0000
   2013.62559932      0.0000
   2013.62562785      0.0000
   2013.62565639      0.0000
   2013.62568493      0.0000
   2013.62571347      0.0036
   2013.62574201      0.0036
   2013.62577055      0.0041
   2013.62579909      0.0309
   2013.62582763      0.0751
   2013.62585616      0.1459
   2013.62588470      0.3003
   2013.62591324      0.5975
   2013.62594178      1.1734
   2013.62597032      2.3110
   2013.62599886      4.2593
   2013.62602740      6.4131
   2013.62605594      7.6094
   2013.62608447      8.1316
   2013.62611301      8.3136
   2013.62614155      8.4033
   2013.62617009      8.4527
   2013.62619863      8.4951
   2013.62622717      8.5396
   2013.62625571      8.5856
   2013.62628425      8.6313
   2013.62631279      8.6744
   2013.62634132      8.4959
   2013.62636986      8.3540
   2013.62639840      7.9219
   2013.62642694      7.5937
   2013.62645548      7.1160
   2013.62648402      6.6779
   2013.62651256      6.4938
   2013.62654110      5.4346
   2013.62656963      4.9398
   2013.62659817      4.8127
   2013.62662671      3.9136
   2013.62665525      3.4732
   2013.62668379      3.1232
   2013.62671233      2.9430
   2013.62674087      2.5268
   2013.62676941      2.1169
   2013.62679795      1.9091
   2013.62682648      1.7002
   2013.62685502      1.5141
   2013.62688356      1.4129
   2013.62691210      1.2158
   2013.62694064      1.0579
   2013.62696918      0.9757
   2013.62699772      0.8824
   2013.62702626      0.7948
   2013.62705479      0.7159
   2013.62708333      0.6459
   2013.62711187      0.5843
   2013.62714041      0.5297
   2013.62716895      0.4813
   2013.62719749      0.4386
   2013.62722603      0.4007
   2013.62725457      0.3667
   2013.62728311      0.3362
   2013.62731164      0.3088
   2013.62734018      0.2840
   2013.62736872      0.2616
   2013.62739726      0.2411
   2013.62742580      0.2223
   2013.62745434      0.2051
   2013.62748288      0.1895
   2013.62751142      0.1752
   2013.62753995      0.1622
   2013.62756849      0.1503
   2013.62759703      0.1394
   2013.62762557      0.1295
   2013.62765411      0.1203
   2013.62768265      0.1118
   2013.62771119      0.1041
