   2013.62465753      0.0000
   2013.62468607      0.0000
   2013.62471461      0.0000
   2013.62474315      0.0000
   2013.62477169      0.0000
   2013.62480023      0.0000
   2013.62482877      0.0000
   2013.62485731      0.0000
   2013.62488584      0.0000
   2013.62491438      0.0000
   2013.62494292      0.0000
   2013.62497146      0.0000
   2013.62500000      0.0000
   2013.62502854      0.0000
   2013.62505708      0.0000
   2013.62508562      0.0000
   2013.62511416      0.0000
   2013.62514269      0.0000
   2013.62517123      0.0000
   2013.62519977      0.0000
   2013.62522831      0.0000
   2013.62525685      0.0000
   2013.62528539      0.0000
   2013.62531393      0.0000
   2013.62534247      0.0000
   2013.62537100      0.0000
   2013.62539954      0.0000
   2013.62542808      0.0000
   2013.62545662      0.0000
   2013.62548516      0.0000
   2013.62551370      0.0000
   2013.62554224      0.0000
   2013.62557078      0.0000
   2013.62559932      0.0000
   2013.62562785      0.0000
   2013.62565639      0.0000
   2013.62568493      0.0000
   2013.62571347      0.0002
   2013.62574201      0.0005
   2013.62577055      0.0008
   2013.62579909      0.0010
   2013.62582763      0.0012
   2013.62585616      0.0013
   2013.62588470      0.0015
   2013.62591324      0.0016
   2013.62594178      0.0017
   2013.62597032      0.0019
   2013.62599886      0.0198
   2013.62602740      0.0426
   2013.62605594      0.0599
   2013.62608447      0.0845
   2013.62611301      0.1159
   2013.62614155      0.1528
   2013.62617009      0.1970
   2013.62619863      0.2445
   2013.62622717      0.2930
   2013.62625571      0.3584
   2013.62628425      0.4397
   2013.62631279      0.5374
   2013.62634132      0.6624
   2013.62636986      0.8108
   2013.62639840      0.9684
   2013.62642694      1.0950
   2013.62645548      1.1637
   2013.62648402      1.1802
   2013.62651256      1.1597
   2013.62654110      1.1645
   2013.62656963      1.0767
   2013.62659817      1.0197
   2013.62662671      0.9505
   2013.62665525      0.9047
   2013.62668379      0.8498
   2013.62671233      0.7984
   2013.62674087      0.7474
   2013.62676941      0.6988
   2013.62679795      0.6548
   2013.62682648      0.6188
   2013.62685502      0.5833
   2013.62688356      0.5502
   2013.62691210      0.5200
   2013.62694064      0.4968
   2013.62696918      0.4722
   2013.62699772      0.4486
   2013.62702626      0.4269
   2013.62705479      0.4122
   2013.62708333      0.3950
   2013.62711187      0.3781
   2013.62714041      0.3628
   2013.62716895      0.3548
   2013.62719749      0.3436
   2013.62722603      0.3323
   2013.62725457      0.3220
   2013.62728311      0.3197
   2013.62731164      0.3133
   2013.62734018      0.3065
   2013.62736872      0.3006
   2013.62739726      0.3033
   2013.62742580      0.3011
   2013.62745434      0.2984
   2013.62748288      0.2966
   2013.62751142      0.3044
   2013.62753995      0.3069
   2013.62756849      0.3087
   2013.62759703      0.3116
   2013.62762557      0.3254
   2013.62765411      0.3337
   2013.62768265      0.3417
   2013.62771119      0.3516
   2013.62773973      0.3735
   2013.62776826      0.3904
   2013.62779680      0.4080
   2013.62782534      0.4288
   2013.62785388      0.4631
   2013.62788242      0.4930
   2013.62791096      0.5244
   2013.62793950      0.5590
   2013.62796804      0.5971
   2013.62799658      0.6484
   2013.62802511      0.6820
   2013.62805365      0.7159
   2013.62808219      0.7449
   2013.62811073      0.7932
   2013.62813927      0.8124
   2013.62816781      0.8309
   2013.62819635      0.8444
   2013.62822489      0.8824
   2013.62825342      0.8839
   2013.62828196      0.9217
   2013.62831050      0.9392
   2013.62833904      0.9006
   2013.62836758      0.9480
   2013.62839612      0.9349
   2013.62842466      0.9337
   2013.62845320      0.9313
   2013.62848174      0.9254
   2013.62851027      0.9175
   2013.62853881      0.9149
   2013.62856735      0.9059
   2013.62859589      0.8942
   2013.62862443      0.8739
   2013.62865297      0.8666
   2013.62868151      0.8529
   2013.62871005      0.8379
   2013.62873858      0.8221
   2013.62876712      0.8095
   2013.62879566      0.7945
   2013.62882420      0.7789
   2013.62885274      0.7635
   2013.62888128      0.7515
   2013.62890982      0.7364
   2013.62893836      0.7199
   2013.62896689      0.7035
   2013.62899543      0.6899
   2013.62902397      0.6740
   2013.62905251      0.6576
   2013.62908105      0.6418
   2013.62910959      0.6293
   2013.62913813      0.6140
   2013.62916667      0.5984
   2013.62919521      0.5832
   2013.62922374      0.5714
   2013.62925228      0.5574
   2013.62928082      0.5431
   2013.62930936      0.5295
   2013.62933790      0.5203
   2013.62936644      0.5081
   2013.62939498      0.4955
   2013.62942352      0.4834
   2013.62945205      0.4766
   2013.62948059      0.4662
   2013.62950913      0.4554
   2013.62953767      0.4453
   2013.62956621      0.4411
   2013.62959475      0.4329
   2013.62962329      0.4244
   2013.62965183      0.4166
   2013.62968037      0.4162
   2013.62970890      0.4109
   2013.62973744      0.4048
   2013.62976598      0.3994
   2013.62979452      0.4025
   2013.62982306      0.4001
   2013.62985160      0.3969
   2013.62988014      0.3946
   2013.62990868      0.4020
   2013.62993721      0.4032
   2013.62996575      0.4036
   2013.62999429      0.4050
   2013.63002283      0.4179
   2013.63005137      0.4238
   2013.63007991      0.4288
   2013.63010845      0.4353
   2013.63013699      0.4549
   2013.63016553      0.4667
   2013.63019406      0.4780
   2013.63022260      0.4916
   2013.63025114      0.5062
   2013.63027968      0.5211
   2013.63030822      0.5370
   2013.63033676      0.5534
   2013.63036530      0.5687
   2013.63039384      0.5818
   2013.63042237      0.5931
   2013.63045091      0.6030
   2013.63047945      0.6117
   2013.63050799      0.6191
   2013.63053653      0.6247
   2013.63056507      0.6281
   2013.63059361      0.6289
   2013.63062215      0.6272
   2013.63065068      0.6231
   2013.63067922      0.6168
   2013.63070776      0.6084
   2013.63073630      0.5981
   2013.63076484      0.5861
   2013.63079338      0.5724
   2013.63082192      0.5574
   2013.63085046      0.5412
   2013.63087900      0.5241
   2013.63090753      0.5064
   2013.63093607      0.4884
   2013.63096461      0.4702
   2013.63099315      0.4521
   2013.63102169      0.4340
   2013.63105023      0.4162
   2013.63107877      0.3987
   2013.63110731      0.3816
   2013.63113584      0.3651
   2013.63116438      0.3492
   2013.63119292      0.3339
   2013.63122146      0.3193
   2013.63125000      0.3053
   2013.63127854      0.2921
   2013.63130708      0.2795
   2013.63133562      0.2675
   2013.63136416      0.2561
   2013.63139269      0.2453
   2013.63142123      0.2349
   2013.63144977      0.2250
   2013.63147831      0.2156
   2013.63150685      0.2066
   2013.63153539      0.1981
   2013.63156393      0.1900
   2013.63159247      0.1824
   2013.63162100      0.1751
   2013.63164954      0.1683
   2013.63167808      0.1617
   2013.63170662      0.1555
   2013.63173516      0.1495
   2013.63176370      0.1439
   2013.63179224      0.1386
   2013.63182078      0.1335
   2013.63184932      0.1286
   2013.63187785      0.1240
   2013.63190639      0.1196
   2013.63193493      0.1155
   2013.63196347      0.1115
   2013.63199201      0.1077
   2013.63202055      0.1041
   2013.63204909      0.1006
   2013.63207763      0.0973
   2013.63210616      0.0942
