   2013.62465753      0.0000
   2013.62468607      0.0000
   2013.62471461      0.0000
   2013.62474315      0.0000
   2013.62477169      0.0000
   2013.62480023      0.0000
   2013.62482877      0.0000
   2013.62485731      0.0000
   2013.62488584      0.0000
   2013.62491438      0.0000
   2013.62494292      0.0000
   2013.62497146      0.0000
   2013.62500000      0.0000
   2013.62502854      0.0000
   2013.62505708      0.0000
   2013.62508562      0.0000
   2013.62511416      0.0000
   2013.62514269      0.0000
   2013.62517123      0.0000
   2013.62519977      0.0000
   2013.62522831      0.0000
   2013.62525685      0.0000
   2013.62528539      0.0000
   2013.62531393      0.0000
   2013.62534247      0.0000
   2013.62537100      0.0000
   2013.62539954      0.0000
   2013.62542808      0.0000
   2013.62545662      0.0000
   2013.62548516      0.0000
   2013.62551370      0.0000
   2013.62554224      0.0000
   2013.62557078      0.0000
   2013.62559932      0.0000
   2013.62562785      0.0000
   2013.62565639      0.0000
   2013.62568493      0.0000
   2013.62571347      0.0000
   2013.62574201      0.0000
   2013.62577055      0.0000
   2013.62579909      0.0000
   2013.62582763      0.0000
   2013.62585616      0.0000
   2013.62588470      0.0000
   2013.62591324      0.0000
   2013.62594178      0.0000
   2013.62597032      0.0000
   2013.62599886      0.0000
   2013.62602740      0.0000
   2013.62605594      0.0000
   2013.62608447      0.0000
   2013.62611301      0.0000
   2013.62614155      0.0000
   2013.62617009      0.0000
   2013.62619863      0.0000
   2013.62622717      0.0000
   2013.62625571      0.0000
   2013.62628425      0.0000
   2013.62631279      0.0000
   2013.62634132      0.0000
   2013.62636986      0.0000
   2013.62639840      0.0000
   2013.62642694      0.0000
   2013.62645548      0.0000
   2013.62648402      0.0000
   2013.62651256      0.0000
   2013.62654110      0.0000
   2013.62656963      0.0000
   2013.62659817      0.0000
   2013.62662671      0.0000
   2013.62665525      0.0000
   2013.62668379      0.0000
   2013.62671233      0.0000
   2013.62674087      0.0000
   2013.62676941      0.0000
   2013.62679795      0.0000
   2013.62682648      0.0000
   2013.62685502      0.0000
   2013.62688356      0.0000
   2013.62691210      0.0000
   2013.62694064      0.0000
   2013.62696918      0.0000
   2013.62699772      0.0000
   2013.62702626      0.0000
   2013.62705479      0.0000
   2013.62708333      0.1344
   2013.62711187      0.2354
   2013.62714041      0.5868
   2013.62716895      1.4011
   2013.62719749      2.4387
   2013.62722603      3.8262
   2013.62725457      6.2749
   2013.62728311      9.2306
   2013.62731164     10.6094
   2013.62734018     10.6992
   2013.62736872      9.7333
   2013.62739726      8.8770
   2013.62742580      8.1927
   2013.62745434      7.4350
   2013.62748288      6.8340
   2013.62751142      6.3391
   2013.62753995      5.9414
   2013.62756849      5.6479
   2013.62759703      5.4437
   2013.62762557      5.2836
   2013.62765411      5.1505
   2013.62768265      5.0566
   2013.62771119      4.9872
   2013.62773973      4.9516
   2013.62776826      4.9031
   2013.62779680      4.8648
   2013.62782534      4.8321
   2013.62785388      4.8150
   2013.62788242      4.7820
   2013.62791096      4.7526
   2013.62793950      4.7451
   2013.62796804      4.6193
   2013.62799658      4.4739
   2013.62802511      4.2596
   2013.62805365      4.0030
   2013.62808219      4.0381
   2013.62811073      3.7687
   2013.62813927      3.3702
   2013.62816781      3.1023
   2013.62819635      2.8903
   2013.62822489      2.6557
   2013.62825342      2.4414
   2013.62828196      2.2963
   2013.62831050      2.0849
   2013.62833904      1.8130
   2013.62836758      1.6628
   2013.62839612      1.5100
   2013.62842466      1.3681
   2013.62845320      1.2346
   2013.62848174      1.1240
   2013.62851027      1.0212
   2013.62853881      0.9318
   2013.62856735      0.8490
   2013.62859589      0.7712
   2013.62862443      0.6998
   2013.62865297      0.6363
   2013.62868151      0.5798
   2013.62871005      0.5289
   2013.62873858      0.4834
   2013.62876712      0.4430
   2013.62879566      0.4064
   2013.62882420      0.3734
   2013.62885274      0.3435
   2013.62888128      0.3167
   2013.62890982      0.2922
   2013.62893836      0.2698
   2013.62896689      0.2494
   2013.62899543      0.2310
   2013.62902397      0.2137
   2013.62905251      0.1979
   2013.62908105      0.1834
   2013.62910959      0.1706
   2013.62913813      0.1584
   2013.62916667      0.1472
   2013.62919521      0.1369
   2013.62922374      0.1281
   2013.62925228      0.1194
   2013.62928082      0.1112
   2013.62930936      0.1037
