   2013.62465753      0.0000
   2013.62468607      0.0000
   2013.62471461      0.0000
   2013.62474315      0.0000
   2013.62477169      0.0000
   2013.62480023      0.0000
   2013.62482877      0.0000
   2013.62485731      0.0000
   2013.62488584      0.0000
   2013.62491438      0.0000
   2013.62494292      0.0000
   2013.62497146      0.0000
   2013.62500000      0.0000
   2013.62502854      0.0000
   2013.62505708      0.0000
   2013.62508562      0.0000
   2013.62511416      0.0000
   2013.62514269      0.0000
   2013.62517123      0.0000
   2013.62519977      0.0000
   2013.62522831      0.0000
   2013.62525685      0.0000
   2013.62528539      0.0000
   2013.62531393      0.0000
   2013.62534247      0.0000
   2013.62537100      0.0000
   2013.62539954      0.0000
   2013.62542808      0.0000
   2013.62545662      0.0000
   2013.62548516      0.0004
   2013.62551370      0.0009
   2013.62554224      0.0012
   2013.62557078      0.0015
   2013.62559932      0.0018
   2013.62562785      0.0020
   2013.62565639      0.0022
   2013.62568493      0.0025
   2013.62571347      0.0262
   2013.62574201      0.0588
   2013.62577055      0.0869
   2013.62579909      0.1317
   2013.62582763      0.1917
   2013.62585616      0.2716
   2013.62588470      0.3652
   2013.62591324      0.4717
   2013.62594178      0.6133
   2013.62597032      0.7722
   2013.62599886      0.9776
   2013.62602740      1.2537
   2013.62605594      1.5773
   2013.62608447      1.8191
   2013.62611301      1.9343
   2013.62614155      1.9488
   2013.62617009      1.8983
   2013.62619863      1.8042
   2013.62622717      1.6983
   2013.62625571      1.5976
   2013.62628425      1.4945
   2013.62631279      1.3925
   2013.62634132      1.2938
   2013.62636986      1.2583
   2013.62639840      1.1383
   2013.62642694      1.0583
   2013.62645548      0.9742
   2013.62648402      0.9344
   2013.62651256      0.8791
   2013.62654110      0.8235
   2013.62656963      0.7735
   2013.62659817      1.0763
   2013.62662671      1.2256
   2013.62665525      1.2183
   2013.62668379      1.0187
   2013.62671233      0.8117
   2013.62674087      0.6647
   2013.62676941      0.6261
   2013.62679795      1.0955
   2013.62682648      2.1800
   2013.62685502      3.0505
   2013.62688356      3.3338
   2013.62691210      3.6737
   2013.62694064      3.7707
   2013.62696918      3.6811
   2013.62699772      3.4977
   2013.62702626      3.3289
   2013.62705479      3.4783
   2013.62708333      4.1669
   2013.62711187      4.9793
   2013.62714041      5.7585
   2013.62716895      5.0613
   2013.62719749      5.0440
   2013.62722603      4.0511
   2013.62725457      3.5329
   2013.62728311      3.0887
   2013.62731164      2.8520
   2013.62734018      2.4607
   2013.62736872      2.1565
   2013.62739726      1.8988
   2013.62742580      1.6766
   2013.62745434      1.4136
   2013.62748288      1.3025
   2013.62751142      1.1507
   2013.62753995      1.0206
   2013.62756849      0.9307
   2013.62759703      0.8405
   2013.62762557      0.7587
   2013.62765411      0.6857
   2013.62768265      0.6216
   2013.62771119      0.5648
   2013.62773973      0.5144
   2013.62776826      0.4697
   2013.62779680      0.4300
   2013.62782534      0.3945
   2013.62785388      0.3625
   2013.62788242      0.3336
   2013.62791096      0.3073
   2013.62793950      0.2835
   2013.62796804      0.2619
   2013.62799658      0.2421
   2013.62802511      0.2238
   2013.62805365      0.2071
   2013.62808219      0.1917
   2013.62811073      0.1777
   2013.62813927      0.1648
   2013.62816781      0.1531
   2013.62819635      0.1422
   2013.62822489      0.1322
   2013.62825342      0.1230
   2013.62828196      0.1145
   2013.62831050      0.1067
