   2013.62465753      0.0000
   2013.62468607      0.0000
   2013.62471461      0.0000
   2013.62474315      0.0000
   2013.62477169      0.0000
   2013.62480023      0.0000
   2013.62482877      0.0000
   2013.62485731      0.0000
   2013.62488584      0.0000
   2013.62491438      0.0000
   2013.62494292      0.0000
   2013.62497146      0.0000
   2013.62500000      0.0000
   2013.62502854      0.0000
   2013.62505708      0.0000
   2013.62508562      0.0000
   2013.62511416      0.0000
   2013.62514269      0.0000
   2013.62517123      0.0000
   2013.62519977      0.0000
   2013.62522831      0.0000
   2013.62525685      0.0000
   2013.62528539      0.0000
   2013.62531393      0.0000
   2013.62534247      0.0000
   2013.62537100      0.0000
   2013.62539954      0.0000
   2013.62542808      0.0000
   2013.62545662      0.0000
   2013.62548516      0.0079
   2013.62551370      0.0367
   2013.62554224      0.0709
   2013.62557078      0.1314
   2013.62559932      0.2547
   2013.62562785      0.4499
   2013.62565639      0.7180
   2013.62568493      1.1061
   2013.62571347      1.6587
   2013.62574201      2.4664
   2013.62577055      3.6365
   2013.62579909      4.8548
   2013.62582763      5.6979
   2013.62585616      5.7875
   2013.62588470      5.8033
   2013.62591324      5.9368
   2013.62594178      5.8443
   2013.62597032      5.8291
   2013.62599886      5.7091
   2013.62602740      5.7876
   2013.62605594      6.0073
   2013.62608447      6.1184
   2013.62611301      6.1072
   2013.62614155      6.2295
   2013.62617009      6.4220
   2013.62619863      6.5924
   2013.62622717      6.7642
   2013.62625571      6.9003
   2013.62628425      7.0975
   2013.62631279      7.2040
   2013.62634132      7.5097
   2013.62636986      7.5279
   2013.62639840      8.1403
   2013.62642694      8.3978
   2013.62645548      8.5598
   2013.62648402      8.3511
   2013.62651256      8.7875
   2013.62654110      8.8087
   2013.62656963      8.7366
   2013.62659817      8.4032
   2013.62662671      8.5933
   2013.62665525      8.2125
   2013.62668379      7.8301
   2013.62671233      7.0973
   2013.62674087      7.5173
   2013.62676941      6.8463
   2013.62679795      6.4839
   2013.62682648      6.0143
   2013.62685502      6.3873
   2013.62688356      6.0336
   2013.62691210      6.1250
   2013.62694064      5.5419
   2013.62696918      5.9580
   2013.62699772      5.7075
   2013.62702626      5.7747
   2013.62705479      5.4024
   2013.62708333      5.6762
   2013.62711187      5.4465
   2013.62714041      5.4597
   2013.62716895      5.1059
   2013.62719749      5.3594
   2013.62722603      5.1340
   2013.62725457      5.0895
   2013.62728311      5.0397
   2013.62731164      4.8338
   2013.62734018      4.8521
   2013.62736872      4.6807
   2013.62739726      4.4392
   2013.62742580      4.4408
   2013.62745434      4.3855
   2013.62748288      4.2407
   2013.62751142      4.2135
   2013.62753995      4.0089
   2013.62756849      3.8662
   2013.62759703      3.7240
   2013.62762557      3.4371
   2013.62765411      3.5832
   2013.62768265      3.4810
   2013.62771119      3.5222
   2013.62773973      3.1369
   2013.62776826      3.2034
   2013.62779680      3.1174
   2013.62782534      2.9887
   2013.62785388      2.8202
   2013.62788242      2.8388
   2013.62791096      2.7663
   2013.62793950      2.6614
   2013.62796804      2.6414
   2013.62799658      2.5728
   2013.62802511      2.4756
   2013.62805365      2.3920
   2013.62808219      2.3794
   2013.62811073      2.3192
   2013.62813927      2.2535
   2013.62816781      2.1811
   2013.62819635      2.1850
   2013.62822489      2.1455
   2013.62825342      2.0947
   2013.62828196      2.0424
   2013.62831050      2.0684
   2013.62833904      2.0538
   2013.62836758      2.0245
   2013.62839612      1.9858
   2013.62842466      2.0441
   2013.62845320      2.0585
   2013.62848174      2.0527
   2013.62851027      2.0367
   2013.62853881      2.1266
   2013.62856735      2.1757
   2013.62859589      2.2005
   2013.62862443      2.2105
   2013.62865297      2.3431
   2013.62868151      2.4320
   2013.62871005      2.4513
   2013.62873858      2.5260
   2013.62876712      2.7018
   2013.62879566      2.8251
   2013.62882420      2.8620
   2013.62885274      2.9500
   2013.62888128      3.1900
   2013.62890982      3.3331
   2013.62893836      3.3763
   2013.62896689      3.5483
   2013.62899543      3.5496
   2013.62902397      3.9279
   2013.62905251      3.9648
   2013.62908105      4.1549
   2013.62910959      4.1089
   2013.62913813      4.5470
   2013.62916667      4.5573
   2013.62919521      4.7924
   2013.62922374      4.6183
   2013.62925228      5.1306
   2013.62928082      5.0817
   2013.62930936      5.3402
   2013.62933790      5.0681
   2013.62936644      5.6310
   2013.62939498      5.4961
   2013.62942352      5.6081
   2013.62945205      5.3958
   2013.62948059      5.9680
   2013.62950913      5.7809
   2013.62953767      5.7501
   2013.62956621      5.5784
   2013.62959475      6.1086
   2013.62962329      5.8936
   2013.62965183      5.8253
   2013.62968037      5.5771
   2013.62970890      6.0526
   2013.62973744      5.8205
   2013.62976598      5.9406
   2013.62979452      5.5398
   2013.62982306      5.8355
   2013.62985160      5.6011
   2013.62988014      5.6499
   2013.62990868      5.2736
   2013.62993721      5.5183
   2013.62996575      5.2832
   2013.62999429      5.2478
   2013.63002283      5.1876
   2013.63005137      4.9759
   2013.63007991      5.0348
   2013.63010845      4.8208
   2013.63013699      4.5651
   2013.63016553      4.5668
   2013.63019406      4.5191
   2013.63022260      4.3672
   2013.63025114      4.1951
   2013.63027968      3.9474
   2013.63030822      3.9451
   2013.63033676      3.7186
   2013.63036530      3.3377
   2013.63039384      3.1723
   2013.63042237      2.9060
   2013.63045091      2.6980
   2013.63047945      2.4974
   2013.63050799      2.3087
   2013.63053653      2.1100
   2013.63056507      1.9331
   2013.63059361      1.7743
   2013.63062215      1.6275
   2013.63065068      1.4905
   2013.63067922      1.3624
   2013.63070776      1.2966
   2013.63073630      1.1369
   2013.63076484      1.0401
   2013.63079338      0.9520
   2013.63082192      0.8719
   2013.63085046      0.7960
   2013.63087900      0.7252
   2013.63090753      0.6613
   2013.63093607      0.6045
   2013.63096461      0.5533
   2013.63099315      0.5072
   2013.63102169      0.4659
   2013.63105023      0.4287
   2013.63107877      0.3950
   2013.63110731      0.3644
   2013.63113584      0.3366
   2013.63116438      0.3112
   2013.63119292      0.2881
   2013.63122146      0.2670
   2013.63125000      0.2476
   2013.63127854      0.2296
   2013.63130708      0.2131
   2013.63133562      0.1979
   2013.63136416      0.1840
   2013.63139269      0.1712
   2013.63142123      0.1594
   2013.63144977      0.1485
   2013.63147831      0.1386
   2013.63150685      0.1293
   2013.63153539      0.1208
   2013.63156393      0.1129
   2013.63159247      0.1056
