   2013.62465753      0.0000
   2013.62468607      0.0000
   2013.62471461      0.0000
   2013.62474315      0.0000
   2013.62477169      0.0000
   2013.62480023      0.0000
   2013.62482877      0.0000
   2013.62485731      0.0000
   2013.62488584      0.0000
   2013.62491438      0.0000
   2013.62494292      0.0000
   2013.62497146      0.0000
   2013.62500000      0.0000
   2013.62502854      0.0000
   2013.62505708      0.0000
   2013.62508562      0.0000
   2013.62511416      0.0000
   2013.62514269      0.0000
   2013.62517123      0.0000
   2013.62519977      0.0000
   2013.62522831      0.0000
   2013.62525685      0.0000
   2013.62528539      0.0000
   2013.62531393      0.0000
   2013.62534247      0.0000
   2013.62537100      0.0000
   2013.62539954      0.0000
   2013.62542808      0.0000
   2013.62545662      0.0000
   2013.62548516      0.0000
   2013.62551370      0.0000
   2013.62554224      0.0000
   2013.62557078      0.0000
   2013.62559932      0.0000
   2013.62562785      0.0000
   2013.62565639      0.0000
   2013.62568493      0.0000
   2013.62571347      0.0000
   2013.62574201      0.0000
   2013.62577055      0.0000
   2013.62579909      0.0000
   2013.62582763      0.0000
   2013.62585616      0.0000
   2013.62588470      0.0000
   2013.62591324      0.0000
   2013.62594178      0.0000
   2013.62597032      0.0000
   2013.62599886      0.0000
   2013.62602740      0.0000
   2013.62605594      0.0000
   2013.62608447      0.0000
   2013.62611301      0.0000
   2013.62614155      0.0000
   2013.62617009      0.0000
   2013.62619863      0.0000
   2013.62622717      0.0000
   2013.62625571      0.0000
   2013.62628425      0.0000
   2013.62631279      0.0000
   2013.62634132      0.0000
   2013.62636986      0.0000
   2013.62639840      0.0000
   2013.62642694      0.0000
   2013.62645548      0.0000
   2013.62648402      0.0000
   2013.62651256      0.0000
   2013.62654110      0.0000
   2013.62656963      0.0000
   2013.62659817      0.0000
   2013.62662671      0.0000
   2013.62665525      0.0000
   2013.62668379      0.0000
   2013.62671233      0.0000
   2013.62674087      0.0000
   2013.62676941      0.0001
   2013.62679795      0.0002
   2013.62682648      0.0003
   2013.62685502      0.0004
   2013.62688356      0.0005
   2013.62691210      0.0006
   2013.62694064      0.0007
   2013.62696918      0.0008
   2013.62699772      0.0009
   2013.62702626      0.0009
   2013.62705479      0.0010
   2013.62708333      0.0011
   2013.62711187      0.0011
   2013.62714041      0.0012
   2013.62716895      0.0157
   2013.62719749      0.0380
   2013.62722603      0.0542
   2013.62725457      0.0738
   2013.62728311      0.1007
   2013.62731164      0.1393
   2013.62734018      0.1878
   2013.62736872      0.2490
   2013.62739726      0.3244
   2013.62742580      0.4301
   2013.62745434      0.5572
   2013.62748288      0.7114
   2013.62751142      0.8765
   2013.62753995      1.0659
   2013.62756849      1.2704
   2013.62759703      1.4412
   2013.62762557      1.5441
   2013.62765411      1.5828
   2013.62768265      1.5766
   2013.62771119      1.5880
   2013.62773973      1.5291
   2013.62776826      1.4719
   2013.62779680      1.4070
   2013.62782534      1.3372
   2013.62785388      1.2631
   2013.62788242      1.1866
   2013.62791096      1.1069
   2013.62793950      1.0369
   2013.62796804      0.9641
   2013.62799658      0.8984
   2013.62802511      0.8333
   2013.62805365      0.7691
   2013.62808219      0.7077
   2013.62811073      0.6509
   2013.62813927      0.5990
   2013.62816781      0.5512
   2013.62819635      0.5075
   2013.62822489      0.4677
   2013.62825342      0.4314
   2013.62828196      0.3982
   2013.62831050      0.3677
   2013.62833904      0.3397
   2013.62836758      0.3140
   2013.62839612      0.2904
   2013.62842466      0.2688
   2013.62845320      0.2488
   2013.62848174      0.2303
   2013.62851027      0.2132
   2013.62853881      0.1974
   2013.62856735      0.1829
   2013.62859589      0.1695
   2013.62862443      0.1572
   2013.62865297      0.1459
   2013.62868151      0.1355
   2013.62871005      0.1259
   2013.62873858      0.1170
   2013.62876712      0.1088
   2013.62879566      0.1012
