   2013.62465753      0.0000
   2013.62468607      0.0000
   2013.62471461      0.0000
   2013.62474315      0.0000
   2013.62477169      0.0000
   2013.62480023      0.0000
   2013.62482877      0.0000
   2013.62485731      0.0000
   2013.62488584      0.0000
   2013.62491438      0.0000
   2013.62494292      0.0000
   2013.62497146      0.0000
   2013.62500000      0.0000
   2013.62502854      0.0000
   2013.62505708      0.0000
   2013.62508562      0.0000
   2013.62511416      0.0000
   2013.62514269      0.0000
   2013.62517123      0.0000
   2013.62519977      0.0000
   2013.62522831      0.0000
   2013.62525685      0.0000
   2013.62528539      0.0000
   2013.62531393      0.0000
   2013.62534247      0.0000
   2013.62537100      0.0000
   2013.62539954      0.0000
   2013.62542808      0.0000
   2013.62545662      0.0000
   2013.62548516      0.0000
   2013.62551370      0.0000
   2013.62554224      0.0000
   2013.62557078      0.0000
   2013.62559932      0.0000
   2013.62562785      0.0000
   2013.62565639      0.0000
   2013.62568493      0.0000
   2013.62571347      0.0000
   2013.62574201      0.0000
   2013.62577055      0.0000
   2013.62579909      0.0000
   2013.62582763      0.0000
   2013.62585616      0.0000
   2013.62588470      0.0000
   2013.62591324      0.0000
   2013.62594178      0.0000
   2013.62597032      0.0000
   2013.62599886      0.0000
   2013.62602740      0.0000
   2013.62605594      0.0000
   2013.62608447      0.0000
   2013.62611301      0.0000
   2013.62614155      0.0000
   2013.62617009      0.0000
   2013.62619863      0.0000
   2013.62622717      0.0000
   2013.62625571      0.0000
   2013.62628425      0.0000
   2013.62631279      0.0000
   2013.62634132      0.0000
   2013.62636986      0.0000
   2013.62639840      2.3353
   2013.62642694     12.7483
   2013.62645548     31.5023
   2013.62648402     60.0156
   2013.62651256     60.6437
   2013.62654110     49.0432
   2013.62656963     38.5421
   2013.62659817     31.8705
   2013.62662671     27.5463
   2013.62665525     25.2072
   2013.62668379     22.4885
   2013.62671233     19.6515
   2013.62674087     18.4708
   2013.62676941     16.7503
   2013.62679795     15.1183
   2013.62682648     13.1284
   2013.62685502     12.4265
   2013.62688356     11.4769
   2013.62691210     10.1135
   2013.62694064      9.1132
   2013.62696918      8.8519
   2013.62699772      8.2776
   2013.62702626      7.8554
   2013.62705479      7.3721
   2013.62708333      7.5220
   2013.62711187      7.4187
   2013.62714041      7.2213
   2013.62716895      6.9416
   2013.62719749      7.2025
   2013.62722603      7.1572
   2013.62725457      6.9950
   2013.62728311      6.6600
   2013.62731164      6.9295
   2013.62734018      6.8536
   2013.62736872      6.6773
   2013.62739726      6.3304
   2013.62742580      6.8899
   2013.62745434      6.4906
   2013.62748288      6.3129
   2013.62751142      5.9665
   2013.62753995      6.3975
   2013.62756849      6.0777
   2013.62759703      6.1412
   2013.62762557      5.5546
   2013.62765411      5.9596
   2013.62768265      5.6871
   2013.62771119      5.7217
   2013.62773973      5.3433
   2013.62776826      5.5889
   2013.62779680      5.3523
   2013.62782534      5.3458
   2013.62785388      5.3124
   2013.62788242      5.2833
   2013.62791096      5.0821
   2013.62793950      5.0790
   2013.62796804      4.8548
   2013.62799658      5.0459
   2013.62802511      4.8675
   2013.62805365      4.8659
   2013.62808219      4.8861
   2013.62811073      4.8654
   2013.62813927      4.7236
   2013.62816781      4.7493
   2013.62819635      4.7947
   2013.62822489      4.7895
   2013.62825342      4.6662
   2013.62828196      4.7073
   2013.62831050      4.5210
   2013.62833904      4.9338
   2013.62836758      4.8242
   2013.62839612      4.8083
   2013.62842466      4.3702
   2013.62845320      4.6040
   2013.62848174      4.8055
   2013.62851027      5.3024
   2013.62853881      4.8117
   2013.62856735      4.8192
   2013.62859589      4.5521
   2013.62862443      4.4601
   2013.62865297      4.7801
   2013.62868151      5.0687
   2013.62871005      5.1528
   2013.62873858      4.9997
   2013.62876712      4.6948
   2013.62879566      4.4088
   2013.62882420      4.2831
   2013.62885274      4.3462
   2013.62888128      4.4772
   2013.62890982      4.7239
   2013.62893836      4.3223
   2013.62896689      4.0147
   2013.62899543      3.7516
   2013.62902397      3.4607
   2013.62905251      3.4856
   2013.62908105      3.3827
   2013.62910959      3.1314
   2013.62913813      2.9609
   2013.62916667      2.7867
   2013.62919521      2.5862
   2013.62922374      2.3663
   2013.62925228      2.2984
   2013.62928082      2.1016
   2013.62930936      1.9568
   2013.62933790      1.8293
   2013.62936644      1.6400
   2013.62939498      1.5290
   2013.62942352      1.4129
   2013.62945205      1.3013
   2013.62948059      1.2224
   2013.62950913      1.1045
   2013.62953767      0.9961
   2013.62956621      0.9266
   2013.62959475      0.8489
   2013.62962329      0.7748
   2013.62965183      0.7064
   2013.62968037      0.6444
   2013.62970890      0.5890
   2013.62973744      0.5391
   2013.62976598      0.4946
   2013.62979452      0.4549
   2013.62982306      0.4192
   2013.62985160      0.3869
   2013.62988014      0.3576
   2013.62990868      0.3309
   2013.62993721      0.3065
   2013.62996575      0.2842
   2013.62999429      0.2639
   2013.63002283      0.2451
   2013.63005137      0.2277
   2013.63007991      0.2117
   2013.63010845      0.1969
   2013.63013699      0.1833
   2013.63016553      0.1708
   2013.63019406      0.1592
   2013.63022260      0.1486
   2013.63025114      0.1387
   2013.63027968      0.1296
   2013.63030822      0.1212
   2013.63033676      0.1133
   2013.63036530      0.1061
