   2013.62465753      0.0000
   2013.62468607      0.0000
   2013.62471461      0.0000
   2013.62474315      0.0000
   2013.62477169      0.0000
   2013.62480023      0.0000
   2013.62482877      0.0000
   2013.62485731      0.0000
   2013.62488584      0.0000
   2013.62491438      0.0000
   2013.62494292      0.0000
   2013.62497146      0.0000
   2013.62500000      0.0000
   2013.62502854      0.0000
   2013.62505708      0.0000
   2013.62508562      0.0000
   2013.62511416      0.0000
   2013.62514269      0.0000
   2013.62517123      0.0000
   2013.62519977      0.0000
   2013.62522831      0.0000
   2013.62525685      0.0000
   2013.62528539      0.0000
   2013.62531393      0.0000
   2013.62534247      0.0000
   2013.62537100      0.0000
   2013.62539954      0.0000
   2013.62542808      0.0000
   2013.62545662      0.0000
   2013.62548516      0.0000
   2013.62551370      0.0000
   2013.62554224      0.0000
   2013.62557078      0.0000
   2013.62559932      0.0000
   2013.62562785      0.0000
   2013.62565639      0.0000
   2013.62568493      0.0000
   2013.62571347      0.0000
   2013.62574201      0.0000
   2013.62577055      0.0000
   2013.62579909      0.0000
   2013.62582763      0.0000
   2013.62585616      0.0000
   2013.62588470      0.0000
   2013.62591324      0.0000
   2013.62594178      0.0000
   2013.62597032      0.0000
   2013.62599886      0.0000
   2013.62602740      0.0000
   2013.62605594      0.0000
   2013.62608447      0.0000
   2013.62611301      0.0000
   2013.62614155      0.0000
   2013.62617009      0.0000
   2013.62619863      0.0000
   2013.62622717      0.0000
   2013.62625571      0.0000
   2013.62628425      0.0000
   2013.62631279      0.0000
   2013.62634132      0.0000
   2013.62636986      0.0000
   2013.62639840      0.0000
   2013.62642694      0.0000
   2013.62645548      0.0000
   2013.62648402      0.0000
   2013.62651256      0.0000
   2013.62654110      0.0000
   2013.62656963      0.0000
   2013.62659817      0.0000
   2013.62662671      0.0000
   2013.62665525      0.0000
   2013.62668379      0.0000
   2013.62671233      0.0000
   2013.62674087      0.0000
   2013.62676941      0.0000
   2013.62679795      0.0000
   2013.62682648      0.0000
   2013.62685502      0.0000
   2013.62688356      0.0000
   2013.62691210      0.0000
   2013.62694064      0.0000
   2013.62696918      0.0062
   2013.62699772      0.0138
   2013.62702626      0.1095
   2013.62705479      0.2844
   2013.62708333      0.6907
   2013.62711187      1.6883
   2013.62714041      3.0370
   2013.62716895      4.7448
   2013.62719749      7.2393
   2013.62722603      9.9590
   2013.62725457     10.9973
   2013.62728311     10.1763
   2013.62731164      9.0028
   2013.62734018      7.9467
   2013.62736872      6.7199
   2013.62739726      5.6818
   2013.62742580      5.2223
   2013.62745434      4.1318
   2013.62748288      3.5136
   2013.62751142      3.2258
   2013.62753995      2.7190
   2013.62756849      2.3453
   2013.62759703      2.0415
   2013.62762557      1.7845
   2013.62765411      1.4697
   2013.62768265      1.3576
   2013.62771119      1.1861
   2013.62773973      1.0410
   2013.62776826      0.9388
   2013.62779680      0.8387
   2013.62782534      0.7490
   2013.62785388      0.6704
   2013.62788242      0.6024
   2013.62791096      0.5426
   2013.62793950      0.4902
   2013.62796804      0.4442
   2013.62799658      0.4036
   2013.62802511      0.3676
   2013.62805365      0.3356
   2013.62808219      0.3069
   2013.62811073      0.2812
   2013.62813927      0.2580
   2013.62816781      0.2369
   2013.62819635      0.2177
   2013.62822489      0.2002
   2013.62825342      0.1844
   2013.62828196      0.1699
   2013.62831050      0.1568
   2013.62833904      0.1449
   2013.62836758      0.1340
   2013.62839612      0.1240
   2013.62842466      0.1148
   2013.62845320      0.1064
