   2013.62465753      0.0000
   2013.62468607      0.0000
   2013.62471461      0.0000
   2013.62474315      0.0000
   2013.62477169      0.0000
   2013.62480023      0.0000
   2013.62482877      0.0000
   2013.62485731      0.0000
   2013.62488584      0.0000
   2013.62491438      0.0000
   2013.62494292      0.0000
   2013.62497146      0.0000
   2013.62500000      0.0000
   2013.62502854      0.0007
   2013.62505708      0.0015
   2013.62508562      0.0023
   2013.62511416      0.0037
   2013.62514269      0.0041
   2013.62517123      0.0099
   2013.62519977      0.0524
   2013.62522831      0.1000
   2013.62525685      0.1866
   2013.62528539      0.3461
   2013.62531393      0.6127
   2013.62534247      1.0607
   2013.62537100      1.7063
   2013.62539954      2.5311
   2013.62542808      3.6240
   2013.62545662      4.8733
   2013.62548516      5.7521
   2013.62551370      6.0809
   2013.62554224      6.1278
   2013.62557078      5.5013
   2013.62559932      5.4419
   2013.62562785      4.8984
   2013.62565639      4.5029
   2013.62568493      4.3585
   2013.62571347      3.7347
   2013.62574201      3.3235
   2013.62577055      3.0191
   2013.62579909      2.7610
   2013.62582763      2.4927
   2013.62585616      2.2547
   2013.62588470      2.0309
   2013.62591324      1.8179
   2013.62594178      1.7651
   2013.62597032      1.6396
   2013.62599886      1.4828
   2013.62602740      1.3081
   2013.62605594      1.3308
   2013.62608447      1.2438
   2013.62611301      1.1644
   2013.62614155      1.0789
   2013.62617009      1.0896
   2013.62619863      1.0500
   2013.62622717      1.0061
   2013.62625571      1.0121
   2013.62628425      0.9925
   2013.62631279      0.9897
   2013.62634132      0.9816
   2013.62636986      1.0140
   2013.62639840      1.0220
   2013.62642694      1.0447
   2013.62645548      1.0647
   2013.62648402      1.1326
   2013.62651256      1.1823
   2013.62654110      1.2411
   2013.62656963      1.2901
   2013.62659817      1.3916
   2013.62662671      1.4745
   2013.62665525      1.5412
   2013.62668379      1.5866
   2013.62671233      1.6920
   2013.62674087      1.7625
   2013.62676941      1.8081
   2013.62679795      1.8320
   2013.62682648      1.9260
   2013.62685502      1.9755
   2013.62688356      1.9972
   2013.62691210      2.0027
   2013.62694064      2.0744
   2013.62696918      2.0987
   2013.62699772      2.0957
   2013.62702626      2.0823
   2013.62705479      2.1275
   2013.62708333      2.1264
   2013.62711187      2.1065
   2013.62714041      2.0743
   2013.62716895      2.0974
   2013.62719749      2.0782
   2013.62722603      2.0475
   2013.62725457      2.0014
   2013.62728311      1.9661
   2013.62731164      1.9744
   2013.62734018      1.9360
   2013.62736872      1.8812
   2013.62739726      1.8347
   2013.62742580      1.8307
   2013.62745434      1.7883
   2013.62748288      1.6980
   2013.62751142      1.6832
   2013.62753995      1.6627
   2013.62756849      1.6186
   2013.62759703      1.5373
   2013.62762557      1.5123
   2013.62765411      1.4870
   2013.62768265      1.4439
   2013.62771119      1.3872
   2013.62773973      1.2382
   2013.62776826      1.3142
   2013.62779680      1.2763
   2013.62782534      1.2160
   2013.62785388      1.1874
   2013.62788242      1.1176
   2013.62791096      1.0946
   2013.62793950      1.0898
   2013.62796804      1.0377
   2013.62799658      0.9992
   2013.62802511      0.9609
   2013.62805365      0.9099
   2013.62808219      0.9004
   2013.62811073      0.8708
   2013.62813927      0.8358
   2013.62816781      0.8021
   2013.62819635      0.7877
   2013.62822489      0.7625
   2013.62825342      0.7347
   2013.62828196      0.7096
   2013.62831050      0.7049
   2013.62833904      0.6868
   2013.62836758      0.6653
   2013.62839612      0.6462
   2013.62842466      0.6483
   2013.62845320      0.6352
   2013.62848174      0.6195
   2013.62851027      0.6061
   2013.62853881      0.6164
   2013.62856735      0.6095
   2013.62859589      0.5999
   2013.62862443      0.5927
   2013.62865297      0.6124
   2013.62868151      0.6252
   2013.62871005      0.6161
   2013.62873858      0.6166
   2013.62876712      0.6227
   2013.62879566      0.6738
   2013.62882420      0.6643
   2013.62885274      0.6774
   2013.62888128      0.7200
   2013.62890982      0.7711
   2013.62893836      0.7707
   2013.62896689      0.7986
   2013.62899543      0.8609
   2013.62902397      0.8964
   2013.62905251      0.9396
   2013.62908105      0.9810
   2013.62910959      1.0650
   2013.62913813      1.1299
   2013.62916667      1.2003
   2013.62919521      1.2587
   2013.62922374      1.3653
   2013.62925228      1.4508
   2013.62928082      1.5217
   2013.62930936      1.5715
   2013.62933790      1.6794
   2013.62936644      1.7558
   2013.62939498      1.8066
   2013.62942352      1.8366
   2013.62945205      1.9393
   2013.62948059      2.0064
   2013.62950913      2.0323
   2013.62953767      2.0455
   2013.62956621      2.1363
   2013.62959475      2.1376
   2013.62962329      2.1854
   2013.62965183      2.1782
   2013.62968037      2.2498
   2013.62970890      2.2705
   2013.62973744      2.2542
   2013.62976598      2.2331
   2013.62979452      2.2773
   2013.62982306      2.2712
   2013.62985160      2.2410
   2013.62988014      2.2065
   2013.62990868      2.2284
   2013.62993721      2.2039
   2013.62996575      2.1677
   2013.62999429      2.1186
   2013.63002283      2.1255
   2013.63005137      2.0861
   2013.63007991      2.0436
   2013.63010845      1.9858
   2013.63013699      1.9358
   2013.63016553      1.9310
   2013.63019406      1.8852
   2013.63022260      1.8279
   2013.63025114      1.7410
   2013.63027968      1.6862
   2013.63030822      1.6198
   2013.63033676      1.5480
   2013.63036530      1.4683
   2013.63039384      1.3986
   2013.63042237      1.3310
   2013.63045091      1.2636
   2013.63047945      1.1951
   2013.63050799      1.1737
   2013.63053653      1.0700
   2013.63056507      1.0025
   2013.63059361      0.9323
   2013.63062215      0.8807
   2013.63065068      0.8238
   2013.63067922      0.7683
   2013.63070776      0.7146
   2013.63073630      0.6639
   2013.63076484      0.6174
   2013.63079338      0.5742
   2013.63082192      0.5343
   2013.63085046      0.4975
   2013.63087900      0.4635
   2013.63090753      0.4320
   2013.63093607      0.4027
   2013.63096461      0.3754
   2013.63099315      0.3499
   2013.63102169      0.3262
   2013.63105023      0.3042
   2013.63107877      0.2837
   2013.63110731      0.2648
   2013.63113584      0.2472
   2013.63116438      0.2307
   2013.63119292      0.2152
   2013.63122146      0.2009
   2013.63125000      0.1876
   2013.63127854      0.1753
   2013.63130708      0.1638
   2013.63133562      0.1532
   2013.63136416      0.1433
   2013.63139269      0.1342
   2013.63142123      0.1257
   2013.63144977      0.1177
   2013.63147831      0.1103
   2013.63150685      0.1035
