   2013.62465753      0.0000
   2013.62468607      0.0000
   2013.62471461      0.0000
   2013.62474315      0.0000
   2013.62477169      0.0000
   2013.62480023      0.0000
   2013.62482877      0.0000
   2013.62485731      0.0000
   2013.62488584      0.0000
   2013.62491438      0.0000
   2013.62494292      0.0000
   2013.62497146      0.0000
   2013.62500000      0.0000
   2013.62502854      0.0000
   2013.62505708      0.0000
   2013.62508562      0.0000
   2013.62511416      0.0000
   2013.62514269      0.0000
   2013.62517123      0.0000
   2013.62519977      0.0000
   2013.62522831      0.0000
   2013.62525685      0.0000
   2013.62528539      0.0000
   2013.62531393      0.0000
   2013.62534247      0.0000
   2013.62537100      0.0094
   2013.62539954      0.0492
   2013.62542808      0.0855
   2013.62545662      0.1684
   2013.62548516      0.3311
   2013.62551370      0.5944
   2013.62554224      0.9390
   2013.62557078      1.4309
   2013.62559932      2.1987
   2013.62562785      3.3324
   2013.62565639      4.7931
   2013.62568493      5.9112
   2013.62571347      6.5181
   2013.62574201      6.4051
   2013.62577055      6.3244
   2013.62579909      6.2696
   2013.62582763      6.3309
   2013.62585616      6.0623
   2013.62588470      6.1454
   2013.62591324      5.6425
   2013.62594178      5.7445
   2013.62597032      5.5679
   2013.62599886      5.5156
   2013.62602740      5.1861
   2013.62605594      5.3272
   2013.62608447      5.0339
   2013.62611301      4.9163
   2013.62614155      4.5447
   2013.62617009      4.7611
   2013.62619863      4.5278
   2013.62622717      4.5155
   2013.62625571      4.2837
   2013.62628425      4.5909
   2013.62631279      4.4915
   2013.62634132      4.6972
   2013.62636986      4.5960
   2013.62639840      5.0563
   2013.62642694      5.1874
   2013.62645548      5.4450
   2013.62648402      5.4511
   2013.62651256      5.8932
   2013.62654110      6.0743
   2013.62656963      6.2650
   2013.62659817      6.1085
   2013.62662671      6.5126
   2013.62665525      6.6167
   2013.62668379      6.6066
   2013.62671233      6.4674
   2013.62674087      6.8407
   2013.62676941      6.8919
   2013.62679795      6.8275
   2013.62682648      6.6578
   2013.62685502      6.9720
   2013.62688356      6.9864
   2013.62691210      6.8777
   2013.62694064      6.6428
   2013.62696918      6.9426
   2013.62699772      6.9200
   2013.62702626      6.7853
   2013.62705479      6.4934
   2013.62708333      6.7591
   2013.62711187      6.7000
   2013.62714041      6.5389
   2013.62716895      6.1950
   2013.62719749      6.6828
   2013.62722603      6.3404
   2013.62725457      6.1622
   2013.62728311      5.9247
   2013.62731164      6.1967
   2013.62734018      5.8942
   2013.62736872      5.9032
   2013.62739726      5.4572
   2013.62742580      5.6811
   2013.62745434      5.4009
   2013.62748288      5.3298
   2013.62751142      5.2391
   2013.62753995      5.0015
   2013.62756849      5.0047
   2013.62759703      4.7981
   2013.62762557      4.5322
   2013.62765411      4.5089
   2013.62768265      4.4699
   2013.62771119      4.3160
   2013.62773973      4.0932
   2013.62776826      4.0789
   2013.62779680      4.0216
   2013.62782534      3.8472
   2013.62785388      3.6810
   2013.62788242      3.7055
   2013.62791096      3.6078
   2013.62793950      3.7474
   2013.62796804      3.2618
   2013.62799658      3.4015
   2013.62802511      3.3317
   2013.62805365      3.4063
   2013.62808219      3.0963
   2013.62811073      3.1615
   2013.62813927      3.1042
   2013.62816781      3.0291
   2013.62819635      2.9572
   2013.62822489      3.0798
   2013.62825342      2.9670
   2013.62828196      2.9290
   2013.62831050      2.9931
   2013.62833904      3.0161
   2013.62836758      2.9377
   2013.62839612      2.9246
   2013.62842466      2.8986
   2013.62845320      3.0759
   2013.62848174      3.0281
   2013.62851027      3.0649
   2013.62853881      3.0136
   2013.62856735      3.2635
   2013.62859589      3.2503
   2013.62862443      3.2941
   2013.62865297      3.4969
   2013.62868151      3.5717
   2013.62871005      3.5755
   2013.62873858      3.7114
   2013.62876712      3.6810
   2013.62879566      4.0444
   2013.62882420      4.0562
   2013.62885274      4.2404
   2013.62888128      4.1831
   2013.62890982      4.6428
   2013.62893836      4.6514
   2013.62896689      4.9229
   2013.62899543      4.7798
   2013.62902397      5.3755
   2013.62905251      5.3031
   2013.62908105      5.4801
   2013.62910959      5.4170
   2013.62913813      5.8011
   2013.62916667      5.9431
   2013.62919521      6.1139
   2013.62922374      5.9707
   2013.62925228      6.3724
   2013.62928082      6.4965
   2013.62930936      6.6272
   2013.62933790      6.4310
   2013.62936644      6.8067
   2013.62939498      6.8950
   2013.62942352      6.9793
   2013.62945205      6.7535
   2013.62948059      7.0762
   2013.62950913      7.1294
   2013.62953767      7.1702
   2013.62956621      6.8931
   2013.62959475      7.1772
   2013.62962329      7.1939
   2013.62965183      7.1973
   2013.62968037      6.8589
   2013.62970890      7.1270
   2013.62973744      7.1020
   2013.62976598      6.9568
   2013.62979452      6.6674
   2013.62982306      6.9260
   2013.62985160      6.8626
   2013.62988014      6.6944
   2013.62990868      6.3699
   2013.62993721      6.8547
   2013.62996575      6.4865
   2013.62999429      6.3003
   2013.63002283      5.9784
   2013.63005137      6.3471
   2013.63007991      6.3494
   2013.63010845      6.2840
   2013.63013699      5.4472
   2013.63016553      5.5756
   2013.63019406      5.1360
   2013.63022260      5.3037
   2013.63025114      5.4381
   2013.63027968      5.2367
   2013.63030822      4.7805
   2013.63033676      4.5196
   2013.63036530      4.1267
   2013.63039384      4.0137
   2013.63042237      3.5268
   2013.63045091      3.3100
   2013.63047945      2.9985
   2013.63050799      2.7439
   2013.63053653      2.5067
   2013.63056507      2.3563
   2013.63059361      2.1278
   2013.63062215      1.8566
   2013.63065068      1.6880
   2013.63067922      1.5310
   2013.63070776      1.3852
   2013.63073630      1.2489
   2013.63076484      1.1371
   2013.63079338      1.0329
   2013.63082192      0.9427
   2013.63085046      0.8593
   2013.63087900      0.7811
   2013.63090753      0.7091
   2013.63093607      0.6450
   2013.63096461      0.5881
   2013.63099315      0.5370
   2013.63102169      0.4913
   2013.63105023      0.4505
   2013.63107877      0.4138
   2013.63110731      0.3806
   2013.63113584      0.3506
   2013.63116438      0.3234
   2013.63119292      0.2986
   2013.63122146      0.2761
   2013.63125000      0.2556
   2013.63127854      0.2367
   2013.63130708      0.2193
   2013.63133562      0.2033
   2013.63136416      0.1886
   2013.63139269      0.1752
   2013.63142123      0.1629
   2013.63144977      0.1515
   2013.63147831      0.1411
   2013.63150685      0.1315
   2013.63153539      0.1227
   2013.63156393      0.1145
   2013.63159247      0.1069
