   2013.62465753      0.0000
   2013.62468607      0.0000
   2013.62471461      0.0000
   2013.62474315      0.0000
   2013.62477169      0.0000
   2013.62480023      0.0000
   2013.62482877      0.0000
   2013.62485731      0.0000
   2013.62488584      0.0000
   2013.62491438      0.0000
   2013.62494292      0.0000
   2013.62497146      0.0000
   2013.62500000      0.0000
   2013.62502854      0.0000
   2013.62505708      0.0000
   2013.62508562      0.0000
   2013.62511416      0.0000
   2013.62514269      0.0000
   2013.62517123      0.0000
   2013.62519977      0.0000
   2013.62522831      0.0000
   2013.62525685      0.0000
   2013.62528539      0.0000
   2013.62531393      0.0000
   2013.62534247      0.0000
   2013.62537100      0.0000
   2013.62539954      0.0000
   2013.62542808      0.0000
   2013.62545662      0.0000
   2013.62548516      0.0000
   2013.62551370      0.0000
   2013.62554224      0.0000
   2013.62557078      0.0000
   2013.62559932      0.0000
   2013.62562785      0.0000
   2013.62565639      0.0000
   2013.62568493      0.0000
   2013.62571347      0.0000
   2013.62574201      0.0000
   2013.62577055      0.0000
   2013.62579909      0.0000
   2013.62582763      0.0000
   2013.62585616      0.0000
   2013.62588470      0.0000
   2013.62591324      0.0000
   2013.62594178      0.0000
   2013.62597032      0.0000
   2013.62599886      0.0000
   2013.62602740      0.0000
   2013.62605594      0.0000
   2013.62608447      0.0000
   2013.62611301      0.0000
   2013.62614155      0.0000
   2013.62617009      0.0000
   2013.62619863      0.0000
   2013.62622717      0.0000
   2013.62625571      0.0000
   2013.62628425      0.0000
   2013.62631279      0.0000
   2013.62634132      0.0000
   2013.62636986      0.0000
   2013.62639840      0.0000
   2013.62642694      0.0000
   2013.62645548      0.0000
   2013.62648402      0.0000
   2013.62651256     11.7274
   2013.62654110     45.6837
   2013.62656963     98.7785
   2013.62659817    108.9716
   2013.62662671     82.0701
   2013.62665525     56.4446
   2013.62668379     41.3508
   2013.62671233     30.6748
   2013.62674087     26.6544
   2013.62676941     23.4634
   2013.62679795     21.2318
   2013.62682648     19.5635
   2013.62685502     19.4219
   2013.62688356     19.2131
   2013.62691210     18.9700
   2013.62694064     18.2571
   2013.62696918     18.5551
   2013.62699772     18.8447
   2013.62702626     18.7583
   2013.62705479     18.1614
   2013.62708333     18.7292
   2013.62711187     18.6742
   2013.62714041     18.5500
   2013.62716895     17.9574
   2013.62719749     18.3768
   2013.62722603     18.3724
   2013.62725457     18.1695
   2013.62728311     18.2965
   2013.62731164     17.8974
   2013.62734018     17.8875
   2013.62736872     17.6590
   2013.62739726     17.7165
   2013.62742580     17.3689
   2013.62745434     17.3568
   2013.62748288     16.7123
   2013.62751142     15.5661
   2013.62753995     15.3628
   2013.62756849     14.3813
   2013.62759703     13.3911
   2013.62762557     12.0074
   2013.62765411     11.7774
   2013.62768265     11.1723
   2013.62771119     10.1332
   2013.62773973      9.1639
   2013.62776826      8.9796
   2013.62779680      8.5464
   2013.62782534      8.2937
   2013.62785388      7.7091
   2013.62788242      7.8677
   2013.62791096      7.8650
   2013.62793950      7.7733
   2013.62796804      7.4676
   2013.62799658      7.6890
   2013.62802511      7.6852
   2013.62805365      7.6292
   2013.62808219      7.3274
   2013.62811073      7.5436
   2013.62813927      7.5525
   2013.62816781      7.5159
   2013.62819635      7.2393
   2013.62822489      7.4697
   2013.62825342      7.4999
   2013.62828196      7.4905
   2013.62831050      7.2580
   2013.62833904      7.5261
   2013.62836758      7.6292
   2013.62839612      7.6209
   2013.62842466      7.6058
   2013.62845320      8.4469
   2013.62848174      8.3641
   2013.62851027      8.1975
   2013.62853881      7.6897
   2013.62856735      7.4281
   2013.62859589      7.7749
   2013.62862443      8.9439
   2013.62865297      9.2452
   2013.62868151      9.0890
   2013.62871005      8.3820
   2013.62873858      7.7512
   2013.62876712      7.0887
   2013.62879566      6.7312
   2013.62882420      6.8649
   2013.62885274      7.2530
   2013.62888128      7.5111
   2013.62890982      7.3657
   2013.62893836      6.6140
   2013.62896689      6.3138
   2013.62899543      5.5278
   2013.62902397      4.5676
   2013.62905251      4.2093
   2013.62908105      4.2140
   2013.62910959      3.7948
   2013.62913813      3.3914
   2013.62916667      3.1329
   2013.62919521      2.8593
   2013.62922374      2.7255
   2013.62925228      2.4186
   2013.62928082      2.1665
   2013.62930936      1.8678
   2013.62933790      1.6763
   2013.62936644      1.5001
   2013.62939498      1.4090
   2013.62942352      1.2147
   2013.62945205      1.0560
   2013.62948059      0.9792
   2013.62950913      0.8885
   2013.62953767      0.8024
   2013.62956621      0.7244
   2013.62959475      0.6550
   2013.62962329      0.5938
   2013.62965183      0.5393
   2013.62968037      0.4910
   2013.62970890      0.4483
   2013.62973744      0.4103
   2013.62976598      0.3763
   2013.62979452      0.3457
   2013.62982306      0.3181
   2013.62985160      0.2931
   2013.62988014      0.2705
   2013.62990868      0.2499
   2013.62993721      0.2309
   2013.62996575      0.2136
   2013.62999429      0.1977
   2013.63002283      0.1832
   2013.63005137      0.1699
   2013.63007991      0.1578
   2013.63010845      0.1466
   2013.63013699      0.1364
   2013.63016553      0.1270
   2013.63019406      0.1184
   2013.63022260      0.1104
   2013.63025114      0.1030
