   2013.62465753      0.0000
   2013.62468607      0.0000
   2013.62471461      0.0000
   2013.62474315      0.0000
   2013.62477169      0.0000
   2013.62480023      0.0000
   2013.62482877      0.0000
   2013.62485731      0.0000
   2013.62488584      0.0000
   2013.62491438      0.0000
   2013.62494292      0.0000
   2013.62497146      0.0000
   2013.62500000      0.0000
   2013.62502854      0.0000
   2013.62505708      0.0000
   2013.62508562      0.0000
   2013.62511416      0.0000
   2013.62514269      0.0000
   2013.62517123      0.0000
   2013.62519977      0.0000
   2013.62522831      0.0000
   2013.62525685      0.0000
   2013.62528539      0.0000
   2013.62531393      0.0000
   2013.62534247      0.0000
   2013.62537100      0.0000
   2013.62539954      0.0000
   2013.62542808      0.0000
   2013.62545662      0.0000
   2013.62548516      0.0000
   2013.62551370      0.0000
   2013.62554224      0.0000
   2013.62557078      0.0000
   2013.62559932      0.0000
   2013.62562785      0.0000
   2013.62565639      0.0000
   2013.62568493      0.0000
   2013.62571347      0.0000
   2013.62574201      0.0000
   2013.62577055      0.0000
   2013.62579909      0.0000
   2013.62582763      0.0000
   2013.62585616      0.0000
   2013.62588470      0.0000
   2013.62591324      0.0000
   2013.62594178      0.0026
   2013.62597032      0.0056
   2013.62599886      0.0083
   2013.62602740      0.0556
   2013.62605594      0.1343
   2013.62608447      0.3123
   2013.62611301      0.7578
   2013.62614155      1.7291
   2013.62617009      3.1430
   2013.62619863      5.3161
   2013.62622717      8.2140
   2013.62625571     10.8588
   2013.62628425     11.9897
   2013.62631279     11.5938
   2013.62634132     10.6353
   2013.62636986      9.4344
   2013.62639840      8.4290
   2013.62642694      7.2417
   2013.62645548      6.8096
   2013.62648402      5.4594
   2013.62651256      4.6954
   2013.62654110      4.1205
   2013.62656963      3.5867
   2013.62659817      3.2046
   2013.62662671      2.8406
   2013.62665525      2.5238
   2013.62668379      2.2250
   2013.62671233      1.9880
   2013.62674087      1.7872
   2013.62676941      1.6141
   2013.62679795      1.4618
   2013.62682648      1.3286
   2013.62685502      1.2279
   2013.62688356      1.1139
   2013.62691210      1.0065
   2013.62694064      0.9396
   2013.62696918      0.8666
   2013.62699772      0.7987
   2013.62702626      0.7370
   2013.62705479      0.6827
   2013.62708333      0.6339
   2013.62711187      0.5903
   2013.62714041      0.5514
   2013.62716895      0.5179
   2013.62719749      0.4867
   2013.62722603      0.4580
   2013.62725457      0.4318
   2013.62728311      0.4093
   2013.62731164      0.3875
   2013.62734018      0.3671
   2013.62736872      0.3482
   2013.62739726      0.3326
   2013.62742580      0.3170
   2013.62745434      0.3023
   2013.62748288      0.2886
   2013.62751142      0.2778
   2013.62753995      0.2666
   2013.62756849      0.2558
   2013.62759703      0.2457
   2013.62762557      0.2381
   2013.62765411      0.2296
   2013.62768265      0.2214
   2013.62771119      0.2137
   2013.62773973      0.2085
   2013.62776826      0.2024
   2013.62779680      0.1963
   2013.62782534      0.1907
   2013.62785388      0.1874
   2013.62788242      0.1829
   2013.62791096      0.1785
   2013.62793950      0.1743
   2013.62796804      0.1726
   2013.62799658      0.1695
   2013.62802511      0.1664
   2013.62805365      0.1635
   2013.62808219      0.1631
   2013.62811073      0.1612
   2013.62813927      0.1592
   2013.62816781      0.1575
   2013.62819635      0.1583
   2013.62822489      0.1575
   2013.62825342      0.1567
   2013.62828196      0.1560
   2013.62831050      0.1581
   2013.62833904      0.1585
   2013.62836758      0.1588
   2013.62839612      0.1594
   2013.62842466      0.1629
   2013.62845320      0.1646
   2013.62848174      0.1662
   2013.62851027      0.1681
   2013.62853881      0.1732
   2013.62856735      0.1764
   2013.62859589      0.1796
   2013.62862443      0.1829
   2013.62865297      0.1894
   2013.62868151      0.1940
   2013.62871005      0.1985
   2013.62873858      0.2034
   2013.62876712      0.2117
   2013.62879566      0.2182
   2013.62882420      0.2244
   2013.62885274      0.2306
   2013.62888128      0.2400
   2013.62890982      0.2472
   2013.62893836      0.2539
   2013.62896689      0.2605
   2013.62899543      0.2701
   2013.62902397      0.2773
   2013.62905251      0.2836
   2013.62908105      0.2896
   2013.62910959      0.2984
   2013.62913813      0.3045
   2013.62916667      0.3096
   2013.62919521      0.3142
   2013.62922374      0.3216
   2013.62925228      0.3263
   2013.62928082      0.3299
   2013.62930936      0.3331
   2013.62933790      0.3392
   2013.62936644      0.3424
   2013.62939498      0.3446
   2013.62942352      0.3465
   2013.62945205      0.3513
   2013.62948059      0.3533
   2013.62950913      0.3542
   2013.62953767      0.3549
   2013.62956621      0.3586
   2013.62959475      0.3595
   2013.62962329      0.3594
   2013.62965183      0.3591
   2013.62968037      0.3620
   2013.62970890      0.3620
   2013.62973744      0.3612
   2013.62976598      0.3601
   2013.62979452      0.3624
   2013.62982306      0.3619
   2013.62985160      0.3606
   2013.62988014      0.3591
   2013.62990868      0.3611
   2013.62993721      0.3603
   2013.62996575      0.3587
   2013.62999429      0.3570
   2013.63002283      0.3590
   2013.63005137      0.3582
   2013.63007991      0.3565
   2013.63010845      0.3549
   2013.63013699      0.3570
   2013.63016553      0.3563
   2013.63019406      0.3549
   2013.63022260      0.3534
   2013.63025114      0.3521
   2013.63027968      0.3507
   2013.63030822      0.3490
   2013.63033676      0.3472
   2013.63036530      0.3453
   2013.63039384      0.3431
   2013.63042237      0.3406
   2013.63045091      0.3377
   2013.63047945      0.3343
   2013.63050799      0.3307
   2013.63053653      0.3269
   2013.63056507      0.3229
   2013.63059361      0.3189
   2013.63062215      0.3147
   2013.63065068      0.3104
   2013.63067922      0.3059
   2013.63070776      0.3013
   2013.63073630      0.2965
   2013.63076484      0.2916
   2013.63079338      0.2865
   2013.63082192      0.2813
   2013.63085046      0.2761
   2013.63087900      0.2707
   2013.63090753      0.2654
   2013.63093607      0.2599
   2013.63096461      0.2545
   2013.63099315      0.2490
   2013.63102169      0.2435
   2013.63105023      0.2380
   2013.63107877      0.2324
   2013.63110731      0.2268
   2013.63113584      0.2210
   2013.63116438      0.2153
   2013.63119292      0.2096
   2013.63122146      0.2039
   2013.63125000      0.1983
   2013.63127854      0.1928
   2013.63130708      0.1874
   2013.63133562      0.1820
   2013.63136416      0.1767
   2013.63139269      0.1716
   2013.63142123      0.1665
   2013.63144977      0.1615
   2013.63147831      0.1566
   2013.63150685      0.1518
   2013.63153539      0.1472
   2013.63156393      0.1427
   2013.63159247      0.1383
   2013.63162100      0.1340
   2013.63164954      0.1299
   2013.63167808      0.1259
   2013.63170662      0.1221
   2013.63173516      0.1183
   2013.63176370      0.1147
   2013.63179224      0.1113
   2013.63182078      0.1079
   2013.63184932      0.1047
   2013.63187785      0.1015
