   2013.62465753      0.0000
   2013.62468607      0.0000
   2013.62471461      0.0000
   2013.62474315      0.0000
   2013.62477169      0.0000
   2013.62480023      0.0000
   2013.62482877      0.0000
   2013.62485731      0.0000
   2013.62488584      0.0000
   2013.62491438      0.0000
   2013.62494292      0.0000
   2013.62497146      0.0000
   2013.62500000      0.0000
   2013.62502854      0.0000
   2013.62505708      0.0000
   2013.62508562      0.0000
   2013.62511416      0.0000
   2013.62514269      0.0000
   2013.62517123      0.0000
   2013.62519977      0.0000
   2013.62522831      0.0000
   2013.62525685      0.0000
   2013.62528539      0.0000
   2013.62531393      0.0000
   2013.62534247      0.0000
   2013.62537100      0.0000
   2013.62539954      0.0000
   2013.62542808      0.0000
   2013.62545662      0.0000
   2013.62548516      0.0000
   2013.62551370      0.0000
   2013.62554224      0.0000
   2013.62557078      0.0000
   2013.62559932      0.0000
   2013.62562785      0.0000
   2013.62565639      0.0000
   2013.62568493      0.0000
   2013.62571347      0.0000
   2013.62574201      0.0000
   2013.62577055      0.0000
   2013.62579909      0.0000
   2013.62582763      0.0000
   2013.62585616      0.0000
   2013.62588470      0.0000
   2013.62591324      0.0000
   2013.62594178      0.0000
   2013.62597032      0.0000
   2013.62599886      0.0000
   2013.62602740      0.0000
   2013.62605594      0.0000
   2013.62608447      0.0000
   2013.62611301      0.0000
   2013.62614155      0.0000
   2013.62617009      0.0000
   2013.62619863      0.0000
   2013.62622717      0.0000
   2013.62625571      0.0000
   2013.62628425      0.0000
   2013.62631279      0.0000
   2013.62634132      0.0000
   2013.62636986      0.0000
   2013.62639840      0.0000
   2013.62642694      0.0000
   2013.62645548      0.0000
   2013.62648402      0.0000
   2013.62651256      0.0000
   2013.62654110      0.0000
   2013.62656963      0.0000
   2013.62659817      0.0000
   2013.62662671      0.0000
   2013.62665525      0.0000
   2013.62668379      0.0000
   2013.62671233      0.0000
   2013.62674087     38.6617
   2013.62676941    129.5379
   2013.62679795    179.6058
   2013.62682648    160.1409
   2013.62685502    105.7232
   2013.62688356     70.2255
   2013.62691210     48.5809
   2013.62694064     37.8812
   2013.62696918     33.5932
   2013.62699772     31.2864
   2013.62702626     29.4563
   2013.62705479     27.1522
   2013.62708333     27.3262
   2013.62711187     25.0697
   2013.62714041     22.3680
   2013.62716895     20.2835
   2013.62719749     19.0520
   2013.62722603     17.4492
   2013.62725457     15.8326
   2013.62728311     14.6029
   2013.62731164     14.0479
   2013.62734018     13.5844
   2013.62736872     13.0459
   2013.62739726     12.5102
   2013.62742580     12.7603
   2013.62745434     12.4691
   2013.62748288     11.9495
   2013.62751142     11.2484
   2013.62753995     11.5536
   2013.62756849     11.2445
   2013.62759703     10.8743
   2013.62762557     10.1784
   2013.62765411     10.4854
   2013.62768265     10.2441
   2013.62771119      9.9112
   2013.62773973      9.3519
   2013.62776826      9.6310
   2013.62779680      9.5647
   2013.62782534      9.1280
   2013.62785388      8.7484
   2013.62788242      8.9065
   2013.62791096      8.7895
   2013.62793950      8.5534
   2013.62796804      8.2097
   2013.62799658      8.3896
   2013.62802511      8.2004
   2013.62805365      8.3043
   2013.62808219      7.8141
   2013.62811073      8.0272
   2013.62813927      8.1789
   2013.62816781      7.9871
   2013.62819635      7.6872
   2013.62822489      8.0056
   2013.62825342      7.8995
   2013.62828196      7.9977
   2013.62831050      7.7745
   2013.62833904      8.0827
   2013.62836758      8.2218
   2013.62839612      8.1518
   2013.62842466      8.1158
   2013.62845320      8.5525
   2013.62848174      8.6294
   2013.62851027      8.7533
   2013.62853881      8.9093
   2013.62856735      9.3544
   2013.62859589      9.5134
   2013.62862443      9.5480
   2013.62865297      9.4598
   2013.62868151     10.2832
   2013.62871005     10.4719
   2013.62873858     10.5024
   2013.62876712     10.4713
   2013.62879566     11.4050
   2013.62882420     11.6840
   2013.62885274     11.7030
   2013.62888128     12.0618
   2013.62890982     12.7752
   2013.62893836     13.1355
   2013.62896689     13.1150
   2013.62899543     13.4500
   2013.62902397     14.3241
   2013.62905251     14.6774
   2013.62908105     14.5810
   2013.62910959     14.8728
   2013.62913813     15.8249
   2013.62916667     16.1410
   2013.62919521     15.9517
   2013.62922374     16.1240
   2013.62925228     16.7253
   2013.62928082     17.3362
   2013.62930936     17.0207
   2013.62933790     17.7424
   2013.62936644     18.2464
   2013.62939498     18.1350
   2013.62942352     17.6253
   2013.62945205     16.5293
   2013.62948059     17.0748
   2013.62950913     20.7139
   2013.62953767     21.4783
   2013.62956621     19.5373
   2013.62959475     16.8415
   2013.62962329     15.0431
   2013.62965183     13.4316
   2013.62968037     13.1825
   2013.62970890     14.6109
   2013.62973744     15.3866
   2013.62976598     14.6458
   2013.62979452     12.7406
   2013.62982306     10.9064
   2013.62985160      9.3578
   2013.62988014      8.1634
   2013.62990868      7.3334
   2013.62993721      6.8690
   2013.62996575      7.1113
   2013.62999429      5.9628
   2013.63002283      5.8263
   2013.63005137      4.7763
   2013.63007991      4.1440
   2013.63010845      3.6581
   2013.63013699      3.2501
   2013.63016553      3.0169
   2013.63019406      2.5839
   2013.63022260      2.2697
   2013.63025114      1.9284
   2013.63027968      1.7143
   2013.63030822      1.5248
   2013.63033676      1.3594
   2013.63036530      1.2293
   2013.63039384      1.1011
   2013.63042237      0.9883
   2013.63045091      0.9000
   2013.63047945      0.8151
   2013.63050799      0.7383
   2013.63053653      0.6695
   2013.63056507      0.6088
   2013.63059361      0.5548
   2013.63062215      0.5068
   2013.63065068      0.4642
   2013.63067922      0.4263
   2013.63070776      0.3922
   2013.63073630      0.3614
   2013.63076484      0.3335
   2013.63079338      0.3081
   2013.63082192      0.2851
   2013.63085046      0.2640
   2013.63087900      0.2447
   2013.63090753      0.2268
   2013.63093607      0.2104
   2013.63096461      0.1953
   2013.63099315      0.1815
   2013.63102169      0.1688
   2013.63105023      0.1571
   2013.63107877      0.1464
   2013.63110731      0.1365
   2013.63113584      0.1273
   2013.63116438      0.1189
   2013.63119292      0.1110
   2013.63122146      0.1038
