   2013.62465753      0.0000
   2013.62468607      0.0000
   2013.62471461      0.0000
   2013.62474315      0.0000
   2013.62477169      0.0000
   2013.62480023      0.0013
   2013.62482877      0.0038
   2013.62485731      0.0060
   2013.62488584      0.0103
   2013.62491438      0.0883
   2013.62494292      0.1934
   2013.62497146      0.4775
   2013.62500000      1.2443
   2013.62502854      2.8146
   2013.62505708      5.5698
   2013.62508562     10.1512
   2013.62511416     15.1342
   2013.62514269     18.8616
   2013.62517123     19.6932
   2013.62519977     18.7887
   2013.62522831     16.8870
   2013.62525685     15.5296
   2013.62528539     13.8531
   2013.62531393     12.1610
   2013.62534247     10.6365
   2013.62537100      9.8467
   2013.62539954      8.9117
   2013.62542808      8.1004
   2013.62545662      7.3000
   2013.62548516      7.1448
   2013.62551370      6.7682
   2013.62554224      6.5261
   2013.62557078      6.2587
   2013.62559932      6.3952
   2013.62562785      6.3673
   2013.62565639      6.3016
   2013.62568493      6.2692
   2013.62571347      6.4546
   2013.62574201      6.5061
   2013.62577055      6.4611
   2013.62579909      6.4500
   2013.62582763      6.7094
   2013.62585616      6.7796
   2013.62588470      6.7394
   2013.62591324      6.9887
   2013.62594178      7.3107
   2013.62597032      7.7025
   2013.62599886      8.1505
   2013.62602740      8.4011
   2013.62605594      8.5664
   2013.62608447      8.6061
   2013.62611301      8.4036
   2013.62614155      7.9438
   2013.62617009      7.0563
   2013.62619863      6.3253
   2013.62622717      5.3741
   2013.62625571      4.8600
   2013.62628425      4.2623
   2013.62631279      3.7297
   2013.62634132      3.3460
   2013.62636986      3.1776
   2013.62639840      2.9817
   2013.62642694      2.7629
   2013.62645548      2.6888
   2013.62648402      2.2850
   2013.62651256      2.0703
   2013.62654110      1.9193
   2013.62656963      1.7451
   2013.62659817      1.5694
   2013.62662671      1.4089
   2013.62665525      1.2929
   2013.62668379      1.1474
   2013.62671233      1.0200
   2013.62674087      0.9341
   2013.62676941      0.8452
   2013.62679795      0.7634
   2013.62682648      0.6896
   2013.62685502      0.6243
   2013.62688356      0.5662
   2013.62691210      0.5147
   2013.62694064      0.4690
   2013.62696918      0.4285
   2013.62699772      0.3923
   2013.62702626      0.3598
   2013.62705479      0.3306
   2013.62708333      0.3041
   2013.62711187      0.2802
   2013.62714041      0.2585
   2013.62716895      0.2386
   2013.62719749      0.2203
   2013.62722603      0.2036
   2013.62725457      0.1883
   2013.62728311      0.1744
   2013.62731164      0.1617
   2013.62734018      0.1500
   2013.62736872      0.1393
   2013.62739726      0.1295
   2013.62742580      0.1205
   2013.62745434      0.1122
   2013.62748288      0.1045
