   2013.62465753      0.0000
   2013.62468607      0.0000
   2013.62471461      0.0000
   2013.62474315      0.0000
   2013.62477169      0.0000
   2013.62480023      0.0000
   2013.62482877      0.0000
   2013.62485731      0.0000
   2013.62488584      0.0000
   2013.62491438      0.0000
   2013.62494292      0.0000
   2013.62497146      0.0000
   2013.62500000      0.0000
   2013.62502854      0.0000
   2013.62505708      0.0000
   2013.62508562      0.0000
   2013.62511416      0.0000
   2013.62514269      0.0000
   2013.62517123      0.0000
   2013.62519977      0.0000
   2013.62522831      0.0000
   2013.62525685      0.0000
   2013.62528539      0.0000
   2013.62531393      0.0000
   2013.62534247      0.0000
   2013.62537100      0.0000
   2013.62539954      0.0000
   2013.62542808      0.0000
   2013.62545662      0.0000
   2013.62548516      0.0003
   2013.62551370      0.0015
   2013.62554224      0.0027
   2013.62557078      0.0037
   2013.62559932      0.0047
   2013.62562785      0.0183
   2013.62565639      0.0500
   2013.62568493      0.0739
   2013.62571347      0.1206
   2013.62574201      0.1879
   2013.62577055      0.2753
   2013.62579909      0.3741
   2013.62582763      0.4945
   2013.62585616      0.6137
   2013.62588470      0.7355
   2013.62591324      0.8846
   2013.62594178      1.1137
   2013.62597032      1.4115
   2013.62599886      1.6677
   2013.62602740      1.7586
   2013.62605594      1.7478
   2013.62608447      1.7150
   2013.62611301      1.5955
   2013.62614155      1.4612
   2013.62617009      1.3270
   2013.62619863      1.2175
   2013.62622717      1.0952
   2013.62625571      0.9836
   2013.62628425      0.8957
   2013.62631279      0.8090
   2013.62634132      0.7295
   2013.62636986      0.6580
   2013.62639840      0.5947
   2013.62642694      0.5382
   2013.62645548      0.4881
   2013.62648402      0.4438
   2013.62651256      0.4045
   2013.62654110      0.3695
   2013.62656963      0.3381
   2013.62659817      0.3098
   2013.62662671      0.2844
   2013.62665525      0.2614
   2013.62668379      0.2405
   2013.62671233      0.2213
   2013.62674087      0.2039
   2013.62676941      0.1880
   2013.62679795      0.1736
   2013.62682648      0.1605
   2013.62685502      0.1485
   2013.62688356      0.1375
   2013.62691210      0.1275
   2013.62694064      0.1183
   2013.62696918      0.1098
   2013.62699772      0.1021
