   2013.62465753      0.0000
   2013.62468607      0.0000
   2013.62471461      0.0000
   2013.62474315      0.0000
   2013.62477169      0.0000
   2013.62480023      0.0000
   2013.62482877      0.0000
   2013.62485731      0.0000
   2013.62488584      0.0000
   2013.62491438      0.0000
   2013.62494292      0.0000
   2013.62497146      0.0000
   2013.62500000      0.0000
   2013.62502854      0.0002
   2013.62505708      0.0001
   2013.62508562      0.0001
   2013.62511416      0.0002
   2013.62514269      0.0001
   2013.62517123      0.0001
   2013.62519977      0.0001
   2013.62522831      0.0001
   2013.62525685      0.0001
   2013.62528539      0.0001
   2013.62531393      0.0001
   2013.62534247      0.0001
   2013.62537100      0.0006
   2013.62539954      0.0011
   2013.62542808      0.0015
   2013.62545662      0.0018
   2013.62548516      0.0021
   2013.62551370      0.0024
   2013.62554224      0.0102
   2013.62557078      0.0434
   2013.62559932      0.0718
   2013.62562785      0.1165
   2013.62565639      0.1803
   2013.62568493      0.2522
   2013.62571347      0.3553
   2013.62574201      0.4795
   2013.62577055      0.6146
   2013.62579909      0.7826
   2013.62582763      0.9491
   2013.62585616      1.1283
   2013.62588470      1.3309
   2013.62591324      1.5300
   2013.62594178      1.6713
   2013.62597032      1.7159
   2013.62599886      1.7259
   2013.62602740      1.6983
   2013.62605594      1.6429
   2013.62608447      1.5653
   2013.62611301      1.4827
   2013.62614155      1.4118
   2013.62617009      1.3345
   2013.62619863      1.2552
   2013.62622717      1.2240
   2013.62625571      1.1323
   2013.62628425      1.0679
   2013.62631279      1.0083
   2013.62634132      0.9448
   2013.62636986      0.9291
   2013.62639840      0.9260
   2013.62642694      0.8539
   2013.62645548      0.8251
   2013.62648402      0.8464
   2013.62651256      0.8807
   2013.62654110      0.8832
   2013.62656963      0.8977
   2013.62659817      0.9870
   2013.62662671      1.0486
   2013.62665525      1.0800
   2013.62668379      1.2198
   2013.62671233      1.3172
   2013.62674087      1.5733
   2013.62676941      1.8439
   2013.62679795      2.0998
   2013.62682648      2.4917
   2013.62685502      3.0201
   2013.62688356      3.4313
   2013.62691210      3.8933
   2013.62694064      4.0572
   2013.62696918      4.7552
   2013.62699772      4.9296
   2013.62702626      5.2197
   2013.62705479      5.3875
   2013.62708333      5.5007
   2013.62711187      5.5887
   2013.62714041      5.7433
   2013.62716895      5.3473
   2013.62719749      5.4904
   2013.62722603      5.3994
   2013.62725457      5.3321
   2013.62728311      4.9480
   2013.62731164      4.9961
   2013.62734018      4.8971
   2013.62736872      4.6766
   2013.62739726      4.3261
   2013.62742580      4.3788
   2013.62745434      4.2311
   2013.62748288      3.9979
   2013.62751142      3.9641
   2013.62753995      3.8023
   2013.62756849      3.6561
   2013.62759703      3.7496
   2013.62762557      3.2093
   2013.62765411      3.3032
   2013.62768265      3.1936
   2013.62771119      3.0608
   2013.62773973      2.9678
   2013.62776826      2.8573
   2013.62779680      2.7345
   2013.62782534      2.6128
   2013.62785388      2.5368
   2013.62788242      2.4269
   2013.62791096      2.3262
   2013.62793950      2.2215
   2013.62796804      2.1430
   2013.62799658      2.0505
   2013.62802511      1.9645
   2013.62805365      1.8736
   2013.62808219      1.8024
   2013.62811073      1.7218
   2013.62813927      1.6511
   2013.62816781      1.5760
   2013.62819635      1.5127
   2013.62822489      1.4447
   2013.62825342      1.3813
   2013.62828196      1.3188
   2013.62831050      1.2594
   2013.62833904      1.2087
   2013.62836758      1.1385
   2013.62839612      1.1477
   2013.62842466      1.0724
   2013.62845320      1.0221
   2013.62848174      0.9791
   2013.62851027      0.9233
   2013.62853881      0.8988
   2013.62856735      0.8633
   2013.62859589      0.8269
   2013.62862443      0.7918
   2013.62865297      0.7638
   2013.62868151      0.7342
   2013.62871005      0.7054
   2013.62873858      0.6791
   2013.62876712      0.6625
   2013.62879566      0.6414
   2013.62882420      0.6201
   2013.62885274      0.6004
   2013.62888128      0.5943
   2013.62890982      0.5802
   2013.62893836      0.5654
   2013.62896689      0.5528
   2013.62899543      0.5613
   2013.62902397      0.5569
   2013.62905251      0.5511
   2013.62908105      0.5487
   2013.62910959      0.5810
   2013.62913813      0.6134
   2013.62916667      0.6231
   2013.62919521      0.6434
   2013.62922374      0.7226
   2013.62925228      0.7736
   2013.62928082      0.8334
   2013.62930936      0.9067
   2013.62933790      1.0168
   2013.62936644      1.1387
   2013.62939498      1.3148
   2013.62942352      1.5027
   2013.62945205      1.7510
   2013.62948059      2.1737
   2013.62950913      2.5311
   2013.62953767      2.8674
   2013.62956621      3.1924
   2013.62959475      3.8618
   2013.62962329      4.1633
   2013.62965183      4.6189
   2013.62968037      4.7915
   2013.62970890      5.5597
   2013.62973744      5.6084
   2013.62976598      5.8379
   2013.62979452      5.7567
   2013.62982306      6.0027
   2013.62985160      6.0083
   2013.62988014      5.8922
   2013.62990868      5.6457
   2013.62993721      5.7594
   2013.62996575      5.6293
   2013.62999429      5.5354
   2013.63002283      5.0984
   2013.63005137      5.1263
   2013.63007991      5.0303
   2013.63010845      4.7977
   2013.63013699      4.4177
   2013.63016553      4.4208
   2013.63019406      4.2665
   2013.63022260      4.0260
   2013.63025114      3.9207
   2013.63027968      3.9735
   2013.63030822      3.6882
   2013.63033676      3.3291
   2013.63036530      3.1850
   2013.63039384      2.9997
   2013.63042237      2.8117
   2013.63045091      2.5846
   2013.63047945      2.4165
   2013.63050799      2.2550
   2013.63053653      2.0996
   2013.63056507      1.9518
   2013.63059361      1.8044
   2013.63062215      1.6721
   2013.63065068      1.5530
   2013.63067922      1.4422
   2013.63070776      1.3382
   2013.63073630      1.2392
   2013.63076484      1.1620
   2013.63079338      1.0715
   2013.63082192      0.9808
   2013.63085046      0.9215
   2013.63087900      0.8559
   2013.63090753      0.7937
   2013.63093607      0.7358
   2013.63096461      0.6827
   2013.63099315      0.6352
   2013.63102169      0.5925
   2013.63105023      0.5537
   2013.63107877      0.5186
   2013.63110731      0.4865
   2013.63113584      0.4572
   2013.63116438      0.4301
   2013.63119292      0.4050
   2013.63122146      0.3818
   2013.63125000      0.3603
   2013.63127854      0.3403
   2013.63130708      0.3218
   2013.63133562      0.3047
   2013.63136416      0.2889
   2013.63139269      0.2741
   2013.63142123      0.2604
   2013.63144977      0.2476
   2013.63147831      0.2355
   2013.63150685      0.2241
   2013.63153539      0.2134
   2013.63156393      0.2035
   2013.63159247      0.1941
   2013.63162100      0.1853
   2013.63164954      0.1771
   2013.63167808      0.1693
   2013.63170662      0.1620
   2013.63173516      0.1552
   2013.63176370      0.1487
   2013.63179224      0.1425
   2013.63182078      0.1367
   2013.63184932      0.1313
   2013.63187785      0.1261
   2013.63190639      0.1212
   2013.63193493      0.1166
   2013.63196347      0.1122
   2013.63199201      0.1081
   2013.63202055      0.1041
   2013.63204909      0.1004
