   2013.62465753      0.0000
   2013.62468607      0.0000
   2013.62471461      0.0000
   2013.62474315      0.0000
   2013.62477169      0.0000
   2013.62480023      0.0000
   2013.62482877      0.0000
   2013.62485731      0.0000
   2013.62488584      0.0000
   2013.62491438      0.0000
   2013.62494292      0.0000
   2013.62497146      0.0000
   2013.62500000      0.0000
   2013.62502854      0.0000
   2013.62505708      0.0000
   2013.62508562      0.0000
   2013.62511416      0.0000
   2013.62514269      0.0000
   2013.62517123      0.0000
   2013.62519977      0.0000
   2013.62522831      0.0000
   2013.62525685      0.0000
   2013.62528539      0.0000
   2013.62531393      0.0000
   2013.62534247      0.0000
   2013.62537100      0.0000
   2013.62539954      0.0000
   2013.62542808      0.0000
   2013.62545662      0.0000
   2013.62548516      0.0000
   2013.62551370      0.0000
   2013.62554224      0.0000
   2013.62557078      0.0000
   2013.62559932      0.0000
   2013.62562785      0.0000
   2013.62565639      0.0000
   2013.62568493      0.0000
   2013.62571347      0.0003
   2013.62574201      0.0011
   2013.62577055      0.0017
   2013.62579909      0.0022
   2013.62582763      0.0026
   2013.62585616      0.0030
   2013.62588470      0.0035
   2013.62591324      0.0336
   2013.62594178      0.0697
   2013.62597032      0.1206
   2013.62599886      0.2148
   2013.62602740      0.3585
   2013.62605594      0.5708
   2013.62608447      0.8899
   2013.62611301      1.3622
   2013.62614155      2.0588
   2013.62617009      3.0598
   2013.62619863      4.2222
   2013.62622717      5.1334
   2013.62625571      5.6964
   2013.62628425      6.0183
   2013.62631279      6.1962
   2013.62634132      6.2961
   2013.62636986      6.3540
   2013.62639840      6.3885
   2013.62642694      6.4094
   2013.62645548      6.4223
   2013.62648402      6.4302
   2013.62651256      6.4352
   2013.62654110      6.4383
   2013.62656963      6.4403
   2013.62659817      6.4415
   2013.62662671      6.4423
   2013.62665525      6.4425
   2013.62668379      6.3333
   2013.62671233      6.2026
   2013.62674087      6.0177
   2013.62676941      5.7173
   2013.62679795      5.4298
   2013.62682648      5.2274
   2013.62685502      4.7623
   2013.62688356      4.5142
   2013.62691210      4.2142
   2013.62694064      3.9260
   2013.62696918      3.5657
   2013.62699772      3.2387
   2013.62702626      2.9930
   2013.62705479      2.7250
   2013.62708333      2.4715
   2013.62711187      2.3217
   2013.62714041      2.0674
   2013.62716895      1.8769
   2013.62719749      1.7090
   2013.62722603      1.5595
   2013.62725457      1.4242
   2013.62728311      1.3020
   2013.62731164      1.2107
   2013.62734018      1.1028
   2013.62736872      0.9985
   2013.62739726      0.9326
   2013.62742580      0.8608
   2013.62745434      0.7936
   2013.62748288      0.7320
   2013.62751142      0.6761
   2013.62753995      0.6266
   2013.62756849      0.5823
   2013.62759703      0.5424
   2013.62762557      0.5065
   2013.62765411      0.4740
   2013.62768265      0.4444
   2013.62771119      0.4172
   2013.62773973      0.3921
   2013.62776826      0.3690
   2013.62779680      0.3476
   2013.62782534      0.3278
   2013.62785388      0.3096
   2013.62788242      0.2927
   2013.62791096      0.2771
   2013.62793950      0.2626
   2013.62796804      0.2491
   2013.62799658      0.2364
   2013.62802511      0.2244
   2013.62805365      0.2132
   2013.62808219      0.2028
   2013.62811073      0.1930
   2013.62813927      0.1838
   2013.62816781      0.1752
   2013.62819635      0.1671
   2013.62822489      0.1452
   2013.62825342      0.1320
   2013.62828196      0.1213
   2013.62831050      0.1121
   2013.62833904      0.1040
