   2013.62465753      0.0000
   2013.62468607      0.0000
   2013.62471461      0.0000
   2013.62474315      0.0000
   2013.62477169      0.0000
   2013.62480023      0.0000
   2013.62482877      0.0000
   2013.62485731      0.0000
   2013.62488584      0.0000
   2013.62491438      0.0000
   2013.62494292      0.0000
   2013.62497146      0.0000
   2013.62500000      0.0000
   2013.62502854      0.0000
   2013.62505708      0.0000
   2013.62508562      0.0000
   2013.62511416      0.0000
   2013.62514269      0.0105
   2013.62517123      0.0615
   2013.62519977      0.1106
   2013.62522831      0.2500
   2013.62525685      0.5339
   2013.62528539      1.0327
   2013.62531393      1.8097
   2013.62534247      3.0731
   2013.62537100      5.0905
   2013.62539954      7.6613
   2013.62542808      9.6213
   2013.62545662     10.8369
   2013.62548516     11.0180
   2013.62551370     11.2578
   2013.62554224     11.3304
   2013.62557078     11.6860
   2013.62559932     11.7965
   2013.62562785     11.7981
   2013.62565639     11.9336
   2013.62568493     12.3520
   2013.62571347     12.0279
   2013.62574201     12.0365
   2013.62577055     11.8458
   2013.62579909     11.9939
   2013.62582763     11.9280
   2013.62585616     12.1266
   2013.62588470     12.2287
   2013.62591324     11.9922
   2013.62594178     11.7298
   2013.62597032     11.3855
   2013.62599886     11.2347
   2013.62602740     11.3154
   2013.62605594     10.8790
   2013.62608447     10.5619
   2013.62611301      9.9381
   2013.62614155      9.2179
   2013.62617009      8.3590
   2013.62619863      7.6620
   2013.62622717      7.5252
   2013.62625571      6.1403
   2013.62628425      5.9442
   2013.62631279      4.9408
   2013.62634132      4.9028
   2013.62636986      4.2191
   2013.62639840      3.5002
   2013.62642694      3.1588
   2013.62645548      3.0120
   2013.62648402      2.5662
   2013.62651256      2.2696
   2013.62654110      1.9406
   2013.62656963      1.7330
   2013.62659817      1.5478
   2013.62662671      1.3851
   2013.62665525      1.2777
   2013.62668379      1.1328
   2013.62671233      1.0092
   2013.62674087      0.9354
   2013.62676941      0.8551
   2013.62679795      0.7803
   2013.62682648      0.7120
   2013.62685502      0.6503
   2013.62688356      0.5953
   2013.62691210      0.5457
   2013.62694064      0.5012
   2013.62696918      0.4614
   2013.62699772      0.4255
   2013.62702626      0.3929
   2013.62705479      0.3632
   2013.62708333      0.3360
   2013.62711187      0.3110
   2013.62714041      0.2882
   2013.62716895      0.2673
   2013.62719749      0.2480
   2013.62722603      0.2301
   2013.62725457      0.2136
   2013.62728311      0.1984
   2013.62731164      0.1843
   2013.62734018      0.1715
   2013.62736872      0.1596
   2013.62739726      0.1487
   2013.62742580      0.1386
   2013.62745434      0.1292
   2013.62748288      0.1206
   2013.62751142      0.1126
   2013.62753995      0.1052
