   2013.62465753      0.0000
   2013.62468607      0.0000
   2013.62471461      0.0000
   2013.62474315      0.0000
   2013.62477169      0.0000
   2013.62480023      0.0000
   2013.62482877      0.0000
   2013.62485731      0.0000
   2013.62488584      0.0000
   2013.62491438      0.0000
   2013.62494292      0.0000
   2013.62497146      0.0000
   2013.62500000      0.0000
   2013.62502854      0.0000
   2013.62505708      0.0000
   2013.62508562      0.0000
   2013.62511416      0.0000
   2013.62514269      0.0000
   2013.62517123      0.0000
   2013.62519977      0.0000
   2013.62522831      0.0000
   2013.62525685      0.0000
   2013.62528539      0.0000
   2013.62531393      0.0000
   2013.62534247      0.0000
   2013.62537100      0.0000
   2013.62539954      0.0000
   2013.62542808      0.0000
   2013.62545662      0.0000
   2013.62548516      0.0070
   2013.62551370      0.0259
   2013.62554224      0.0569
   2013.62557078      0.0966
   2013.62559932      0.1783
   2013.62562785      0.3022
   2013.62565639      0.4724
   2013.62568493      0.6977
   2013.62571347      0.9661
   2013.62574201      1.3874
   2013.62577055      2.0138
   2013.62579909      2.8451
   2013.62582763      3.6660
   2013.62585616      4.1057
   2013.62588470      4.2859
   2013.62591324      4.3210
   2013.62594178      4.2773
   2013.62597032      4.1911
   2013.62599886      4.0255
   2013.62602740      3.9603
   2013.62605594      4.3146
   2013.62608447      4.4007
   2013.62611301      4.5899
   2013.62614155      4.5243
   2013.62617009      4.9706
   2013.62619863      4.9974
   2013.62622717      5.1405
   2013.62625571      5.1411
   2013.62628425      5.7768
   2013.62631279      5.7308
   2013.62634132      5.9542
   2013.62636986      5.5101
   2013.62639840      5.9429
   2013.62642694      5.6717
   2013.62645548      5.7482
   2013.62648402      5.2850
   2013.62651256      5.7305
   2013.62654110      5.5059
   2013.62656963      5.5526
   2013.62659817      5.3231
   2013.62662671      5.9108
   2013.62665525      5.7115
   2013.62668379      5.7205
   2013.62671233      5.6221
   2013.62674087      6.2175
   2013.62676941      5.9857
   2013.62679795      5.9632
   2013.62682648      5.7920
   2013.62685502      6.3766
   2013.62688356      6.1140
   2013.62691210      6.0458
   2013.62694064      5.8258
   2013.62696918      6.3105
   2013.62699772      6.0485
   2013.62702626      5.9369
   2013.62705479      6.1119
   2013.62708333      6.0705
   2013.62711187      5.8141
   2013.62714041      5.8664
   2013.62716895      5.4554
   2013.62719749      5.7094
   2013.62722603      5.4516
   2013.62725457      5.4112
   2013.62728311      5.3253
   2013.62731164      5.0948
   2013.62734018      5.1177
   2013.62736872      4.8985
   2013.62739726      4.6217
   2013.62742580      4.6113
   2013.62745434      4.5382
   2013.62748288      4.3726
   2013.62751142      4.0848
   2013.62753995      4.1060
   2013.62756849      4.0485
   2013.62759703      3.8405
   2013.62762557      3.5448
   2013.62765411      3.6224
   2013.62768265      3.5057
   2013.62771119      3.5351
   2013.62773973      3.1406
   2013.62776826      3.1966
   2013.62779680      3.0996
   2013.62782534      2.9640
   2013.62785388      2.7931
   2013.62788242      2.8008
   2013.62791096      2.7235
   2013.62793950      2.6191
   2013.62796804      2.5888
   2013.62799658      2.5048
   2013.62802511      2.4179
   2013.62805365      2.3266
   2013.62808219      2.2598
   2013.62811073      2.2458
   2013.62813927      2.1800
   2013.62816781      2.1068
   2013.62819635      2.1068
   2013.62822489      2.0675
   2013.62825342      2.0178
   2013.62828196      1.9665
   2013.62831050      1.9878
   2013.62833904      1.9721
   2013.62836758      1.9438
   2013.62839612      1.9082
   2013.62842466      1.9595
   2013.62845320      1.9719
   2013.62848174      1.9667
   2013.62851027      1.9511
   2013.62853881      2.0386
   2013.62856735      2.0863
   2013.62859589      2.1106
   2013.62862443      2.1221
   2013.62865297      2.2523
   2013.62868151      2.3400
   2013.62871005      2.3634
   2013.62873858      2.4405
   2013.62876712      2.6249
   2013.62879566      2.7548
   2013.62882420      2.8047
   2013.62885274      2.9062
   2013.62888128      3.1687
   2013.62890982      3.3247
   2013.62893836      3.3886
   2013.62896689      3.5792
   2013.62899543      3.6119
   2013.62902397      4.0219
   2013.62905251      4.0750
   2013.62908105      4.3099
   2013.62910959      4.2726
   2013.62913813      4.7792
   2013.62916667      4.7944
   2013.62919521      5.1000
   2013.62922374      4.9144
   2013.62925228      5.5195
   2013.62928082      5.4297
   2013.62930936      5.5901
   2013.62933790      5.4697
   2013.62936644      5.8303
   2013.62939498      5.9238
   2013.62942352      6.0496
   2013.62945205      5.8156
   2013.62948059      6.1760
   2013.62950913      6.2301
   2013.62953767      6.1877
   2013.62956621      5.9917
   2013.62959475      6.4324
   2013.62962329      6.3354
   2013.62965183      6.2559
   2013.62968037      6.0020
   2013.62970890      6.5493
   2013.62973744      6.2454
   2013.62976598      6.1223
   2013.62979452      5.8356
   2013.62982306      6.2634
   2013.62985160      5.9871
   2013.62988014      6.0696
   2013.62990868      5.6123
   2013.62993721      5.8763
   2013.62996575      5.6067
   2013.62999429      5.5819
   2013.63002283      5.4725
   2013.63005137      5.2485
   2013.63007991      5.1312
   2013.63010845      5.0395
   2013.63013699      4.7477
   2013.63016553      4.7380
   2013.63019406      4.6720
   2013.63022260      4.4978
   2013.63025114      4.3094
   2013.63027968      4.0222
   2013.63030822      4.0836
   2013.63033676      3.7796
   2013.63036530      3.3816
   2013.63039384      3.2072
   2013.63042237      2.9399
   2013.63045091      2.7248
   2013.63047945      2.5174
   2013.63050799      2.3238
   2013.63053653      2.1218
   2013.63056507      1.9414
   2013.63059361      1.7804
   2013.63062215      1.6319
   2013.63065068      1.4937
   2013.63067922      1.3647
   2013.63070776      1.2971
   2013.63073630      1.1379
   2013.63076484      1.0411
   2013.63079338      0.9523
   2013.63082192      0.8721
   2013.63085046      0.7960
   2013.63087900      0.7251
   2013.63090753      0.6611
   2013.63093607      0.6042
   2013.63096461      0.5530
   2013.63099315      0.5068
   2013.63102169      0.4655
   2013.63105023      0.4282
   2013.63107877      0.3945
   2013.63110731      0.3639
   2013.63113584      0.3360
   2013.63116438      0.3106
   2013.63119292      0.2875
   2013.63122146      0.2664
   2013.63125000      0.2470
   2013.63127854      0.2291
   2013.63130708      0.2125
   2013.63133562      0.1974
   2013.63136416      0.1834
   2013.63139269      0.1706
   2013.63142123      0.1588
   2013.63144977      0.1480
   2013.63147831      0.1380
   2013.63150685      0.1288
   2013.63153539      0.1203
   2013.63156393      0.1124
   2013.63159247      0.1051
