   2013.62465753      0.0000
   2013.62468607      0.0000
   2013.62471461      0.0000
   2013.62474315      0.0000
   2013.62477169      0.0000
   2013.62480023      0.0000
   2013.62482877      0.0000
   2013.62485731      0.0000
   2013.62488584      0.0000
   2013.62491438      0.0000
   2013.62494292      0.0000
   2013.62497146      0.0000
   2013.62500000      0.0000
   2013.62502854      0.0000
   2013.62505708      0.0000
   2013.62508562      0.0000
   2013.62511416      0.0000
   2013.62514269      0.0000
   2013.62517123      0.0000
   2013.62519977      0.0000
   2013.62522831      0.0000
   2013.62525685      0.0000
   2013.62528539      0.0000
   2013.62531393      0.0000
   2013.62534247      0.0000
   2013.62537100      0.0000
   2013.62539954      0.0000
   2013.62542808      0.0002
   2013.62545662      0.0005
   2013.62548516      0.0008
   2013.62551370      0.0011
   2013.62554224      0.0014
   2013.62557078      0.0016
   2013.62559932      0.0018
   2013.62562785      0.0020
   2013.62565639      0.0022
   2013.62568493      0.0175
   2013.62571347      0.0499
   2013.62574201      0.0769
   2013.62577055      0.1224
   2013.62579909      0.2051
   2013.62582763      0.4693
   2013.62585616      1.4794
   2013.62588470      2.8821
   2013.62591324      3.5404
   2013.62594178      4.0897
   2013.62597032      3.8708
   2013.62599886      3.7733
   2013.62602740      3.8912
   2013.62605594      3.6492
   2013.62608447      3.2876
   2013.62611301      3.0486
   2013.62614155      2.8371
   2013.62617009      2.5853
   2013.62619863      2.4735
   2013.62622717      2.2312
   2013.62625571      2.0234
   2013.62628425      1.7669
   2013.62631279      1.5990
   2013.62634132      1.4426
   2013.62636986      1.3619
   2013.62639840      1.1836
   2013.62642694      1.0373
   2013.62645548      0.9640
   2013.62648402      0.8775
   2013.62651256      0.7949
   2013.62654110      0.7196
   2013.62656963      0.6519
   2013.62659817      0.5919
   2013.62662671      0.5384
   2013.62665525      0.4908
   2013.62668379      0.4487
   2013.62671233      0.4111
   2013.62674087      0.3775
   2013.62676941      0.3472
   2013.62679795      0.3198
   2013.62682648      0.2950
   2013.62685502      0.2725
   2013.62688356      0.2521
   2013.62691210      0.2333
   2013.62694064      0.2160
   2013.62696918      0.2003
   2013.62699772      0.1858
   2013.62702626      0.1727
   2013.62705479      0.1606
   2013.62708333      0.1496
   2013.62711187      0.1395
   2013.62714041      0.1302
   2013.62716895      0.1217
   2013.62719749      0.1138
   2013.62722603      0.1065
