   2013.62465753      0.0000
   2013.62468607      0.0000
   2013.62471461      0.0000
   2013.62474315      0.0000
   2013.62477169      0.0000
   2013.62480023      0.0000
   2013.62482877      0.0000
   2013.62485731      0.0000
   2013.62488584      0.0000
   2013.62491438      0.0000
   2013.62494292      0.0000
   2013.62497146      0.0000
   2013.62500000      0.0000
   2013.62502854      0.0000
   2013.62505708      0.0000
   2013.62508562      0.0000
   2013.62511416      0.0000
   2013.62514269      0.0000
   2013.62517123      0.0000
   2013.62519977      0.0000
   2013.62522831      0.0000
   2013.62525685      0.0000
   2013.62528539      0.0000
   2013.62531393      0.0000
   2013.62534247      0.0000
   2013.62537100      0.0000
   2013.62539954      0.0000
   2013.62542808      0.0000
   2013.62545662      0.0000
   2013.62548516      0.0000
   2013.62551370      0.0000
   2013.62554224      0.0000
   2013.62557078      0.0000
   2013.62559932      0.0000
   2013.62562785      0.0000
   2013.62565639      0.0000
   2013.62568493      0.0000
   2013.62571347      0.0000
   2013.62574201      0.0000
   2013.62577055      0.0000
   2013.62579909      0.0000
   2013.62582763      0.0000
   2013.62585616      0.0000
   2013.62588470      0.0000
   2013.62591324      0.0000
   2013.62594178      0.0000
   2013.62597032      0.0000
   2013.62599886      0.0000
   2013.62602740      0.0000
   2013.62605594      0.0000
   2013.62608447      0.0000
   2013.62611301      0.0000
   2013.62614155      0.0000
   2013.62617009      0.0088
   2013.62619863      0.0449
   2013.62622717      0.0853
   2013.62625571      0.1690
   2013.62628425      0.3395
   2013.62631279      0.6299
   2013.62634132      1.0545
   2013.62636986      1.6482
   2013.62639840      2.6036
   2013.62642694      4.0346
   2013.62645548      5.7456
   2013.62648402      7.0716
   2013.62651256      7.6410
   2013.62654110      7.8884
   2013.62656963      7.9833
   2013.62659817      8.0366
   2013.62662671      7.9963
   2013.62665525      8.0518
   2013.62668379      8.1842
   2013.62671233      8.2636
   2013.62674087      8.3444
   2013.62676941      8.4295
   2013.62679795      8.4945
   2013.62682648      8.4688
   2013.62685502      8.2184
   2013.62688356      7.9920
   2013.62691210      7.7028
   2013.62694064      7.0510
   2013.62696918      6.9145
   2013.62699772      6.7077
   2013.62702626      6.0900
   2013.62705479      5.4085
   2013.62708333      5.6926
   2013.62711187      4.7778
   2013.62714041      4.3103
   2013.62716895      3.7444
   2013.62719749      3.7987
   2013.62722603      3.4372
   2013.62725457      3.1680
   2013.62728311      2.9177
   2013.62731164      2.7542
   2013.62734018      2.5014
   2013.62736872      2.3335
   2013.62739726      2.2150
   2013.62742580      2.1192
   2013.62745434      1.9596
   2013.62748288      1.8427
   2013.62751142      1.7653
   2013.62753995      1.7070
   2013.62756849      1.5974
   2013.62759703      1.5266
   2013.62762557      1.3343
   2013.62765411      1.4222
   2013.62768265      1.3264
   2013.62771119      1.2585
   2013.62773973      1.1672
   2013.62776826      1.1354
   2013.62779680      1.0975
   2013.62782534      1.0284
   2013.62785388      0.9457
   2013.62788242      0.9273
   2013.62791096      0.8813
   2013.62793950      0.8332
   2013.62796804      0.7957
   2013.62799658      0.7520
   2013.62802511      0.7076
   2013.62805365      0.6669
   2013.62808219      0.6399
   2013.62811073      0.6062
   2013.62813927      0.5719
   2013.62816781      0.5399
   2013.62819635      0.5214
   2013.62822489      0.4950
   2013.62825342      0.4677
   2013.62828196      0.4421
   2013.62831050      0.4302
   2013.62833904      0.4097
   2013.62836758      0.3877
   2013.62839612      0.3668
   2013.62842466      0.3622
   2013.62845320      0.3473
   2013.62848174      0.3302
   2013.62851027      0.3137
   2013.62853881      0.3150
   2013.62856735      0.3048
   2013.62859589      0.2922
   2013.62862443      0.2802
   2013.62865297      0.2886
   2013.62868151      0.2837
   2013.62871005      0.2760
   2013.62873858      0.2690
   2013.62876712      0.2857
   2013.62879566      0.2871
   2013.62882420      0.2853
   2013.62885274      0.2848
   2013.62888128      0.3120
   2013.62890982      0.3225
   2013.62893836      0.3297
   2013.62896689      0.3398
   2013.62899543      0.3837
   2013.62902397      0.4092
   2013.62905251      0.4444
   2013.62908105      0.4770
   2013.62910959      0.5368
   2013.62913813      0.6126
   2013.62916667      0.6591
   2013.62919521      0.7375
   2013.62922374      0.8638
   2013.62925228      0.9758
   2013.62928082      1.1079
   2013.62930936      1.2497
   2013.62933790      1.4533
   2013.62936644      1.6279
   2013.62939498      1.7554
   2013.62942352      1.8439
   2013.62945205      1.9985
   2013.62948059      2.1101
   2013.62950913      2.1671
   2013.62953767      2.2038
   2013.62956621      2.3222
   2013.62959475      2.4004
   2013.62962329      2.4051
   2013.62965183      2.4038
   2013.62968037      2.4846
   2013.62970890      2.4719
   2013.62973744      2.4936
   2013.62976598      2.4626
   2013.62979452      2.5124
   2013.62982306      2.5178
   2013.62985160      2.4620
   2013.62988014      2.4167
   2013.62990868      2.4355
   2013.62993721      2.3992
   2013.62996575      2.3498
   2013.62999429      2.2893
   2013.63002283      2.2322
   2013.63005137      2.2268
   2013.63007991      2.1695
   2013.63010845      2.1004
   2013.63013699      2.0337
   2013.63016553      2.0068
   2013.63019406      1.9424
   2013.63022260      1.8376
   2013.63025114      1.7675
   2013.63027968      1.6975
   2013.63030822      1.6289
   2013.63033676      1.5330
   2013.63036530      1.4536
   2013.63039384      1.3777
   2013.63042237      1.3042
   2013.63045091      1.2308
   2013.63047945      1.1562
   2013.63050799      1.1006
   2013.63053653      1.0246
   2013.63056507      0.9464
   2013.63059361      0.8958
   2013.63062215      0.8369
   2013.63065068      0.7792
   2013.63067922      0.7238
   2013.63070776      0.6714
   2013.63073630      0.6234
   2013.63076484      0.5791
   2013.63079338      0.5382
   2013.63082192      0.5006
   2013.63085046      0.4661
   2013.63087900      0.4342
   2013.63090753      0.4045
   2013.63093607      0.3769
   2013.63096461      0.3512
   2013.63099315      0.3273
   2013.63102169      0.3051
   2013.63105023      0.2846
   2013.63107877      0.2655
   2013.63110731      0.2478
   2013.63113584      0.2312
   2013.63116438      0.2157
   2013.63119292      0.2013
   2013.63122146      0.1879
   2013.63125000      0.1755
   2013.63127854      0.1640
   2013.63130708      0.1534
   2013.63133562      0.1435
   2013.63136416      0.1343
   2013.63139269      0.1257
   2013.63142123      0.1178
   2013.63144977      0.1103
   2013.63147831      0.1034
