   2013.62465753      0.0000
   2013.62468607      0.0000
   2013.62471461      0.0000
   2013.62474315      0.0000
   2013.62477169      0.0000
   2013.62480023      0.0000
   2013.62482877      0.0000
   2013.62485731      0.0000
   2013.62488584      0.0000
   2013.62491438      0.0000
   2013.62494292      0.0000
   2013.62497146      0.0000
   2013.62500000      0.0000
   2013.62502854      0.0000
   2013.62505708      0.0000
   2013.62508562      0.0000
   2013.62511416      0.0000
   2013.62514269      0.0000
   2013.62517123      0.0000
   2013.62519977      0.0000
   2013.62522831      0.0000
   2013.62525685      0.0000
   2013.62528539      0.0000
   2013.62531393      0.0000
   2013.62534247      0.0000
   2013.62537100      0.0000
   2013.62539954      0.0000
   2013.62542808      0.0000
   2013.62545662      0.0000
   2013.62548516      0.0000
   2013.62551370      0.0000
   2013.62554224      0.0000
   2013.62557078      0.0000
   2013.62559932      0.0000
   2013.62562785      0.0000
   2013.62565639      0.0000
   2013.62568493      0.0000
   2013.62571347      0.0000
   2013.62574201      0.0000
   2013.62577055      0.0000
   2013.62579909      0.0000
   2013.62582763      0.0000
   2013.62585616      0.0000
   2013.62588470      0.0000
   2013.62591324      0.0000
   2013.62594178      0.0000
   2013.62597032      0.0000
   2013.62599886      0.0000
   2013.62602740      0.0000
   2013.62605594      0.0070
   2013.62608447      0.0151
   2013.62611301      0.0692
   2013.62614155      0.1376
   2013.62617009      0.3022
   2013.62619863      0.6327
   2013.62622717      1.2529
   2013.62625571      2.2923
   2013.62628425      3.9149
   2013.62631279      6.4919
   2013.62634132      9.1848
   2013.62636986     10.7638
   2013.62639840     11.4021
   2013.62642694     11.2644
   2013.62645548     10.6502
   2013.62648402      9.8256
   2013.62651256      9.0435
   2013.62654110      8.5833
   2013.62656963      7.5297
   2013.62659817      6.7196
   2013.62662671      6.3896
   2013.62665525      5.1560
   2013.62668379      4.6670
   2013.62671233      3.9735
   2013.62674087      3.8474
   2013.62676941      3.5276
   2013.62679795      3.2190
   2013.62682648      3.0412
   2013.62685502      2.8133
   2013.62688356      2.6083
   2013.62691210      2.4287
   2013.62694064      2.3468
   2013.62696918      2.2366
   2013.62699772      2.1348
   2013.62702626      2.0391
   2013.62705479      2.0157
   2013.62708333      1.9674
   2013.62711187      1.9193
   2013.62714041      1.8637
   2013.62716895      1.8679
   2013.62719749      1.8339
   2013.62722603      1.8021
   2013.62725457      1.7213
   2013.62728311      1.7204
   2013.62731164      1.7120
   2013.62734018      1.6755
   2013.62736872      1.5985
   2013.62739726      1.5733
   2013.62742580      1.5524
   2013.62745434      1.5100
   2013.62748288      1.4496
   2013.62751142      1.2813
   2013.62753995      1.3599
   2013.62756849      1.3043
   2013.62759703      1.2451
   2013.62762557      1.2029
   2013.62765411      1.1308
   2013.62768265      1.1351
   2013.62771119      1.0504
   2013.62773973      1.0044
   2013.62776826      0.9295
   2013.62779680      0.9022
   2013.62782534      0.8587
   2013.62785388      0.8204
   2013.62788242      0.7768
   2013.62791096      0.7317
   2013.62793950      0.6894
   2013.62796804      0.6578
   2013.62799658      0.6222
   2013.62802511      0.5864
   2013.62805365      0.5529
   2013.62808219      0.5289
   2013.62811073      0.5000
   2013.62813927      0.4711
   2013.62816781      0.4439
   2013.62819635      0.4266
   2013.62822489      0.4038
   2013.62825342      0.3803
   2013.62828196      0.3579
   2013.62831050      0.3469
   2013.62833904      0.3293
   2013.62836758      0.3106
   2013.62839612      0.2927
   2013.62842466      0.2873
   2013.62845320      0.2740
   2013.62848174      0.2595
   2013.62851027      0.2453
   2013.62853881      0.2446
   2013.62856735      0.2348
   2013.62859589      0.2233
   2013.62862443      0.2122
   2013.62865297      0.2168
   2013.62868151      0.2107
   2013.62871005      0.2026
   2013.62873858      0.1948
   2013.62876712      0.2053
   2013.62879566      0.2034
   2013.62882420      0.1992
   2013.62885274      0.1957
   2013.62888128      0.2132
   2013.62890982      0.2172
   2013.62893836      0.2188
   2013.62896689      0.2214
   2013.62899543      0.2490
   2013.62902397      0.2618
   2013.62905251      0.2719
   2013.62908105      0.2844
   2013.62910959      0.3284
   2013.62913813      0.3563
   2013.62916667      0.3933
   2013.62919521      0.4311
   2013.62922374      0.4995
   2013.62925228      0.5799
   2013.62928082      0.6372
   2013.62930936      0.7270
   2013.62933790      0.8628
   2013.62936644      0.9913
   2013.62939498      1.1382
   2013.62942352      1.2870
   2013.62945205      1.4804
   2013.62948059      1.6309
   2013.62950913      1.7345
   2013.62953767      1.7998
   2013.62956621      1.9234
   2013.62959475      1.9976
   2013.62962329      2.0361
   2013.62965183      2.0545
   2013.62968037      2.1357
   2013.62970890      2.1648
   2013.62973744      2.1630
   2013.62976598      2.1506
   2013.62979452      2.1927
   2013.62982306      2.1861
   2013.62985160      2.1631
   2013.62988014      2.1252
   2013.62990868      2.1419
   2013.62993721      2.1083
   2013.62996575      2.0708
   2013.62999429      2.0158
   2013.63002283      1.9706
   2013.63005137      1.9582
   2013.63007991      1.9103
   2013.63010845      1.8100
   2013.63013699      1.7864
   2013.63016553      1.7610
   2013.63019406      1.6719
   2013.63022260      1.6135
   2013.63025114      1.5634
   2013.63027968      1.4802
   2013.63030822      1.4140
   2013.63033676      1.3456
   2013.63036530      1.2773
   2013.63039384      1.2098
   2013.63042237      1.1409
   2013.63045091      1.0937
   2013.63047945      1.0211
   2013.63050799      0.9441
   2013.63053653      0.8993
   2013.63056507      0.8438
   2013.63059361      0.7885
   2013.63062215      0.7349
   2013.63065068      0.6839
   2013.63067922      0.6367
   2013.63070776      0.5932
   2013.63073630      0.5528
   2013.63076484      0.5154
   2013.63079338      0.4809
   2013.63082192      0.4490
   2013.63085046      0.4192
   2013.63087900      0.3914
   2013.63090753      0.3654
   2013.63093607      0.3411
   2013.63096461      0.3185
   2013.63099315      0.2974
   2013.63102169      0.2778
   2013.63105023      0.2596
   2013.63107877      0.2426
   2013.63110731      0.2267
   2013.63113584      0.2117
   2013.63116438      0.1978
   2013.63119292      0.1849
   2013.63122146      0.1729
   2013.63125000      0.1618
   2013.63127854      0.1514
   2013.63130708      0.1418
   2013.63133562      0.1328
   2013.63136416      0.1244
   2013.63139269      0.1166
   2013.63142123      0.1093
   2013.63144977      0.1026
