   2013.62465753      0.0000
   2013.62468607      0.0000
   2013.62471461      0.0000
   2013.62474315      0.0000
   2013.62477169      0.0000
   2013.62480023      0.0000
   2013.62482877      0.0000
   2013.62485731      0.0000
   2013.62488584      0.0000
   2013.62491438      0.0000
   2013.62494292      0.0000
   2013.62497146      0.0000
   2013.62500000      0.0000
   2013.62502854      0.0000
   2013.62505708      0.0000
   2013.62508562      0.0000
   2013.62511416      0.0000
   2013.62514269      0.0000
   2013.62517123      0.0000
   2013.62519977      0.0000
   2013.62522831      0.0000
   2013.62525685      0.0000
   2013.62528539      0.0000
   2013.62531393      0.0000
   2013.62534247      0.0000
   2013.62537100      0.0000
   2013.62539954      0.0000
   2013.62542808      0.0000
   2013.62545662      0.0000
   2013.62548516      0.0347
   2013.62551370      0.0761
   2013.62554224      0.1254
   2013.62557078      0.2589
   2013.62559932      0.5064
   2013.62562785      0.8344
   2013.62565639      1.2264
   2013.62568493      1.8070
   2013.62571347      2.7088
   2013.62574201      3.9978
   2013.62577055      5.1354
   2013.62579909      5.6553
   2013.62582763      5.6735
   2013.62585616      5.4391
   2013.62588470      5.2096
   2013.62591324      4.9538
   2013.62594178      4.7361
   2013.62597032      4.4325
   2013.62599886      4.3401
   2013.62602740      4.2541
   2013.62605594      4.1953
   2013.62608447      4.0610
   2013.62611301      4.0891
   2013.62614155      4.2348
   2013.62617009      4.3044
   2013.62619863      4.4068
   2013.62622717      4.3930
   2013.62625571      4.6294
   2013.62628425      4.7176
   2013.62631279      4.8489
   2013.62634132      4.8333
   2013.62636986      5.0873
   2013.62639840      5.1795
   2013.62642694      5.1673
   2013.62645548      5.2858
   2013.62648402      5.2041
   2013.62651256      5.3507
   2013.62654110      5.4370
   2013.62656963      5.3085
   2013.62659817      5.3302
   2013.62662671      5.2912
   2013.62665525      5.0759
   2013.62668379      5.0476
   2013.62671233      4.6807
   2013.62674087      4.9513
   2013.62676941      4.7358
   2013.62679795      4.7099
   2013.62682648      4.3931
   2013.62685502      4.6695
   2013.62688356      4.5360
   2013.62691210      4.6140
   2013.62694064      4.7231
   2013.62696918      4.7925
   2013.62699772      4.7430
   2013.62702626      4.8715
   2013.62705479      4.7123
   2013.62708333      5.0274
   2013.62711187      4.9139
   2013.62714041      4.9647
   2013.62716895      4.6938
   2013.62719749      5.0278
   2013.62722603      5.0619
   2013.62725457      4.9548
   2013.62728311      4.7323
   2013.62731164      4.5070
   2013.62734018      4.3321
   2013.62736872      4.5967
   2013.62739726      4.6035
   2013.62742580      4.3670
   2013.62745434      4.1201
   2013.62748288      3.8751
   2013.62751142      3.6939
   2013.62753995      3.6909
   2013.62756849      3.6236
   2013.62759703      3.6229
   2013.62762557      3.4536
   2013.62765411      3.4097
   2013.62768265      3.2005
   2013.62771119      3.1044
   2013.62773973      2.8670
   2013.62776826      2.8153
   2013.62779680      2.6657
   2013.62782534      2.5577
   2013.62785388      2.4261
   2013.62788242      2.2825
   2013.62791096      2.1545
   2013.62793950      2.0419
   2013.62796804      1.9439
   2013.62799658      1.8535
   2013.62802511      1.7485
   2013.62805365      1.6551
   2013.62808219      1.5602
   2013.62811073      1.4654
   2013.62813927      1.3725
   2013.62816781      1.2850
   2013.62819635      1.2047
   2013.62822489      1.1311
   2013.62825342      1.0604
   2013.62828196      1.0009
   2013.62831050      0.9395
   2013.62833904      0.8846
   2013.62836758      0.8301
   2013.62839612      0.7762
   2013.62842466      0.7242
   2013.62845320      0.6754
   2013.62848174      0.6307
   2013.62851027      0.5892
   2013.62853881      0.5506
   2013.62856735      0.5148
   2013.62859589      0.4818
   2013.62862443      0.4513
   2013.62865297      0.4229
   2013.62868151      0.3965
   2013.62871005      0.3719
   2013.62873858      0.3488
   2013.62876712      0.3272
   2013.62879566      0.3070
   2013.62882420      0.2882
   2013.62885274      0.2706
   2013.62888128      0.2541
   2013.62890982      0.2386
   2013.62893836      0.2240
   2013.62896689      0.2102
   2013.62899543      0.1972
   2013.62902397      0.1850
   2013.62905251      0.1736
   2013.62908105      0.1630
   2013.62910959      0.1530
   2013.62913813      0.1437
   2013.62916667      0.1349
   2013.62919521      0.1267
   2013.62922374      0.1190
   2013.62925228      0.1118
   2013.62928082      0.1051
