   2013.62465753      0.0000
   2013.62468607      0.0000
   2013.62471461      0.0000
   2013.62474315      0.0000
   2013.62477169      0.0000
   2013.62480023      0.0000
   2013.62482877      0.0000
   2013.62485731      0.0000
   2013.62488584      0.0000
   2013.62491438      0.0000
   2013.62494292      0.0000
   2013.62497146      0.0000
   2013.62500000      0.0000
   2013.62502854      0.0000
   2013.62505708      0.0000
   2013.62508562      0.0000
   2013.62511416      0.0000
   2013.62514269      0.0000
   2013.62517123      0.0000
   2013.62519977      0.0000
   2013.62522831      0.0000
   2013.62525685      0.0000
   2013.62528539      0.0000
   2013.62531393      0.0000
   2013.62534247      0.0000
   2013.62537100      0.0000
   2013.62539954      0.0000
   2013.62542808      0.0000
   2013.62545662      0.0000
   2013.62548516      0.2374
   2013.62551370      0.5734
   2013.62554224      1.8507
   2013.62557078      3.6997
   2013.62559932      6.6030
   2013.62562785     11.8470
   2013.62565639     16.5035
   2013.62568493     17.3920
   2013.62571347     15.9747
   2013.62574201     14.5384
   2013.62577055     13.2496
   2013.62579909     12.6947
   2013.62582763     11.4785
   2013.62585616     10.9047
   2013.62588470     10.0701
   2013.62591324      9.5797
   2013.62594178      9.2859
   2013.62597032      9.0755
   2013.62599886      9.2416
   2013.62602740      9.4804
   2013.62605594      9.2326
   2013.62608447      8.8532
   2013.62611301      8.3330
   2013.62614155      7.7041
   2013.62617009      7.3589
   2013.62619863      6.4809
   2013.62622717      5.7857
   2013.62625571      5.2431
   2013.62628425      4.8599
   2013.62631279      4.6514
   2013.62634132      4.1000
   2013.62636986      4.0759
   2013.62639840      3.5709
   2013.62642694      3.2280
   2013.62645548      2.8977
   2013.62648402      2.7048
   2013.62651256      2.3893
   2013.62654110      2.1240
   2013.62656963      1.8915
   2013.62659817      1.6850
   2013.62662671      1.5037
   2013.62665525      1.3581
   2013.62668379      1.1824
   2013.62671233      1.0361
   2013.62674087      0.9622
   2013.62676941      0.8771
   2013.62679795      0.7966
   2013.62682648      0.7238
   2013.62685502      0.6587
   2013.62688356      0.6009
   2013.62691210      0.5491
   2013.62694064      0.5028
   2013.62696918      0.4615
   2013.62699772      0.4245
   2013.62702626      0.3911
   2013.62705479      0.3607
   2013.62708333      0.3330
   2013.62711187      0.3077
   2013.62714041      0.2847
   2013.62716895      0.2636
   2013.62719749      0.2443
   2013.62722603      0.2264
   2013.62725457      0.2099
   2013.62728311      0.1947
   2013.62731164      0.1808
   2013.62734018      0.1680
   2013.62736872      0.1563
   2013.62739726      0.1454
   2013.62742580      0.1355
   2013.62745434      0.1263
   2013.62748288      0.1177
   2013.62751142      0.1098
   2013.62753995      0.1025
