   2013.62465753      0.0000
   2013.62468607      0.0000
   2013.62471461      0.0000
   2013.62474315      0.0000
   2013.62477169      0.0000
   2013.62480023      0.0000
   2013.62482877      0.0000
   2013.62485731      0.0000
   2013.62488584      0.0000
   2013.62491438      0.0000
   2013.62494292      0.0000
   2013.62497146      0.0000
   2013.62500000      0.0000
   2013.62502854      0.0000
   2013.62505708      0.0000
   2013.62508562      0.0000
   2013.62511416      0.0000
   2013.62514269      0.0000
   2013.62517123      0.0000
   2013.62519977      0.0000
   2013.62522831      0.0000
   2013.62525685      0.0000
   2013.62528539      0.0000
   2013.62531393      0.0000
   2013.62534247      0.0000
   2013.62537100      0.0000
   2013.62539954      0.0000
   2013.62542808      0.0000
   2013.62545662      0.0000
   2013.62548516      0.0000
   2013.62551370      0.0000
   2013.62554224      0.0000
   2013.62557078      0.0000
   2013.62559932      0.0000
   2013.62562785      0.0000
   2013.62565639      0.0000
   2013.62568493      0.0000
   2013.62571347      0.0000
   2013.62574201      0.0000
   2013.62577055      0.0000
   2013.62579909      0.0000
   2013.62582763      0.0000
   2013.62585616      0.0000
   2013.62588470      0.0000
   2013.62591324      0.0000
   2013.62594178      0.0000
   2013.62597032      0.0000
   2013.62599886      0.0000
   2013.62602740      0.0000
   2013.62605594      0.0000
   2013.62608447      0.0000
   2013.62611301      0.0000
   2013.62614155      0.0000
   2013.62617009      0.0000
   2013.62619863      0.0000
   2013.62622717      0.0000
   2013.62625571      0.0000
   2013.62628425      0.0000
   2013.62631279      0.0000
   2013.62634132      0.0000
   2013.62636986      0.0000
   2013.62639840      0.0000
   2013.62642694      0.0000
   2013.62645548      0.0000
   2013.62648402      0.0000
   2013.62651256      0.0000
   2013.62654110      0.0000
   2013.62656963      0.0000
   2013.62659817      0.0000
   2013.62662671      0.0000
   2013.62665525      0.0000
   2013.62668379      0.0000
   2013.62671233      0.0000
   2013.62674087      0.0000
   2013.62676941      0.0000
   2013.62679795      0.0000
   2013.62682648      0.0000
   2013.62685502     37.5918
   2013.62688356    124.2621
   2013.62691210    179.9765
   2013.62694064    159.3915
   2013.62696918    103.9451
   2013.62699772     64.5356
   2013.62702626     43.3444
   2013.62705479     32.5757
   2013.62708333     27.8474
   2013.62711187     24.3381
   2013.62714041     22.1415
   2013.62716895     20.1612
   2013.62719749     19.9201
   2013.62722603     19.6555
   2013.62725457     19.3104
   2013.62728311     18.4896
   2013.62731164     19.6439
   2013.62734018     18.9320
   2013.62736872     18.7485
   2013.62739726     17.3455
   2013.62742580     17.4090
   2013.62745434     16.5320
   2013.62748288     15.5404
   2013.62751142     13.9656
   2013.62753995     13.8418
   2013.62756849     12.7972
   2013.62759703     11.8886
   2013.62762557     10.6483
   2013.62765411     10.6395
   2013.62768265     10.1604
   2013.62771119      9.7451
   2013.62773973      9.2497
   2013.62776826      9.5594
   2013.62779680      9.5814
   2013.62782534      9.3423
   2013.62785388      9.0374
   2013.62788242      9.3510
   2013.62791096      9.3325
   2013.62793950      9.2942
   2013.62796804      8.8355
   2013.62799658      9.0810
   2013.62802511      9.2060
   2013.62805365      8.8898
   2013.62808219      8.6399
   2013.62811073      8.9244
   2013.62813927      9.1087
   2013.62816781      8.8415
   2013.62819635      8.6084
   2013.62822489      8.8834
   2013.62825342      9.1140
   2013.62828196      8.8434
   2013.62831050      8.6733
   2013.62833904      9.1738
   2013.62836758      9.0413
   2013.62839612      8.9958
   2013.62842466      8.8704
   2013.62845320      9.4081
   2013.62848174      9.3026
   2013.62851027      9.4846
   2013.62853881      9.1296
   2013.62856735      9.7917
   2013.62859589      9.7134
   2013.62862443      9.7499
   2013.62865297      9.5353
   2013.62868151     10.2616
   2013.62871005     10.3229
   2013.62873858     10.3648
   2013.62876712     10.0548
   2013.62879566     10.8407
   2013.62882420     10.9311
   2013.62885274     10.8478
   2013.62888128     10.6668
   2013.62890982     11.4939
   2013.62893836     11.6019
   2013.62896689     11.4893
   2013.62899543     11.3676
   2013.62902397     12.1481
   2013.62905251     12.2397
   2013.62908105     12.0784
   2013.62910959     12.2881
   2013.62913813     13.6267
   2013.62916667     14.3405
   2013.62919521     13.3303
   2013.62922374     12.2749
   2013.62925228     11.7302
   2013.62928082     11.4924
   2013.62930936     12.9216
   2013.62933790     14.2012
   2013.62936644     14.1253
   2013.62939498     13.0367
   2013.62942352     11.6928
   2013.62945205     10.3307
   2013.62948059      9.2461
   2013.62950913      8.9253
   2013.62953767      9.3913
   2013.62956621      9.3308
   2013.62959475      8.8021
   2013.62962329      7.8834
   2013.62965183      7.5486
   2013.62968037      6.0291
   2013.62970890      5.6854
   2013.62973744      4.7283
   2013.62976598      4.3984
   2013.62979452      4.3216
   2013.62982306      3.6819
   2013.62985160      3.3590
   2013.62988014      3.0832
   2013.62990868      2.9290
   2013.62993721      2.5484
   2013.62996575      2.2687
   2013.62999429      1.9265
   2013.63002283      1.7421
   2013.63005137      1.5563
   2013.63007991      1.3913
   2013.63010845      1.2638
   2013.63013699      1.1268
   2013.63016553      1.0071
   2013.63019406      0.9181
   2013.63022260      0.8303
   2013.63025114      0.7504
   2013.63027968      0.6787
   2013.63030822      0.6155
   2013.63033676      0.5593
   2013.63036530      0.5095
   2013.63039384      0.4653
   2013.63042237      0.4262
   2013.63045091      0.3911
   2013.63047945      0.3596
   2013.63050799      0.3312
   2013.63053653      0.3054
   2013.63056507      0.2821
   2013.63059361      0.2608
   2013.63062215      0.2414
   2013.63065068      0.2234
   2013.63067922      0.2070
   2013.63070776      0.1920
   2013.63073630      0.1782
   2013.63076484      0.1656
   2013.63079338      0.1540
   2013.63082192      0.1434
   2013.63085046      0.1336
   2013.63087900      0.1246
   2013.63090753      0.1162
   2013.63093607      0.1085
   2013.63096461      0.1014
