   2013.62465753      0.0000
   2013.62468607      0.0000
   2013.62471461      0.0000
   2013.62474315      0.0000
   2013.62477169      0.0000
   2013.62480023      0.0000
   2013.62482877      0.0000
   2013.62485731      0.0000
   2013.62488584      0.0000
   2013.62491438      0.0000
   2013.62494292      0.0000
   2013.62497146      0.0000
   2013.62500000      0.0000
   2013.62502854      0.0000
   2013.62505708      0.0000
   2013.62508562      0.0000
   2013.62511416      0.0000
   2013.62514269      0.0000
   2013.62517123      0.0000
   2013.62519977      0.0000
   2013.62522831      0.0000
   2013.62525685      0.0000
   2013.62528539      0.0000
   2013.62531393      0.0000
   2013.62534247      0.0000
   2013.62537100      0.0000
   2013.62539954      0.0000
   2013.62542808      0.0000
   2013.62545662      0.0000
   2013.62548516      0.0000
   2013.62551370      0.0000
   2013.62554224      0.0000
   2013.62557078      0.0000
   2013.62559932      0.0000
   2013.62562785      0.0000
   2013.62565639      0.0000
   2013.62568493      0.0000
   2013.62571347      0.0000
   2013.62574201      0.0000
   2013.62577055      0.0000
   2013.62579909      0.0000
   2013.62582763      0.0000
   2013.62585616      0.0000
   2013.62588470      0.0000
   2013.62591324      0.0000
   2013.62594178      0.0000
   2013.62597032      0.0000
   2013.62599886      0.0000
   2013.62602740      0.0000
   2013.62605594      0.0000
   2013.62608447      0.0000
   2013.62611301      0.0000
   2013.62614155      0.0000
   2013.62617009      0.0000
   2013.62619863      0.0000
   2013.62622717      0.0000
   2013.62625571      0.0000
   2013.62628425      0.0000
   2013.62631279      0.0000
   2013.62634132      0.0000
   2013.62636986      0.0000
   2013.62639840      0.0000
   2013.62642694      0.0000
   2013.62645548      0.0000
   2013.62648402      0.0000
   2013.62651256      0.0000
   2013.62654110      0.0000
   2013.62656963      0.0000
   2013.62659817      0.0000
   2013.62662671      0.0000
   2013.62665525      0.0000
   2013.62668379      0.0000
   2013.62671233      0.0000
   2013.62674087      0.0000
   2013.62676941      0.0000
   2013.62679795      0.0000
   2013.62682648      0.0000
   2013.62685502      0.0000
   2013.62688356      0.0000
   2013.62691210      0.0000
   2013.62694064      0.0000
   2013.62696918      0.0000
   2013.62699772      0.0000
   2013.62702626      0.0000
   2013.62705479      0.0000
   2013.62708333      0.0000
   2013.62711187      0.0000
   2013.62714041      0.0000
   2013.62716895      0.0000
   2013.62719749      5.8673
   2013.62722603     24.7668
   2013.62725457     65.8936
   2013.62728311     82.6974
   2013.62731164     68.1201
   2013.62734018     49.9821
   2013.62736872     34.7494
   2013.62739726     26.5983
   2013.62742580     20.9279
   2013.62745434     17.3523
   2013.62748288     14.8568
   2013.62751142     13.2389
   2013.62753995     11.9339
   2013.62756849     11.0032
   2013.62759703     10.2734
   2013.62762557      9.8279
   2013.62765411      9.4023
   2013.62768265      9.0106
   2013.62771119      8.8388
   2013.62773973      8.5993
   2013.62776826      8.4117
   2013.62779680      8.1903
   2013.62782534      8.0571
   2013.62785388      7.8973
   2013.62788242      7.8970
   2013.62791096      7.6987
   2013.62793950      7.3592
   2013.62796804      6.8365
   2013.62799658      6.8039
   2013.62802511      6.3354
   2013.62805365      6.0955
   2013.62808219      5.6347
   2013.62811073      5.6109
   2013.62813927      4.7522
   2013.62816781      4.4153
   2013.62819635      3.8506
   2013.62822489      3.8110
   2013.62825342      3.5181
   2013.62828196      3.2457
   2013.62831050      3.0081
   2013.62833904      2.8403
   2013.62836758      2.6313
   2013.62839612      2.3846
   2013.62842466      2.3176
   2013.62845320      2.2355
   2013.62848174      2.1192
   2013.62851027      2.0079
   2013.62853881      2.0232
   2013.62856735      1.9965
   2013.62859589      1.9696
   2013.62862443      1.9368
   2013.62865297      2.0357
   2013.62868151      2.1042
   2013.62871005      2.1324
   2013.62873858      2.2170
   2013.62876712      2.4365
   2013.62879566      2.6094
   2013.62882420      2.7143
   2013.62885274      2.8765
   2013.62888128      3.0926
   2013.62890982      3.4789
   2013.62893836      3.7023
   2013.62896689      3.9188
   2013.62899543      4.0251
   2013.62902397      4.6201
   2013.62905251      4.6930
   2013.62908105      4.9816
   2013.62910959      5.0555
   2013.62913813      5.5444
   2013.62916667      5.7947
   2013.62919521      6.0639
   2013.62922374      6.0620
   2013.62925228      6.5497
   2013.62928082      6.8002
   2013.62930936      6.9891
   2013.62933790      6.9469
   2013.62936644      7.3358
   2013.62939498      7.5926
   2013.62942352      7.6382
   2013.62945205      7.4798
   2013.62948059      7.8400
   2013.62950913      7.8496
   2013.62953767      7.9894
   2013.62956621      7.7204
   2013.62959475      7.9846
   2013.62962329      7.9403
   2013.62965183      8.0084
   2013.62968037      7.6568
   2013.62970890      7.9004
   2013.62973744      7.8749
   2013.62976598      7.6246
   2013.62979452      7.3496
   2013.62982306      7.5073
   2013.62985160      7.3871
   2013.62988014      7.1437
   2013.62990868      6.6874
   2013.62993721      7.2070
   2013.62996575      6.7441
   2013.62999429      6.4858
   2013.63002283      6.1767
   2013.63005137      6.1882
   2013.63007991      6.0020
   2013.63010845      5.7475
   2013.63013699      5.4263
   2013.63016553      5.4405
   2013.63019406      5.4207
   2013.63022260      5.1164
   2013.63025114      4.8679
   2013.63027968      4.4922
   2013.63030822      4.3028
   2013.63033676      4.3632
   2013.63036530      3.8947
   2013.63039384      3.4448
   2013.63042237      3.2460
   2013.63045091      2.9465
   2013.63047945      2.7080
   2013.63050799      2.4849
   2013.63053653      2.3721
   2013.63056507      2.1344
   2013.63059361      1.8712
   2013.63062215      1.7094
   2013.63065068      1.5584
   2013.63067922      1.4164
   2013.63070776      1.3521
   2013.63073630      1.1691
   2013.63076484      1.0666
   2013.63079338      0.9731
   2013.63082192      0.8897
   2013.63085046      0.8110
   2013.63087900      0.7375
   2013.63090753      0.6710
   2013.63093607      0.6121
   2013.63096461      0.5592
   2013.63099315      0.5116
   2013.63102169      0.4691
   2013.63105023      0.4309
   2013.63107877      0.3964
   2013.63110731      0.3652
   2013.63113584      0.3368
   2013.63116438      0.3110
   2013.63119292      0.2875
   2013.63122146      0.2662
   2013.63125000      0.2466
   2013.63127854      0.2284
   2013.63130708      0.2118
   2013.63133562      0.1965
   2013.63136416      0.1825
   2013.63139269      0.1696
   2013.63142123      0.1578
   2013.63144977      0.1469
   2013.63147831      0.1369
   2013.63150685      0.1277
   2013.63153539      0.1191
   2013.63156393      0.1112
   2013.63159247      0.1039
