   2013.62465753      0.0000
   2013.62468607      0.0000
   2013.62471461      0.0000
   2013.62474315      0.0000
   2013.62477169      0.0000
   2013.62480023      0.0000
   2013.62482877      0.0000
   2013.62485731      0.0000
   2013.62488584      0.0000
   2013.62491438      0.0000
   2013.62494292      0.0000
   2013.62497146      0.0000
   2013.62500000      0.0000
   2013.62502854      0.0000
   2013.62505708      0.0000
   2013.62508562      0.0000
   2013.62511416      0.0000
   2013.62514269      0.0000
   2013.62517123      0.0000
   2013.62519977      0.0000
   2013.62522831      0.0000
   2013.62525685      0.0000
   2013.62528539      0.0000
   2013.62531393      0.0000
   2013.62534247      0.0000
   2013.62537100      0.0000
   2013.62539954      0.0000
   2013.62542808      0.0000
   2013.62545662      0.0000
   2013.62548516      0.0000
   2013.62551370      0.0000
   2013.62554224      0.0000
   2013.62557078      0.0000
   2013.62559932      0.0000
   2013.62562785      0.0000
   2013.62565639      0.0000
   2013.62568493      0.0000
   2013.62571347      0.0000
   2013.62574201      0.0000
   2013.62577055      0.0000
   2013.62579909      0.0000
   2013.62582763      0.0000
   2013.62585616      0.0000
   2013.62588470      0.0000
   2013.62591324      0.0000
   2013.62594178      0.0000
   2013.62597032      0.0000
   2013.62599886      0.0000
   2013.62602740      0.0000
   2013.62605594      0.0000
   2013.62608447      0.0000
   2013.62611301      0.0000
   2013.62614155      0.0000
   2013.62617009      0.9233
   2013.62619863      4.8795
   2013.62622717     11.7375
   2013.62625571     26.5855
   2013.62628425     40.7382
   2013.62631279     38.6554
   2013.62634132     32.1580
   2013.62636986     26.2869
   2013.62639840     23.4630
   2013.62642694     20.8834
   2013.62645548     19.2745
   2013.62648402     17.7183
   2013.62651256     17.7935
   2013.62654110     17.6204
   2013.62656963     17.5173
   2013.62659817     17.0341
   2013.62662671     17.6497
   2013.62665525     17.8490
   2013.62668379     17.9039
   2013.62671233     17.5106
   2013.62674087     18.1398
   2013.62676941     18.2793
   2013.62679795     18.2901
   2013.62682648     18.6506
   2013.62685502     18.3984
   2013.62688356     18.4416
   2013.62691210     17.8855
   2013.62694064     16.6784
   2013.62696918     16.4764
   2013.62699772     15.3901
   2013.62702626     14.2834
   2013.62705479     12.6804
   2013.62708333     12.3541
   2013.62711187     11.6280
   2013.62714041     10.4371
   2013.62716895      9.3380
   2013.62719749      9.0938
   2013.62722603      8.5584
   2013.62725457      8.0571
   2013.62728311      7.5258
   2013.62731164      7.5983
   2013.62734018      7.4352
   2013.62736872      7.1844
   2013.62739726      6.7534
   2013.62742580      7.0863
   2013.62745434      6.8482
   2013.62748288      6.6030
   2013.62751142      6.5098
   2013.62753995      6.5544
   2013.62756849      6.1817
   2013.62759703      6.1687
   2013.62762557      5.6603
   2013.62765411      5.8810
   2013.62768265      5.5747
   2013.62771119      5.5111
   2013.62773973      5.1208
   2013.62776826      5.3322
   2013.62779680      5.0761
   2013.62782534      5.0051
   2013.62785388      4.9529
   2013.62788242      4.8835
   2013.62791096      4.7994
   2013.62793950      4.6147
   2013.62796804      4.5926
   2013.62799658      4.5372
   2013.62802511      4.4348
   2013.62805365      4.3120
   2013.62808219      4.3216
   2013.62811073      4.2809
   2013.62813927      4.2111
   2013.62816781      4.1166
   2013.62819635      4.1601
   2013.62822489      4.1368
   2013.62825342      4.1073
   2013.62828196      4.0357
   2013.62831050      4.1156
   2013.62833904      4.1238
   2013.62836758      4.0362
   2013.62839612      4.0933
   2013.62842466      4.2117
   2013.62845320      4.2573
   2013.62848174      4.1984
   2013.62851027      4.3001
   2013.62853881      4.3544
   2013.62856735      4.5460
   2013.62859589      4.4977
   2013.62862443      4.6563
   2013.62865297      4.3204
   2013.62868151      5.1469
   2013.62871005      5.3806
   2013.62873858      5.7972
   2013.62876712      5.1184
   2013.62879566      5.0302
   2013.62882420      4.8833
   2013.62885274      5.0223
   2013.62888128      5.5602
   2013.62890982      6.1155
   2013.62893836      6.3218
   2013.62896689      6.1402
   2013.62899543      5.7186
   2013.62902397      5.2681
   2013.62905251      4.9268
   2013.62908105      4.8195
   2013.62910959      5.2896
   2013.62913813      5.3805
   2013.62916667      5.2941
   2013.62919521      4.6908
   2013.62922374      4.2724
   2013.62925228      4.1636
   2013.62928082      3.7193
   2013.62930936      3.4609
   2013.62933790      3.1395
   2013.62936644      2.9501
   2013.62939498      2.7909
   2013.62942352      2.5753
   2013.62945205      2.4734
   2013.62948059      2.2476
   2013.62950913      2.0390
   2013.62953767      1.7731
   2013.62956621      1.6048
   2013.62959475      1.4449
   2013.62962329      1.3586
   2013.62965183      1.1826
   2013.62968037      1.0390
   2013.62970890      0.9644
   2013.62973744      0.8782
   2013.62976598      0.7967
   2013.62979452      0.7226
   2013.62982306      0.6562
   2013.62985160      0.5976
   2013.62988014      0.5452
   2013.62990868      0.4986
   2013.62993721      0.4573
   2013.62996575      0.4205
   2013.62999429      0.3873
   2013.63002283      0.3573
   2013.63005137      0.3300
   2013.63007991      0.3053
   2013.63010845      0.2827
   2013.63013699      0.2621
   2013.63016553      0.2431
   2013.63019406      0.2256
   2013.63022260      0.2095
   2013.63025114      0.1946
   2013.63027968      0.1810
   2013.63030822      0.1685
   2013.63033676      0.1570
   2013.63036530      0.1464
   2013.63039384      0.1366
   2013.63042237      0.1275
   2013.63045091      0.1191
   2013.63047945      0.1113
   2013.63050799      0.1041
