   2013.62465753      0.0000
   2013.62468607      0.0000
   2013.62471461      0.0000
   2013.62474315      0.0000
   2013.62477169      0.0000
   2013.62480023      0.0000
   2013.62482877      0.0000
   2013.62485731      0.0000
   2013.62488584      0.0000
   2013.62491438      0.0000
   2013.62494292      0.0000
   2013.62497146      0.0000
   2013.62500000      0.0000
   2013.62502854      0.0000
   2013.62505708      0.0000
   2013.62508562      0.0000
   2013.62511416      0.0000
   2013.62514269      0.0000
   2013.62517123      0.0000
   2013.62519977      0.0000
   2013.62522831      0.0000
   2013.62525685      0.0000
   2013.62528539      0.0000
   2013.62531393      0.0000
   2013.62534247      0.0000
   2013.62537100      0.0000
   2013.62539954      0.0000
   2013.62542808      0.0000
   2013.62545662      0.0000
   2013.62548516      0.0000
   2013.62551370      0.0000
   2013.62554224      0.0000
   2013.62557078      0.0000
   2013.62559932      0.0789
   2013.62562785      0.1295
   2013.62565639      0.2714
   2013.62568493      0.6213
   2013.62571347      1.2163
   2013.62574201      1.9577
   2013.62577055      3.1408
   2013.62579909      5.2481
   2013.62582763      7.3928
   2013.62585616      8.0827
   2013.62588470      7.8859
   2013.62591324      7.4911
   2013.62594178      6.6468
   2013.62597032      5.9113
   2013.62599886      5.3211
   2013.62602740      4.8379
   2013.62605594      4.3603
   2013.62608447      4.0180
   2013.62611301      3.7254
   2013.62614155      3.4893
   2013.62617009      3.3010
   2013.62619863      3.1505
   2013.62622717      3.0325
   2013.62625571      2.9434
   2013.62628425      2.8802
   2013.62631279      2.8389
   2013.62634132      2.8158
   2013.62636986      2.8070
   2013.62639840      2.8091
   2013.62642694      2.8191
   2013.62645548      2.8342
   2013.62648402      2.8523
   2013.62651256      2.8718
   2013.62654110      2.8783
   2013.62656963      2.8450
   2013.62659817      2.7980
   2013.62662671      2.7315
   2013.62665525      2.6441
   2013.62668379      2.4940
   2013.62671233      2.3815
   2013.62674087      2.2611
   2013.62676941      2.1327
   2013.62679795      2.0120
   2013.62682648      1.8605
   2013.62685502      1.7355
   2013.62688356      1.6154
   2013.62691210      1.4996
   2013.62694064      1.3869
   2013.62696918      1.2789
   2013.62699772      1.1737
   2013.62702626      1.0826
   2013.62705479      0.9941
   2013.62708333      0.9152
   2013.62711187      0.8399
   2013.62714041      0.7678
   2013.62716895      0.7006
   2013.62719749      0.6400
   2013.62722603      0.5855
   2013.62725457      0.5360
   2013.62728311      0.4914
   2013.62731164      0.4513
   2013.62734018      0.4150
   2013.62736872      0.3820
   2013.62739726      0.3520
   2013.62742580      0.3247
   2013.62745434      0.2998
   2013.62748288      0.2771
   2013.62751142      0.2563
   2013.62753995      0.2372
   2013.62756849      0.2195
   2013.62759703      0.2033
   2013.62762557      0.1884
   2013.62765411      0.1748
   2013.62768265      0.1622
   2013.62771119      0.1507
   2013.62773973      0.1402
   2013.62776826      0.1304
   2013.62779680      0.1214
   2013.62782534      0.1131
   2013.62785388      0.1054
