   2013.62465753      0.0000
   2013.62468607      0.0000
   2013.62471461      0.0000
   2013.62474315      0.0000
   2013.62477169      0.0000
   2013.62480023      0.0000
   2013.62482877      0.0000
   2013.62485731      0.0000
   2013.62488584      0.0000
   2013.62491438      0.0000
   2013.62494292      0.0000
   2013.62497146      0.0000
   2013.62500000      0.0000
   2013.62502854      0.0000
   2013.62505708      0.0000
   2013.62508562      0.0000
   2013.62511416      0.0000
   2013.62514269      0.0000
   2013.62517123      0.0000
   2013.62519977      0.0000
   2013.62522831      0.0000
   2013.62525685      0.0000
   2013.62528539      0.0000
   2013.62531393      0.0000
   2013.62534247      0.0000
   2013.62537100      0.0000
   2013.62539954      0.0000
   2013.62542808      0.0000
   2013.62545662      0.0000
   2013.62548516      0.0000
   2013.62551370      0.0000
   2013.62554224      0.0000
   2013.62557078      0.0000
   2013.62559932      0.0000
   2013.62562785      0.0000
   2013.62565639      0.0000
   2013.62568493      0.0000
   2013.62571347      0.0000
   2013.62574201      0.0000
   2013.62577055      0.0000
   2013.62579909      0.0000
   2013.62582763      0.0000
   2013.62585616      0.0000
   2013.62588470      0.0000
   2013.62591324      0.0000
   2013.62594178      0.0000
   2013.62597032      0.0000
   2013.62599886      0.0000
   2013.62602740      0.0000
   2013.62605594      0.0000
   2013.62608447      0.0000
   2013.62611301      0.0000
   2013.62614155      0.0000
   2013.62617009      0.0000
   2013.62619863      0.0000
   2013.62622717      0.0000
   2013.62625571      0.0000
   2013.62628425      0.0000
   2013.62631279      0.0000
   2013.62634132      0.0000
   2013.62636986      0.0000
   2013.62639840     16.2787
   2013.62642694     60.6147
   2013.62645548    116.7798
   2013.62648402    123.3624
   2013.62651256     88.3524
   2013.62654110     60.3167
   2013.62656963     43.1307
   2013.62659817     34.1909
   2013.62662671     29.1791
   2013.62665525     26.8990
   2013.62668379     26.2899
   2013.62671233     23.9275
   2013.62674087     23.9948
   2013.62676941     24.2212
   2013.62679795     24.4102
   2013.62682648     23.5462
   2013.62685502     24.2119
   2013.62688356     25.0952
   2013.62691210     25.7352
   2013.62694064     24.5888
   2013.62696918     24.5927
   2013.62699772     23.7490
   2013.62702626     22.9064
   2013.62705479     22.7244
   2013.62708333     22.4604
   2013.62711187     23.3849
   2013.62714041     23.0788
   2013.62716895     21.6559
   2013.62719749     19.5994
   2013.62722603     17.8256
   2013.62725457     15.6333
   2013.62728311     13.8585
   2013.62731164     12.3126
   2013.62734018     11.2195
   2013.62736872     10.3554
   2013.62739726      9.4659
   2013.62742580      8.6749
   2013.62745434      7.8715
   2013.62748288      7.2972
   2013.62751142      5.7699
   2013.62753995      4.9947
   2013.62756849      4.3046
   2013.62759703      3.7055
   2013.62762557      3.2160
   2013.62765411      2.9595
   2013.62768265      2.5524
   2013.62771119      2.1383
   2013.62773973      1.8887
   2013.62776826      1.6671
   2013.62779680      1.4738
   2013.62782534      1.3327
   2013.62785388      1.1706
   2013.62788242      1.0339
   2013.62791096      0.9392
   2013.62793950      0.8443
   2013.62796804      0.7585
   2013.62799658      0.6821
   2013.62802511      0.6152
   2013.62805365      0.5563
   2013.62808219      0.5041
   2013.62811073      0.4582
   2013.62813927      0.4176
   2013.62816781      0.3815
   2013.62819635      0.3492
   2013.62822489      0.3201
   2013.62825342      0.2940
   2013.62828196      0.2704
   2013.62831050      0.2489
   2013.62833904      0.2292
   2013.62836758      0.2112
   2013.62839612      0.1948
   2013.62842466      0.1798
   2013.62845320      0.1662
   2013.62848174      0.1537
   2013.62851027      0.1423
   2013.62853881      0.1319
   2013.62856735      0.1223
   2013.62859589      0.1134
   2013.62862443      0.1053
