   2013.62465753      0.0000
   2013.62468607      0.0000
   2013.62471461      0.0000
   2013.62474315      0.0000
   2013.62477169      0.0000
   2013.62480023      0.0000
   2013.62482877      0.0000
   2013.62485731      0.0000
   2013.62488584      0.0000
   2013.62491438      0.0000
   2013.62494292      0.0000
   2013.62497146      0.0000
   2013.62500000      0.0000
   2013.62502854      0.0000
   2013.62505708      0.0000
   2013.62508562      0.0000
   2013.62511416      0.0000
   2013.62514269      0.0000
   2013.62517123      0.0000
   2013.62519977      0.0000
   2013.62522831      0.0000
   2013.62525685      0.0000
   2013.62528539      0.0000
   2013.62531393      0.0000
   2013.62534247      0.0000
   2013.62537100      0.0000
   2013.62539954      0.0000
   2013.62542808      0.0000
   2013.62545662      0.0000
   2013.62548516      0.0000
   2013.62551370      0.0000
   2013.62554224      0.0000
   2013.62557078      0.0000
   2013.62559932      0.0000
   2013.62562785      0.0000
   2013.62565639      0.0000
   2013.62568493      0.0000
   2013.62571347      0.0000
   2013.62574201      0.0000
   2013.62577055      0.0000
   2013.62579909      0.0000
   2013.62582763      0.0000
   2013.62585616      0.0000
   2013.62588470      0.0000
   2013.62591324      0.0000
   2013.62594178      0.0000
   2013.62597032      0.0000
   2013.62599886      0.0000
   2013.62602740      0.0000
   2013.62605594      0.0000
   2013.62608447      0.0000
   2013.62611301      0.0000
   2013.62614155      0.0000
   2013.62617009      0.0002
   2013.62619863      0.0005
   2013.62622717      0.0007
   2013.62625571      0.0009
   2013.62628425      0.0010
   2013.62631279      0.0012
   2013.62634132      0.0013
   2013.62636986      0.0014
   2013.62639840      0.0015
   2013.62642694      0.0016
   2013.62645548      0.0058
   2013.62648402      0.0284
   2013.62651256      0.0479
   2013.62654110      0.0668
   2013.62656963      0.0919
   2013.62659817      0.1250
   2013.62662671      0.1613
   2013.62665525      0.1985
   2013.62668379      0.2447
   2013.62671233      0.2995
   2013.62674087      0.3652
   2013.62676941      0.4446
   2013.62679795      0.5500
   2013.62682648      0.6878
   2013.62685502      0.8344
   2013.62688356      0.9859
   2013.62691210      1.0984
   2013.62694064      1.1542
   2013.62696918      1.1612
   2013.62699772      1.1361
   2013.62702626      1.1224
   2013.62705479      1.0510
   2013.62708333      0.9504
   2013.62711187      0.9325
   2013.62714041      0.8814
   2013.62716895      0.8266
   2013.62719749      0.7732
   2013.62722603      0.7222
   2013.62725457      0.6747
   2013.62728311      0.6318
   2013.62731164      0.5926
   2013.62734018      0.5566
   2013.62736872      0.5235
   2013.62739726      0.4932
   2013.62742580      0.4651
   2013.62745434      0.4389
   2013.62748288      0.4146
   2013.62751142      0.3920
   2013.62753995      0.3709
   2013.62756849      0.3512
   2013.62759703      0.3329
   2013.62762557      0.3160
   2013.62765411      0.3002
   2013.62768265      0.2855
   2013.62771119      0.2718
   2013.62773973      0.2591
   2013.62776826      0.2471
   2013.62779680      0.2358
   2013.62782534      0.2250
   2013.62785388      0.2150
   2013.62788242      0.2055
   2013.62791096      0.1966
   2013.62793950      0.1883
   2013.62796804      0.1805
   2013.62799658      0.1731
   2013.62802511      0.1661
   2013.62805365      0.1595
   2013.62808219      0.1533
   2013.62811073      0.1474
   2013.62813927      0.1418
   2013.62816781      0.1364
   2013.62819635      0.1315
   2013.62822489      0.1268
   2013.62825342      0.1222
   2013.62828196      0.1179
   2013.62831050      0.1140
   2013.62833904      0.1101
   2013.62836758      0.1064
   2013.62839612      0.1029
   2013.62842466      0.0997
   2013.62845320      0.0965
   2013.62848174      0.0935
   2013.62851027      0.0906
   2013.62853881      0.0879
   2013.62856735      0.0853
