   2013.62465753      0.0000
   2013.62468607      0.0000
   2013.62471461      0.0000
   2013.62474315      0.0000
   2013.62477169      0.0000
   2013.62480023      0.0000
   2013.62482877      0.0000
   2013.62485731      0.0000
   2013.62488584      0.0000
   2013.62491438      0.0000
   2013.62494292      0.0000
   2013.62497146      0.0000
   2013.62500000      0.0000
   2013.62502854      0.0000
   2013.62505708      0.0000
   2013.62508562      0.0000
   2013.62511416      0.0000
   2013.62514269      0.0000
   2013.62517123      0.0000
   2013.62519977      0.0000
   2013.62522831      0.0000
   2013.62525685      0.0000
   2013.62528539      0.0000
   2013.62531393      0.0000
   2013.62534247      0.0000
   2013.62537100      0.0000
   2013.62539954      0.0000
   2013.62542808      0.0000
   2013.62545662      0.0000
   2013.62548516      0.0000
   2013.62551370      0.0000
   2013.62554224      0.0000
   2013.62557078      0.0000
   2013.62559932      0.0000
   2013.62562785      0.0000
   2013.62565639      0.0000
   2013.62568493      0.0000
   2013.62571347      0.0000
   2013.62574201      0.0000
   2013.62577055      0.0000
   2013.62579909      0.0000
   2013.62582763      0.0000
   2013.62585616      0.0000
   2013.62588470      0.0000
   2013.62591324      0.0000
   2013.62594178      0.0000
   2013.62597032      0.0000
   2013.62599886      0.0000
   2013.62602740      0.0000
   2013.62605594      0.0000
   2013.62608447      0.0000
   2013.62611301      0.0000
   2013.62614155      0.0000
   2013.62617009      0.0000
   2013.62619863      0.0000
   2013.62622717      0.0000
   2013.62625571      0.0000
   2013.62628425      0.0000
   2013.62631279      0.0000
   2013.62634132      0.0000
   2013.62636986      0.0000
   2013.62639840      0.0000
   2013.62642694      0.0000
   2013.62645548      0.0000
   2013.62648402      0.0000
   2013.62651256      0.0000
   2013.62654110      0.0000
   2013.62656963      0.0000
   2013.62659817      0.0000
   2013.62662671      0.0000
   2013.62665525      0.0000
   2013.62668379      0.0000
   2013.62671233      0.0000
   2013.62674087      0.0000
   2013.62676941      0.0000
   2013.62679795      0.0000
   2013.62682648      0.0000
   2013.62685502      0.0000
   2013.62688356      0.0000
   2013.62691210      0.0000
   2013.62694064      0.0000
   2013.62696918      0.0000
   2013.62699772      0.0000
   2013.62702626      0.0000
   2013.62705479      0.0000
   2013.62708333      0.0000
   2013.62711187      0.0000
   2013.62714041      0.0000
   2013.62716895      0.0000
   2013.62719749      0.0000
   2013.62722603      0.0000
   2013.62725457      0.0000
   2013.62728311      0.0000
   2013.62731164      0.0000
   2013.62734018      0.0000
   2013.62736872      0.0001
   2013.62739726      0.0003
   2013.62742580      0.0005
   2013.62745434      0.0007
   2013.62748288      0.0009
   2013.62751142      0.0011
   2013.62753995      0.0013
   2013.62756849      0.0014
   2013.62759703      0.0016
   2013.62762557      0.0017
   2013.62765411      0.0020
   2013.62768265      0.0198
   2013.62771119      0.0485
   2013.62773973      0.0714
   2013.62776826      0.1063
   2013.62779680      0.1607
   2013.62782534      0.2318
   2013.62785388      0.3332
   2013.62788242      0.4789
   2013.62791096      0.6758
   2013.62793950      0.9138
   2013.62796804      1.2332
   2013.62799658      1.6647
   2013.62802511      2.1456
   2013.62805365      2.5718
   2013.62808219      2.8969
   2013.62811073      3.1307
   2013.62813927      3.3042
   2013.62816781      3.4071
   2013.62819635      3.4551
   2013.62822489      3.5003
   2013.62825342      3.5444
   2013.62828196      3.6055
   2013.62831050      3.6329
   2013.62833904      3.6561
   2013.62836758      3.6015
   2013.62839612      3.5794
   2013.62842466      3.6532
   2013.62845320      3.3403
   2013.62848174      3.1269
   2013.62851027      3.0732
   2013.62853881      2.9109
   2013.62856735      2.7648
   2013.62859589      2.5771
   2013.62862443      2.3926
   2013.62865297      2.3182
   2013.62868151      2.0213
   2013.62871005      1.8576
   2013.62873858      1.7060
   2013.62876712      1.6100
   2013.62879566      1.4702
   2013.62882420      1.3379
   2013.62885274      1.2115
   2013.62888128      1.1052
   2013.62890982      1.0060
   2013.62893836      0.9182
   2013.62896689      0.8367
   2013.62899543      0.7599
   2013.62902397      0.6893
   2013.62905251      0.6265
   2013.62908105      0.5702
   2013.62910959      0.5196
   2013.62913813      0.4744
   2013.62916667      0.4340
   2013.62919521      0.3976
   2013.62922374      0.3647
   2013.62925228      0.3351
   2013.62928082      0.3082
   2013.62930936      0.2839
   2013.62933790      0.2618
   2013.62936644      0.2416
   2013.62939498      0.2230
   2013.62942352      0.2060
   2013.62945205      0.1905
   2013.62948059      0.1763
   2013.62950913      0.1634
   2013.62953767      0.1515
   2013.62956621      0.1407
   2013.62959475      0.1307
   2013.62962329      0.1215
   2013.62965183      0.1131
   2013.62968037      0.1053
