   2013.62465753      0.0000
   2013.62468607      0.0000
   2013.62471461      0.0000
   2013.62474315      0.0000
   2013.62477169      0.0000
   2013.62480023      0.0000
   2013.62482877      0.0000
   2013.62485731      0.0000
   2013.62488584      0.0000
   2013.62491438      0.0000
   2013.62494292      0.0000
   2013.62497146      0.0000
   2013.62500000      0.0000
   2013.62502854      0.0000
   2013.62505708      0.0000
   2013.62508562      0.0000
   2013.62511416      0.0000
   2013.62514269      0.0000
   2013.62517123      0.0000
   2013.62519977      0.0000
   2013.62522831      0.0000
   2013.62525685      0.0000
   2013.62528539      0.0000
   2013.62531393      0.0000
   2013.62534247      0.0000
   2013.62537100      0.0000
   2013.62539954      0.0000
   2013.62542808      0.0000
   2013.62545662      0.0000
   2013.62548516      0.0000
   2013.62551370      0.0000
   2013.62554224      0.0000
   2013.62557078      0.0000
   2013.62559932      0.0000
   2013.62562785      0.0000
   2013.62565639      0.0000
   2013.62568493      0.0000
   2013.62571347      0.0000
   2013.62574201      0.0000
   2013.62577055      0.0000
   2013.62579909      0.0000
   2013.62582763      0.0000
   2013.62585616      0.0000
   2013.62588470      0.0000
   2013.62591324      0.0000
   2013.62594178      0.0000
   2013.62597032      0.0000
   2013.62599886      0.0000
   2013.62602740      0.0000
   2013.62605594      0.0000
   2013.62608447      0.0000
   2013.62611301      0.0000
   2013.62614155      0.0000
   2013.62617009      0.0000
   2013.62619863      0.0000
   2013.62622717      0.0000
   2013.62625571      0.0000
   2013.62628425      0.0000
   2013.62631279      0.0000
   2013.62634132      0.0000
   2013.62636986      0.0000
   2013.62639840      0.0000
   2013.62642694      0.0000
   2013.62645548      0.0000
   2013.62648402      0.0000
   2013.62651256      0.0000
   2013.62654110      0.0000
   2013.62656963      0.0000
   2013.62659817      0.0000
   2013.62662671      4.0348
   2013.62665525     19.2085
   2013.62668379     47.9450
   2013.62671233     73.1511
   2013.62674087     62.3759
   2013.62676941     47.1563
   2013.62679795     33.2291
   2013.62682648     25.7987
   2013.62685502     20.2843
   2013.62688356     16.8735
   2013.62691210     14.4406
   2013.62694064     13.0604
   2013.62696918     11.6697
   2013.62699772     10.8453
   2013.62702626     10.1645
   2013.62705479      9.7487
   2013.62708333      9.4716
   2013.62711187      9.1905
   2013.62714041      9.0097
   2013.62716895      8.9706
   2013.62719749      8.9083
   2013.62722603      8.8826
   2013.62725457      8.7732
   2013.62728311      8.7297
   2013.62731164      8.6568
   2013.62734018      8.6360
   2013.62736872      8.4361
   2013.62739726      8.2745
   2013.62742580      8.1417
   2013.62745434      7.8131
   2013.62748288      7.4870
   2013.62751142      6.8153
   2013.62753995      7.1820
   2013.62756849      6.6302
   2013.62759703      6.5382
   2013.62762557      6.1864
   2013.62765411      5.9847
   2013.62768265      5.5845
   2013.62771119      5.4569
   2013.62773973      5.3263
   2013.62776826      5.2306
   2013.62779680      5.0095
   2013.62782534      5.0069
   2013.62785388      4.8067
   2013.62788242      5.0201
   2013.62791096      4.8658
   2013.62793950      4.8805
   2013.62796804      4.6954
   2013.62799658      4.8890
   2013.62802511      4.7314
   2013.62805365      4.7357
   2013.62808219      4.5606
   2013.62811073      4.7412
   2013.62813927      4.5991
   2013.62816781      4.6138
   2013.62819635      4.6621
   2013.62822489      4.6561
   2013.62825342      4.5389
   2013.62828196      4.5801
   2013.62831050      4.6541
   2013.62833904      4.6720
   2013.62836758      4.5709
   2013.62839612      4.6408
   2013.62842466      4.4193
   2013.62845320      4.7904
   2013.62848174      4.7005
   2013.62851027      4.8192
   2013.62853881      4.5961
   2013.62856735      5.0302
   2013.62859589      4.9438
   2013.62862443      5.1333
   2013.62865297      4.8784
   2013.62868151      5.3966
   2013.62871005      5.2910
   2013.62873858      5.4079
   2013.62876712      5.2668
   2013.62879566      5.7096
   2013.62882420      5.7230
   2013.62885274      5.8602
   2013.62888128      5.7148
   2013.62890982      6.0909
   2013.62893836      6.2058
   2013.62896689      6.3433
   2013.62899543      6.1700
   2013.62902397      6.5622
   2013.62905251      6.6809
   2013.62908105      6.7956
   2013.62910959      6.6380
   2013.62913813      7.0002
   2013.62916667      7.1308
   2013.62919521      7.2132
   2013.62922374      7.1773
   2013.62925228      7.8659
   2013.62928082      8.2659
   2013.62930936      8.1337
   2013.62933790      7.4950
   2013.62936644      7.1764
   2013.62939498      6.9807
   2013.62942352      7.4309
   2013.62945205      7.9797
   2013.62948059      8.3261
   2013.62950913      8.2366
   2013.62953767      7.6358
   2013.62956621      6.9761
   2013.62959475      6.3095
   2013.62962329      5.7640
   2013.62965183      5.4949
   2013.62968037      5.5007
   2013.62970890      5.9090
   2013.62973744      5.3053
   2013.62976598      5.3882
   2013.62979452      4.5400
   2013.62982306      4.3223
   2013.62985160      3.6598
   2013.62988014      3.2460
   2013.62990868      2.9394
   2013.62993721      2.6399
   2013.62996575      2.5766
   2013.62999429      2.2904
   2013.63002283      2.1040
   2013.63005137      1.9362
   2013.63007991      1.7087
   2013.63010845      1.5676
   2013.63013699      1.4287
   2013.63016553      1.3004
   2013.63019406      1.1973
   2013.63022260      1.0844
   2013.63025114      0.9810
   2013.63027968      0.9006
   2013.63030822      0.8198
   2013.63033676      0.7450
   2013.63036530      0.6769
   2013.63039384      0.6161
   2013.63042237      0.5616
   2013.63045091      0.5129
   2013.63047945      0.4695
   2013.63050799      0.4308
   2013.63053653      0.3959
   2013.63056507      0.3644
   2013.63059361      0.3359
   2013.63062215      0.3099
   2013.63065068      0.2863
   2013.63067922      0.2648
   2013.63070776      0.2451
   2013.63073630      0.2269
   2013.63076484      0.2102
   2013.63079338      0.1949
   2013.63082192      0.1808
   2013.63085046      0.1679
   2013.63087900      0.1561
   2013.63090753      0.1453
   2013.63093607      0.1353
   2013.63096461      0.1261
   2013.63099315      0.1176
   2013.63102169      0.1097
   2013.63105023      0.1024
