   2013.62465753      0.0000
   2013.62468607      0.0000
   2013.62471461      0.0000
   2013.62474315      0.0000
   2013.62477169      0.0000
   2013.62480023      0.0000
   2013.62482877      0.0000
   2013.62485731      0.0000
   2013.62488584      0.0000
   2013.62491438      0.0000
   2013.62494292      0.0000
   2013.62497146      0.0000
   2013.62500000      0.0000
   2013.62502854      0.0000
   2013.62505708      0.0000
   2013.62508562      0.0000
   2013.62511416      0.0000
   2013.62514269      0.0000
   2013.62517123      0.0000
   2013.62519977      0.0000
   2013.62522831      0.0000
   2013.62525685      0.0000
   2013.62528539      0.0000
   2013.62531393      0.0000
   2013.62534247      0.0000
   2013.62537100      0.0000
   2013.62539954      0.0000
   2013.62542808      0.0000
   2013.62545662      0.0000
   2013.62548516      0.0000
   2013.62551370      0.0000
   2013.62554224      0.0000
   2013.62557078      0.0000
   2013.62559932      0.0000
   2013.62562785      0.0000
   2013.62565639      0.0000
   2013.62568493      0.0000
   2013.62571347      0.0000
   2013.62574201      0.0000
   2013.62577055      0.0000
   2013.62579909      0.0000
   2013.62582763      0.0000
   2013.62585616      0.0000
   2013.62588470      0.0000
   2013.62591324      0.0000
   2013.62594178      0.0000
   2013.62597032      0.0000
   2013.62599886      0.0000
   2013.62602740      0.0000
   2013.62605594      0.0000
   2013.62608447      0.0000
   2013.62611301      0.0000
   2013.62614155      0.0000
   2013.62617009      0.0000
   2013.62619863      0.0000
   2013.62622717      0.0000
   2013.62625571      0.0000
   2013.62628425      0.0000
   2013.62631279      0.0000
   2013.62634132      0.0000
   2013.62636986      0.0000
   2013.62639840      0.0000
   2013.62642694      0.0000
   2013.62645548      0.0000
   2013.62648402      0.0000
   2013.62651256      0.0000
   2013.62654110      0.0000
   2013.62656963      0.0000
   2013.62659817      0.0000
   2013.62662671      0.0000
   2013.62665525      0.0000
   2013.62668379      0.0000
   2013.62671233      0.0000
   2013.62674087      0.0000
   2013.62676941      0.0000
   2013.62679795      0.0000
   2013.62682648      0.0000
   2013.62685502      0.0000
   2013.62688356      0.0000
   2013.62691210      0.0000
   2013.62694064      0.0000
   2013.62696918      0.0000
   2013.62699772      0.0000
   2013.62702626      0.0000
   2013.62705479      0.0000
   2013.62708333      0.0000
   2013.62711187      0.0000
   2013.62714041      0.0000
   2013.62716895      0.0000
   2013.62719749     21.7855
   2013.62722603     83.3314
   2013.62725457    127.7892
   2013.62728311    141.3346
   2013.62731164     98.1739
   2013.62734018     65.7321
   2013.62736872     47.0132
   2013.62739726     37.6531
   2013.62742580     32.5177
   2013.62745434     29.9783
   2013.62748288     28.2454
   2013.62751142     24.5419
   2013.62753995     23.6236
   2013.62756849     21.0151
   2013.62759703     18.7703
   2013.62762557     15.6511
   2013.62765411     14.3785
   2013.62768265     12.7060
   2013.62771119     11.2147
   2013.62773973      9.8511
   2013.62776826      8.8552
   2013.62779680      8.0154
   2013.62782534      7.4692
   2013.62785388      6.3150
   2013.62788242      6.3384
   2013.62791096      5.7809
   2013.62793950      5.5568
   2013.62796804      5.3835
   2013.62799658      5.2481
   2013.62802511      4.9803
   2013.62805365      4.9193
   2013.62808219      4.8968
   2013.62811073      4.8455
   2013.62813927      4.6768
   2013.62816781      4.6778
   2013.62819635      4.7178
   2013.62822489      4.7074
   2013.62825342      4.5843
   2013.62828196      4.6280
   2013.62831050      4.3926
   2013.62833904      4.7397
   2013.62836758      4.6376
   2013.62839612      4.7322
   2013.62842466      4.7044
   2013.62845320      4.9967
   2013.62848174      4.8368
   2013.62851027      4.9931
   2013.62853881      4.5625
   2013.62856735      5.1631
   2013.62859589      5.5652
   2013.62862443      5.8950
   2013.62865297      5.3287
   2013.62868151      5.2278
   2013.62871005      5.0299
   2013.62873858      5.0430
   2013.62876712      5.4756
   2013.62879566      6.2481
   2013.62882420      6.3432
   2013.62885274      6.2210
   2013.62888128      5.8141
   2013.62890982      5.3413
   2013.62893836      4.9363
   2013.62896689      4.7347
   2013.62899543      5.0938
   2013.62902397      5.1959
   2013.62905251      5.1751
   2013.62908105      4.6363
   2013.62910959      4.2105
   2013.62913813      4.0566
   2013.62916667      3.6688
   2013.62919521      3.2131
   2013.62922374      3.0405
   2013.62925228      2.8109
   2013.62928082      2.6119
   2013.62930936      2.6159
   2013.62933790      2.3458
   2013.62936644      2.1481
   2013.62939498      1.8378
   2013.62942352      1.7109
   2013.62945205      1.5464
   2013.62948059      1.3941
   2013.62950913      1.2840
   2013.62953767      1.1417
   2013.62956621      1.0178
   2013.62959475      0.9351
   2013.62962329      0.8484
   2013.62965183      0.7682
   2013.62968037      0.6956
   2013.62970890      0.6311
   2013.62973744      0.5738
   2013.62976598      0.5227
   2013.62979452      0.4774
   2013.62982306      0.4373
   2013.62985160      0.4014
   2013.62988014      0.3691
   2013.62990868      0.3399
   2013.62993721      0.3135
   2013.62996575      0.2896
   2013.62999429      0.2678
   2013.63002283      0.2479
   2013.63005137      0.2296
   2013.63007991      0.2127
   2013.63010845      0.1973
   2013.63013699      0.1831
   2013.63016553      0.1702
   2013.63019406      0.1583
   2013.63022260      0.1473
   2013.63025114      0.1373
   2013.63027968      0.1280
   2013.63030822      0.1194
   2013.63033676      0.1115
   2013.63036530      0.1041
