   2013.62465753      0.0000
   2013.62468607      0.0000
   2013.62471461      0.0000
   2013.62474315      0.0000
   2013.62477169      0.0000
   2013.62480023      0.0000
   2013.62482877      0.0000
   2013.62485731      0.0000
   2013.62488584      0.0000
   2013.62491438      0.0000
   2013.62494292      0.0000
   2013.62497146      0.0000
   2013.62500000      0.0000
   2013.62502854      0.0000
   2013.62505708      0.0000
   2013.62508562      0.0000
   2013.62511416      0.0000
   2013.62514269      0.0000
   2013.62517123      0.0000
   2013.62519977      0.0000
   2013.62522831      0.0000
   2013.62525685      0.0000
   2013.62528539      0.0000
   2013.62531393      0.0000
   2013.62534247      0.0000
   2013.62537100      0.0000
   2013.62539954      0.0000
   2013.62542808      0.0000
   2013.62545662      0.0000
   2013.62548516      0.0000
   2013.62551370      0.0000
   2013.62554224      0.0000
   2013.62557078      0.0000
   2013.62559932      0.0000
   2013.62562785      0.0000
   2013.62565639      0.0000
   2013.62568493      0.0000
   2013.62571347      0.0000
   2013.62574201      0.0000
   2013.62577055      0.0000
   2013.62579909      0.0000
   2013.62582763      0.0000
   2013.62585616      0.0000
   2013.62588470      0.0000
   2013.62591324      0.0000
   2013.62594178      0.0000
   2013.62597032      0.0000
   2013.62599886      0.0000
   2013.62602740      0.0000
   2013.62605594      0.0000
   2013.62608447      0.0000
   2013.62611301      0.0000
   2013.62614155      0.0000
   2013.62617009      0.0000
   2013.62619863      0.0000
   2013.62622717      0.0000
   2013.62625571      0.0000
   2013.62628425      0.0000
   2013.62631279      0.0000
   2013.62634132      0.0000
   2013.62636986      0.0000
   2013.62639840      0.0000
   2013.62642694      0.0000
   2013.62645548      0.0000
   2013.62648402      0.0000
   2013.62651256      0.2578
   2013.62654110      0.6592
   2013.62656963      2.2136
   2013.62659817      4.3717
   2013.62662671      7.5774
   2013.62665525     13.0993
   2013.62668379     17.2197
   2013.62671233     17.2470
   2013.62674087     15.8987
   2013.62676941     13.8814
   2013.62679795     12.3873
   2013.62682648     11.1314
   2013.62685502     10.0795
   2013.62688356      9.1507
   2013.62691210      8.3284
   2013.62694064      7.8626
   2013.62696918      7.3906
   2013.62699772      6.9280
   2013.62702626      6.6569
   2013.62705479      6.5621
   2013.62708333      6.3789
   2013.62711187      6.1714
   2013.62714041      5.9316
   2013.62716895      5.6971
   2013.62719749      5.4827
   2013.62722603      5.2949
   2013.62725457      5.1346
   2013.62728311      4.9918
   2013.62731164      4.8539
   2013.62734018      4.7158
   2013.62736872      4.5785
   2013.62739726      4.5378
   2013.62742580      4.3401
   2013.62745434      4.2348
   2013.62748288      4.1486
   2013.62751142      4.0680
   2013.62753995      3.9793
   2013.62756849      3.8033
   2013.62759703      3.6851
   2013.62762557      3.6691
   2013.62765411      3.5461
   2013.62768265      3.2135
   2013.62771119      3.0643
   2013.62773973      2.8271
   2013.62776826      2.6454
   2013.62779680      2.4647
   2013.62782534      2.2901
   2013.62785388      2.1807
   2013.62788242      2.0005
   2013.62791096      1.7618
   2013.62793950      1.6247
   2013.62796804      1.4863
   2013.62799658      1.3550
   2013.62802511      1.2272
   2013.62805365      1.1238
   2013.62808219      1.0256
   2013.62811073      0.9379
   2013.62813927      0.8570
   2013.62816781      0.7803
   2013.62819635      0.7092
   2013.62822489      0.6452
   2013.62825342      0.5882
   2013.62828196      0.5368
   2013.62831050      0.4907
   2013.62833904      0.4493
   2013.62836758      0.4121
   2013.62839612      0.3785
   2013.62842466      0.3480
   2013.62845320      0.3202
   2013.62848174      0.2950
   2013.62851027      0.2722
   2013.62853881      0.2512
   2013.62856735      0.2319
   2013.62859589      0.2142
   2013.62862443      0.1979
   2013.62865297      0.1831
   2013.62868151      0.1694
   2013.62871005      0.1569
   2013.62873858      0.1455
   2013.62876712      0.1350
   2013.62879566      0.1253
   2013.62882420      0.1163
   2013.62885274      0.1081
   2013.62888128      0.1005
