   2013.62465753      0.0000
   2013.62468607      0.0000
   2013.62471461      0.0000
   2013.62474315      0.0000
   2013.62477169      0.0000
   2013.62480023      0.0000
   2013.62482877      0.0000
   2013.62485731      0.0000
   2013.62488584      0.0000
   2013.62491438      0.0000
   2013.62494292      0.0000
   2013.62497146      0.0000
   2013.62500000      0.0000
   2013.62502854      0.0000
   2013.62505708      0.0000
   2013.62508562      0.0000
   2013.62511416      0.0000
   2013.62514269      0.0000
   2013.62517123      0.0000
   2013.62519977      0.0000
   2013.62522831      0.0000
   2013.62525685      0.0000
   2013.62528539      0.0000
   2013.62531393      0.0000
   2013.62534247      0.0000
   2013.62537100      0.0000
   2013.62539954      0.0000
   2013.62542808      0.0000
   2013.62545662      0.0000
   2013.62548516      0.0000
   2013.62551370      0.0000
   2013.62554224      0.0000
   2013.62557078      0.0000
   2013.62559932      0.0000
   2013.62562785      0.0000
   2013.62565639      0.0000
   2013.62568493      0.0000
   2013.62571347      0.0000
   2013.62574201      0.0000
   2013.62577055      0.0000
   2013.62579909      0.0000
   2013.62582763      0.0000
   2013.62585616      0.0000
   2013.62588470      0.0000
   2013.62591324      0.0000
   2013.62594178      0.0000
   2013.62597032      0.0000
   2013.62599886      0.0000
   2013.62602740      0.0000
   2013.62605594      0.0000
   2013.62608447      0.0000
   2013.62611301      0.0000
   2013.62614155      0.0000
   2013.62617009      0.0000
   2013.62619863      0.0000
   2013.62622717      0.0000
   2013.62625571      0.0000
   2013.62628425      0.0000
   2013.62631279      0.0000
   2013.62634132      0.0000
   2013.62636986      0.0000
   2013.62639840      0.0000
   2013.62642694      0.0000
   2013.62645548      0.0000
   2013.62648402      0.0000
   2013.62651256      0.0000
   2013.62654110      0.0000
   2013.62656963      0.0000
   2013.62659817      0.0000
   2013.62662671      0.0000
   2013.62665525      0.0000
   2013.62668379      0.0000
   2013.62671233      0.0000
   2013.62674087      0.0000
   2013.62676941      0.0000
   2013.62679795      0.0000
   2013.62682648      0.0000
   2013.62685502      0.0000
   2013.62688356      0.0000
   2013.62691210      0.0000
   2013.62694064      0.0000
   2013.62696918      0.0000
   2013.62699772      0.0000
   2013.62702626      0.0000
   2013.62705479      0.0000
   2013.62708333      0.0000
   2013.62711187      0.0000
   2013.62714041      0.0000
   2013.62716895      0.0000
   2013.62719749      0.0000
   2013.62722603      0.0000
   2013.62725457      0.0000
   2013.62728311      0.0000
   2013.62731164      2.2545
   2013.62734018     11.8366
   2013.62736872     26.9757
   2013.62739726     53.5279
   2013.62742580     52.2579
   2013.62745434     41.1426
   2013.62748288     31.1204
   2013.62751142     22.8245
   2013.62753995     17.9138
   2013.62756849     14.6864
   2013.62759703     12.3105
   2013.62762557     10.3235
   2013.62765411      8.9976
   2013.62768265      8.0166
   2013.62771119      7.1148
   2013.62773973      6.4011
   2013.62776826      5.8198
   2013.62779680      5.3701
   2013.62782534      5.1055
   2013.62785388      4.7396
   2013.62788242      4.5591
   2013.62791096      4.3949
   2013.62793950      4.3105
   2013.62796804      4.1699
   2013.62799658      4.1202
   2013.62802511      4.1206
   2013.62805365      4.0432
   2013.62808219      4.0896
   2013.62811073      3.9664
   2013.62813927      3.9782
   2013.62816781      3.9465
   2013.62819635      3.9365
   2013.62822489      3.8807
   2013.62825342      3.7202
   2013.62828196      3.5776
   2013.62831050      3.2862
   2013.62833904      3.4318
   2013.62836758      3.5106
   2013.62839612      3.1709
   2013.62842466      2.9990
   2013.62845320      3.0043
   2013.62848174      2.9042
   2013.62851027      2.7720
   2013.62853881      2.6764
   2013.62856735      2.6517
   2013.62859589      2.5215
   2013.62862443      2.4120
   2013.62865297      2.4099
   2013.62868151      2.3572
   2013.62871005      2.2879
   2013.62873858      2.2200
   2013.62876712      2.2737
   2013.62879566      2.2934
   2013.62882420      2.2948
   2013.62885274      2.2864
   2013.62888128      2.4131
   2013.62890982      2.5029
   2013.62893836      2.5201
   2013.62896689      2.5964
   2013.62899543      2.7708
   2013.62902397      2.8944
   2013.62905251      2.9210
   2013.62908105      2.9762
   2013.62910959      3.0515
   2013.62913813      3.3166
   2013.62916667      3.3297
   2013.62919521      3.4034
   2013.62922374      3.5391
   2013.62925228      3.6875
   2013.62928082      3.7579
   2013.62930936      3.7943
   2013.62933790      3.7990
   2013.62936644      4.0260
   2013.62939498      3.9926
   2013.62942352      4.0808
   2013.62945205      4.0394
   2013.62948059      4.2566
   2013.62950913      4.1974
   2013.62953767      4.2643
   2013.62956621      4.1842
   2013.62959475      4.3897
   2013.62962329      4.2995
   2013.62965183      4.3393
   2013.62968037      4.4064
   2013.62970890      4.4161
   2013.62973744      4.4011
   2013.62976598      4.3172
   2013.62979452      4.3589
   2013.62982306      4.3508
   2013.62985160      4.2837
   2013.62988014      4.2008
   2013.62990868      4.0499
   2013.62993721      4.1955
   2013.62996575      4.0948
   2013.62999429      4.0058
   2013.63002283      3.9484
   2013.63005137      3.8652
   2013.63007991      3.7887
   2013.63010845      3.6792
   2013.63013699      3.5559
   2013.63016553      3.6197
   2013.63019406      3.5445
   2013.63022260      3.6403
   2013.63025114      3.5130
   2013.63027968      3.2082
   2013.63030822      3.0993
   2013.63033676      2.9503
   2013.63036530      2.7265
   2013.63039384      2.5824
   2013.63042237      2.4301
   2013.63045091      2.2728
   2013.63047945      2.1190
   2013.63050799      1.9576
   2013.63053653      1.8126
   2013.63056507      1.6800
   2013.63059361      1.5553
   2013.63062215      1.4365
   2013.63065068      1.3233
   2013.63067922      1.2676
   2013.63070776      1.1186
   2013.63073630      1.0286
   2013.63076484      0.9454
   2013.63079338      0.8693
   2013.63082192      0.7963
   2013.63085046      0.7276
   2013.63087900      0.6649
   2013.63090753      0.6089
   2013.63093607      0.5581
   2013.63096461      0.5123
   2013.63099315      0.4710
   2013.63102169      0.4337
   2013.63105023      0.3998
   2013.63107877      0.3690
   2013.63110731      0.3409
   2013.63113584      0.3153
   2013.63116438      0.2918
   2013.63119292      0.2704
   2013.63122146      0.2508
   2013.63125000      0.2326
   2013.63127854      0.2158
   2013.63130708      0.2004
   2013.63133562      0.1862
   2013.63136416      0.1731
   2013.63139269      0.1611
   2013.63142123      0.1501
   2013.63144977      0.1399
   2013.63147831      0.1305
   2013.63150685      0.1218
   2013.63153539      0.1138
   2013.63156393      0.1063
