   2013.62465753      0.0000
   2013.62468607      0.0000
   2013.62471461      0.0000
   2013.62474315      0.0000
   2013.62477169      0.0000
   2013.62480023      0.0000
   2013.62482877      0.0000
   2013.62485731      0.0000
   2013.62488584      0.0000
   2013.62491438      0.0000
   2013.62494292      0.0000
   2013.62497146      0.0000
   2013.62500000      0.0000
   2013.62502854      0.0000
   2013.62505708      0.0000
   2013.62508562      0.0000
   2013.62511416      0.0000
   2013.62514269      0.0000
   2013.62517123      0.0000
   2013.62519977      0.0000
   2013.62522831      0.0000
   2013.62525685      0.0000
   2013.62528539      0.0000
   2013.62531393      0.0000
   2013.62534247      0.0000
   2013.62537100      0.0000
   2013.62539954      0.0000
   2013.62542808      0.0000
   2013.62545662      0.0000
   2013.62548516      0.0000
   2013.62551370      0.0000
   2013.62554224      0.0000
   2013.62557078      0.0000
   2013.62559932      0.0000
   2013.62562785      0.0000
   2013.62565639      0.0000
   2013.62568493      0.0000
   2013.62571347      0.0000
   2013.62574201      0.0000
   2013.62577055      0.0000
   2013.62579909      0.0000
   2013.62582763      0.0000
   2013.62585616      0.0000
   2013.62588470      0.0000
   2013.62591324      0.0000
   2013.62594178      0.0000
   2013.62597032      0.0000
   2013.62599886      0.0000
   2013.62602740      0.0000
   2013.62605594      0.0000
   2013.62608447      0.0000
   2013.62611301      0.0000
   2013.62614155      0.0000
   2013.62617009      0.0000
   2013.62619863      0.0000
   2013.62622717      0.0000
   2013.62625571      0.0000
   2013.62628425      0.0001
   2013.62631279      0.0004
   2013.62634132      0.0008
   2013.62636986      0.0011
   2013.62639840      0.0013
   2013.62642694      0.0015
   2013.62645548      0.0017
   2013.62648402      0.0019
   2013.62651256      0.0020
   2013.62654110      0.0065
   2013.62656963      0.0355
   2013.62659817      0.0632
   2013.62662671      0.0912
   2013.62665525      0.1374
   2013.62668379      0.1952
   2013.62671233      0.2705
   2013.62674087      0.3490
   2013.62676941      0.4610
   2013.62679795      0.5959
   2013.62682648      0.7503
   2013.62685502      0.9524
   2013.62688356      1.2162
   2013.62691210      1.5156
   2013.62694064      1.7311
   2013.62696918      1.8301
   2013.62699772      1.8394
   2013.62702626      1.7929
   2013.62705479      1.7044
   2013.62708333      1.6130
   2013.62711187      1.5164
   2013.62714041      1.4187
   2013.62716895      1.3220
   2013.62719749      1.2279
   2013.62722603      1.1546
   2013.62725457      1.0666
   2013.62728311      0.9780
   2013.62731164      0.9202
   2013.62734018      0.8557
   2013.62736872      0.7945
   2013.62739726      0.7376
   2013.62742580      0.6853
   2013.62745434      0.6383
   2013.62748288      0.5962
   2013.62751142      0.5581
   2013.62753995      0.5235
   2013.62756849      0.4919
   2013.62759703      0.4630
   2013.62762557      0.4365
   2013.62765411      0.4118
   2013.62768265      0.3889
   2013.62771119      0.3676
   2013.62773973      0.3481
   2013.62776826      0.3298
   2013.62779680      0.3129
   2013.62782534      0.2971
   2013.62785388      0.2827
   2013.62788242      0.2691
   2013.62791096      0.2564
   2013.62793950      0.2445
   2013.62796804      0.2334
   2013.62799658      0.2228
   2013.62802511      0.2129
   2013.62805365      0.2035
   2013.62808219      0.1949
   2013.62811073      0.1867
   2013.62813927      0.1790
   2013.62816781      0.1717
   2013.62819635      0.1650
   2013.62822489      0.1585
   2013.62825342      0.1523
   2013.62828196      0.1465
   2013.62831050      0.1411
   2013.62833904      0.1359
   2013.62836758      0.1310
   2013.62839612      0.1263
   2013.62842466      0.1220
   2013.62845320      0.1179
   2013.62848174      0.1139
   2013.62851027      0.1101
   2013.62853881      0.1066
   2013.62856735      0.1032
