   2013.62465753      0.0000
   2013.62468607      0.0000
   2013.62471461      0.0000
   2013.62474315      0.0000
   2013.62477169      0.0000
   2013.62480023      0.0000
   2013.62482877      0.0000
   2013.62485731      0.0000
   2013.62488584      0.0000
   2013.62491438      0.0000
   2013.62494292      0.0000
   2013.62497146      0.0000
   2013.62500000      0.0000
   2013.62502854      0.0000
   2013.62505708      0.0000
   2013.62508562      0.0000
   2013.62511416      0.0000
   2013.62514269      0.0884
   2013.62517123      0.1765
   2013.62519977      0.4353
   2013.62522831      1.2246
   2013.62525685      2.7068
   2013.62528539      5.1207
   2013.62531393      9.5037
   2013.62534247     14.4856
   2013.62537100     18.3266
   2013.62539954     19.5968
   2013.62542808     20.0997
   2013.62545662     19.4770
   2013.62548516     20.3502
   2013.62551370     20.5630
   2013.62554224     20.3853
   2013.62557078     19.9643
   2013.62559932     20.6568
   2013.62562785     20.9168
   2013.62565639     20.8947
   2013.62568493     20.3651
   2013.62571347     21.1404
   2013.62574201     20.9573
   2013.62577055     19.9432
   2013.62579909     18.3218
   2013.62582763     17.8506
   2013.62585616     16.6015
   2013.62588470     15.3290
   2013.62591324     13.6212
   2013.62594178     13.3541
   2013.62597032     12.4597
   2013.62599886     11.5075
   2013.62602740     10.8360
   2013.62605594     11.2770
   2013.62608447     11.2258
   2013.62611301     11.1211
   2013.62614155     11.4498
   2013.62617009     12.2271
   2013.62619863     12.6831
   2013.62622717     12.7900
   2013.62625571     13.0985
   2013.62628425     14.0141
   2013.62631279     14.3339
   2013.62634132     14.1982
   2013.62636986     14.3201
   2013.62639840     15.2222
   2013.62642694     15.4176
   2013.62645548     15.1771
   2013.62648402     15.2007
   2013.62651256     16.0292
   2013.62654110     16.1475
   2013.62656963     15.7882
   2013.62659817     15.7245
   2013.62662671     16.2109
   2013.62665525     16.6356
   2013.62668379     16.2340
   2013.62671233     16.1157
   2013.62674087     16.9475
   2013.62676941     19.7273
   2013.62679795     19.9765
   2013.62682648     17.9439
   2013.62685502     15.5245
   2013.62688356     13.9347
   2013.62691210     12.6025
   2013.62694064     12.6196
   2013.62696918     14.0816
   2013.62699772     15.3487
   2013.62702626     14.5550
   2013.62705479     12.7796
   2013.62708333     11.0356
   2013.62711187      9.3088
   2013.62714041      8.0686
   2013.62716895      7.4259
   2013.62719749      5.9562
   2013.62722603      5.8414
   2013.62725457      4.9227
   2013.62728311      4.4977
   2013.62731164      4.3766
   2013.62734018      3.7314
   2013.62736872      3.3101
   2013.62739726      2.9349
   2013.62742580      2.7149
   2013.62745434      2.3920
   2013.62748288      2.0176
   2013.62751142      1.8139
   2013.62753995      1.6149
   2013.62756849      1.4385
   2013.62759703      1.3095
   2013.62762557      1.1571
   2013.62765411      1.0265
   2013.62768265      0.9371
   2013.62771119      0.8462
   2013.62773973      0.7632
   2013.62776826      0.6887
   2013.62779680      0.6231
   2013.62782534      0.5650
   2013.62785388      0.5135
   2013.62788242      0.4679
   2013.62791096      0.4275
   2013.62793950      0.3915
   2013.62796804      0.3591
   2013.62799658      0.3300
   2013.62802511      0.3037
   2013.62805365      0.2799
   2013.62808219      0.2583
   2013.62811073      0.2385
   2013.62813927      0.2203
   2013.62816781      0.2037
   2013.62819635      0.1885
   2013.62822489      0.1745
   2013.62825342      0.1618
   2013.62828196      0.1501
   2013.62831050      0.1394
   2013.62833904      0.1295
   2013.62836758      0.1204
   2013.62839612      0.1121
   2013.62842466      0.1043
