   2013.62465753      0.0000
   2013.62468607      0.0000
   2013.62471461      0.0000
   2013.62474315      0.0000
   2013.62477169      0.0000
   2013.62480023      0.0000
   2013.62482877      0.0000
   2013.62485731      0.0000
   2013.62488584      0.0000
   2013.62491438      0.0000
   2013.62494292      0.0000
   2013.62497146      0.0000
   2013.62500000      0.0000
   2013.62502854      0.0000
   2013.62505708      0.0000
   2013.62508562      0.0000
   2013.62511416      0.0001
   2013.62514269      0.0001
   2013.62517123      0.0001
   2013.62519977      0.0001
   2013.62522831      0.0002
   2013.62525685      0.0002
   2013.62528539      0.0002
   2013.62531393      0.0002
   2013.62534247      0.0004
   2013.62537100      0.0004
   2013.62539954      0.0004
   2013.62542808      0.0004
   2013.62545662      0.0006
   2013.62548516      0.0006
   2013.62551370      0.0006
   2013.62554224      0.0002
   2013.62557078      0.0005
   2013.62559932      0.0002
   2013.62562785      0.0001
   2013.62565639      0.0000
   2013.62568493      0.0006
   2013.62571347      0.0003
   2013.62574201      0.0001
   2013.62577055      0.0000
   2013.62579909      0.0064
   2013.62582763      0.0188
   2013.62585616      0.0256
   2013.62588470      0.0301
   2013.62591324      0.0424
   2013.62594178      0.0478
   2013.62597032      0.0526
   2013.62599886      0.0587
   2013.62602740      0.0795
   2013.62605594      0.0920
   2013.62608447      0.1033
   2013.62611301      0.1173
   2013.62614155      0.1515
   2013.62617009      0.1819
   2013.62619863      0.2144
   2013.62622717      0.2492
   2013.62625571      0.3118
   2013.62628425      0.3780
   2013.62631279      0.4426
   2013.62634132      0.5219
   2013.62636986      0.6466
   2013.62639840      0.7095
   2013.62642694      0.8003
   2013.62645548      0.8659
   2013.62648402      0.9867
   2013.62651256      1.0846
   2013.62654110      1.1846
   2013.62656963      1.2906
   2013.62659817      1.4585
   2013.62662671      1.6036
   2013.62665525      1.7133
   2013.62668379      1.7934
   2013.62671233      1.9422
   2013.62674087      2.0346
   2013.62676941      2.1140
   2013.62679795      2.1523
   2013.62682648      2.2516
   2013.62685502      2.3305
   2013.62688356      2.3604
   2013.62691210      2.3597
   2013.62694064      2.4176
   2013.62696918      2.4703
   2013.62699772      2.4545
   2013.62702626      2.4252
   2013.62705479      2.4531
   2013.62708333      2.4796
   2013.62711187      2.4303
   2013.62714041      2.3643
   2013.62716895      2.4001
   2013.62719749      2.3785
   2013.62722603      2.3213
   2013.62725457      2.2438
   2013.62728311      2.2520
   2013.62731164      2.2096
   2013.62734018      2.1331
   2013.62736872      2.0598
   2013.62739726      2.0758
   2013.62742580      2.0181
   2013.62745434      1.9247
   2013.62748288      1.8591
   2013.62751142      1.8096
   2013.62753995      1.7347
   2013.62756849      1.7063
   2013.62759703      1.6508
   2013.62762557      1.5881
   2013.62765411      1.4937
   2013.62768265      1.4399
   2013.62771119      1.4313
   2013.62773973      1.2508
   2013.62776826      1.2845
   2013.62779680      1.2610
   2013.62782534      1.1925
   2013.62785388      1.1041
   2013.62788242      1.0569
   2013.62791096      1.0387
   2013.62793950      0.9863
   2013.62796804      0.9160
   2013.62799658      0.8835
   2013.62802511      0.8428
   2013.62805365      0.8020
   2013.62808219      0.7609
   2013.62811073      0.7199
   2013.62813927      0.6824
   2013.62816781      0.6496
   2013.62819635      0.6199
   2013.62822489      0.5909
   2013.62825342      0.5619
   2013.62828196      0.5331
   2013.62831050      0.5052
   2013.62833904      0.4789
   2013.62836758      0.4546
   2013.62839612      0.4321
   2013.62842466      0.4111
   2013.62845320      0.3910
   2013.62848174      0.3717
   2013.62851027      0.3531
   2013.62853881      0.3354
   2013.62856735      0.3185
   2013.62859589      0.3026
   2013.62862443      0.2876
   2013.62865297      0.2735
   2013.62868151      0.2602
   2013.62871005      0.2477
   2013.62873858      0.2360
   2013.62876712      0.2249
   2013.62879566      0.2144
   2013.62882420      0.2045
   2013.62885274      0.1952
   2013.62888128      0.1865
   2013.62890982      0.1784
   2013.62893836      0.1707
   2013.62896689      0.1634
   2013.62899543      0.1565
   2013.62902397      0.1498
   2013.62905251      0.1435
   2013.62908105      0.1375
   2013.62910959      0.1318
   2013.62913813      0.1263
   2013.62916667      0.1213
   2013.62919521      0.1165
   2013.62922374      0.1120
   2013.62925228      0.1079
   2013.62928082      0.1041
   2013.62930936      0.1006
   2013.62933790      0.0974
   2013.62936644      0.0946
   2013.62939498      0.0921
   2013.62942352      0.0899
   2013.62945205      0.0882
   2013.62948059      0.0869
   2013.62950913      0.0860
