   2013.62465753      0.0000
   2013.62468607      0.0000
   2013.62471461      0.0000
   2013.62474315      0.0000
   2013.62477169      0.0000
   2013.62480023      0.0000
   2013.62482877      0.0000
   2013.62485731      0.0000
   2013.62488584      0.0000
   2013.62491438      0.0000
   2013.62494292      0.0000
   2013.62497146      0.0000
   2013.62500000      0.0000
   2013.62502854      0.0000
   2013.62505708      0.0000
   2013.62508562      0.0000
   2013.62511416      0.0000
   2013.62514269      0.0000
   2013.62517123      0.0000
   2013.62519977      0.0000
   2013.62522831      0.0000
   2013.62525685      0.0000
   2013.62528539      0.0000
   2013.62531393      0.0000
   2013.62534247      0.0000
   2013.62537100      0.0000
   2013.62539954      0.0000
   2013.62542808      0.0000
   2013.62545662      0.0000
   2013.62548516      0.0000
   2013.62551370      0.0000
   2013.62554224      0.0000
   2013.62557078      0.0000
   2013.62559932      0.0000
   2013.62562785      0.0000
   2013.62565639      0.0000
   2013.62568493      0.0000
   2013.62571347      0.0000
   2013.62574201      0.0000
   2013.62577055      0.0000
   2013.62579909      0.0000
   2013.62582763      0.0000
   2013.62585616      0.0000
   2013.62588470      0.0000
   2013.62591324      0.0000
   2013.62594178      0.0000
   2013.62597032      0.0000
   2013.62599886      0.0000
   2013.62602740      0.0000
   2013.62605594      0.0000
   2013.62608447      0.0000
   2013.62611301      0.0000
   2013.62614155      0.0000
   2013.62617009      0.0000
   2013.62619863      0.0000
   2013.62622717      0.0000
   2013.62625571      0.0000
   2013.62628425      0.0000
   2013.62631279      0.0000
   2013.62634132      0.0000
   2013.62636986      0.0000
   2013.62639840      0.0000
   2013.62642694      0.0000
   2013.62645548      0.0000
   2013.62648402      0.0000
   2013.62651256      0.0000
   2013.62654110      0.0000
   2013.62656963      0.0000
   2013.62659817      0.0000
   2013.62662671      0.0000
   2013.62665525      0.0000
   2013.62668379      0.0000
   2013.62671233      0.0000
   2013.62674087      0.0000
   2013.62676941      0.0000
   2013.62679795      0.0000
   2013.62682648      0.0000
   2013.62685502      0.0001
   2013.62688356      0.0001
   2013.62691210      0.0003
   2013.62694064      0.0004
   2013.62696918      0.0005
   2013.62699772      0.0006
   2013.62702626      0.0007
   2013.62705479      0.0008
   2013.62708333      0.0008
   2013.62711187      0.0009
   2013.62714041      0.0010
   2013.62716895      0.0011
   2013.62719749      0.0011
   2013.62722603      0.0012
   2013.62725457      0.0081
   2013.62728311      0.0305
   2013.62731164      0.0495
   2013.62734018      0.0675
   2013.62736872      0.0921
   2013.62739726      0.1291
   2013.62742580      0.1769
   2013.62745434      0.2357
   2013.62748288      0.3096
   2013.62751142      0.4016
   2013.62753995      0.5081
   2013.62756849      0.6314
   2013.62759703      0.7592
   2013.62762557      0.9081
   2013.62765411      1.0709
   2013.62768265      1.2046
   2013.62771119      1.3182
   2013.62773973      1.3491
   2013.62776826      1.3476
   2013.62779680      1.3206
   2013.62782534      1.2766
   2013.62785388      1.2204
   2013.62788242      1.1564
   2013.62791096      1.0859
   2013.62793950      1.0217
   2013.62796804      0.9533
   2013.62799658      0.8901
   2013.62802511      0.8268
   2013.62805365      0.7638
   2013.62808219      0.7034
   2013.62811073      0.6474
   2013.62813927      0.5960
   2013.62816781      0.5486
   2013.62819635      0.5052
   2013.62822489      0.4656
   2013.62825342      0.4295
   2013.62828196      0.3964
   2013.62831050      0.3661
   2013.62833904      0.3381
   2013.62836758      0.3125
   2013.62839612      0.2890
   2013.62842466      0.2674
   2013.62845320      0.2475
   2013.62848174      0.2290
   2013.62851027      0.2120
   2013.62853881      0.1962
   2013.62856735      0.1818
   2013.62859589      0.1684
   2013.62862443      0.1562
   2013.62865297      0.1450
   2013.62868151      0.1346
   2013.62871005      0.1250
   2013.62873858      0.1162
   2013.62876712      0.1080
   2013.62879566      0.1004
