   2013.62465753      0.0000
   2013.62468607      0.0000
   2013.62471461      0.0000
   2013.62474315      0.0000
   2013.62477169      0.0000
   2013.62480023      0.0000
   2013.62482877      0.0000
   2013.62485731      0.0000
   2013.62488584      0.0000
   2013.62491438      0.0016
   2013.62494292      0.0009
   2013.62497146      0.0007
   2013.62500000      0.0007
   2013.62502854      0.0007
   2013.62505708      0.0007
   2013.62508562      0.0007
   2013.62511416      0.0008
   2013.62514269      0.0396
   2013.62517123      0.0856
   2013.62519977      0.1501
   2013.62522831      0.2367
   2013.62525685      0.3944
   2013.62528539      0.6946
   2013.62531393      1.1107
   2013.62534247      1.6536
   2013.62537100      2.5319
   2013.62539954      4.0634
   2013.62542808      5.5303
   2013.62545662      6.1590
   2013.62548516      6.5593
   2013.62551370      6.1225
   2013.62554224      5.6115
   2013.62557078      5.1172
   2013.62559932      4.4370
   2013.62562785      4.3645
   2013.62565639      3.6467
   2013.62568493      3.4336
   2013.62571347      3.0980
   2013.62574201      2.8137
   2013.62577055      2.5461
   2013.62579909      2.2847
   2013.62582763      2.1677
   2013.62585616      1.9830
   2013.62588470      1.8346
   2013.62591324      1.7063
   2013.62594178      1.5226
   2013.62597032      1.4193
   2013.62599886      1.3122
   2013.62602740      1.2120
   2013.62605594      1.1161
   2013.62608447      1.0358
   2013.62611301      0.9598
   2013.62614155      0.8910
   2013.62617009      0.8265
   2013.62619863      0.7643
   2013.62622717      0.7055
   2013.62625571      0.6512
   2013.62628425      0.6016
   2013.62631279      0.5556
   2013.62634132      0.5132
   2013.62636986      0.4744
   2013.62639840      0.4389
   2013.62642694      0.4062
   2013.62645548      0.3761
   2013.62648402      0.3484
   2013.62651256      0.3228
   2013.62654110      0.2993
   2013.62656963      0.2777
   2013.62659817      0.2577
   2013.62662671      0.2393
   2013.62665525      0.2222
   2013.62668379      0.2063
   2013.62671233      0.1917
   2013.62674087      0.1782
   2013.62676941      0.1658
   2013.62679795      0.1544
   2013.62682648      0.1439
   2013.62685502      0.1342
   2013.62688356      0.1252
   2013.62691210      0.1168
   2013.62694064      0.1091
   2013.62696918      0.1019
   2013.62699772      0.0953
   2013.62702626      0.0891
   2013.62705479      0.0833
   2013.62708333      0.0779
   2013.62711187      0.0729
   2013.62714041      0.0681
   2013.62716895      0.0635
   2013.62719749      0.0593
   2013.62722603      0.0553
