   2013.62465753      0.0000
   2013.62468607      0.0000
   2013.62471461      0.0000
   2013.62474315      0.0000
   2013.62477169      0.0000
   2013.62480023      0.0000
   2013.62482877      0.0000
   2013.62485731      0.0000
   2013.62488584      0.0000
   2013.62491438      0.0000
   2013.62494292      0.0000
   2013.62497146      0.0000
   2013.62500000      0.0000
   2013.62502854      0.0000
   2013.62505708      0.0000
   2013.62508562      0.0000
   2013.62511416      0.0000
   2013.62514269      0.0000
   2013.62517123      0.0000
   2013.62519977      0.0000
   2013.62522831      0.0000
   2013.62525685      0.0000
   2013.62528539      0.0000
   2013.62531393      0.0000
   2013.62534247      0.0000
   2013.62537100      0.0000
   2013.62539954      0.0000
   2013.62542808      0.0000
   2013.62545662      0.0000
   2013.62548516      0.0000
   2013.62551370      0.0000
   2013.62554224      0.0000
   2013.62557078      0.0000
   2013.62559932      0.0000
   2013.62562785      0.0000
   2013.62565639      0.0000
   2013.62568493      0.0000
   2013.62571347      0.0000
   2013.62574201      0.0000
   2013.62577055      0.0000
   2013.62579909      0.0000
   2013.62582763      0.0000
   2013.62585616      0.0000
   2013.62588470      0.0000
   2013.62591324      0.0000
   2013.62594178      0.0000
   2013.62597032      0.0000
   2013.62599886      0.0000
   2013.62602740      0.0000
   2013.62605594      0.0000
   2013.62608447      0.0000
   2013.62611301      0.0000
   2013.62614155      0.0000
   2013.62617009      0.0000
   2013.62619863      0.0000
   2013.62622717      0.0000
   2013.62625571      0.0000
   2013.62628425      0.0000
   2013.62631279      0.0000
   2013.62634132      0.0000
   2013.62636986      0.0000
   2013.62639840      0.0000
   2013.62642694      0.0000
   2013.62645548      0.0000
   2013.62648402      0.0000
   2013.62651256      0.0000
   2013.62654110      0.0000
   2013.62656963      0.0000
   2013.62659817      0.0000
   2013.62662671      0.0000
   2013.62665525      0.0000
   2013.62668379      0.0000
   2013.62671233      0.0000
   2013.62674087      0.0000
   2013.62676941      0.0000
   2013.62679795      0.0000
   2013.62682648      0.0000
   2013.62685502      0.8325
   2013.62688356      4.3203
   2013.62691210     10.6517
   2013.62694064     23.5755
   2013.62696918     38.4474
   2013.62699772     37.7324
   2013.62702626     31.7620
   2013.62705479     27.3722
   2013.62708333     23.2755
   2013.62711187     20.8092
   2013.62714041     18.9061
   2013.62716895     17.7965
   2013.62719749     17.1058
   2013.62722603     16.7562
   2013.62725457     16.5009
   2013.62728311     16.3752
   2013.62731164     16.2562
   2013.62734018     15.7823
   2013.62736872     15.0826
   2013.62739726     14.3480
   2013.62742580     13.4067
   2013.62745434     12.4753
   2013.62748288     11.2541
   2013.62751142     10.0970
   2013.62753995      9.0975
   2013.62756849      8.5110
   2013.62759703      7.3558
   2013.62762557      6.2124
   2013.62765411      6.1808
   2013.62768265      5.0664
   2013.62771119      4.5506
   2013.62773973      3.9068
   2013.62776826      3.8525
   2013.62779680      3.5177
   2013.62782534      3.1852
   2013.62785388      2.8505
   2013.62788242      2.6674
   2013.62791096      2.4993
   2013.62793950      2.4021
   2013.62796804      2.3054
   2013.62799658      2.2332
   2013.62802511      2.1145
   2013.62805365      2.0160
   2013.62808219      1.8615
   2013.62811073      1.7337
   2013.62813927      1.6288
   2013.62816781      1.5593
   2013.62819635      1.4868
   2013.62822489      1.4600
   2013.62825342      1.4325
   2013.62828196      1.3982
   2013.62831050      1.3553
   2013.62833904      1.3014
   2013.62836758      1.2392
   2013.62839612      1.1721
   2013.62842466      1.1052
   2013.62845320      1.0803
   2013.62848174      0.9848
   2013.62851027      0.9394
   2013.62853881      0.8953
   2013.62856735      0.8570
   2013.62859589      0.8203
   2013.62862443      0.7823
   2013.62865297      0.7427
   2013.62868151      0.7020
   2013.62871005      0.6614
   2013.62873858      0.6216
   2013.62876712      0.5826
   2013.62879566      0.5452
   2013.62882420      0.5098
   2013.62885274      0.4768
   2013.62888128      0.4463
   2013.62890982      0.4179
   2013.62893836      0.3916
   2013.62896689      0.3671
   2013.62899543      0.3442
   2013.62902397      0.3228
   2013.62905251      0.3027
   2013.62908105      0.2840
   2013.62910959      0.2663
   2013.62913813      0.2499
   2013.62916667      0.2343
   2013.62919521      0.2195
   2013.62922374      0.2055
   2013.62925228      0.1924
   2013.62928082      0.1801
   2013.62930936      0.1686
   2013.62933790      0.1579
   2013.62936644      0.1479
   2013.62939498      0.1386
   2013.62942352      0.1298
   2013.62945205      0.1217
   2013.62948059      0.1141
   2013.62950913      0.1069
   2013.62953767      0.1003
