   2013.62465753      0.0000
   2013.62468607      0.0000
   2013.62471461      0.0000
   2013.62474315      0.0000
   2013.62477169      0.0000
   2013.62480023      0.0000
   2013.62482877      0.0000
   2013.62485731      0.0000
   2013.62488584      0.0000
   2013.62491438      0.0014
   2013.62494292      0.0024
   2013.62497146      0.0028
   2013.62500000      0.0108
   2013.62502854      0.0289
   2013.62505708      0.0836
   2013.62508562      0.1494
   2013.62511416      0.3398
   2013.62514269      0.6856
   2013.62517123      1.3145
   2013.62519977      2.2950
   2013.62522831      3.8702
   2013.62525685      6.2182
   2013.62528539      9.0097
   2013.62531393     10.7831
   2013.62534247     12.1198
   2013.62537100     12.3925
   2013.62539954     12.4602
   2013.62542808     12.1872
   2013.62545662     11.4793
   2013.62548516     11.6912
   2013.62551370     11.6060
   2013.62554224     10.7925
   2013.62557078     10.0117
   2013.62559932     10.1621
   2013.62562785      9.7997
   2013.62565639      9.3610
   2013.62568493      9.0368
   2013.62571347      9.4380
   2013.62574201      9.4395
   2013.62577055      9.4637
   2013.62579909      9.4609
   2013.62582763     10.3813
   2013.62585616     10.7031
   2013.62588470     10.8315
   2013.62591324     10.8445
   2013.62594178     11.7947
   2013.62597032     12.0043
   2013.62599886     11.9367
   2013.62602740     12.1626
   2013.62605594     12.7390
   2013.62608447     12.9365
   2013.62611301     12.8049
   2013.62614155     13.0997
   2013.62617009     13.6534
   2013.62619863     13.8940
   2013.62622717     13.7347
   2013.62625571     13.8441
   2013.62628425     14.6555
   2013.62631279     14.8451
   2013.62634132     14.6165
   2013.62636986     14.6838
   2013.62639840     15.5648
   2013.62642694     15.7299
   2013.62645548     15.4529
   2013.62648402     15.4619
   2013.62651256     16.0422
   2013.62654110     16.5242
   2013.62656963     16.1871
   2013.62659817     16.8809
   2013.62662671     16.5937
   2013.62665525     17.0125
   2013.62668379     16.5710
   2013.62671233     15.6292
   2013.62674087     16.9126
   2013.62676941     18.7184
   2013.62679795     20.5878
   2013.62682648     20.2849
   2013.62685502     18.4431
   2013.62688356     16.4983
   2013.62691210     14.1231
   2013.62694064     12.1024
   2013.62696918     10.7305
   2013.62699772     10.5778
   2013.62702626     11.2521
   2013.62705479     11.4859
   2013.62708333     10.3791
   2013.62711187      9.1792
   2013.62714041      8.8244
   2013.62716895      6.7319
   2013.62719749      5.7567
   2013.62722603      5.4289
   2013.62725457      4.2177
   2013.62728311      3.5995
   2013.62731164      3.1071
   2013.62734018      2.8212
   2013.62736872      2.4460
   2013.62739726      2.0549
   2013.62742580      1.8119
   2013.62745434      1.6003
   2013.62748288      1.4164
   2013.62751142      1.2737
   2013.62753995      1.1308
   2013.62756849      1.0071
   2013.62759703      0.9128
   2013.62762557      0.8222
   2013.62765411      0.7408
   2013.62768265      0.6686
   2013.62771119      0.6054
   2013.62773973      0.5495
   2013.62776826      0.5001
   2013.62779680      0.4565
   2013.62782534      0.4179
   2013.62785388      0.3834
   2013.62788242      0.3524
   2013.62791096      0.3244
   2013.62793950      0.2992
   2013.62796804      0.2763
   2013.62799658      0.2554
   2013.62802511      0.2363
   2013.62805365      0.2187
   2013.62808219      0.2026
   2013.62811073      0.1879
   2013.62813927      0.1744
   2013.62816781      0.1620
   2013.62819635      0.1507
   2013.62822489      0.1402
   2013.62825342      0.1306
   2013.62828196      0.1217
   2013.62831050      0.1135
   2013.62833904      0.1058
