   2013.62465753      0.0000
   2013.62468607      0.0000
   2013.62471461      0.0000
   2013.62474315      0.0000
   2013.62477169      0.0000
   2013.62480023      0.0000
   2013.62482877      0.0000
   2013.62485731      0.0000
   2013.62488584      0.0000
   2013.62491438      0.0000
   2013.62494292      0.0000
   2013.62497146      0.0000
   2013.62500000      0.0000
   2013.62502854      0.0000
   2013.62505708      0.0000
   2013.62508562      0.0000
   2013.62511416      0.0000
   2013.62514269      0.0000
   2013.62517123      0.0000
   2013.62519977      0.0000
   2013.62522831      0.0000
   2013.62525685      0.0000
   2013.62528539      0.0000
   2013.62531393      0.0000
   2013.62534247      0.0000
   2013.62537100      0.0000
   2013.62539954      0.0000
   2013.62542808      0.0000
   2013.62545662      0.0000
   2013.62548516      0.0000
   2013.62551370      0.0000
   2013.62554224      0.0000
   2013.62557078      0.0000
   2013.62559932      0.0000
   2013.62562785      0.0000
   2013.62565639      0.0000
   2013.62568493      0.0000
   2013.62571347      0.0000
   2013.62574201      0.0000
   2013.62577055      0.0000
   2013.62579909      0.0000
   2013.62582763      0.0000
   2013.62585616      0.0000
   2013.62588470      0.0000
   2013.62591324      0.0000
   2013.62594178      0.0000
   2013.62597032      0.0000
   2013.62599886      0.0000
   2013.62602740      0.0000
   2013.62605594      0.0000
   2013.62608447      0.0000
   2013.62611301      0.0000
   2013.62614155      0.0000
   2013.62617009      0.0000
   2013.62619863      0.0000
   2013.62622717      0.0000
   2013.62625571      0.0000
   2013.62628425      0.0000
   2013.62631279      0.0000
   2013.62634132      0.0000
   2013.62636986      0.0000
   2013.62639840      0.8546
   2013.62642694      4.3883
   2013.62645548     10.5367
   2013.62648402     23.0510
   2013.62651256     37.4062
   2013.62654110     37.4019
   2013.62656963     30.1552
   2013.62659817     24.5974
   2013.62662671     21.3845
   2013.62665525     18.9953
   2013.62668379     17.1026
   2013.62671233     16.0231
   2013.62674087     15.1055
   2013.62676941     14.7634
   2013.62679795     14.4558
   2013.62682648     14.4172
   2013.62685502     14.2832
   2013.62688356     14.3508
   2013.62691210     14.2726
   2013.62694064     14.3162
   2013.62696918     14.2149
   2013.62699772     14.2225
   2013.62702626     14.0928
   2013.62705479     14.0215
   2013.62708333     13.8872
   2013.62711187     13.8038
   2013.62714041     13.6318
   2013.62716895     13.4888
   2013.62719749     13.2945
   2013.62722603     13.1657
   2013.62725457     12.7781
   2013.62728311     12.4061
   2013.62731164     11.9086
   2013.62734018     11.4163
   2013.62736872     10.7656
   2013.62739726     10.0212
   2013.62742580      9.7444
   2013.62745434      8.8364
   2013.62748288      8.1871
   2013.62751142      7.1868
   2013.62753995      7.0198
   2013.62756849      6.4574
   2013.62759703      5.9755
   2013.62762557      5.2721
   2013.62765411      5.1330
   2013.62768265      4.8576
   2013.62771119      4.4839
   2013.62773973      4.2676
   2013.62776826      4.1731
   2013.62779680      3.8981
   2013.62782534      3.9576
   2013.62785388      3.3623
   2013.62788242      3.4457
   2013.62791096      3.2916
   2013.62793950      3.1516
   2013.62796804      2.9479
   2013.62799658      2.9440
   2013.62802511      2.8466
   2013.62805365      2.7211
   2013.62808219      2.6907
   2013.62811073      2.6196
   2013.62813927      2.5051
   2013.62816781      2.4138
   2013.62819635      2.4107
   2013.62822489      2.3146
   2013.62825342      2.2918
   2013.62828196      2.2279
   2013.62831050      2.2613
   2013.62833904      2.2491
   2013.62836758      2.2122
   2013.62839612      2.1721
   2013.62842466      2.2500
   2013.62845320      2.2769
   2013.62848174      2.2835
   2013.62851027      2.2758
   2013.62853881      2.4074
   2013.62856735      2.4903
   2013.62859589      2.5071
   2013.62862443      2.5910
   2013.62865297      2.7821
   2013.62868151      2.9370
   2013.62871005      3.0021
   2013.62873858      3.1308
   2013.62876712      3.3159
   2013.62879566      3.6459
   2013.62882420      3.8288
   2013.62885274      4.0127
   2013.62888128      4.0860
   2013.62890982      4.6661
   2013.62893836      4.7253
   2013.62896689      5.0035
   2013.62899543      5.0933
   2013.62902397      5.5786
   2013.62905251      5.8491
   2013.62908105      6.1376
   2013.62910959      6.1869
   2013.62913813      6.6911
   2013.62916667      7.0192
   2013.62919521      7.2115
   2013.62922374      7.2340
   2013.62925228      7.8256
   2013.62928082      7.8714
   2013.62930936      8.0382
   2013.62933790      8.0603
   2013.62936644      8.5537
   2013.62939498      8.6497
   2013.62942352      8.7633
   2013.62945205      8.8587
   2013.62948059      9.2280
   2013.62950913      9.1141
   2013.62953767      9.2604
   2013.62956621      8.8676
   2013.62959475      9.2074
   2013.62962329      9.3737
   2013.62965183      9.0517
   2013.62968037      8.7583
   2013.62970890      8.9968
   2013.62973744      8.8733
   2013.62976598      8.7481
   2013.62979452      8.3246
   2013.62982306      8.5163
   2013.62985160      8.2877
   2013.62988014      8.3312
   2013.62990868      7.7041
   2013.62993721      7.8368
   2013.62996575      7.6711
   2013.62999429      7.3682
   2013.63002283      6.8657
   2013.63005137      7.3497
   2013.63007991      6.8531
   2013.63010845      6.5667
   2013.63013699      6.2274
   2013.63016553      6.2218
   2013.63019406      6.0225
   2013.63022260      5.9496
   2013.63025114      5.5810
   2013.63027968      5.2538
   2013.63030822      5.1751
   2013.63033676      4.5374
   2013.63036530      4.2206
   2013.63039384      4.1258
   2013.63042237      3.5785
   2013.63045091      3.3562
   2013.63047945      3.0420
   2013.63050799      2.7828
   2013.63053653      2.5377
   2013.63056507      2.3838
   2013.63059361      2.1474
   2013.63062215      1.8711
   2013.63065068      1.6995
   2013.63067922      1.5403
   2013.63070776      1.3928
   2013.63073630      1.2549
   2013.63076484      1.1423
   2013.63079338      1.0374
   2013.63082192      0.9464
   2013.63085046      0.8627
   2013.63087900      0.7842
   2013.63090753      0.7120
   2013.63093607      0.6475
   2013.63096461      0.5904
   2013.63099315      0.5392
   2013.63102169      0.4934
   2013.63105023      0.4524
   2013.63107877      0.4157
   2013.63110731      0.3824
   2013.63113584      0.3523
   2013.63116438      0.3250
   2013.63119292      0.3002
   2013.63122146      0.2777
   2013.63125000      0.2571
   2013.63127854      0.2382
   2013.63130708      0.2207
   2013.63133562      0.2047
   2013.63136416      0.1900
   2013.63139269      0.1765
   2013.63142123      0.1642
   2013.63144977      0.1528
   2013.63147831      0.1423
   2013.63150685      0.1327
   2013.63153539      0.1239
   2013.63156393      0.1156
   2013.63159247      0.1080
   2013.63162100      0.1010
