   2013.62465753      0.0000
   2013.62468607      0.0000
   2013.62471461      0.0000
   2013.62474315      0.0000
   2013.62477169      0.0000
   2013.62480023      0.0000
   2013.62482877      0.0000
   2013.62485731      0.0000
   2013.62488584      0.0000
   2013.62491438      0.0000
   2013.62494292      0.0001
   2013.62497146      0.0001
   2013.62500000      0.0007
   2013.62502854      0.0007
   2013.62505708      0.0007
   2013.62508562      0.0006
   2013.62511416      0.0012
   2013.62514269      0.0011
   2013.62517123      0.0010
   2013.62519977      0.0010
   2013.62522831      0.0010
   2013.62525685      0.0005
   2013.62528539      0.0002
   2013.62531393      0.0005
   2013.62534247      0.0141
   2013.62537100      0.0300
   2013.62539954      0.0380
   2013.62542808      0.0447
   2013.62545662      0.0607
   2013.62548516      0.0728
   2013.62551370      0.0853
   2013.62554224      0.1001
   2013.62557078      0.1295
   2013.62559932      0.1508
   2013.62562785      0.1708
   2013.62565639      0.1923
   2013.62568493      0.2397
   2013.62571347      0.2806
   2013.62574201      0.3225
   2013.62577055      0.3795
   2013.62579909      0.4683
   2013.62582763      0.5890
   2013.62585616      0.6523
   2013.62588470      0.7149
   2013.62591324      0.8067
   2013.62594178      0.8880
   2013.62597032      0.8938
   2013.62599886      0.9228
   2013.62602740      1.0098
   2013.62605594      1.0517
   2013.62608447      1.1242
   2013.62611301      1.1876
   2013.62614155      1.3449
   2013.62617009      1.4868
   2013.62619863      1.6277
   2013.62622717      1.8171
   2013.62625571      2.1330
   2013.62628425      2.4158
   2013.62631279      2.6242
   2013.62634132      2.8745
   2013.62636986      3.1670
   2013.62639840      3.6041
   2013.62642694      3.7651
   2013.62645548      4.0812
   2013.62648402      4.1391
   2013.62651256      4.6917
   2013.62654110      4.7523
   2013.62656963      5.0962
   2013.62659817      4.9488
   2013.62662671      5.5862
   2013.62665525      5.4898
   2013.62668379      5.6620
   2013.62671233      5.5344
   2013.62674087      5.9755
   2013.62676941      5.9798
   2013.62679795      5.9869
   2013.62682648      5.8243
   2013.62685502      6.4276
   2013.62688356      6.1671
   2013.62691210      6.0920
   2013.62694064      5.8431
   2013.62696918      6.3062
   2013.62699772      6.0424
   2013.62702626      6.1622
   2013.62705479      5.6913
   2013.62708333      5.9670
   2013.62711187      5.6957
   2013.62714041      5.7003
   2013.62716895      5.5722
   2013.62719749      5.3361
   2013.62722603      5.2074
   2013.62725457      5.1097
   2013.62728311      4.7516
   2013.62731164      4.7875
   2013.62734018      4.6967
   2013.62736872      4.5110
   2013.62739726      4.1516
   2013.62742580      4.2495
   2013.62745434      3.9775
   2013.62748288      3.8174
   2013.62751142      3.4923
   2013.62753995      3.5868
   2013.62756849      3.6625
   2013.62759703      3.2612
   2013.62762557      3.1865
   2013.62765411      3.0546
   2013.62768265      2.8968
   2013.62771119      2.7528
   2013.62773973      2.5976
   2013.62776826      2.5261
   2013.62779680      2.3444
   2013.62782534      2.2260
   2013.62785388      2.1373
   2013.62788242      2.0674
   2013.62791096      1.9273
   2013.62793950      1.8189
   2013.62796804      1.7507
   2013.62799658      1.6916
   2013.62802511      1.5824
   2013.62805365      1.5039
   2013.62808219      1.3252
   2013.62811073      1.3888
   2013.62813927      1.3201
   2013.62816781      1.2476
   2013.62819635      1.1781
   2013.62822489      1.1487
   2013.62825342      1.1319
   2013.62828196      1.0562
   2013.62831050      1.0317
   2013.62833904      0.9922
   2013.62836758      0.9543
   2013.62839612      0.9194
   2013.62842466      0.9091
   2013.62845320      0.9019
   2013.62848174      0.8854
   2013.62851027      0.8660
   2013.62853881      0.8917
   2013.62856735      0.9302
   2013.62859589      0.9028
   2013.62862443      0.9099
   2013.62865297      0.9687
   2013.62868151      1.0307
   2013.62871005      1.0309
   2013.62873858      1.0696
   2013.62876712      1.2236
   2013.62879566      1.3586
   2013.62882420      1.5604
   2013.62885274      1.7644
   2013.62888128      1.8331
   2013.62890982      1.9392
   2013.62893836      1.9382
   2013.62896689      1.9304
   2013.62899543      2.1251
   2013.62902397      2.4598
   2013.62905251      2.7805
   2013.62908105      3.0903
   2013.62910959      3.2904
   2013.62913813      3.6608
   2013.62916667      3.5805
   2013.62919521      3.3043
   2013.62922374      3.1494
   2013.62925228      2.9308
   2013.62928082      2.6552
   2013.62930936      2.4806
   2013.62933790      2.3596
   2013.62936644      2.2768
   2013.62939498      2.2158
   2013.62942352      2.2288
   2013.62945205      2.0896
   2013.62948059      1.9614
   2013.62950913      1.7393
   2013.62953767      1.6183
   2013.62956621      1.4793
   2013.62959475      1.3462
   2013.62962329      1.2189
   2013.62965183      1.1116
   2013.62968037      1.0116
   2013.62970890      0.9231
   2013.62973744      0.8408
   2013.62976598      0.7636
   2013.62979452      0.6929
   2013.62982306      0.6301
   2013.62985160      0.5742
   2013.62988014      0.5241
   2013.62990868      0.4792
   2013.62993721      0.4391
   2013.62996575      0.4031
   2013.62999429      0.3706
   2013.63002283      0.3411
   2013.63005137      0.3145
   2013.63007991      0.2903
   2013.63010845      0.2683
   2013.63013699      0.2482
   2013.63016553      0.2296
   2013.63019406      0.2126
   2013.63022260      0.1970
   2013.63025114      0.1828
   2013.63027968      0.1697
   2013.63030822      0.1577
   2013.63033676      0.1467
   2013.63036530      0.1366
   2013.63039384      0.1273
   2013.63042237      0.1187
   2013.63045091      0.1107
   2013.63047945      0.1034
   2013.63050799      0.0966
   2013.63053653      0.0903
   2013.63056507      0.0845
   2013.63059361      0.0790
   2013.63062215      0.0740
   2013.63065068      0.0691
   2013.63067922      0.0646
   2013.63070776      0.0604
   2013.63073630      0.0564
   2013.63076484      0.0527
   2013.63079338      0.0492
