   2013.62465753      0.0000
   2013.62468607      0.0000
   2013.62471461      0.0000
   2013.62474315      0.0000
   2013.62477169      0.0000
   2013.62480023      0.0000
   2013.62482877      0.0000
   2013.62485731      0.0000
   2013.62488584      0.0000
   2013.62491438      0.0000
   2013.62494292      0.0000
   2013.62497146      0.0000
   2013.62500000      0.0000
   2013.62502854      0.0000
   2013.62505708      0.0000
   2013.62508562      0.0000
   2013.62511416      0.0000
   2013.62514269      0.0000
   2013.62517123      0.0000
   2013.62519977      0.0000
   2013.62522831      0.0000
   2013.62525685      0.0000
   2013.62528539      0.0000
   2013.62531393      0.0000
   2013.62534247      0.0000
   2013.62537100      0.0000
   2013.62539954      0.0000
   2013.62542808      0.0000
   2013.62545662      0.0000
   2013.62548516      0.0000
   2013.62551370      0.0000
   2013.62554224      0.0000
   2013.62557078      0.0000
   2013.62559932      0.2349
   2013.62562785      0.5881
   2013.62565639      1.9571
   2013.62568493      4.2173
   2013.62571347      7.6283
   2013.62574201     14.6370
   2013.62577055     20.0855
   2013.62579909     21.1406
   2013.62582763     19.8406
   2013.62585616     18.4144
   2013.62588470     17.3068
   2013.62591324     16.8328
   2013.62594178     16.6809
   2013.62597032     16.3646
   2013.62599886     16.3753
   2013.62602740     16.1497
   2013.62605594     17.3177
   2013.62608447     17.3677
   2013.62611301     17.6552
   2013.62614155     17.5389
   2013.62617009     18.4050
   2013.62619863     19.4564
   2013.62622717     18.9786
   2013.62625571     17.7332
   2013.62628425     17.8245
   2013.62631279     17.0600
   2013.62634132     15.7360
   2013.62636986     15.0007
   2013.62639840     16.3846
   2013.62642694     16.0787
   2013.62645548     13.6447
   2013.62648402     11.7984
   2013.62651256     10.7724
   2013.62654110     10.1195
   2013.62656963     11.1844
   2013.62659817     12.4811
   2013.62662671     13.6295
   2013.62665525     15.1159
   2013.62668379     14.9862
   2013.62671233     13.4580
   2013.62674087     11.6887
   2013.62676941      9.9152
   2013.62679795      8.4901
   2013.62682648      7.5782
   2013.62685502      5.8540
   2013.62688356      5.0624
   2013.62691210      4.2486
   2013.62694064      3.6131
   2013.62696918      3.1146
   2013.62699772      2.8619
   2013.62702626      2.4725
   2013.62705479      2.1603
   2013.62708333      1.9087
   2013.62711187      1.6930
   2013.62714041      1.5073
   2013.62716895      1.3497
   2013.62719749      1.1793
   2013.62722603      1.0379
   2013.62725457      0.9568
   2013.62728311      0.8677
   2013.62731164      0.7848
   2013.62734018      0.7102
   2013.62736872      0.6439
   2013.62739726      0.5853
   2013.62742580      0.5330
   2013.62745434      0.4866
   2013.62748288      0.4454
   2013.62751142      0.4086
   2013.62753995      0.3754
   2013.62756849      0.3454
   2013.62759703      0.3183
   2013.62762557      0.2936
   2013.62765411      0.2713
   2013.62768265      0.2508
   2013.62771119      0.2320
   2013.62773973      0.2147
   2013.62776826      0.1988
   2013.62779680      0.1843
   2013.62782534      0.1710
   2013.62785388      0.1589
   2013.62788242      0.1477
   2013.62791096      0.1375
   2013.62793950      0.1280
   2013.62796804      0.1193
   2013.62799658      0.1112
   2013.62802511      0.1037
