   2013.62465753      0.0000
   2013.62468607      0.0001
   2013.62471461      0.0010
   2013.62474315      0.0020
   2013.62477169      0.0028
   2013.62480023      0.0035
   2013.62482877      0.0043
   2013.62485731      0.0248
   2013.62488584      0.0726
   2013.62491438      0.1497
   2013.62494292      0.3059
   2013.62497146      0.6030
   2013.62500000      1.2581
   2013.62502854      2.3973
   2013.62505708      4.2473
   2013.62508562      7.0821
   2013.62511416     10.4154
   2013.62514269     13.8442
   2013.62517123     15.7753
   2013.62519977     16.9810
   2013.62522831     16.3083
   2013.62525685     16.4955
   2013.62528539     15.5170
   2013.62531393     14.4180
   2013.62534247     12.7965
   2013.62537100     12.3447
   2013.62539954     11.5191
   2013.62542808     10.2830
   2013.62545662      9.2104
   2013.62548516      8.9128
   2013.62551370      8.4049
   2013.62554224      8.0002
   2013.62557078      7.4812
   2013.62559932      7.6058
   2013.62562785      7.6880
   2013.62565639      7.6482
   2013.62568493      7.5359
   2013.62571347      7.9417
   2013.62574201      8.1740
   2013.62577055      8.3070
   2013.62579909      8.4837
   2013.62582763      8.9844
   2013.62585616      9.1087
   2013.62588470      9.3606
   2013.62591324      9.1694
   2013.62594178      9.9853
   2013.62597032     10.2068
   2013.62599886     10.2852
   2013.62602740     10.2859
   2013.62605594     11.2482
   2013.62608447     11.5519
   2013.62611301     11.5979
   2013.62614155     11.9644
   2013.62617009     12.6910
   2013.62619863     13.0551
   2013.62622717     13.0455
   2013.62625571     13.3858
   2013.62628425     14.2564
   2013.62631279     14.6141
   2013.62634132     14.5236
   2013.62636986     14.8201
   2013.62639840     15.7695
   2013.62642694     16.0875
   2013.62645548     15.9034
   2013.62648402     16.0801
   2013.62651256     17.0844
   2013.62654110     17.2940
   2013.62656963     16.9808
   2013.62659817     17.0103
   2013.62662671     17.5145
   2013.62665525     18.0314
   2013.62668379     17.5972
   2013.62671233     17.4918
   2013.62674087     18.3939
   2013.62676941     18.3266
   2013.62679795     17.7913
   2013.62682648     17.4490
   2013.62685502     17.8175
   2013.62688356     18.1148
   2013.62691210     17.5076
   2013.62694064     17.1066
   2013.62696918     17.7624
   2013.62699772     17.5100
   2013.62702626     16.8742
   2013.62705479     16.4232
   2013.62708333     16.4596
   2013.62711187     16.5344
   2013.62714041     15.8547
   2013.62716895     15.4109
   2013.62719749     15.3688
   2013.62722603     15.1334
   2013.62725457     14.7062
   2013.62728311     14.2715
   2013.62731164     14.1697
   2013.62734018     13.8941
   2013.62736872     13.3334
   2013.62739726     12.8133
   2013.62742580     12.9447
   2013.62745434     12.6524
   2013.62748288     12.1455
   2013.62751142     11.4616
   2013.62753995     11.7767
   2013.62756849     11.4728
   2013.62759703     11.1114
   2013.62762557     10.3595
   2013.62765411     10.6826
   2013.62768265     10.4125
   2013.62771119     10.0448
   2013.62773973      9.4792
   2013.62776826     10.2821
   2013.62779680     10.2022
   2013.62782534      9.5392
   2013.62785388      8.8797
   2013.62788242      8.2388
   2013.62791096      7.9029
   2013.62793950      8.4680
   2013.62796804      8.7161
   2013.62799658      8.4800
   2013.62802511      7.9492
   2013.62805365      7.1974
   2013.62808219      6.5876
   2013.62811073      6.2536
   2013.62813927      6.2957
   2013.62816781      6.4616
   2013.62819635      6.5521
   2013.62822489      6.5574
   2013.62825342      5.9605
   2013.62828196      5.3225
   2013.62831050      4.8630
   2013.62833904      4.1763
   2013.62836758      4.0028
   2013.62839612      4.1939
   2013.62842466      3.8102
   2013.62845320      3.4144
   2013.62848174      3.1361
   2013.62851027      2.8811
   2013.62853881      2.5876
   2013.62856735      2.4433
   2013.62859589      2.2013
   2013.62862443      2.0079
   2013.62865297      1.8423
   2013.62868151      1.6209
   2013.62871005      1.4984
   2013.62873858      1.3745
   2013.62876712      1.2612
   2013.62879566      1.1705
   2013.62882420      1.0670
   2013.62885274      0.9704
   2013.62888128      0.8956
   2013.62890982      0.8189
   2013.62893836      0.7469
   2013.62896689      0.6804
   2013.62899543      0.6205
   2013.62902397      0.5665
   2013.62905251      0.5180
   2013.62908105      0.4745
   2013.62910959      0.4356
   2013.62913813      0.4006
   2013.62916667      0.3689
   2013.62919521      0.3400
   2013.62922374      0.3138
   2013.62925228      0.2899
   2013.62928082      0.2681
   2013.62930936      0.2482
   2013.62933790      0.2297
   2013.62936644      0.2128
   2013.62939498      0.1973
   2013.62942352      0.1831
   2013.62945205      0.1701
   2013.62948059      0.1581
   2013.62950913      0.1472
   2013.62953767      0.1371
   2013.62956621      0.1278
   2013.62959475      0.1192
   2013.62962329      0.1113
   2013.62965183      0.1040
