   2013.62465753      0.0000
   2013.62468607      0.0000
   2013.62471461      0.0000
   2013.62474315      0.0000
   2013.62477169      0.0000
   2013.62480023      0.0000
   2013.62482877      0.0000
   2013.62485731      0.0000
   2013.62488584      0.0001
   2013.62491438      0.0004
   2013.62494292      0.0006
   2013.62497146      0.0008
   2013.62500000      0.0020
   2013.62502854      0.0018
   2013.62505708      0.0017
   2013.62508562      0.0017
   2013.62511416      0.0078
   2013.62514269      0.0210
   2013.62517123      0.0480
   2013.62519977      0.0674
   2013.62522831      0.1162
   2013.62525685      0.1726
   2013.62528539      0.2385
   2013.62531393      0.3260
   2013.62534247      0.4707
   2013.62537100      0.6145
   2013.62539954      0.7734
   2013.62542808      0.9532
   2013.62545662      1.2553
   2013.62548516      1.6230
   2013.62551370      1.9225
   2013.62554224      2.1088
   2013.62557078      2.2942
   2013.62559932      2.2982
   2013.62562785      2.2334
   2013.62565639      2.1514
   2013.62568493      2.1742
   2013.62571347      2.1020
   2013.62574201      2.0271
   2013.62577055      1.9347
   2013.62579909      1.9556
   2013.62582763      1.9353
   2013.62585616      1.8977
   2013.62588470      1.8551
   2013.62591324      1.9100
   2013.62594178      1.9338
   2013.62597032      1.9387
   2013.62599886      1.9351
   2013.62602740      2.0341
   2013.62605594      2.1032
   2013.62608447      2.1452
   2013.62611301      2.1675
   2013.62614155      2.3092
   2013.62617009      2.3859
   2013.62619863      2.4618
   2013.62622717      2.5067
   2013.62625571      2.6716
   2013.62628425      2.7532
   2013.62631279      2.8431
   2013.62634132      2.9308
   2013.62636986      2.9539
   2013.62639840      3.1378
   2013.62642694      3.2301
   2013.62645548      3.2768
   2013.62648402      3.5523
   2013.62651256      3.6887
   2013.62654110      3.9014
   2013.62656963      3.9082
   2013.62659817      3.7257
   2013.62662671      3.6858
   2013.62665525      3.5235
   2013.62668379      3.7207
   2013.62671233      3.9095
   2013.62674087      4.0791
   2013.62676941      4.1138
   2013.62679795      3.9899
   2013.62682648      3.8140
   2013.62685502      3.5307
   2013.62688356      3.2964
   2013.62691210      3.3294
   2013.62694064      3.0707
   2013.62696918      3.0067
   2013.62699772      2.9775
   2013.62702626      2.9845
   2013.62705479      2.8875
   2013.62708333      2.7174
   2013.62711187      2.5179
   2013.62714041      2.3089
   2013.62716895      2.1185
   2013.62719749      1.9924
   2013.62722603      1.8342
   2013.62725457      1.7070
   2013.62728311      1.5978
   2013.62731164      1.4980
   2013.62734018      1.4013
   2013.62736872      1.3067
   2013.62739726      1.2063
   2013.62742580      1.1238
   2013.62745434      1.0404
   2013.62748288      0.9594
   2013.62751142      0.8844
   2013.62753995      0.8119
   2013.62756849      0.7425
   2013.62759703      0.6784
   2013.62762557      0.6210
   2013.62765411      0.5690
   2013.62768265      0.5220
   2013.62771119      0.4797
   2013.62773973      0.4416
   2013.62776826      0.4072
   2013.62779680      0.3759
   2013.62782534      0.3474
   2013.62785388      0.3215
   2013.62788242      0.2978
   2013.62791096      0.2762
   2013.62793950      0.2564
   2013.62796804      0.2382
   2013.62799658      0.2213
   2013.62802511      0.2057
   2013.62805365      0.1914
   2013.62808219      0.1782
   2013.62811073      0.1660
   2013.62813927      0.1548
   2013.62816781      0.1445
   2013.62819635      0.1349
   2013.62822489      0.1260
   2013.62825342      0.1177
   2013.62828196      0.1101
   2013.62831050      0.1029
   2013.62833904      0.0963
   2013.62836758      0.0901
   2013.62839612      0.0844
   2013.62842466      0.0790
   2013.62845320      0.0739
   2013.62848174      0.0691
