   2013.62465753      0.0000
   2013.62468607      0.0000
   2013.62471461      0.0000
   2013.62474315      0.0000
   2013.62477169      0.0000
   2013.62480023      0.0000
   2013.62482877      0.0000
   2013.62485731      0.0000
   2013.62488584      0.0000
   2013.62491438      0.0000
   2013.62494292      0.0000
   2013.62497146      0.0000
   2013.62500000      0.0000
   2013.62502854      0.0000
   2013.62505708      0.0000
   2013.62508562      0.0000
   2013.62511416      0.0000
   2013.62514269      0.0000
   2013.62517123      0.0000
   2013.62519977      0.0000
   2013.62522831      0.0000
   2013.62525685      0.0000
   2013.62528539      0.0000
   2013.62531393      0.0000
   2013.62534247      0.0000
   2013.62537100      0.0000
   2013.62539954      0.0000
   2013.62542808      0.0000
   2013.62545662      0.0000
   2013.62548516      0.0000
   2013.62551370      0.0000
   2013.62554224      0.0000
   2013.62557078      0.0000
   2013.62559932      0.0000
   2013.62562785      0.0000
   2013.62565639      0.0000
   2013.62568493      0.0000
   2013.62571347      0.0000
   2013.62574201      0.0000
   2013.62577055      0.0000
   2013.62579909      0.0000
   2013.62582763      0.0000
   2013.62585616      0.0000
   2013.62588470      0.0000
   2013.62591324      0.0000
   2013.62594178      0.0000
   2013.62597032      0.0000
   2013.62599886      0.0000
   2013.62602740      0.0000
   2013.62605594      0.0000
   2013.62608447      0.0000
   2013.62611301      0.0000
   2013.62614155      0.0000
   2013.62617009      0.0000
   2013.62619863      0.0000
   2013.62622717      0.0000
   2013.62625571      0.0000
   2013.62628425      0.0000
   2013.62631279      0.0000
   2013.62634132      0.0000
   2013.62636986      0.0000
   2013.62639840      0.0000
   2013.62642694      0.0000
   2013.62645548      0.0000
   2013.62648402      0.0000
   2013.62651256      0.0000
   2013.62654110      0.0000
   2013.62656963      0.0000
   2013.62659817      0.0000
   2013.62662671     17.6834
   2013.62665525     63.3220
   2013.62668379    121.2327
   2013.62671233    121.1105
   2013.62674087     85.4740
   2013.62676941     56.2679
   2013.62679795     39.5803
   2013.62682648     29.0150
   2013.62685502     24.2021
   2013.62688356     20.4870
   2013.62691210     18.1175
   2013.62694064     16.4202
   2013.62696918     15.9378
   2013.62699772     15.6651
   2013.62702626     15.5927
   2013.62705479     15.2934
   2013.62708333     15.3763
   2013.62711187     15.1999
   2013.62714041     14.1921
   2013.62716895     13.0048
   2013.62719749     12.3101
   2013.62722603     11.8450
   2013.62725457     11.7780
   2013.62728311     11.5325
   2013.62731164     11.3313
   2013.62734018     10.6625
   2013.62736872      9.8263
   2013.62739726      8.9379
   2013.62742580      9.0302
   2013.62745434      7.1420
   2013.62748288      6.9149
   2013.62751142      6.1991
   2013.62753995      5.6272
   2013.62756849      5.1791
   2013.62759703      4.3951
   2013.62762557      4.2736
   2013.62765411      3.6640
   2013.62768265      3.2835
   2013.62771119      2.9396
   2013.62773973      2.7695
   2013.62776826      2.4312
   2013.62779680      2.1617
   2013.62782534      1.8535
   2013.62785388      1.6592
   2013.62788242      1.4820
   2013.62791096      1.3828
   2013.62793950      1.1962
   2013.62796804      1.0478
   2013.62799658      0.9656
   2013.62802511      0.8744
   2013.62805365      0.7890
   2013.62808219      0.7119
   2013.62811073      0.6434
   2013.62813927      0.5829
   2013.62816781      0.5291
   2013.62819635      0.4814
   2013.62822489      0.4391
   2013.62825342      0.4015
   2013.62828196      0.3677
   2013.62831050      0.3373
   2013.62833904      0.3099
   2013.62836758      0.2850
   2013.62839612      0.2625
   2013.62842466      0.2419
   2013.62845320      0.2230
   2013.62848174      0.2057
   2013.62851027      0.1898
   2013.62853881      0.1754
   2013.62856735      0.1622
   2013.62859589      0.1501
   2013.62862443      0.1391
   2013.62865297      0.1289
   2013.62868151      0.1196
   2013.62871005      0.1110
   2013.62873858      0.1030
