   2013.62465753      0.0000
   2013.62468607      0.0000
   2013.62471461      0.0000
   2013.62474315      0.0000
   2013.62477169      0.0000
   2013.62480023      0.0000
   2013.62482877      0.0000
   2013.62485731      0.0000
   2013.62488584      0.0000
   2013.62491438      0.0000
   2013.62494292      0.0000
   2013.62497146      0.0000
   2013.62500000      0.0000
   2013.62502854      0.0000
   2013.62505708      0.0000
   2013.62508562      0.0000
   2013.62511416      0.0000
   2013.62514269      0.0000
   2013.62517123      0.0000
   2013.62519977      0.0000
   2013.62522831      0.0000
   2013.62525685      0.0000
   2013.62528539      0.0000
   2013.62531393      0.0000
   2013.62534247      0.0000
   2013.62537100      0.0000
   2013.62539954      0.0000
   2013.62542808      0.0000
   2013.62545662      0.0000
   2013.62548516      0.0000
   2013.62551370      0.0000
   2013.62554224      0.0000
   2013.62557078      0.0000
   2013.62559932      0.0000
   2013.62562785      0.0000
   2013.62565639      0.0000
   2013.62568493      0.0000
   2013.62571347      0.0000
   2013.62574201      0.0000
   2013.62577055      0.0000
   2013.62579909      0.0000
   2013.62582763      0.0000
   2013.62585616      0.0000
   2013.62588470      0.0000
   2013.62591324      0.0000
   2013.62594178      0.0000
   2013.62597032      0.0000
   2013.62599886      0.0000
   2013.62602740      0.0000
   2013.62605594      0.0000
   2013.62608447      0.0000
   2013.62611301      0.0000
   2013.62614155      0.0000
   2013.62617009      1.8093
   2013.62619863     11.1055
   2013.62622717     24.5042
   2013.62625571     51.9842
   2013.62628425     53.7509
   2013.62631279     44.0296
   2013.62634132     32.8775
   2013.62636986     25.3825
   2013.62639840     19.9827
   2013.62642694     16.0710
   2013.62645548     12.7171
   2013.62648402     10.6268
   2013.62651256      8.6169
   2013.62654110      7.3199
   2013.62656963      6.8941
   2013.62659817      6.0233
   2013.62662671      5.2769
   2013.62665525      5.4713
   2013.62668379      4.7353
   2013.62671233      4.7815
   2013.62674087      3.9021
   2013.62676941      3.4765
   2013.62679795      3.1321
   2013.62682648      2.9404
   2013.62685502      2.5559
   2013.62688356      2.2470
   2013.62691210      1.9959
   2013.62694064      1.7874
   2013.62696918      1.6058
   2013.62699772      1.4485
   2013.62702626      1.3261
   2013.62705479      1.1640
   2013.62708333      1.0239
   2013.62711187      0.9589
   2013.62714041      0.8784
   2013.62716895      0.8000
   2013.62719749      0.7279
   2013.62722603      0.6625
   2013.62725457      0.6041
   2013.62728311      0.5514
   2013.62731164      0.5042
   2013.62734018      0.4620
   2013.62736872      0.4241
   2013.62739726      0.3900
   2013.62742580      0.3590
   2013.62745434      0.3308
   2013.62748288      0.3051
   2013.62751142      0.2818
   2013.62753995      0.2604
   2013.62756849      0.2409
   2013.62759703      0.2228
   2013.62762557      0.2062
   2013.62765411      0.1909
   2013.62768265      0.1770
   2013.62771119      0.1642
   2013.62773973      0.1525
   2013.62776826      0.1417
   2013.62779680      0.1318
   2013.62782534      0.1226
   2013.62785388      0.1142
   2013.62788242      0.1063
