   2013.62465753      0.0000
   2013.62468607      0.0000
   2013.62471461      0.0000
   2013.62474315      0.0002
   2013.62477169      0.0004
   2013.62480023      0.0007
   2013.62482877      0.0010
   2013.62485731      0.0012
   2013.62488584      0.0015
   2013.62491438      0.0027
   2013.62494292      0.0033
   2013.62497146      0.0052
   2013.62500000      0.0507
   2013.62502854      0.0996
   2013.62505708      0.1743
   2013.62508562      0.3127
   2013.62511416      0.5742
   2013.62514269      0.9936
   2013.62517123      1.6293
   2013.62519977      2.4954
   2013.62522831      3.7459
   2013.62525685      5.3703
   2013.62528539      6.8576
   2013.62531393      7.7786
   2013.62534247      8.4094
   2013.62537100      8.7245
   2013.62539954      8.9186
   2013.62542808      8.9971
   2013.62545662      9.0403
   2013.62548516      9.0770
   2013.62551370      9.1239
   2013.62554224      9.1337
   2013.62557078      9.1632
   2013.62559932      9.2095
   2013.62562785      9.2735
   2013.62565639      9.2859
   2013.62568493      8.7921
   2013.62571347      8.8027
   2013.62574201      8.4717
   2013.62577055      8.0085
   2013.62579909      7.4062
   2013.62582763      7.5426
   2013.62585616      7.1237
   2013.62588470      6.9496
   2013.62591324      6.0939
   2013.62594178      6.2218
   2013.62597032      6.0916
   2013.62599886      5.7657
   2013.62602740      5.6904
   2013.62605594      6.1779
   2013.62608447      6.1394
   2013.62611301      6.0330
   2013.62614155      5.8608
   2013.62617009      6.3191
   2013.62619863      7.5939
   2013.62622717      9.0053
   2013.62625571      9.3881
   2013.62628425      8.5601
   2013.62631279      8.0908
   2013.62634132      7.3601
   2013.62636986      7.4936
   2013.62639840      8.3780
   2013.62642694      9.4213
   2013.62645548      9.3951
   2013.62648402      8.8527
   2013.62651256      8.0248
   2013.62654110      7.2180
   2013.62656963      6.5279
   2013.62659817      6.3190
   2013.62662671      6.3532
   2013.62665525      6.0610
   2013.62668379      6.1521
   2013.62671233      5.1416
   2013.62674087      5.0430
   2013.62676941      4.0142
   2013.62679795      3.5177
   2013.62682648      3.1474
   2013.62685502      2.7784
   2013.62688356      2.6056
   2013.62691210      2.3048
   2013.62694064      2.0770
   2013.62696918      1.8818
   2013.62699772      1.6374
   2013.62702626      1.4901
   2013.62705479      1.3511
   2013.62708333      1.2532
   2013.62711187      1.1223
   2013.62714041      1.0059
   2013.62716895      0.9296
   2013.62719749      0.8477
   2013.62722603      0.7710
   2013.62725457      0.7008
   2013.62728311      0.6376
   2013.62731164      0.5812
   2013.62734018      0.5305
   2013.62736872      0.4853
   2013.62739726      0.4450
   2013.62742580      0.4089
   2013.62745434      0.3763
   2013.62748288      0.3467
   2013.62751142      0.3198
   2013.62753995      0.2953
   2013.62756849      0.2731
   2013.62759703      0.2527
   2013.62762557      0.2340
   2013.62765411      0.2167
   2013.62768265      0.2008
   2013.62771119      0.1863
   2013.62773973      0.1729
   2013.62776826      0.1607
   2013.62779680      0.1495
   2013.62782534      0.1392
   2013.62785388      0.1296
   2013.62788242      0.1209
   2013.62791096      0.1127
   2013.62793950      0.1052
