   2013.62465753      0.0000
   2013.62468607      0.0000
   2013.62471461      0.0000
   2013.62474315      0.0000
   2013.62477169      0.0000
   2013.62480023      0.0000
   2013.62482877      0.0000
   2013.62485731      0.0000
   2013.62488584      0.0000
   2013.62491438      0.0000
   2013.62494292      0.0000
   2013.62497146      0.0000
   2013.62500000      0.0000
   2013.62502854      0.0000
   2013.62505708      0.0000
   2013.62508562      0.0000
   2013.62511416      0.0000
   2013.62514269      0.0000
   2013.62517123      0.0000
   2013.62519977      0.0000
   2013.62522831      0.0000
   2013.62525685      0.0000
   2013.62528539      0.0000
   2013.62531393      0.0000
   2013.62534247      0.0000
   2013.62537100      0.0000
   2013.62539954      0.0000
   2013.62542808      0.0000
   2013.62545662      0.0000
   2013.62548516      0.0000
   2013.62551370      0.0000
   2013.62554224      0.0000
   2013.62557078      0.0000
   2013.62559932      0.0000
   2013.62562785      0.0000
   2013.62565639      0.0000
   2013.62568493      0.0000
   2013.62571347      0.0000
   2013.62574201      0.0000
   2013.62577055      0.0000
   2013.62579909      0.0000
   2013.62582763      0.0000
   2013.62585616      0.0000
   2013.62588470      0.0000
   2013.62591324      0.0000
   2013.62594178      0.0000
   2013.62597032      0.0000
   2013.62599886      0.0000
   2013.62602740      0.0000
   2013.62605594      0.0000
   2013.62608447      0.0000
   2013.62611301      0.0000
   2013.62614155      0.0000
   2013.62617009      0.0000
   2013.62619863      0.0000
   2013.62622717      0.0000
   2013.62625571      0.0000
   2013.62628425      0.0000
   2013.62631279      0.0000
   2013.62634132      0.0000
   2013.62636986      0.0000
   2013.62639840      0.0000
   2013.62642694      0.0000
   2013.62645548      0.0000
   2013.62648402      0.0000
   2013.62651256      0.0000
   2013.62654110      0.0000
   2013.62656963      0.0000
   2013.62659817      0.0000
   2013.62662671      0.0000
   2013.62665525      0.0000
   2013.62668379      0.0000
   2013.62671233      0.0000
   2013.62674087      0.0000
   2013.62676941      0.0000
   2013.62679795      0.0000
   2013.62682648      0.0000
   2013.62685502      0.0000
   2013.62688356      0.0000
   2013.62691210      0.0000
   2013.62694064      0.0000
   2013.62696918      0.0000
   2013.62699772      0.0000
   2013.62702626      0.0000
   2013.62705479      0.0000
   2013.62708333      0.0000
   2013.62711187      0.0000
   2013.62714041      0.0000
   2013.62716895      0.0000
   2013.62719749      0.0000
   2013.62722603      0.0000
   2013.62725457      0.0000
   2013.62728311      0.0000
   2013.62731164      0.7662
   2013.62734018      3.6691
   2013.62736872      8.6719
   2013.62739726     17.7476
   2013.62742580     31.8600
   2013.62745434     34.2026
   2013.62748288     29.2949
   2013.62751142     23.2217
   2013.62753995     18.9292
   2013.62756849     15.5482
   2013.62759703     13.1432
   2013.62762557     11.1028
   2013.62765411      9.4230
   2013.62768265      8.4752
   2013.62771119      7.0955
   2013.62773973      6.7061
   2013.62776826      5.3749
   2013.62779680      5.2014
   2013.62782534      4.0701
   2013.62785388      3.5523
   2013.62788242      3.1599
   2013.62791096      2.8939
   2013.62793950      2.5068
   2013.62796804      2.1150
   2013.62799658      1.8750
   2013.62802511      1.6615
   2013.62805365      1.4729
   2013.62808219      1.3397
   2013.62811073      1.1743
   2013.62813927      1.0359
   2013.62816781      0.9430
   2013.62819635      0.8482
   2013.62822489      0.7617
   2013.62825342      0.6845
   2013.62828196      0.6168
   2013.62831050      0.5570
   2013.62833904      0.5040
   2013.62836758      0.4574
   2013.62839612      0.4162
   2013.62842466      0.3796
   2013.62845320      0.3468
   2013.62848174      0.3174
   2013.62851027      0.2910
   2013.62853881      0.2672
   2013.62856735      0.2455
   2013.62859589      0.2257
   2013.62862443      0.2076
   2013.62865297      0.1911
   2013.62868151      0.1762
   2013.62871005      0.1625
   2013.62873858      0.1501
   2013.62876712      0.1388
   2013.62879566      0.1284
   2013.62882420      0.1189
   2013.62885274      0.1101
   2013.62888128      0.1021
