   2013.62465753      0.0000
   2013.62468607      0.0000
   2013.62471461      0.0000
   2013.62474315      0.0000
   2013.62477169      0.0000
   2013.62480023      0.0000
   2013.62482877      0.0000
   2013.62485731      0.0000
   2013.62488584      0.0000
   2013.62491438      0.0000
   2013.62494292      0.0000
   2013.62497146      0.0000
   2013.62500000      0.0000
   2013.62502854      0.0000
   2013.62505708      0.0000
   2013.62508562      0.0000
   2013.62511416      0.0003
   2013.62514269      0.0004
   2013.62517123      0.0004
   2013.62519977      0.0005
   2013.62522831      0.0009
   2013.62525685      0.0008
   2013.62528539      0.0008
   2013.62531393      0.0009
   2013.62534247      0.0012
   2013.62537100      0.0012
   2013.62539954      0.0012
   2013.62542808      0.0012
   2013.62545662      0.0070
   2013.62548516      0.0313
   2013.62551370      0.0514
   2013.62554224      0.0704
   2013.62557078      0.0997
   2013.62559932      0.1412
   2013.62562785      0.1939
   2013.62565639      0.2676
   2013.62568493      0.3822
   2013.62571347      0.4927
   2013.62574201      0.6435
   2013.62577055      0.8173
   2013.62579909      1.0497
   2013.62582763      1.3211
   2013.62585616      1.5823
   2013.62588470      1.7810
   2013.62591324      1.9599
   2013.62594178      2.0372
   2013.62597032      2.0740
   2013.62599886      2.0294
   2013.62602740      2.0526
   2013.62605594      2.0569
   2013.62608447      1.9688
   2013.62611301      1.9106
   2013.62614155      1.9026
   2013.62617009      1.8782
   2013.62619863      1.8172
   2013.62622717      1.7079
   2013.62625571      1.7384
   2013.62628425      1.6883
   2013.62631279      1.6415
   2013.62634132      1.5827
   2013.62636986      1.5961
   2013.62639840      1.5806
   2013.62642694      1.5653
   2013.62645548      1.5379
   2013.62648402      1.5870
   2013.62651256      1.6161
   2013.62654110      1.6707
   2013.62656963      1.7181
   2013.62659817      1.8052
   2013.62662671      1.9098
   2013.62665525      1.9754
   2013.62668379      1.9563
   2013.62671233      1.9334
   2013.62674087      1.9140
   2013.62676941      1.8337
   2013.62679795      1.7529
   2013.62682648      1.6857
   2013.62685502      1.6103
   2013.62688356      1.5928
   2013.62691210      1.5847
   2013.62694064      1.5816
   2013.62696918      1.5782
   2013.62699772      1.5496
   2013.62702626      1.5186
   2013.62705479      1.4706
   2013.62708333      1.4060
   2013.62711187      1.3276
   2013.62714041      1.2413
   2013.62716895      1.1505
   2013.62719749      1.0659
   2013.62722603      0.9816
   2013.62725457      0.9051
   2013.62728311      0.8310
   2013.62731164      0.7598
   2013.62734018      0.6936
   2013.62736872      0.6341
   2013.62739726      0.5807
   2013.62742580      0.5324
   2013.62745434      0.4891
   2013.62748288      0.4502
   2013.62751142      0.4152
   2013.62753995      0.3835
   2013.62756849      0.3546
   2013.62759703      0.3283
   2013.62762557      0.3044
   2013.62765411      0.2825
   2013.62768265      0.2625
   2013.62771119      0.2441
   2013.62773973      0.2270
   2013.62776826      0.2112
   2013.62779680      0.1966
   2013.62782534      0.1832
   2013.62785388      0.1708
   2013.62788242      0.1594
   2013.62791096      0.1489
   2013.62793950      0.1391
   2013.62796804      0.1300
   2013.62799658      0.1216
   2013.62802511      0.1138
   2013.62805365      0.1065
