   2013.62465753      0.0000
   2013.62468607      0.0000
   2013.62471461      0.0000
   2013.62474315      0.0000
   2013.62477169      0.0000
   2013.62480023      0.0000
   2013.62482877      0.0000
   2013.62485731      0.0000
   2013.62488584      0.0000
   2013.62491438      0.0000
   2013.62494292      0.0000
   2013.62497146      0.0000
   2013.62500000      0.0000
   2013.62502854      0.0000
   2013.62505708      0.0000
   2013.62508562      0.0000
   2013.62511416      0.0000
   2013.62514269      0.0000
   2013.62517123      0.0000
   2013.62519977      0.0000
   2013.62522831      0.0000
   2013.62525685      0.0000
   2013.62528539      0.0000
   2013.62531393      0.0000
   2013.62534247      0.0000
   2013.62537100      0.0000
   2013.62539954      0.0000
   2013.62542808      0.0000
   2013.62545662      0.0000
   2013.62548516      0.0000
   2013.62551370      0.0000
   2013.62554224      0.0000
   2013.62557078      0.0000
   2013.62559932      0.0000
   2013.62562785      0.0000
   2013.62565639      0.0000
   2013.62568493      0.0000
   2013.62571347      0.0000
   2013.62574201      0.0000
   2013.62577055      0.0000
   2013.62579909      0.0000
   2013.62582763      0.0000
   2013.62585616      0.0000
   2013.62588470      0.0000
   2013.62591324      0.0000
   2013.62594178      0.0000
   2013.62597032      0.0000
   2013.62599886      0.0000
   2013.62602740      0.0000
   2013.62605594      0.0000
   2013.62608447      0.0000
   2013.62611301      0.0000
   2013.62614155      0.0000
   2013.62617009      0.0000
   2013.62619863      0.0000
   2013.62622717      0.0000
   2013.62625571      0.0000
   2013.62628425      0.0065
   2013.62631279      0.0129
   2013.62634132      0.0558
   2013.62636986      0.0981
   2013.62639840      0.1877
   2013.62642694      0.3673
   2013.62645548      0.6923
   2013.62648402      1.2052
   2013.62651256      2.0424
   2013.62654110      3.4226
   2013.62656963      5.4666
   2013.62659817      7.2015
   2013.62662671      8.0925
   2013.62665525      8.4700
   2013.62668379      8.6307
   2013.62671233      8.7045
   2013.62674087      8.7533
   2013.62676941      8.6580
   2013.62679795      8.4278
   2013.62682648      8.0131
   2013.62685502      7.6852
   2013.62688356      7.2055
   2013.62691210      6.7849
   2013.62694064      6.0632
   2013.62696918      5.9793
   2013.62699772      4.9939
   2013.62702626      4.5728
   2013.62705479      3.9575
   2013.62708333      3.5113
   2013.62711187      3.1555
   2013.62714041      2.9967
   2013.62716895      2.5533
   2013.62719749      2.1291
   2013.62722603      1.9255
   2013.62725457      1.7142
   2013.62728311      1.5259
   2013.62731164      1.4266
   2013.62734018      1.2245
   2013.62736872      1.0619
   2013.62739726      0.9805
   2013.62742580      0.8867
   2013.62745434      0.7984
   2013.62748288      0.7188
   2013.62751142      0.6482
   2013.62753995      0.5861
   2013.62756849      0.5310
   2013.62759703      0.4823
   2013.62762557      0.4393
   2013.62765411      0.4010
   2013.62768265      0.3669
   2013.62771119      0.3362
   2013.62773973      0.3087
   2013.62776826      0.2838
   2013.62779680      0.2612
   2013.62782534      0.2407
   2013.62785388      0.2218
   2013.62788242      0.2046
   2013.62791096      0.1889
   2013.62793950      0.1747
   2013.62796804      0.1616
   2013.62799658      0.1497
   2013.62802511      0.1388
   2013.62805365      0.1289
   2013.62808219      0.1197
   2013.62811073      0.1112
   2013.62813927      0.1034
