   2013.62465753      0.0000
   2013.62468607      0.0000
   2013.62471461      0.0000
   2013.62474315      0.0000
   2013.62477169      0.0000
   2013.62480023      0.0000
   2013.62482877      0.0000
   2013.62485731      0.0000
   2013.62488584      0.0000
   2013.62491438      0.0000
   2013.62494292      0.0000
   2013.62497146      0.0000
   2013.62500000      0.0000
   2013.62502854      0.0000
   2013.62505708      0.0000
   2013.62508562      0.0000
   2013.62511416      0.0000
   2013.62514269      0.0000
   2013.62517123      0.0000
   2013.62519977      0.0000
   2013.62522831      0.0000
   2013.62525685      0.0000
   2013.62528539      0.0000
   2013.62531393      0.0000
   2013.62534247      0.0000
   2013.62537100      0.0000
   2013.62539954      0.0000
   2013.62542808      0.0000
   2013.62545662      0.0000
   2013.62548516      0.0000
   2013.62551370      0.0000
   2013.62554224      0.0000
   2013.62557078      0.0000
   2013.62559932      0.0000
   2013.62562785      0.0000
   2013.62565639      0.0000
   2013.62568493      0.0000
   2013.62571347      0.0000
   2013.62574201      0.0000
   2013.62577055      0.0000
   2013.62579909      0.0000
   2013.62582763      0.0000
   2013.62585616      0.0000
   2013.62588470      0.0000
   2013.62591324      0.0000
   2013.62594178      0.0000
   2013.62597032      0.0000
   2013.62599886      0.0000
   2013.62602740      0.0000
   2013.62605594      0.0000
   2013.62608447      0.0000
   2013.62611301      0.0000
   2013.62614155      0.0000
   2013.62617009      0.0000
   2013.62619863      0.0000
   2013.62622717      0.0000
   2013.62625571      0.0000
   2013.62628425      0.0000
   2013.62631279      0.0000
   2013.62634132      0.0000
   2013.62636986      0.0000
   2013.62639840      0.0000
   2013.62642694      0.0000
   2013.62645548      0.0000
   2013.62648402      0.0000
   2013.62651256      0.0000
   2013.62654110      0.0000
   2013.62656963      0.0000
   2013.62659817      0.0000
   2013.62662671      0.0079
   2013.62665525      0.0314
   2013.62668379      0.0665
   2013.62671233      0.1165
   2013.62674087      0.2226
   2013.62676941      0.3879
   2013.62679795      0.6188
   2013.62682648      0.9147
   2013.62685502      1.3071
   2013.62688356      1.9197
   2013.62691210      2.7832
   2013.62694064      3.7591
   2013.62696918      4.5234
   2013.62699772      4.8693
   2013.62702626      4.8483
   2013.62705479      4.7280
   2013.62708333      4.5342
   2013.62711187      4.3484
   2013.62714041      4.1994
   2013.62716895      4.1049
   2013.62719749      3.8738
   2013.62722603      3.7620
   2013.62725457      3.6554
   2013.62728311      3.5779
   2013.62731164      3.4965
   2013.62734018      3.4213
   2013.62736872      3.3569
   2013.62739726      3.2978
   2013.62742580      3.2268
   2013.62745434      3.1034
   2013.62748288      3.0585
   2013.62751142      3.0001
   2013.62753995      2.8974
   2013.62756849      2.7800
   2013.62759703      2.6752
   2013.62762557      2.5657
   2013.62765411      2.3649
   2013.62768265      2.2604
   2013.62771119      2.1469
   2013.62773973      2.0355
   2013.62776826      1.9113
   2013.62779680      1.7679
   2013.62782534      1.6333
   2013.62785388      1.5239
   2013.62788242      1.4321
   2013.62791096      1.3463
   2013.62793950      1.2608
   2013.62796804      1.2262
   2013.62799658      1.0942
   2013.62802511      1.0080
   2013.62805365      0.9277
   2013.62808219      0.8694
   2013.62811073      0.8091
   2013.62813927      0.7496
   2013.62816781      0.6907
   2013.62819635      0.6346
   2013.62822489      0.5826
   2013.62825342      0.5351
   2013.62828196      0.4926
   2013.62831050      0.4545
   2013.62833904      0.4204
   2013.62836758      0.3897
   2013.62839612      0.3618
   2013.62842466      0.3362
   2013.62845320      0.3128
   2013.62848174      0.2913
   2013.62851027      0.2714
   2013.62853881      0.2531
   2013.62856735      0.2359
   2013.62859589      0.2198
   2013.62862443      0.2047
   2013.62865297      0.1907
   2013.62868151      0.1777
   2013.62871005      0.1657
   2013.62873858      0.1546
   2013.62876712      0.1443
   2013.62879566      0.1348
   2013.62882420      0.1260
   2013.62885274      0.1177
   2013.62888128      0.1101
   2013.62890982      0.1030
