   2013.62465753      0.0000
   2013.62468607      0.0000
   2013.62471461      0.0000
   2013.62474315      0.0000
   2013.62477169      0.0000
   2013.62480023      0.0000
   2013.62482877      0.0000
   2013.62485731      0.0000
   2013.62488584      0.0000
   2013.62491438      0.0000
   2013.62494292      0.0000
   2013.62497146      0.0000
   2013.62500000      0.0000
   2013.62502854      0.0000
   2013.62505708      0.0000
   2013.62508562      0.0000
   2013.62511416      0.0000
   2013.62514269      0.0000
   2013.62517123      0.0000
   2013.62519977      0.0000
   2013.62522831      0.0000
   2013.62525685      0.0000
   2013.62528539      0.0000
   2013.62531393      0.0000
   2013.62534247      0.0000
   2013.62537100      0.0000
   2013.62539954      0.0000
   2013.62542808      0.0000
   2013.62545662      0.0000
   2013.62548516      0.0000
   2013.62551370      0.0000
   2013.62554224      0.0000
   2013.62557078      0.0000
   2013.62559932      0.1852
   2013.62562785      0.4011
   2013.62565639      1.2193
   2013.62568493      2.7755
   2013.62571347      4.9956
   2013.62574201      8.9885
   2013.62577055     14.3099
   2013.62579909     16.7452
   2013.62582763     16.6722
   2013.62585616     15.4295
   2013.62588470     14.5376
   2013.62591324     13.7864
   2013.62594178     13.5484
   2013.62597032     13.5404
   2013.62599886     13.6049
   2013.62602740     13.2182
   2013.62605594     13.8496
   2013.62608447     13.7549
   2013.62611301     13.5966
   2013.62614155     13.6617
   2013.62617009     13.8388
   2013.62619863     14.3509
   2013.62622717     15.0331
   2013.62625571     15.1776
   2013.62628425     14.7430
   2013.62631279     14.0163
   2013.62634132     13.3174
   2013.62636986     12.9313
   2013.62639840     12.4959
   2013.62642694     12.2998
   2013.62645548     12.1215
   2013.62648402     11.6951
   2013.62651256     10.9836
   2013.62654110     10.0283
   2013.62656963      9.0383
   2013.62659817      8.1155
   2013.62662671      7.3964
   2013.62665525      6.4933
   2013.62668379      6.0284
   2013.62671233      5.0263
   2013.62674087      4.4501
   2013.62676941      4.2433
   2013.62679795      3.6192
   2013.62682648      3.2102
   2013.62685502      2.8919
   2013.62688356      2.7253
   2013.62691210      2.3779
   2013.62694064      2.1241
   2013.62696918      1.8291
   2013.62699772      1.6473
   2013.62702626      1.4786
   2013.62705479      1.3924
   2013.62708333      1.1927
   2013.62711187      1.0775
   2013.62714041      0.9755
   2013.62716895      0.8853
   2013.62719749      0.8018
   2013.62722603      0.7250
   2013.62725457      0.6564
   2013.62728311      0.5960
   2013.62731164      0.5421
   2013.62734018      0.4940
   2013.62736872      0.4512
   2013.62739726      0.4129
   2013.62742580      0.3785
   2013.62745434      0.3475
   2013.62748288      0.3195
   2013.62751142      0.2941
   2013.62753995      0.2712
   2013.62756849      0.2502
   2013.62759703      0.2310
   2013.62762557      0.2134
   2013.62765411      0.1973
   2013.62768265      0.1826
   2013.62771119      0.1692
   2013.62773973      0.1569
   2013.62776826      0.1456
   2013.62779680      0.1353
   2013.62782534      0.1258
   2013.62785388      0.1170
   2013.62788242      0.1090
   2013.62791096      0.1015
