   2013.62465753      0.0000
   2013.62468607      0.0000
   2013.62471461      0.0000
   2013.62474315      0.0000
   2013.62477169      0.0000
   2013.62480023      0.0000
   2013.62482877      0.0000
   2013.62485731      0.0000
   2013.62488584      0.0000
   2013.62491438      0.0000
   2013.62494292      0.0000
   2013.62497146      0.0000
   2013.62500000      0.0000
   2013.62502854      0.0000
   2013.62505708      0.0000
   2013.62508562      0.0000
   2013.62511416      0.0000
   2013.62514269      0.0000
   2013.62517123      0.0000
   2013.62519977      0.0000
   2013.62522831      0.0000
   2013.62525685      0.0113
   2013.62528539      0.0689
   2013.62531393      0.1744
   2013.62534247      0.4509
   2013.62537100      1.2268
   2013.62539954      2.9261
   2013.62542808      6.0733
   2013.62545662     10.5432
   2013.62548516     16.8156
   2013.62551370     19.6711
   2013.62554224     19.1986
   2013.62557078     17.7765
   2013.62559932     15.2534
   2013.62562785     13.6178
   2013.62565639     11.5882
   2013.62568493     10.0315
   2013.62571347      8.5559
   2013.62574201      7.4930
   2013.62577055      6.6833
   2013.62579909      5.3272
   2013.62582763      4.9431
   2013.62585616      4.1797
   2013.62588470      3.5278
   2013.62591324      3.2017
   2013.62594178      2.8548
   2013.62597032      2.6081
   2013.62599886      2.3859
   2013.62602740      2.1803
   2013.62605594      1.9743
   2013.62608447      1.8026
   2013.62611301      1.6468
   2013.62614155      1.5065
   2013.62617009      1.3818
   2013.62619863      1.2753
   2013.62622717      1.1873
   2013.62625571      1.1157
   2013.62628425      1.1032
   2013.62631279      1.0043
   2013.62634132      0.9589
   2013.62636986      0.9097
   2013.62639840      0.8628
   2013.62642694      0.8124
   2013.62645548      0.7594
   2013.62648402      0.7064
   2013.62651256      0.6559
   2013.62654110      0.6089
   2013.62656963      0.5649
   2013.62659817      0.5243
   2013.62662671      0.4871
   2013.62665525      0.4531
   2013.62668379      0.4219
   2013.62671233      0.3931
   2013.62674087      0.3664
   2013.62676941      0.3417
   2013.62679795      0.3186
   2013.62682648      0.2972
   2013.62685502      0.2774
   2013.62688356      0.2589
   2013.62691210      0.2417
   2013.62694064      0.2255
   2013.62696918      0.2104
   2013.62699772      0.1962
   2013.62702626      0.1831
   2013.62705479      0.1709
   2013.62708333      0.1596
   2013.62711187      0.1491
   2013.62714041      0.1393
   2013.62716895      0.1303
   2013.62719749      0.1218
   2013.62722603      0.1139
   2013.62725457      0.1065
