   2013.62465753      0.0000
   2013.62468607      0.0000
   2013.62471461      0.0000
   2013.62474315      0.0000
   2013.62477169      0.0000
   2013.62480023      0.0000
   2013.62482877      0.0000
   2013.62485731      0.0000
   2013.62488584      0.0000
   2013.62491438      0.0000
   2013.62494292      0.0000
   2013.62497146      0.0000
   2013.62500000      0.0000
   2013.62502854      0.0000
   2013.62505708      0.0000
   2013.62508562      0.0000
   2013.62511416      0.0000
   2013.62514269      0.0000
   2013.62517123      0.0000
   2013.62519977      0.0000
   2013.62522831      0.0000
   2013.62525685      0.0000
   2013.62528539      0.0000
   2013.62531393      0.0000
   2013.62534247      0.0000
   2013.62537100      0.0000
   2013.62539954      0.0000
   2013.62542808      0.0000
   2013.62545662      0.0000
   2013.62548516      0.0000
   2013.62551370      0.0000
   2013.62554224      0.0000
   2013.62557078      0.0000
   2013.62559932      0.0000
   2013.62562785      0.0001
   2013.62565639      0.0004
   2013.62568493      0.0007
   2013.62571347      0.0011
   2013.62574201      0.0014
   2013.62577055      0.0016
   2013.62579909      0.0019
   2013.62582763      0.0021
   2013.62585616      0.0024
   2013.62588470      0.0134
   2013.62591324      0.0477
   2013.62594178      0.0777
   2013.62597032      0.1424
   2013.62599886      0.5329
   2013.62602740      2.3928
   2013.62605594      3.8119
   2013.62608447      4.3373
   2013.62611301      4.5340
   2013.62614155      4.6190
   2013.62617009      4.6674
   2013.62619863      4.7054
   2013.62622717      4.7414
   2013.62625571      4.7775
   2013.62628425      4.8135
   2013.62631279      4.8486
   2013.62634132      4.8820
   2013.62636986      4.9132
   2013.62639840      4.9421
   2013.62642694      4.9687
   2013.62645548      4.9930
   2013.62648402      5.0147
   2013.62651256      5.1000
   2013.62654110      4.9277
   2013.62656963      4.7819
   2013.62659817      4.8413
   2013.62662671      4.3243
   2013.62665525      4.0649
   2013.62668379      4.0684
   2013.62671233      3.7895
   2013.62674087      3.3429
   2013.62676941      3.0546
   2013.62679795      2.8076
   2013.62682648      2.5349
   2013.62685502      2.4071
   2013.62688356      2.1705
   2013.62691210      1.9639
   2013.62694064      1.7128
   2013.62696918      1.5504
   2013.62699772      1.3996
   2013.62702626      1.2568
   2013.62705479      1.1414
   2013.62708333      1.0342
   2013.62711187      0.9406
   2013.62714041      0.8551
   2013.62716895      0.7752
   2013.62719749      0.7021
   2013.62722603      0.6371
   2013.62725457      0.5794
   2013.62728311      0.5277
   2013.62731164      0.4816
   2013.62734018      0.4405
   2013.62736872      0.4036
   2013.62739726      0.3703
   2013.62742580      0.3403
   2013.62745434      0.3131
   2013.62748288      0.2885
   2013.62751142      0.2661
   2013.62753995      0.2457
   2013.62756849      0.2269
   2013.62759703      0.2097
   2013.62762557      0.1940
   2013.62765411      0.1796
   2013.62768265      0.1665
   2013.62771119      0.1544
   2013.62773973      0.1434
   2013.62776826      0.1333
   2013.62779680      0.1239
   2013.62782534      0.1153
   2013.62785388      0.1074
   2013.62788242      0.1001
