   2013.62465753      0.0000
   2013.62468607      0.0000
   2013.62471461      0.0000
   2013.62474315      0.0000
   2013.62477169      0.0000
   2013.62480023      0.0000
   2013.62482877      0.0000
   2013.62485731      0.0000
   2013.62488584      0.0000
   2013.62491438      0.0000
   2013.62494292      0.0000
   2013.62497146      0.0000
   2013.62500000      0.0000
   2013.62502854      0.0000
   2013.62505708      0.0000
   2013.62508562      0.0000
   2013.62511416      0.0000
   2013.62514269      0.0000
   2013.62517123      0.0000
   2013.62519977      0.0000
   2013.62522831      0.0000
   2013.62525685      0.0000
   2013.62528539      0.0000
   2013.62531393      0.0000
   2013.62534247      0.0000
   2013.62537100      0.0000
   2013.62539954      0.0000
   2013.62542808      0.0000
   2013.62545662      0.0000
   2013.62548516      0.0000
   2013.62551370      0.0000
   2013.62554224      0.0000
   2013.62557078      0.0000
   2013.62559932      0.0000
   2013.62562785      0.0000
   2013.62565639      0.0000
   2013.62568493      0.0000
   2013.62571347      0.0000
   2013.62574201      0.0003
   2013.62577055      0.0007
   2013.62579909      0.0010
   2013.62582763      0.0012
   2013.62585616      0.0014
   2013.62588470      0.0016
   2013.62591324      0.0020
   2013.62594178      0.0022
   2013.62597032      0.0024
   2013.62599886      0.0271
   2013.62602740      0.0593
   2013.62605594      0.0943
   2013.62608447      0.1540
   2013.62611301      0.2394
   2013.62614155      0.3658
   2013.62617009      0.5292
   2013.62619863      0.7817
   2013.62622717      1.1212
   2013.62625571      1.6803
   2013.62628425      2.4350
   2013.62631279      3.2696
   2013.62634132      3.9073
   2013.62636986      4.5437
   2013.62639840      4.8935
   2013.62642694      5.0490
   2013.62645548      5.2755
   2013.62648402      5.6119
   2013.62651256      5.7514
   2013.62654110      5.7786
   2013.62656963      5.9008
   2013.62659817      6.0493
   2013.62662671      6.3432
   2013.62665525      6.2003
   2013.62668379      6.1219
   2013.62671233      5.9078
   2013.62674087      6.0473
   2013.62676941      5.8837
   2013.62679795      5.8017
   2013.62682648      5.3011
   2013.62685502      5.3508
   2013.62688356      5.1731
   2013.62691210      4.9110
   2013.62694064      4.3931
   2013.62696918      4.4576
   2013.62699772      4.1438
   2013.62702626      3.9542
   2013.62705479      3.5111
   2013.62708333      3.5814
   2013.62711187      3.4274
   2013.62714041      3.4747
   2013.62716895      3.1789
   2013.62719749      3.0995
   2013.62722603      2.9649
   2013.62725457      2.8490
   2013.62728311      2.7794
   2013.62731164      2.6938
   2013.62734018      2.6018
   2013.62736872      2.5078
   2013.62739726      2.4301
   2013.62742580      2.3385
   2013.62745434      2.2432
   2013.62748288      2.1044
   2013.62751142      2.0284
   2013.62753995      1.9392
   2013.62756849      1.8509
   2013.62759703      1.7611
   2013.62762557      1.6753
   2013.62765411      1.6018
   2013.62768265      1.5066
   2013.62771119      1.4298
   2013.62773973      1.3565
   2013.62776826      1.2862
   2013.62779680      1.2177
   2013.62782534      1.1492
   2013.62785388      1.1029
   2013.62788242      1.0338
   2013.62791096      0.9536
   2013.62793950      0.9195
   2013.62796804      0.8712
   2013.62799658      0.8217
   2013.62802511      0.7740
   2013.62805365      0.7285
   2013.62808219      0.6862
   2013.62811073      0.6476
   2013.62813927      0.6123
   2013.62816781      0.5795
   2013.62819635      0.5489
   2013.62822489      0.5202
   2013.62825342      0.4935
   2013.62828196      0.4684
   2013.62831050      0.4448
   2013.62833904      0.4226
   2013.62836758      0.4016
   2013.62839612      0.3819
   2013.62842466      0.3654
   2013.62845320      0.3483
   2013.62848174      0.3320
   2013.62851027      0.3167
   2013.62853881      0.3085
   2013.62856735      0.2964
   2013.62859589      0.2841
   2013.62862443      0.2725
   2013.62865297      0.2719
   2013.62868151      0.2645
   2013.62871005      0.2562
   2013.62873858      0.2486
   2013.62876712      0.2561
   2013.62879566      0.2545
   2013.62882420      0.2518
   2013.62885274      0.2504
   2013.62888128      0.2695
   2013.62890982      0.2773
   2013.62893836      0.2838
   2013.62896689      0.2929
   2013.62899543      0.3289
   2013.62902397      0.3520
   2013.62905251      0.3861
   2013.62908105      0.4122
   2013.62910959      0.4794
   2013.62913813      0.5365
   2013.62916667      0.5995
   2013.62919521      0.6608
   2013.62922374      0.7945
   2013.62925228      0.9244
   2013.62928082      1.0773
   2013.62930936      1.2748
   2013.62933790      1.5821
   2013.62936644      1.8954
   2013.62939498      2.1164
   2013.62942352      2.3383
   2013.62945205      2.4704
   2013.62948059      2.6998
   2013.62950913      2.8186
   2013.62953767      2.9354
   2013.62956621      2.8479
   2013.62959475      3.0839
   2013.62962329      3.1323
   2013.62965183      3.4157
   2013.62968037      2.9984
   2013.62970890      3.2018
   2013.62973744      3.2021
   2013.62976598      3.3408
   2013.62979452      2.9796
   2013.62982306      3.1436
   2013.62985160      3.3505
   2013.62988014      3.0321
   2013.62990868      3.0184
   2013.62993721      2.9807
   2013.62996575      2.8926
   2013.62999429      2.8040
   2013.63002283      2.7510
   2013.63005137      2.6748
   2013.63007991      2.5885
   2013.63010845      2.4971
   2013.63013699      2.4211
   2013.63016553      2.3306
   2013.63019406      2.2360
   2013.63022260      2.1489
   2013.63025114      2.0176
   2013.63027968      1.9286
   2013.63030822      1.8369
   2013.63033676      1.7463
   2013.63036530      1.6591
   2013.63039384      1.5744
   2013.63042237      1.4885
   2013.63045091      1.4121
   2013.63047945      1.3389
   2013.63050799      1.2680
   2013.63053653      1.1987
   2013.63056507      1.1765
   2013.63059361      1.0779
   2013.63062215      1.0152
   2013.63065068      0.9453
   2013.63067922      0.9030
   2013.63070776      0.8524
   2013.63073630      0.8029
   2013.63076484      0.7552
   2013.63079338      0.7101
   2013.63082192      0.6685
   2013.63085046      0.6308
   2013.63087900      0.5960
   2013.63090753      0.5636
   2013.63093607      0.5334
   2013.63096461      0.5052
   2013.63099315      0.4789
   2013.63102169      0.4542
   2013.63105023      0.4310
   2013.63107877      0.4091
   2013.63110731      0.3885
   2013.63113584      0.3691
   2013.63116438      0.3510
   2013.63119292      0.3339
   2013.63122146      0.3179
   2013.63125000      0.3029
   2013.63127854      0.2889
   2013.63130708      0.2756
   2013.63133562      0.2632
   2013.63136416      0.2516
   2013.63139269      0.2405
   2013.63142123      0.2300
   2013.63144977      0.2200
   2013.63147831      0.2105
   2013.63150685      0.2016
   2013.63153539      0.1932
   2013.63156393      0.1852
   2013.63159247      0.1777
   2013.63162100      0.1706
   2013.63164954      0.1638
   2013.63167808      0.1574
   2013.63170662      0.1514
   2013.63173516      0.1456
   2013.63176370      0.1401
   2013.63179224      0.1349
   2013.63182078      0.1300
   2013.63184932      0.1253
   2013.63187785      0.1208
   2013.63190639      0.1166
   2013.63193493      0.1125
   2013.63196347      0.1087
   2013.63199201      0.1050
   2013.63202055      0.1015
