   2013.62465753      0.0000
   2013.62468607      0.0000
   2013.62471461      0.0000
   2013.62474315      0.0000
   2013.62477169      0.0000
   2013.62480023      0.0000
   2013.62482877      0.0000
   2013.62485731      0.0000
   2013.62488584      0.0000
   2013.62491438      0.0000
   2013.62494292      0.0000
   2013.62497146      0.0000
   2013.62500000      0.0000
   2013.62502854      0.0000
   2013.62505708      0.0000
   2013.62508562      0.0000
   2013.62511416      0.0000
   2013.62514269      0.0000
   2013.62517123      0.0000
   2013.62519977      0.0000
   2013.62522831      0.0000
   2013.62525685      0.0000
   2013.62528539      0.0000
   2013.62531393      0.0000
   2013.62534247      0.0000
   2013.62537100      0.0000
   2013.62539954      0.0000
   2013.62542808      0.0000
   2013.62545662      0.0000
   2013.62548516      0.0000
   2013.62551370      0.0000
   2013.62554224      0.0000
   2013.62557078      0.0000
   2013.62559932      0.0000
   2013.62562785      0.0000
   2013.62565639      0.0000
   2013.62568493      0.0000
   2013.62571347      0.0000
   2013.62574201      0.0000
   2013.62577055      0.0000
   2013.62579909      0.0000
   2013.62582763      0.0000
   2013.62585616      0.0000
   2013.62588470      0.0000
   2013.62591324      0.0000
   2013.62594178      0.0000
   2013.62597032      0.0000
   2013.62599886      0.0000
   2013.62602740      0.0000
   2013.62605594      0.0017
   2013.62608447      0.0026
   2013.62611301      0.0032
   2013.62614155      0.0047
   2013.62617009      0.0123
   2013.62619863      0.0592
   2013.62622717      0.1069
   2013.62625571      0.2100
   2013.62628425      0.3972
   2013.62631279      0.7146
   2013.62634132      1.2268
   2013.62636986      2.0334
   2013.62639840      3.2940
   2013.62642694      5.1170
   2013.62645548      7.0397
   2013.62648402      8.4400
   2013.62651256      9.2694
   2013.62654110      9.7648
   2013.62656963     10.0517
   2013.62659817     10.2703
   2013.62662671     10.4170
   2013.62665525     10.5415
   2013.62668379     10.6369
   2013.62671233     10.7072
   2013.62674087     10.7668
   2013.62676941     10.8266
   2013.62679795     10.6490
   2013.62682648     10.0878
   2013.62685502     10.0865
   2013.62688356      9.7054
   2013.62691210      9.0994
   2013.62694064      8.6262
   2013.62696918      8.0257
   2013.62699772      7.8064
   2013.62702626      7.0030
   2013.62705479      6.0029
   2013.62708333      5.7804
   2013.62711187      5.0966
   2013.62714041      4.7614
   2013.62716895      4.3086
   2013.62719749      3.9990
   2013.62722603      3.6014
   2013.62725457      3.3983
   2013.62728311      3.1976
   2013.62731164      2.9865
   2013.62734018      2.7935
   2013.62736872      2.6169
   2013.62739726      2.4223
   2013.62742580      2.3368
   2013.62745434      2.1631
   2013.62748288      2.0548
   2013.62751142      1.9532
   2013.62753995      1.8558
   2013.62756849      1.7604
   2013.62759703      1.6698
   2013.62762557      1.5969
   2013.62765411      1.4987
   2013.62768265      1.4230
   2013.62771119      1.3510
   2013.62773973      1.2819
   2013.62776826      1.2147
   2013.62779680      1.1474
   2013.62782534      1.1043
   2013.62785388      1.0347
   2013.62788242      0.9512
   2013.62791096      0.9214
   2013.62793950      0.8746
   2013.62796804      0.8258
   2013.62799658      0.7787
   2013.62802511      0.7336
   2013.62805365      0.6915
   2013.62808219      0.6530
   2013.62811073      0.6178
   2013.62813927      0.5851
   2013.62816781      0.5545
   2013.62819635      0.5259
   2013.62822489      0.4991
   2013.62825342      0.4740
   2013.62828196      0.4504
   2013.62831050      0.4281
   2013.62833904      0.4071
   2013.62836758      0.3872
   2013.62839612      0.3685
   2013.62842466      0.3532
   2013.62845320      0.3371
   2013.62848174      0.3216
   2013.62851027      0.3071
   2013.62853881      0.2985
   2013.62856735      0.2868
   2013.62859589      0.2751
   2013.62862443      0.2640
   2013.62865297      0.2626
   2013.62868151      0.2552
   2013.62871005      0.2469
   2013.62873858      0.2393
   2013.62876712      0.2454
   2013.62879566      0.2431
   2013.62882420      0.2397
   2013.62885274      0.2375
   2013.62888128      0.2527
   2013.62890982      0.2581
   2013.62893836      0.2622
   2013.62896689      0.2687
   2013.62899543      0.2979
   2013.62902397      0.3155
   2013.62905251      0.3320
   2013.62908105      0.3613
   2013.62910959      0.4124
   2013.62913813      0.4411
   2013.62916667      0.4965
   2013.62919521      0.5530
   2013.62922374      0.6366
   2013.62925228      0.7597
   2013.62928082      0.8417
   2013.62930936      0.9663
   2013.62933790      1.1635
   2013.62936644      1.4048
   2013.62939498      1.6506
   2013.62942352      1.8612
   2013.62945205      2.0985
   2013.62948059      2.2356
   2013.62950913      2.4099
   2013.62953767      2.4794
   2013.62956621      2.5230
   2013.62959475      2.6571
   2013.62962329      2.7543
   2013.62965183      2.7429
   2013.62968037      2.6966
   2013.62970890      2.8095
   2013.62973744      2.8292
   2013.62976598      2.8010
   2013.62979452      2.7038
   2013.62982306      2.7825
   2013.62985160      2.7656
   2013.62988014      2.7096
   2013.62990868      2.6952
   2013.62993721      2.6514
   2013.62996575      2.5862
   2013.62999429      2.5181
   2013.63002283      2.4775
   2013.63005137      2.4025
   2013.63007991      2.3334
   2013.63010845      2.2526
   2013.63013699      2.1877
   2013.63016553      2.1128
   2013.63019406      2.0380
   2013.63022260      1.9131
   2013.63025114      1.8438
   2013.63027968      1.7661
   2013.63030822      1.6872
   2013.63033676      1.6086
   2013.63036530      1.5307
   2013.63039384      1.4521
   2013.63042237      1.3823
   2013.63045091      1.3148
   2013.63047945      1.2489
   2013.63050799      1.1828
   2013.63053653      1.1635
   2013.63056507      1.0692
   2013.63059361      1.0095
   2013.63062215      0.9414
   2013.63065068      0.9012
   2013.63067922      0.8521
   2013.63070776      0.8038
   2013.63073630      0.7572
   2013.63076484      0.7129
   2013.63079338      0.6719
   2013.63082192      0.6347
   2013.63085046      0.6003
   2013.63087900      0.5682
   2013.63090753      0.5382
   2013.63093607      0.5101
   2013.63096461      0.4838
   2013.63099315      0.4592
   2013.63102169      0.4359
   2013.63105023      0.4140
   2013.63107877      0.3934
   2013.63110731      0.3740
   2013.63113584      0.3557
   2013.63116438      0.3385
   2013.63119292      0.3224
   2013.63122146      0.3073
   2013.63125000      0.2931
   2013.63127854      0.2797
   2013.63130708      0.2672
   2013.63133562      0.2554
   2013.63136416      0.2442
   2013.63139269      0.2336
   2013.63142123      0.2234
   2013.63144977      0.2139
   2013.63147831      0.2048
   2013.63150685      0.1963
   2013.63153539      0.1882
   2013.63156393      0.1806
   2013.63159247      0.1733
   2013.63162100      0.1665
   2013.63164954      0.1600
   2013.63167808      0.1538
   2013.63170662      0.1479
   2013.63173516      0.1423
   2013.63176370      0.1370
   2013.63179224      0.1320
   2013.63182078      0.1272
   2013.63184932      0.1227
   2013.63187785      0.1184
   2013.63190639      0.1143
   2013.63193493      0.1103
   2013.63196347      0.1066
   2013.63199201      0.1030
