   2013.62465753      0.0000
   2013.62468607      0.0000
   2013.62471461      0.0000
   2013.62474315      0.0000
   2013.62477169      0.0000
   2013.62480023      0.0000
   2013.62482877      0.0000
   2013.62485731      0.0000
   2013.62488584      0.0000
   2013.62491438      0.0000
   2013.62494292      0.0000
   2013.62497146      0.0000
   2013.62500000      0.0000
   2013.62502854      0.0000
   2013.62505708      0.0000
   2013.62508562      0.0000
   2013.62511416      0.0000
   2013.62514269      0.0000
   2013.62517123      0.0000
   2013.62519977      0.0000
   2013.62522831      0.0000
   2013.62525685      0.0000
   2013.62528539      0.0000
   2013.62531393      0.0000
   2013.62534247      0.0000
   2013.62537100      0.0000
   2013.62539954      0.0000
   2013.62542808      0.0000
   2013.62545662      0.0000
   2013.62548516      0.0000
   2013.62551370      0.0000
   2013.62554224      0.0000
   2013.62557078      0.0000
   2013.62559932      0.0000
   2013.62562785      0.0000
   2013.62565639      0.0000
   2013.62568493      0.0000
   2013.62571347      0.0000
   2013.62574201      0.0000
   2013.62577055      0.0000
   2013.62579909      0.0000
   2013.62582763      0.0000
   2013.62585616      0.0000
   2013.62588470      0.0000
   2013.62591324      0.0000
   2013.62594178      0.0000
   2013.62597032      0.0000
   2013.62599886      0.0000
   2013.62602740      0.0000
   2013.62605594      0.0000
   2013.62608447      0.0000
   2013.62611301      0.0000
   2013.62614155      0.0000
   2013.62617009      0.0000
   2013.62619863      0.0000
   2013.62622717      0.0000
   2013.62625571      0.0000
   2013.62628425      0.0000
   2013.62631279      0.0000
   2013.62634132      0.0000
   2013.62636986      0.0000
   2013.62639840      0.0000
   2013.62642694      0.0000
   2013.62645548      0.0000
   2013.62648402      0.0000
   2013.62651256      0.0000
   2013.62654110      0.0000
   2013.62656963      0.0000
   2013.62659817      0.0000
   2013.62662671      0.0000
   2013.62665525      0.0000
   2013.62668379      0.0000
   2013.62671233      0.0000
   2013.62674087      0.7669
   2013.62676941      4.4544
   2013.62679795     12.2178
   2013.62682648     27.0021
   2013.62685502     42.2846
   2013.62688356     40.5433
   2013.62691210     31.4839
   2013.62694064     24.0991
   2013.62696918     19.5005
   2013.62699772     15.9932
   2013.62702626     13.0292
   2013.62705479     10.4923
   2013.62708333      9.2926
   2013.62711187      8.0283
   2013.62714041      7.0628
   2013.62716895      5.8214
   2013.62719749      5.4555
   2013.62722603      4.8890
   2013.62725457      4.3861
   2013.62728311      3.7862
   2013.62731164      3.7457
   2013.62734018      3.4912
   2013.62736872      3.2671
   2013.62739726      3.0096
   2013.62742580      2.9697
   2013.62745434      2.8499
   2013.62748288      2.7113
   2013.62751142      2.6701
   2013.62753995      2.5815
   2013.62756849      2.4815
   2013.62759703      2.3845
   2013.62762557      2.3083
   2013.62765411      2.2869
   2013.62768265      2.2148
   2013.62771119      2.1352
   2013.62773973      2.0731
   2013.62776826      2.0451
   2013.62779680      1.9824
   2013.62782534      1.8683
   2013.62785388      1.8532
   2013.62788242      1.8278
   2013.62791096      1.7732
   2013.62793950      1.7107
   2013.62796804      1.6603
   2013.62799658      1.6392
   2013.62802511      1.5936
   2013.62805365      1.5385
   2013.62808219      1.5003
   2013.62811073      1.4856
   2013.62813927      1.4483
   2013.62816781      1.4032
   2013.62819635      1.3001
   2013.62822489      1.3663
   2013.62825342      1.3421
   2013.62828196      1.3101
   2013.62831050      1.2230
   2013.62833904      1.2934
   2013.62836758      1.2804
   2013.62839612      1.2574
   2013.62842466      1.2275
   2013.62845320      1.2714
   2013.62848174      1.2682
   2013.62851027      1.2566
   2013.62853881      1.2936
   2013.62856735      1.3048
   2013.62859589      1.3190
   2013.62862443      1.3207
   2013.62865297      1.3791
   2013.62868151      1.4127
   2013.62871005      1.4467
   2013.62873858      1.4649
   2013.62876712      1.5524
   2013.62879566      1.6172
   2013.62882420      1.6683
   2013.62885274      1.7016
   2013.62888128      1.8218
   2013.62890982      1.9144
   2013.62893836      1.9816
   2013.62896689      2.0308
   2013.62899543      2.1892
   2013.62902397      2.3089
   2013.62905251      2.3550
   2013.62908105      2.4461
   2013.62910959      2.6283
   2013.62913813      2.7575
   2013.62916667      2.7918
   2013.62919521      2.8943
   2013.62922374      2.9205
   2013.62925228      3.1885
   2013.62928082      3.2017
   2013.62930936      3.2679
   2013.62933790      3.4557
   2013.62936644      3.5257
   2013.62939498      3.5039
   2013.62942352      3.5664
   2013.62945205      3.7078
   2013.62948059      3.7993
   2013.62950913      3.8169
   2013.62953767      3.8201
   2013.62956621      3.9631
   2013.62959475      3.9572
   2013.62962329      3.9432
   2013.62965183      3.9121
   2013.62968037      4.0100
   2013.62970890      3.9989
   2013.62973744      3.9479
   2013.62976598      3.8987
   2013.62979452      3.8824
   2013.62982306      3.9323
   2013.62985160      3.8610
   2013.62988014      3.7349
   2013.62990868      3.6666
   2013.62993721      3.6752
   2013.62996575      3.6289
   2013.62999429      3.5277
   2013.63002283      3.2975
   2013.63005137      3.4768
   2013.63007991      3.4155
   2013.63010845      3.4892
   2013.63013699      3.1088
   2013.63016553      3.2183
   2013.63019406      3.1386
   2013.63022260      3.0368
   2013.63025114      2.9488
   2013.63027968      2.8436
   2013.63030822      2.7177
   2013.63033676      2.5368
   2013.63036530      2.4050
   2013.63039384      2.2721
   2013.63042237      2.1355
   2013.63045091      2.0009
   2013.63047945      1.8610
   2013.63050799      1.7328
   2013.63053653      1.6150
   2013.63056507      1.5035
   2013.63059361      1.3962
   2013.63062215      1.2932
   2013.63065068      1.2429
   2013.63067922      1.1121
   2013.63070776      0.9984
   2013.63073630      0.9414
   2013.63076484      0.8697
   2013.63079338      0.7990
   2013.63082192      0.7327
   2013.63085046      0.6713
   2013.63087900      0.6158
   2013.63090753      0.5655
   2013.63093607      0.5200
   2013.63096461      0.4791
   2013.63099315      0.4421
   2013.63102169      0.4085
   2013.63105023      0.3778
   2013.63107877      0.3496
   2013.63110731      0.3238
   2013.63113584      0.3001
   2013.63116438      0.2784
   2013.63119292      0.2585
   2013.63122146      0.2400
   2013.63125000      0.2229
   2013.63127854      0.2071
   2013.63130708      0.1926
   2013.63133562      0.1792
   2013.63136416      0.1669
   2013.63139269      0.1555
   2013.63142123      0.1450
   2013.63144977      0.1354
   2013.63147831      0.1264
   2013.63150685      0.1181
   2013.63153539      0.1104
   2013.63156393      0.1033
