   2013.62465753      0.0000
   2013.62468607      0.0000
   2013.62471461      0.0000
   2013.62474315      0.0000
   2013.62477169      0.0000
   2013.62480023      0.0000
   2013.62482877      0.0000
   2013.62485731      0.0000
   2013.62488584      0.0000
   2013.62491438      0.0000
   2013.62494292      0.0000
   2013.62497146      0.0000
   2013.62500000      0.0000
   2013.62502854      0.0000
   2013.62505708      0.0000
   2013.62508562      0.0000
   2013.62511416      0.0000
   2013.62514269      0.0000
   2013.62517123      0.0000
   2013.62519977      0.0000
   2013.62522831      0.0000
   2013.62525685      0.0000
   2013.62528539      0.0000
   2013.62531393      0.0000
   2013.62534247      0.0000
   2013.62537100      0.0000
   2013.62539954      0.0000
   2013.62542808      0.0000
   2013.62545662      0.0000
   2013.62548516      0.0000
   2013.62551370      0.0000
   2013.62554224      0.0000
   2013.62557078      0.0000
   2013.62559932      0.3202
   2013.62562785      0.9512
   2013.62565639      3.1279
   2013.62568493      6.0864
   2013.62571347     11.4530
   2013.62574201     20.3119
   2013.62577055     23.2136
   2013.62579909     21.7506
   2013.62582763     19.6844
   2013.62585616     17.7503
   2013.62588470     16.2765
   2013.62591324     15.3906
   2013.62594178     14.7842
   2013.62597032     14.5712
   2013.62599886     14.4782
   2013.62602740     14.7209
   2013.62605594     14.6918
   2013.62608447     15.1143
   2013.62611301     14.9049
   2013.62614155     14.2996
   2013.62617009     14.4234
   2013.62619863     13.8478
   2013.62622717     13.1491
   2013.62625571     12.1539
   2013.62628425     12.2578
   2013.62631279     11.6474
   2013.62634132     10.9656
   2013.62636986     10.2587
   2013.62639840     10.6393
   2013.62642694     10.5364
   2013.62645548     10.4393
   2013.62648402     10.4913
   2013.62651256     11.5125
   2013.62654110     11.9752
   2013.62656963     12.1443
   2013.62659817     12.5675
   2013.62662671     13.2339
   2013.62665525     13.4569
   2013.62668379     13.2922
   2013.62671233     13.3069
   2013.62674087     13.9128
   2013.62676941     13.9417
   2013.62679795     13.6240
   2013.62682648     13.7167
   2013.62685502     13.7148
   2013.62688356     13.9260
   2013.62691210     13.5226
   2013.62694064     13.4743
   2013.62696918     13.4258
   2013.62699772     13.3525
   2013.62702626     12.9680
   2013.62705479     12.5898
   2013.62708333     12.8397
   2013.62711187     12.6633
   2013.62714041     12.2373
   2013.62716895     11.6769
   2013.62719749     12.0246
   2013.62722603     11.8067
   2013.62725457     11.6007
   2013.62728311     10.8053
   2013.62731164     11.1513
   2013.62734018     10.9078
   2013.62736872     10.5766
   2013.62739726      9.9098
   2013.62742580     10.2299
   2013.62745434     10.1638
   2013.62748288      9.6172
   2013.62751142      9.3478
   2013.62753995      9.2602
   2013.62756849      9.0073
   2013.62759703      8.7052
   2013.62762557      7.9834
   2013.62765411      8.5424
   2013.62768265      8.5680
   2013.62771119      8.1563
   2013.62773973      7.3488
   2013.62776826      7.1275
   2013.62779680      7.0420
   2013.62782534      7.1420
   2013.62785388      7.1677
   2013.62788242      6.8188
   2013.62791096      6.3322
   2013.62793950      5.6338
   2013.62796804      5.6000
   2013.62799658      5.5579
   2013.62802511      5.6832
   2013.62805365      5.4788
   2013.62808219      5.2153
   2013.62811073      4.8144
   2013.62813927      4.5767
   2013.62816781      4.4879
   2013.62819635      4.0053
   2013.62822489      3.9990
   2013.62825342      3.8225
   2013.62828196      3.8220
   2013.62831050      3.6094
   2013.62833904      3.4152
   2013.62836758      3.0120
   2013.62839612      2.8585
   2013.62842466      2.6717
   2013.62845320      2.5549
   2013.62848174      2.4277
   2013.62851027      2.2849
   2013.62853881      2.1401
   2013.62856735      1.9609
   2013.62859589      1.8249
   2013.62862443      1.7058
   2013.62865297      1.5995
   2013.62868151      1.4994
   2013.62871005      1.4025
   2013.62873858      1.3081
   2013.62876712      1.2166
   2013.62879566      1.1423
   2013.62882420      1.0500
   2013.62885274      0.9609
   2013.62888128      0.8930
   2013.62890982      0.8219
   2013.62893836      0.7547
   2013.62896689      0.6924
   2013.62899543      0.6357
   2013.62902397      0.5846
   2013.62905251      0.5382
   2013.62908105      0.4965
   2013.62910959      0.4589
   2013.62913813      0.4248
   2013.62916667      0.3936
   2013.62919521      0.3649
   2013.62922374      0.3385
   2013.62925228      0.3143
   2013.62928082      0.2919
   2013.62930936      0.2714
   2013.62933790      0.2524
   2013.62936644      0.2348
   2013.62939498      0.2184
   2013.62942352      0.2033
   2013.62945205      0.1893
   2013.62948059      0.1764
   2013.62950913      0.1645
   2013.62953767      0.1535
   2013.62956621      0.1434
   2013.62959475      0.1340
   2013.62962329      0.1252
   2013.62965183      0.1171
   2013.62968037      0.1096
   2013.62970890      0.1026
