   2013.62465753      0.0000
   2013.62468607      0.0000
   2013.62471461      0.0000
   2013.62474315      0.0000
   2013.62477169      0.0000
   2013.62480023      0.0000
   2013.62482877      0.0000
   2013.62485731      0.0000
   2013.62488584      0.0000
   2013.62491438      0.0000
   2013.62494292      0.0000
   2013.62497146      0.0000
   2013.62500000      0.0000
   2013.62502854      0.0000
   2013.62505708      0.0000
   2013.62508562      0.0000
   2013.62511416      0.0000
   2013.62514269      0.0000
   2013.62517123      0.0000
   2013.62519977      0.0000
   2013.62522831      0.0000
   2013.62525685      0.0000
   2013.62528539      0.0000
   2013.62531393      0.0000
   2013.62534247      0.0000
   2013.62537100      0.0000
   2013.62539954      0.0000
   2013.62542808      0.0000
   2013.62545662      0.0000
   2013.62548516      0.0000
   2013.62551370      0.0000
   2013.62554224      0.0000
   2013.62557078      0.0000
   2013.62559932      0.0000
   2013.62562785      0.0000
   2013.62565639      0.0000
   2013.62568493      0.0000
   2013.62571347      0.0000
   2013.62574201      0.0000
   2013.62577055      0.0000
   2013.62579909      0.0000
   2013.62582763      0.0000
   2013.62585616      0.0000
   2013.62588470      0.0000
   2013.62591324      0.0000
   2013.62594178      0.0000
   2013.62597032      0.0000
   2013.62599886      0.0000
   2013.62602740      0.0000
   2013.62605594      0.0000
   2013.62608447      0.0000
   2013.62611301      0.0000
   2013.62614155      0.0000
   2013.62617009      0.0000
   2013.62619863      0.0000
   2013.62622717      0.0000
   2013.62625571      0.0000
   2013.62628425      0.0000
   2013.62631279      0.0000
   2013.62634132      0.0000
   2013.62636986      0.0000
   2013.62639840      0.0000
   2013.62642694      0.0000
   2013.62645548      0.0000
   2013.62648402      0.0000
   2013.62651256      0.0000
   2013.62654110      0.0000
   2013.62656963      0.0000
   2013.62659817      0.0000
   2013.62662671      0.0000
   2013.62665525      0.0000
   2013.62668379      0.0000
   2013.62671233      0.0000
   2013.62674087      0.0000
   2013.62676941      0.0000
   2013.62679795      0.0000
   2013.62682648      0.0000
   2013.62685502      0.0000
   2013.62688356      0.0000
   2013.62691210      0.0000
   2013.62694064      0.0000
   2013.62696918      0.0000
   2013.62699772      0.0000
   2013.62702626      0.0000
   2013.62705479      0.0000
   2013.62708333      0.5202
   2013.62711187      2.6450
   2013.62714041      8.5144
   2013.62716895     17.9167
   2013.62719749     33.9060
   2013.62722603     37.9533
   2013.62725457     31.5453
   2013.62728311     25.4841
   2013.62731164     20.1409
   2013.62734018     16.5282
   2013.62736872     13.5135
   2013.62739726     11.3385
   2013.62742580      9.5125
   2013.62745434      8.4676
   2013.62748288      7.1451
   2013.62751142      6.1794
   2013.62753995      5.2776
   2013.62756849      4.6962
   2013.62759703      4.4325
   2013.62762557      3.7633
   2013.62765411      3.4185
   2013.62768265      3.0440
   2013.62771119      2.7834
   2013.62773973      2.5414
   2013.62776826      2.3265
   2013.62779680      2.1371
   2013.62782534      1.9707
   2013.62785388      1.8352
   2013.62788242      1.6785
   2013.62791096      1.5595
   2013.62793950      1.4524
   2013.62796804      1.3552
   2013.62799658      1.2651
   2013.62802511      1.2330
   2013.62805365      1.1146
   2013.62808219      1.0397
   2013.62811073      0.9605
   2013.62813927      0.9123
   2013.62816781      0.8565
   2013.62819635      0.8045
   2013.62822489      0.7543
   2013.62825342      0.7070
   2013.62828196      0.6641
   2013.62831050      0.6310
   2013.62833904      0.5972
   2013.62836758      0.5650
   2013.62839612      0.5356
   2013.62842466      0.5188
   2013.62845320      0.4963
   2013.62848174      0.4738
   2013.62851027      0.4535
   2013.62853881      0.4498
   2013.62856735      0.4367
   2013.62859589      0.4227
   2013.62862443      0.4111
   2013.62865297      0.4228
   2013.62868151      0.4213
   2013.62871005      0.4182
   2013.62873858      0.4187
   2013.62876712      0.4506
   2013.62879566      0.4656
   2013.62882420      0.4922
   2013.62885274      0.5119
   2013.62888128      0.5781
   2013.62890982      0.6256
   2013.62893836      0.6753
   2013.62896689      0.7417
   2013.62899543      0.8439
   2013.62902397      0.9524
   2013.62905251      1.0846
   2013.62908105      1.2475
   2013.62910959      1.5400
   2013.62913813      1.8645
   2013.62916667      2.1442
   2013.62919521      2.4283
   2013.62922374      2.7661
   2013.62925228      3.1042
   2013.62928082      3.2790
   2013.62930936      3.5412
   2013.62933790      3.6730
   2013.62936644      4.0041
   2013.62939498      4.0715
   2013.62942352      4.2686
   2013.62945205      4.2373
   2013.62948059      4.5793
   2013.62950913      4.5683
   2013.62953767      4.7040
   2013.62956621      4.8002
   2013.62959475      4.8745
   2013.62962329      4.7881
   2013.62965183      4.8508
   2013.62968037      4.6763
   2013.62970890      4.7723
   2013.62973744      4.7485
   2013.62976598      4.7407
   2013.62979452      4.4817
   2013.62982306      4.5792
   2013.62985160      4.5579
   2013.62988014      4.4383
   2013.62990868      4.1690
   2013.62993721      4.2922
   2013.62996575      4.1458
   2013.62999429      4.0471
   2013.63002283      3.9130
   2013.63005137      3.7788
   2013.63007991      3.6492
   2013.63010845      3.6763
   2013.63013699      3.3485
   2013.63016553      3.2805
   2013.63019406      3.1696
   2013.63022260      3.0350
   2013.63025114      2.9007
   2013.63027968      2.7711
   2013.63030822      2.6310
   2013.63033676      2.5037
   2013.63036530      2.3188
   2013.63039384      2.1869
   2013.63042237      2.0591
   2013.63045091      1.9404
   2013.63047945      1.8263
   2013.63050799      1.7154
   2013.63053653      1.6032
   2013.63056507      1.5066
   2013.63059361      1.4157
   2013.63062215      1.3296
   2013.63065068      1.2467
   2013.63067922      1.2150
   2013.63070776      1.1025
   2013.63073630      1.0304
   2013.63076484      0.9549
   2013.63079338      0.9028
   2013.63082192      0.8452
   2013.63085046      0.7900
   2013.63087900      0.7378
   2013.63090753      0.6892
   2013.63093607      0.6452
   2013.63096461      0.6054
   2013.63099315      0.5689
   2013.63102169      0.5354
   2013.63105023      0.5046
   2013.63107877      0.4761
   2013.63110731      0.4496
   2013.63113584      0.4249
   2013.63116438      0.4018
   2013.63119292      0.3803
   2013.63122146      0.3602
   2013.63125000      0.3415
   2013.63127854      0.3241
   2013.63130708      0.3078
   2013.63133562      0.2927
   2013.63136416      0.2786
   2013.63139269      0.2654
   2013.63142123      0.2530
   2013.63144977      0.2414
   2013.63147831      0.2303
   2013.63150685      0.2199
   2013.63153539      0.2100
   2013.63156393      0.2008
   2013.63159247      0.1921
   2013.63162100      0.1840
   2013.63164954      0.1763
   2013.63167808      0.1690
   2013.63170662      0.1621
   2013.63173516      0.1556
   2013.63176370      0.1494
   2013.63179224      0.1436
   2013.63182078      0.1381
   2013.63184932      0.1328
   2013.63187785      0.1278
   2013.63190639      0.1231
   2013.63193493      0.1187
   2013.63196347      0.1144
   2013.63199201      0.1104
   2013.63202055      0.1066
   2013.63204909      0.1029
