   2013.62465753      0.0000
   2013.62468607      0.0000
   2013.62471461      0.0000
   2013.62474315      0.0000
   2013.62477169      0.0000
   2013.62480023      0.0000
   2013.62482877      0.0000
   2013.62485731      0.0000
   2013.62488584      0.0000
   2013.62491438      0.0000
   2013.62494292      0.0000
   2013.62497146      0.0000
   2013.62500000      0.0000
   2013.62502854      0.0000
   2013.62505708      0.0000
   2013.62508562      0.0000
   2013.62511416      0.0000
   2013.62514269      0.0000
   2013.62517123      0.0000
   2013.62519977      0.0000
   2013.62522831      0.0000
   2013.62525685      0.0000
   2013.62528539      0.0000
   2013.62531393      0.0000
   2013.62534247      0.0000
   2013.62537100      0.0075
   2013.62539954      0.0276
   2013.62542808      0.0709
   2013.62545662      0.1320
   2013.62548516      0.2675
   2013.62551370      0.5094
   2013.62554224      0.8943
   2013.62557078      1.4621
   2013.62559932      2.3656
   2013.62562785      3.7339
   2013.62565639      5.6120
   2013.62568493      7.2331
   2013.62571347      8.1264
   2013.62574201      8.5845
   2013.62577055      8.8242
   2013.62579909      9.0138
   2013.62582763      9.1514
   2013.62585616      9.3421
   2013.62588470      9.4909
   2013.62591324      9.6940
   2013.62594178      9.8636
   2013.62597032     10.0817
   2013.62599886     10.2486
   2013.62602740     10.4488
   2013.62605594     10.6649
   2013.62608447     10.8988
   2013.62611301     11.0626
   2013.62614155     11.0244
   2013.62617009     10.8842
   2013.62619863     10.5891
   2013.62622717     10.1914
   2013.62625571      9.3455
   2013.62628425      9.2933
   2013.62631279      8.8361
   2013.62634132      8.2250
   2013.62636986      7.4414
   2013.62639840      7.4293
   2013.62642694      7.0444
   2013.62645548      6.7464
   2013.62648402      6.1974
   2013.62651256      6.3667
   2013.62654110      6.3252
   2013.62656963      6.3824
   2013.62659817      6.2254
   2013.62662671      6.6500
   2013.62665525      6.8506
   2013.62668379      7.0195
   2013.62671233      6.9362
   2013.62674087      7.2813
   2013.62676941      7.4204
   2013.62679795      7.4732
   2013.62682648      7.2620
   2013.62685502      7.5328
   2013.62688356      7.5816
   2013.62691210      7.5651
   2013.62694064      7.2520
   2013.62696918      7.4664
   2013.62699772      7.4290
   2013.62702626      7.2445
   2013.62705479      6.9149
   2013.62708333      7.1593
   2013.62711187      7.0669
   2013.62714041      6.8615
   2013.62716895      6.4495
   2013.62719749      6.9325
   2013.62722603      6.5348
   2013.62725457      6.3048
   2013.62728311      6.0161
   2013.62731164      6.2558
   2013.62734018      5.9200
   2013.62736872      5.8860
   2013.62739726      5.7313
   2013.62742580      5.4307
   2013.62745434      5.2992
   2013.62748288      5.1896
   2013.62751142      4.8169
   2013.62753995      4.8434
   2013.62756849      4.7582
   2013.62759703      4.5687
   2013.62762557      4.2982
   2013.62765411      4.2666
   2013.62768265      4.1619
   2013.62771119      3.9390
   2013.62773973      3.6576
   2013.62776826      3.8254
   2013.62779680      3.6797
   2013.62782534      3.8113
   2013.62785388      3.3957
   2013.62788242      3.2509
   2013.62791096      3.0307
   2013.62793950      2.8427
   2013.62796804      2.7372
   2013.62799658      2.6764
   2013.62802511      2.6369
   2013.62805365      2.5889
   2013.62808219      2.4449
   2013.62811073      2.3205
   2013.62813927      2.1722
   2013.62816781      2.0236
   2013.62819635      1.8853
   2013.62822489      1.7651
   2013.62825342      1.6710
   2013.62828196      1.5972
   2013.62831050      1.5313
   2013.62833904      1.4762
   2013.62836758      1.4240
   2013.62839612      1.3671
   2013.62842466      1.3027
   2013.62845320      1.2309
   2013.62848174      1.2059
   2013.62851027      1.0895
   2013.62853881      1.0122
   2013.62856735      0.9350
   2013.62859589      0.8771
   2013.62862443      0.8175
   2013.62865297      0.7619
   2013.62868151      0.7101
   2013.62871005      0.6625
   2013.62873858      0.6193
   2013.62876712      0.5794
   2013.62879566      0.5422
   2013.62882420      0.5073
   2013.62885274      0.4746
   2013.62888128      0.4439
   2013.62890982      0.4149
   2013.62893836      0.3876
   2013.62896689      0.3618
   2013.62899543      0.3377
   2013.62902397      0.3151
   2013.62905251      0.2940
   2013.62908105      0.2744
   2013.62910959      0.2562
   2013.62913813      0.2393
   2013.62916667      0.2234
   2013.62919521      0.2085
   2013.62922374      0.1948
   2013.62925228      0.1820
   2013.62928082      0.1702
   2013.62930936      0.1592
   2013.62933790      0.1490
   2013.62936644      0.1396
   2013.62939498      0.1308
   2013.62942352      0.1227
   2013.62945205      0.1150
   2013.62948059      0.1079
   2013.62950913      0.1013
