   2013.62465753      0.0000
   2013.62468607      0.0000
   2013.62471461      0.0000
   2013.62474315      0.0000
   2013.62477169      0.0000
   2013.62480023      0.0000
   2013.62482877      0.0000
   2013.62485731      0.0000
   2013.62488584      0.0000
   2013.62491438      0.0000
   2013.62494292      0.0000
   2013.62497146      0.0000
   2013.62500000      0.0000
   2013.62502854      0.0000
   2013.62505708      0.0000
   2013.62508562      0.0000
   2013.62511416      0.0000
   2013.62514269      0.0000
   2013.62517123      0.0000
   2013.62519977      0.0000
   2013.62522831      0.0000
   2013.62525685      0.0000
   2013.62528539      0.0000
   2013.62531393      0.0000
   2013.62534247      0.0000
   2013.62537100      0.0000
   2013.62539954      0.0000
   2013.62542808      0.0000
   2013.62545662      0.0000
   2013.62548516      0.0000
   2013.62551370      0.0000
   2013.62554224      0.0000
   2013.62557078      0.0000
   2013.62559932      0.0000
   2013.62562785      0.0000
   2013.62565639      0.0000
   2013.62568493      0.0000
   2013.62571347      0.0000
   2013.62574201      0.0000
   2013.62577055      0.0000
   2013.62579909      0.0000
   2013.62582763      0.0000
   2013.62585616      0.0000
   2013.62588470      0.0000
   2013.62591324      0.0000
   2013.62594178      0.0000
   2013.62597032      0.0000
   2013.62599886      0.0000
   2013.62602740      0.0000
   2013.62605594      0.0019
   2013.62608447      0.0027
   2013.62611301      0.0033
   2013.62614155      0.0048
   2013.62617009      0.0184
   2013.62619863      0.0659
   2013.62622717      0.1148
   2013.62625571      0.2292
   2013.62628425      0.4264
   2013.62631279      0.7573
   2013.62634132      1.2834
   2013.62636986      2.0901
   2013.62639840      3.3475
   2013.62642694      5.1991
   2013.62645548      7.0360
   2013.62648402      8.3297
   2013.62651256      9.0941
   2013.62654110      9.5448
   2013.62656963      9.8151
   2013.62659817      9.9847
   2013.62662671     10.1095
   2013.62665525     10.2239
   2013.62668379     10.3014
   2013.62671233     10.3535
   2013.62674087     10.4024
   2013.62676941     10.2498
   2013.62679795     10.0135
   2013.62682648      9.7919
   2013.62685502      9.4259
   2013.62688356      8.8098
   2013.62691210      8.2169
   2013.62694064      7.4623
   2013.62696918      7.1844
   2013.62699772      6.7541
   2013.62702626      6.4527
   2013.62705479      5.8781
   2013.62708333      5.4351
   2013.62711187      4.5333
   2013.62714041      4.1561
   2013.62716895      3.7879
   2013.62719749      3.5515
   2013.62722603      3.3276
   2013.62725457      3.0850
   2013.62728311      2.8984
   2013.62731164      2.7033
   2013.62734018      2.5403
   2013.62736872      2.3886
   2013.62739726      2.2264
   2013.62742580      2.1569
   2013.62745434      2.0076
   2013.62748288      1.9548
   2013.62751142      1.8347
   2013.62753995      1.7446
   2013.62756849      1.6727
   2013.62759703      1.5961
   2013.62762557      1.4377
   2013.62765411      1.4602
   2013.62768265      1.3909
   2013.62771119      1.3274
   2013.62773973      1.2663
   2013.62776826      1.2060
   2013.62779680      1.1343
   2013.62782534      1.0953
   2013.62785388      1.0288
   2013.62788242      0.9771
   2013.62791096      0.9198
   2013.62793950      0.8769
   2013.62796804      0.8315
   2013.62799658      0.7877
   2013.62802511      0.7454
   2013.62805365      0.7053
   2013.62808219      0.6682
   2013.62811073      0.6342
   2013.62813927      0.6023
   2013.62816781      0.5723
   2013.62819635      0.5440
   2013.62822489      0.4926
   2013.62825342      0.4564
   2013.62828196      0.4251
   2013.62831050      0.3978
   2013.62833904      0.3722
   2013.62836758      0.3485
   2013.62839612      0.3263
   2013.62842466      0.3080
   2013.62845320      0.2880
   2013.62848174      0.2683
   2013.62851027      0.2495
   2013.62853881      0.2376
   2013.62856735      0.2221
   2013.62859589      0.2068
   2013.62862443      0.1925
   2013.62865297      0.1870
   2013.62868151      0.1761
   2013.62871005      0.1647
   2013.62873858      0.1539
   2013.62876712      0.1532
   2013.62879566      0.1452
   2013.62882420      0.1362
   2013.62885274      0.1276
   2013.62888128      0.1306
   2013.62890982      0.1246
   2013.62893836      0.1173
   2013.62896689      0.1103
   2013.62899543      0.1158
   2013.62902397      0.1116
   2013.62905251      0.1055
   2013.62908105      0.1000
