   2013.62465753      0.0000
   2013.62468607      0.0000
   2013.62471461      0.0000
   2013.62474315      0.0000
   2013.62477169      0.0000
   2013.62480023      0.0000
   2013.62482877      0.0000
   2013.62485731      0.0000
   2013.62488584      0.0000
   2013.62491438      0.0002
   2013.62494292      0.0004
   2013.62497146      0.0006
   2013.62500000      0.0013
   2013.62502854      0.0013
   2013.62505708      0.0013
   2013.62508562      0.0013
   2013.62511416      0.0019
   2013.62514269      0.0018
   2013.62517123      0.0019
   2013.62519977      0.0215
   2013.62522831      0.0505
   2013.62525685      0.0745
   2013.62528539      0.1102
   2013.62531393      0.1676
   2013.62534247      0.2443
   2013.62537100      0.3485
   2013.62539954      0.4958
   2013.62542808      0.6660
   2013.62545662      0.9057
   2013.62548516      1.1927
   2013.62551370      1.6044
   2013.62554224      2.0680
   2013.62557078      2.5022
   2013.62559932      2.8012
   2013.62562785      3.0168
   2013.62565639      3.1889
   2013.62568493      3.4019
   2013.62571347      3.4191
   2013.62574201      3.4980
   2013.62577055      3.6181
   2013.62579909      3.6096
   2013.62582763      3.5982
   2013.62585616      3.5096
   2013.62588470      3.5061
   2013.62591324      3.4501
   2013.62594178      3.5239
   2013.62597032      3.2431
   2013.62599886      3.1455
   2013.62602740      2.9085
   2013.62605594      2.7228
   2013.62608447      2.5322
   2013.62611301      2.3489
   2013.62614155      2.1820
   2013.62617009      2.0342
   2013.62619863      1.9044
   2013.62622717      1.7852
   2013.62625571      1.6723
   2013.62628425      1.5755
   2013.62631279      1.4829
   2013.62634132      1.3914
   2013.62636986      1.2994
   2013.62639840      1.2080
   2013.62642694      1.1177
   2013.62645548      1.0360
   2013.62648402      0.9560
   2013.62651256      0.8839
   2013.62654110      0.8150
   2013.62656963      0.7505
   2013.62659817      0.6924
   2013.62662671      0.6419
   2013.62665525      0.5982
   2013.62668379      0.5597
   2013.62671233      0.5256
   2013.62674087      0.4952
   2013.62676941      0.4673
   2013.62679795      0.4413
   2013.62682648      0.4167
   2013.62685502      0.3930
   2013.62688356      0.3702
   2013.62691210      0.3481
   2013.62694064      0.3268
   2013.62696918      0.3065
   2013.62699772      0.2871
   2013.62702626      0.2688
   2013.62705479      0.2515
   2013.62708333      0.2351
   2013.62711187      0.2196
   2013.62714041      0.2049
   2013.62716895      0.1912
   2013.62719749      0.1785
   2013.62722603      0.1666
   2013.62725457      0.1555
   2013.62728311      0.1452
   2013.62731164      0.1356
   2013.62734018      0.1267
   2013.62736872      0.1184
   2013.62739726      0.1107
   2013.62742580      0.1035
