   2013.62465753      0.0000
   2013.62468607      0.0000
   2013.62471461      0.0000
   2013.62474315      0.0000
   2013.62477169      0.0000
   2013.62480023      0.0000
   2013.62482877      0.0000
   2013.62485731      0.0000
   2013.62488584      0.0000
   2013.62491438      0.0000
   2013.62494292      0.0000
   2013.62497146      0.0000
   2013.62500000      0.0000
   2013.62502854      0.0000
   2013.62505708      0.0000
   2013.62508562      0.0000
   2013.62511416      0.0000
   2013.62514269      0.0000
   2013.62517123      0.0000
   2013.62519977      0.0000
   2013.62522831      0.0000
   2013.62525685      0.0000
   2013.62528539      0.0000
   2013.62531393      0.0000
   2013.62534247      0.0000
   2013.62537100      0.0000
   2013.62539954      0.0000
   2013.62542808      0.0000
   2013.62545662      0.0000
   2013.62548516      0.0000
   2013.62551370      0.0000
   2013.62554224      0.0000
   2013.62557078      0.0000
   2013.62559932      0.9397
   2013.62562785      5.6584
   2013.62565639     12.6431
   2013.62568493     25.6896
   2013.62571347     40.9313
   2013.62574201     39.9907
   2013.62577055     34.3989
   2013.62579909     29.3136
   2013.62582763     26.0390
   2013.62585616     23.0709
   2013.62588470     20.5931
   2013.62591324     18.4780
   2013.62594178     16.7880
   2013.62597032     15.6290
   2013.62599886     14.6325
   2013.62602740     13.6159
   2013.62605594     12.8102
   2013.62608447     11.9016
   2013.62611301     10.9112
   2013.62614155      9.8098
   2013.62617009      8.8991
   2013.62619863      8.1756
   2013.62622717      7.0775
   2013.62625571      6.7759
   2013.62628425      5.4119
   2013.62631279      4.7059
   2013.62634132      4.1409
   2013.62636986      3.5941
   2013.62639840      3.1450
   2013.62642694      2.9114
   2013.62645548      2.5125
   2013.62648402      2.1112
   2013.62651256      1.8691
   2013.62654110      1.6522
   2013.62656963      1.4620
   2013.62659817      1.3197
   2013.62662671      1.1618
   2013.62665525      1.0276
   2013.62668379      0.9317
   2013.62671233      0.8369
   2013.62674087      0.7512
   2013.62676941      0.6750
   2013.62679795      0.6085
   2013.62682648      0.5497
   2013.62685502      0.4978
   2013.62688356      0.4521
   2013.62691210      0.4118
   2013.62694064      0.3759
   2013.62696918      0.3439
   2013.62699772      0.3151
   2013.62702626      0.2893
   2013.62705479      0.2660
   2013.62708333      0.2448
   2013.62711187      0.2254
   2013.62714041      0.2077
   2013.62716895      0.1916
   2013.62719749      0.1770
   2013.62722603      0.1637
   2013.62725457      0.1515
   2013.62728311      0.1404
   2013.62731164      0.1302
   2013.62734018      0.1209
   2013.62736872      0.1123
   2013.62739726      0.1044
