   2013.62465753      0.0000
   2013.62468607      0.0000
   2013.62471461      0.0000
   2013.62474315      0.0000
   2013.62477169      0.0000
   2013.62480023      0.0000
   2013.62482877      0.0000
   2013.62485731      0.0000
   2013.62488584      0.0000
   2013.62491438      0.0000
   2013.62494292      0.0000
   2013.62497146      0.0000
   2013.62500000      0.0000
   2013.62502854      0.0000
   2013.62505708      0.0000
   2013.62508562      0.0000
   2013.62511416      0.0000
   2013.62514269      0.0000
   2013.62517123      0.0000
   2013.62519977      0.0000
   2013.62522831      0.0000
   2013.62525685      0.0000
   2013.62528539      0.0000
   2013.62531393      0.0000
   2013.62534247      0.0000
   2013.62537100      0.0000
   2013.62539954      0.0000
   2013.62542808      0.0000
   2013.62545662      0.0000
   2013.62548516      0.0000
   2013.62551370      0.0000
   2013.62554224      0.0000
   2013.62557078      0.0000
   2013.62559932      0.0000
   2013.62562785      0.0000
   2013.62565639      0.0000
   2013.62568493      0.0000
   2013.62571347      0.0000
   2013.62574201      0.0000
   2013.62577055      0.0000
   2013.62579909      0.0000
   2013.62582763      0.0000
   2013.62585616      0.0000
   2013.62588470      0.0000
   2013.62591324      0.0000
   2013.62594178      0.0000
   2013.62597032      0.0000
   2013.62599886      0.0000
   2013.62602740      0.0000
   2013.62605594      0.0000
   2013.62608447      0.0000
   2013.62611301      0.0000
   2013.62614155      0.0000
   2013.62617009      0.0000
   2013.62619863      0.0000
   2013.62622717      0.0000
   2013.62625571      0.0000
   2013.62628425      0.0000
   2013.62631279      0.0000
   2013.62634132      0.0000
   2013.62636986      0.0000
   2013.62639840      0.0000
   2013.62642694      0.0000
   2013.62645548      0.0000
   2013.62648402      0.0000
   2013.62651256      0.0000
   2013.62654110      0.0000
   2013.62656963      0.0000
   2013.62659817      0.0000
   2013.62662671      0.0000
   2013.62665525      0.0000
   2013.62668379      0.0000
   2013.62671233      0.0000
   2013.62674087      0.0000
   2013.62676941      0.0000
   2013.62679795      0.0000
   2013.62682648      0.0000
   2013.62685502      0.0000
   2013.62688356      0.0000
   2013.62691210      0.0000
   2013.62694064      0.0000
   2013.62696918      0.4444
   2013.62699772      1.6653
   2013.62702626      5.0311
   2013.62705479      9.5483
   2013.62708333     19.1924
   2013.62711187     26.9384
   2013.62714041     26.8006
   2013.62716895     23.4634
   2013.62719749     20.3083
   2013.62722603     17.9318
   2013.62725457     16.1931
   2013.62728311     15.1198
   2013.62731164     14.2267
   2013.62734018     13.6485
   2013.62736872     13.2188
   2013.62739726     12.9398
   2013.62742580     12.7100
   2013.62745434     12.5385
   2013.62748288     12.3668
   2013.62751142     11.8700
   2013.62753995     11.5397
   2013.62756849     10.9430
   2013.62759703     10.1856
   2013.62762557      9.2972
   2013.62765411      8.6511
   2013.62768265      7.8719
   2013.62771119      7.1977
   2013.62773973      6.8214
   2013.62776826      5.9375
   2013.62779680      4.8752
   2013.62782534      4.6335
   2013.62785388      3.8691
   2013.62788242      3.3816
   2013.62791096      3.0193
   2013.62793950      2.8565
   2013.62796804      2.4530
   2013.62799658      2.0930
   2013.62802511      1.8678
   2013.62805365      1.6697
   2013.62808219      1.5011
   2013.62811073      1.3488
   2013.62813927      1.2270
   2013.62816781      1.1026
   2013.62819635      1.0004
   2013.62822489      0.9160
   2013.62825342      0.8305
   2013.62828196      0.7533
   2013.62831050      0.6965
   2013.62833904      0.6375
   2013.62836758      0.5819
   2013.62839612      0.5327
   2013.62842466      0.5059
   2013.62845320      0.4701
   2013.62848174      0.4343
   2013.62851027      0.4019
   2013.62853881      0.3932
   2013.62856735      0.3711
   2013.62859589      0.3469
   2013.62862443      0.3246
   2013.62865297      0.3289
   2013.62868151      0.3170
   2013.62871005      0.3022
   2013.62873858      0.2889
   2013.62876712      0.3075
   2013.62879566      0.3065
   2013.62882420      0.3017
   2013.62885274      0.2997
   2013.62888128      0.3369
   2013.62890982      0.3520
   2013.62893836      0.3636
   2013.62896689      0.3901
   2013.62899543      0.4615
   2013.62902397      0.4960
   2013.62905251      0.5617
   2013.62908105      0.6082
   2013.62910959      0.7563
   2013.62913813      0.8843
   2013.62916667      1.0343
   2013.62919521      1.2106
   2013.62922374      1.5399
   2013.62925228      1.9067
   2013.62928082      2.2075
   2013.62930936      2.4927
   2013.62933790      2.8801
   2013.62936644      3.1520
   2013.62939498      3.3491
   2013.62942352      3.5031
   2013.62945205      3.7491
   2013.62948059      3.8532
   2013.62950913      3.9506
   2013.62953767      3.9786
   2013.62956621      4.1207
   2013.62959475      4.1803
   2013.62962329      4.2040
   2013.62965183      4.1700
   2013.62968037      4.2424
   2013.62970890      4.2563
   2013.62973744      4.1974
   2013.62976598      4.1299
   2013.62979452      3.9832
   2013.62982306      4.0213
   2013.62985160      3.9981
   2013.62988014      3.8379
   2013.62990868      3.8018
   2013.62993721      3.7346
   2013.62996575      3.6315
   2013.62999429      3.6881
   2013.63002283      3.2355
   2013.63005137      3.3429
   2013.63007991      3.2182
   2013.63010845      3.0879
   2013.63013699      3.0066
   2013.63016553      2.8898
   2013.63019406      2.7602
   2013.63022260      2.6270
   2013.63025114      2.4581
   2013.63027968      2.3249
   2013.63030822      2.1893
   2013.63033676      2.0532
   2013.63036530      1.9241
   2013.63039384      1.7925
   2013.63042237      1.6713
   2013.63045091      1.5601
   2013.63047945      1.4547
   2013.63050799      1.3540
   2013.63053653      1.2576
   2013.63056507      1.1996
   2013.63059361      1.0882
   2013.63062215      0.9842
   2013.63065068      0.9300
   2013.63067922      0.8628
   2013.63070776      0.7965
   2013.63073630      0.7338
   2013.63076484      0.6755
   2013.63079338      0.6224
   2013.63082192      0.5741
   2013.63085046      0.5301
   2013.63087900      0.4902
   2013.63090753      0.4540
   2013.63093607      0.4209
   2013.63096461      0.3904
   2013.63099315      0.3623
   2013.63102169      0.3364
   2013.63105023      0.3125
   2013.63107877      0.2905
   2013.63110731      0.2702
   2013.63113584      0.2514
   2013.63116438      0.2340
   2013.63119292      0.2178
   2013.63122146      0.2027
   2013.63125000      0.1889
   2013.63127854      0.1761
   2013.63130708      0.1642
   2013.63133562      0.1533
   2013.63136416      0.1431
   2013.63139269      0.1337
   2013.63142123      0.1251
   2013.63144977      0.1170
   2013.63147831      0.1095
   2013.63150685      0.1025
