   2013.62465753      0.0000
   2013.62468607      0.0000
   2013.62471461      0.0000
   2013.62474315      0.0000
   2013.62477169      0.0000
   2013.62480023      0.0000
   2013.62482877      0.0000
   2013.62485731      0.0000
   2013.62488584      0.0000
   2013.62491438      0.0000
   2013.62494292      0.0000
   2013.62497146      0.0000
   2013.62500000      0.0000
   2013.62502854      0.0000
   2013.62505708      0.0000
   2013.62508562      0.0000
   2013.62511416      0.0000
   2013.62514269      0.0000
   2013.62517123      0.0000
   2013.62519977      0.0000
   2013.62522831      0.0000
   2013.62525685      0.0000
   2013.62528539      0.0000
   2013.62531393      0.0000
   2013.62534247      0.0000
   2013.62537100      0.0000
   2013.62539954      0.0000
   2013.62542808      0.0000
   2013.62545662      0.0000
   2013.62548516      0.1991
   2013.62551370      0.4546
   2013.62554224      1.4558
   2013.62557078      3.2595
   2013.62559932      6.0465
   2013.62562785     11.1785
   2013.62565639     17.0029
   2013.62568493     18.9402
   2013.62571347     18.4845
   2013.62574201     17.4074
   2013.62577055     16.3745
   2013.62579909     15.7573
   2013.62582763     15.3409
   2013.62585616     15.2597
   2013.62588470     15.2356
   2013.62591324     15.5375
   2013.62594178     15.8829
   2013.62597032     15.9330
   2013.62599886     15.3143
   2013.62602740     14.5427
   2013.62605594     14.9921
   2013.62608447     14.5611
   2013.62611301     12.9147
   2013.62614155     11.1632
   2013.62617009     10.4869
   2013.62619863      9.4711
   2013.62622717      9.4777
   2013.62625571      9.6557
   2013.62628425      9.9273
   2013.62631279     10.1581
   2013.62634132     10.0880
   2013.62636986      9.3890
   2013.62639840      8.5211
   2013.62642694      7.6227
   2013.62645548      7.1083
   2013.62648402      6.0749
   2013.62651256      5.2940
   2013.62654110      4.4632
   2013.62656963      4.0961
   2013.62659817      4.0503
   2013.62662671      3.5444
   2013.62665525      3.2431
   2013.62668379      2.9440
   2013.62671233      2.7922
   2013.62674087      2.4625
   2013.62676941      2.0730
   2013.62679795      1.8868
   2013.62682648      1.6857
   2013.62685502      1.5042
   2013.62688356      1.4061
   2013.62691210      1.2119
   2013.62694064      1.0561
   2013.62696918      0.9751
   2013.62699772      0.8826
   2013.62702626      0.7956
   2013.62705479      0.7170
   2013.62708333      0.6473
   2013.62711187      0.5859
   2013.62714041      0.5313
   2013.62716895      0.4830
   2013.62719749      0.4403
   2013.62722603      0.4024
   2013.62725457      0.3684
   2013.62728311      0.3379
   2013.62731164      0.3104
   2013.62734018      0.2856
   2013.62736872      0.2632
   2013.62739726      0.2426
   2013.62742580      0.2238
   2013.62745434      0.2066
   2013.62748288      0.1909
   2013.62751142      0.1766
   2013.62753995      0.1635
   2013.62756849      0.1516
   2013.62759703      0.1406
   2013.62762557      0.1306
   2013.62765411      0.1214
   2013.62768265      0.1129
   2013.62771119      0.1051
