   2013.62465753      0.0000
   2013.62468607      0.0000
   2013.62471461      0.0000
   2013.62474315      0.0000
   2013.62477169      0.0000
   2013.62480023      0.0000
   2013.62482877      0.0000
   2013.62485731      0.0000
   2013.62488584      0.0000
   2013.62491438      0.0000
   2013.62494292      0.0000
   2013.62497146      0.0000
   2013.62500000      0.0000
   2013.62502854      0.0000
   2013.62505708      0.0000
   2013.62508562      0.0000
   2013.62511416      0.0000
   2013.62514269      0.0000
   2013.62517123      0.0000
   2013.62519977      0.0000
   2013.62522831      0.0000
   2013.62525685      0.0000
   2013.62528539      0.0000
   2013.62531393      0.0000
   2013.62534247      0.0000
   2013.62537100      0.0000
   2013.62539954      0.0000
   2013.62542808      0.0000
   2013.62545662      0.0000
   2013.62548516      0.0000
   2013.62551370      0.0000
   2013.62554224      0.0000
   2013.62557078      0.0000
   2013.62559932      0.0000
   2013.62562785      0.0000
   2013.62565639      0.0000
   2013.62568493      0.0000
   2013.62571347      0.0001
   2013.62574201      0.0003
   2013.62577055      0.0004
   2013.62579909      0.0005
   2013.62582763      0.0004
   2013.62585616      0.0003
   2013.62588470      0.0002
   2013.62591324      0.0002
   2013.62594178      0.0002
   2013.62597032      0.0001
   2013.62599886      0.0001
   2013.62602740      0.0001
   2013.62605594      0.0001
   2013.62608447      0.0001
   2013.62611301      0.0001
   2013.62614155      0.0001
   2013.62617009      0.0001
   2013.62619863      0.0001
   2013.62622717      0.0001
   2013.62625571      0.0001
   2013.62628425      0.0001
   2013.62631279      0.0001
   2013.62634132      0.0001
   2013.62636986      0.0001
   2013.62639840      0.0001
   2013.62642694      0.0022
   2013.62645548      0.0086
   2013.62648402      0.0142
   2013.62651256      0.0179
   2013.62654110      0.0205
   2013.62656963      0.0226
   2013.62659817      0.0250
   2013.62662671      0.0272
   2013.62665525      0.0293
   2013.62668379      0.0311
   2013.62671233      0.0334
   2013.62674087      0.0355
   2013.62676941      0.0379
   2013.62679795      0.0406
   2013.62682648      0.0449
   2013.62685502      0.0489
   2013.62688356      0.0533
   2013.62691210      0.0585
   2013.62694064      0.0661
   2013.62696918      0.0739
   2013.62699772      0.0832
   2013.62702626      0.0943
   2013.62705479      0.1090
   2013.62708333      0.1224
   2013.62711187      0.1347
   2013.62714041      0.1455
   2013.62716895      0.1574
   2013.62719749      0.1649
   2013.62722603      0.1700
   2013.62725457      0.1735
   2013.62728311      0.1798
   2013.62731164      0.1822
   2013.62734018      0.1832
   2013.62736872      0.1838
   2013.62739726      0.1889
   2013.62742580      0.1903
   2013.62745434      0.1909
   2013.62748288      0.1915
   2013.62751142      0.1978
   2013.62753995      0.2002
   2013.62756849      0.2021
   2013.62759703      0.2042
   2013.62762557      0.2130
   2013.62765411      0.2177
   2013.62768265      0.2220
   2013.62771119      0.2268
   2013.62773973      0.2399
   2013.62776826      0.2485
   2013.62779680      0.2568
   2013.62782534      0.2662
   2013.62785388      0.2857
   2013.62788242      0.3009
   2013.62791096      0.3166
   2013.62793950      0.3347
   2013.62796804      0.3651
   2013.62799658      0.3909
   2013.62802511      0.4174
   2013.62805365      0.4464
   2013.62808219      0.4874
   2013.62811073      0.5207
   2013.62813927      0.5523
   2013.62816781      0.5836
   2013.62819635      0.6239
   2013.62822489      0.6538
   2013.62825342      0.6804
   2013.62828196      0.7048
   2013.62831050      0.7373
   2013.62833904      0.7564
   2013.62836758      0.7715
   2013.62839612      0.7853
   2013.62842466      0.7966
   2013.62845320      0.8300
   2013.62848174      0.8353
   2013.62851027      0.8441
   2013.62853881      0.8497
   2013.62856735      0.8816
   2013.62859589      0.8808
   2013.62862443      0.8845
   2013.62865297      0.8971
   2013.62868151      0.9053
   2013.62871005      0.9031
   2013.62873858      0.9022
   2013.62876712      0.9090
   2013.62879566      0.9082
   2013.62882420      0.9042
   2013.62885274      0.8992
   2013.62888128      0.9007
   2013.62890982      0.8957
   2013.62893836      0.8879
   2013.62896689      0.8794
   2013.62899543      0.8775
   2013.62902397      0.8697
   2013.62905251      0.8595
   2013.62908105      0.8488
   2013.62910959      0.8443
   2013.62913813      0.8345
   2013.62916667      0.8225
   2013.62919521      0.8104
   2013.62922374      0.8045
   2013.62925228      0.7939
   2013.62928082      0.7817
   2013.62930936      0.7697
   2013.62933790      0.7638
   2013.62936644      0.7533
   2013.62939498      0.7413
   2013.62942352      0.7296
   2013.62945205      0.7231
   2013.62948059      0.7125
   2013.62950913      0.7006
   2013.62953767      0.6891
   2013.62956621      0.6831
   2013.62959475      0.6728
   2013.62962329      0.6614
   2013.62965183      0.6506
   2013.62968037      0.6462
   2013.62970890      0.6369
   2013.62973744      0.6269
   2013.62976598      0.6174
   2013.62979452      0.6149
   2013.62982306      0.6071
   2013.62985160      0.5985
   2013.62988014      0.5907
   2013.62990868      0.5907
   2013.62993721      0.5850
   2013.62996575      0.5786
   2013.62999429      0.5731
   2013.63002283      0.5766
   2013.63005137      0.5734
   2013.63007991      0.5692
   2013.63010845      0.5658
   2013.63013699      0.5720
   2013.63016553      0.5713
   2013.63019406      0.5696
   2013.63022260      0.5689
   2013.63025114      0.5680
   2013.63027968      0.5666
   2013.63030822      0.5656
   2013.63033676      0.5647
   2013.63036530      0.5629
   2013.63039384      0.5597
   2013.63042237      0.5554
   2013.63045091      0.5505
   2013.63047945      0.5453
   2013.63050799      0.5400
   2013.63053653      0.5345
   2013.63056507      0.5287
   2013.63059361      0.5223
   2013.63062215      0.5154
   2013.63065068      0.5078
   2013.63067922      0.4996
   2013.63070776      0.4910
   2013.63073630      0.4818
   2013.63076484      0.4722
   2013.63079338      0.4621
   2013.63082192      0.4516
   2013.63085046      0.4406
   2013.63087900      0.4292
   2013.63090753      0.4173
   2013.63093607      0.4050
   2013.63096461      0.3925
   2013.63099315      0.3798
   2013.63102169      0.3670
   2013.63105023      0.3543
   2013.63107877      0.3416
   2013.63110731      0.3292
   2013.63113584      0.3170
   2013.63116438      0.3051
   2013.63119292      0.2935
   2013.63122146      0.2823
   2013.63125000      0.2714
   2013.63127854      0.2610
   2013.63130708      0.2509
   2013.63133562      0.2412
   2013.63136416      0.2318
   2013.63139269      0.2226
   2013.63142123      0.2138
   2013.63144977      0.2055
   2013.63147831      0.1975
   2013.63150685      0.1898
   2013.63153539      0.1825
   2013.63156393      0.1756
   2013.63159247      0.1690
   2013.63162100      0.1626
   2013.63164954      0.1565
   2013.63167808      0.1507
   2013.63170662      0.1452
   2013.63173516      0.1399
   2013.63176370      0.1349
   2013.63179224      0.1301
   2013.63182078      0.1255
   2013.63184932      0.1212
   2013.63187785      0.1170
   2013.63190639      0.1130
   2013.63193493      0.1092
   2013.63196347      0.1056
   2013.63199201      0.1021
   2013.63202055      0.0988
   2013.63204909      0.0956
   2013.63207763      0.0926
   2013.63210616      0.0897
   2013.63213470      0.0869
   2013.63216324      0.0843
   2013.63219178      0.0817
   2013.63222032      0.0793
   2013.63224886      0.0769
   2013.63227740      0.0746
   2013.63230594      0.0724
   2013.63233447      0.0703
   2013.63236301      0.0683
   2013.63239155      0.0663
   2013.63242009      0.0644
   2013.63244863      0.0626
   2013.63247717      0.0609
   2013.63250571      0.0592
   2013.63253425      0.0576
   2013.63256279      0.0561
   2013.63259132      0.0546
