   2013.62465753      0.0000
   2013.62468607      0.0000
   2013.62471461      0.0000
   2013.62474315      0.0000
   2013.62477169      0.0000
   2013.62480023      0.0000
   2013.62482877      0.0000
   2013.62485731      0.0000
   2013.62488584      0.0000
   2013.62491438      0.0000
   2013.62494292      0.0000
   2013.62497146      0.0000
   2013.62500000      0.0000
   2013.62502854      0.0000
   2013.62505708      0.0000
   2013.62508562      0.0000
   2013.62511416      0.0000
   2013.62514269      0.0000
   2013.62517123      0.0000
   2013.62519977      0.0000
   2013.62522831      0.0000
   2013.62525685      0.0000
   2013.62528539      0.0000
   2013.62531393      0.0000
   2013.62534247      0.0000
   2013.62537100      0.0000
   2013.62539954      0.0000
   2013.62542808      0.0000
   2013.62545662      0.0000
   2013.62548516      0.0004
   2013.62551370      0.0008
   2013.62554224      0.0012
   2013.62557078      0.0014
   2013.62559932      0.0017
   2013.62562785      0.0019
   2013.62565639      0.0021
   2013.62568493      0.0023
   2013.62571347      0.0187
   2013.62574201      0.0522
   2013.62577055      0.0823
   2013.62579909      0.1346
   2013.62582763      0.2126
   2013.62585616      0.3087
   2013.62588470      0.4536
   2013.62591324      0.6614
   2013.62594178      0.9518
   2013.62597032      1.3377
   2013.62599886      1.8781
   2013.62602740      2.5351
   2013.62605594      3.0746
   2013.62608447      3.4131
   2013.62611301      3.5044
   2013.62614155      3.7586
   2013.62617009      3.6001
   2013.62619863      3.3025
   2013.62622717      3.2405
   2013.62625571      3.1009
   2013.62628425      2.8504
   2013.62631279      2.6826
   2013.62634132      2.5076
   2013.62636986      2.3546
   2013.62639840      2.1920
   2013.62642694      2.0364
   2013.62645548      1.8928
   2013.62648402      1.7255
   2013.62651256      1.7027
   2013.62654110      1.6059
   2013.62656963      1.5096
   2013.62659817      1.3495
   2013.62662671      1.4067
   2013.62665525      1.3610
   2013.62668379      1.3143
   2013.62671233      1.3345
   2013.62674087      1.3864
   2013.62676941      1.3397
   2013.62679795      1.3522
   2013.62682648      1.4479
   2013.62685502      1.5333
   2013.62688356      1.6479
   2013.62691210      1.7507
   2013.62694064      1.9990
   2013.62696918      2.2530
   2013.62699772      2.4673
   2013.62702626      2.7417
   2013.62705479      3.1870
   2013.62708333      3.4799
   2013.62711187      3.7575
   2013.62714041      3.9169
   2013.62716895      3.9269
   2013.62719749      4.1585
   2013.62722603      4.2720
   2013.62725457      4.2685
   2013.62728311      4.0897
   2013.62731164      4.2878
   2013.62734018      4.1756
   2013.62736872      4.0800
   2013.62739726      3.9582
   2013.62742580      3.8518
   2013.62745434      3.7452
   2013.62748288      3.8785
   2013.62751142      3.2507
   2013.62753995      3.3789
   2013.62756849      3.2486
   2013.62759703      3.1248
   2013.62762557      3.0309
   2013.62765411      2.9143
   2013.62768265      2.7855
   2013.62771119      2.6700
   2013.62773973      2.5881
   2013.62776826      2.4758
   2013.62779680      2.3785
   2013.62782534      2.2751
   2013.62785388      2.1524
   2013.62788242      2.1155
   2013.62791096      2.0298
   2013.62793950      1.9432
   2013.62796804      1.8860
   2013.62799658      1.8076
   2013.62802511      1.7370
   2013.62805365      1.6651
   2013.62808219      1.6118
   2013.62811073      1.5461
   2013.62813927      1.4866
   2013.62816781      1.4490
   2013.62819635      1.3619
   2013.62822489      1.3182
   2013.62825342      1.2617
   2013.62828196      1.2139
   2013.62831050      1.1704
   2013.62833904      1.1121
   2013.62836758      1.1092
   2013.62839612      1.0374
   2013.62842466      0.9958
   2013.62845320      0.9579
   2013.62848174      0.9091
   2013.62851027      0.8815
   2013.62853881      0.8503
   2013.62856735      0.8168
   2013.62859589      0.7830
   2013.62862443      0.7511
   2013.62865297      0.7247
   2013.62868151      0.6691
   2013.62871005      0.6391
   2013.62873858      0.6184
   2013.62876712      0.6034
   2013.62879566      0.5840
   2013.62882420      0.5572
   2013.62885274      0.5262
   2013.62888128      0.5030
   2013.62890982      0.4785
   2013.62893836      0.4577
   2013.62896689      0.4408
   2013.62899543      0.4369
   2013.62902397      0.4247
   2013.62905251      0.4087
   2013.62908105      0.3910
   2013.62910959      0.3899
   2013.62913813      0.3777
   2013.62916667      0.3638
   2013.62919521      0.3511
   2013.62922374      0.3638
   2013.62925228      0.3583
   2013.62928082      0.3465
   2013.62930936      0.3339
   2013.62933790      0.3567
   2013.62936644      0.3562
   2013.62939498      0.3511
   2013.62942352      0.3502
   2013.62945205      0.3982
   2013.62948059      0.4361
   2013.62950913      0.4624
   2013.62953767      0.4917
   2013.62956621      0.6099
   2013.62959475      0.7161
   2013.62962329      0.8519
   2013.62965183      1.0082
   2013.62968037      1.2743
   2013.62970890      1.5734
   2013.62973744      1.8293
   2013.62976598      2.0765
   2013.62979452      2.3723
   2013.62982306      2.6012
   2013.62985160      2.6833
   2013.62988014      2.7443
   2013.62990868      2.7880
   2013.62993721      2.9543
   2013.62996575      3.1750
   2013.62999429      2.9221
   2013.63002283      2.8156
   2013.63005137      2.9265
   2013.63007991      2.8163
   2013.63010845      2.7230
   2013.63013699      2.6229
   2013.63016553      2.5851
   2013.63019406      2.4848
   2013.63022260      2.3264
   2013.63025114      2.2185
   2013.63027968      2.1073
   2013.63030822      1.9835
   2013.63033676      1.8790
   2013.63036530      1.7305
   2013.63039384      1.6187
   2013.63042237      1.5130
   2013.63045091      1.4118
   2013.63047945      1.3140
   2013.63050799      1.2189
   2013.63053653      1.1479
   2013.63056507      1.0545
   2013.63059361      0.9644
   2013.63062215      0.9036
   2013.63065068      0.8362
   2013.63067922      0.7716
   2013.63070776      0.7107
   2013.63073630      0.6544
   2013.63076484      0.6033
   2013.63079338      0.5566
   2013.63082192      0.5142
   2013.63085046      0.4757
   2013.63087900      0.4407
   2013.63090753      0.4085
   2013.63093607      0.3789
   2013.63096461      0.3516
   2013.63099315      0.3263
   2013.63102169      0.3030
   2013.63105023      0.2816
   2013.63107877      0.2618
   2013.63110731      0.2435
   2013.63113584      0.2264
   2013.63116438      0.2106
   2013.63119292      0.1959
   2013.63122146      0.1824
   2013.63125000      0.1699
   2013.63127854      0.1584
   2013.63130708      0.1477
   2013.63133562      0.1379
   2013.63136416      0.1287
   2013.63139269      0.1203
   2013.63142123      0.1124
   2013.63144977      0.1051
