   2013.62465753      0.0000
   2013.62468607      0.0000
   2013.62471461      0.0000
   2013.62474315      0.0000
   2013.62477169      0.0000
   2013.62480023      0.0000
   2013.62482877      0.0000
   2013.62485731      0.0000
   2013.62488584      0.0000
   2013.62491438      0.0006
   2013.62494292      0.0010
   2013.62497146      0.0012
   2013.62500000      0.0051
   2013.62502854      0.0022
   2013.62505708      0.0013
   2013.62508562      0.0009
   2013.62511416      0.0046
   2013.62514269      0.0259
   2013.62517123      0.0466
   2013.62519977      0.0723
   2013.62522831      0.1120
   2013.62525685      0.1723
   2013.62528539      0.2552
   2013.62531393      0.3833
   2013.62534247      0.5611
   2013.62537100      0.7730
   2013.62539954      1.0477
   2013.62542808      1.3176
   2013.62545662      1.5066
   2013.62548516      1.5543
   2013.62551370      1.5291
   2013.62554224      1.4642
   2013.62557078      1.3795
   2013.62559932      1.2873
   2013.62562785      1.2239
   2013.62565639      1.1152
   2013.62568493      1.0017
   2013.62571347      0.9377
   2013.62574201      0.8617
   2013.62577055      0.7885
   2013.62579909      0.7206
   2013.62582763      0.6585
   2013.62585616      0.6025
   2013.62588470      0.5516
   2013.62591324      0.5058
   2013.62594178      0.4646
   2013.62597032      0.4275
   2013.62599886      0.3939
   2013.62602740      0.3633
   2013.62605594      0.3354
   2013.62608447      0.3098
   2013.62611301      0.2864
   2013.62614155      0.2650
   2013.62617009      0.2453
   2013.62619863      0.2270
   2013.62622717      0.2101
   2013.62625571      0.1945
   2013.62628425      0.1801
   2013.62631279      0.1669
   2013.62634132      0.1548
   2013.62636986      0.1436
   2013.62639840      0.1334
   2013.62642694      0.1239
   2013.62645548      0.1152
   2013.62648402      0.1071
   2013.62651256      0.0997
   2013.62654110      0.0928
   2013.62656963      0.0865
   2013.62659817      0.0806
   2013.62662671      0.0751
   2013.62665525      0.0699
