   2013.62465753      0.0000
   2013.62468607      0.0000
   2013.62471461      0.0000
   2013.62474315      0.0000
   2013.62477169      0.0000
   2013.62480023      0.0000
   2013.62482877      0.0000
   2013.62485731      0.0000
   2013.62488584      0.0000
   2013.62491438      0.0000
   2013.62494292      0.0000
   2013.62497146      0.0000
   2013.62500000      0.0000
   2013.62502854      0.0000
   2013.62505708      0.0000
   2013.62508562      0.0000
   2013.62511416      0.0000
   2013.62514269      0.0000
   2013.62517123      0.0000
   2013.62519977      0.0000
   2013.62522831      0.0000
   2013.62525685      0.0000
   2013.62528539      0.0000
   2013.62531393      0.0000
   2013.62534247      0.0000
   2013.62537100      0.0000
   2013.62539954      0.0000
   2013.62542808      0.0000
   2013.62545662      0.0000
   2013.62548516      0.0000
   2013.62551370      0.0000
   2013.62554224      0.0000
   2013.62557078      0.0000
   2013.62559932      0.0000
   2013.62562785      0.0000
   2013.62565639      0.0000
   2013.62568493      0.0000
   2013.62571347      0.0000
   2013.62574201      0.0000
   2013.62577055      0.0000
   2013.62579909      0.0000
   2013.62582763      0.0000
   2013.62585616      0.0000
   2013.62588470      0.0000
   2013.62591324      0.0000
   2013.62594178      0.0000
   2013.62597032      0.0000
   2013.62599886      0.0000
   2013.62602740      0.0000
   2013.62605594      0.0061
   2013.62608447      0.0121
   2013.62611301      0.0941
   2013.62614155      0.1633
   2013.62617009      0.3647
   2013.62619863      0.8094
   2013.62622717      1.4650
   2013.62625571      2.2105
   2013.62628425      3.2564
   2013.62631279      4.9026
   2013.62634132      6.7779
   2013.62636986      7.3914
   2013.62639840      7.3149
   2013.62642694      6.9931
   2013.62645548      6.2161
   2013.62648402      5.6190
   2013.62651256      4.6667
   2013.62654110      4.0805
   2013.62656963      3.7219
   2013.62659817      3.3514
   2013.62662671      3.0241
   2013.62665525      2.6694
   2013.62668379      2.4276
   2013.62671233      2.2250
   2013.62674087      2.0529
   2013.62676941      1.9036
   2013.62679795      1.8024
   2013.62682648      1.6464
   2013.62685502      1.5783
   2013.62688356      1.4626
   2013.62691210      1.4223
   2013.62694064      1.3369
   2013.62696918      1.2998
   2013.62699772      1.2508
   2013.62702626      1.2122
   2013.62705479      1.1764
   2013.62708333      1.1432
   2013.62711187      1.1104
   2013.62714041      1.0784
   2013.62716895      1.0359
   2013.62719749      1.0525
   2013.62722603      0.9995
   2013.62725457      0.9588
   2013.62728311      0.9290
   2013.62731164      0.8871
   2013.62734018      0.8669
   2013.62736872      0.8392
   2013.62739726      0.8103
   2013.62742580      0.7809
   2013.62745434      0.7516
   2013.62748288      0.7236
   2013.62751142      0.6973
   2013.62753995      0.6722
   2013.62756849      0.6481
   2013.62759703      0.6246
   2013.62762557      0.6016
   2013.62765411      0.5791
   2013.62768265      0.5573
   2013.62771119      0.5362
   2013.62773973      0.5158
   2013.62776826      0.4961
   2013.62779680      0.4772
   2013.62782534      0.4590
   2013.62785388      0.4414
   2013.62788242      0.4243
   2013.62791096      0.4078
   2013.62793950      0.3918
   2013.62796804      0.3763
   2013.62799658      0.3613
   2013.62802511      0.3470
   2013.62805365      0.3333
   2013.62808219      0.3201
   2013.62811073      0.3075
   2013.62813927      0.2955
   2013.62816781      0.2840
   2013.62819635      0.2730
   2013.62822489      0.2625
   2013.62825342      0.2525
   2013.62828196      0.2429
   2013.62831050      0.2338
   2013.62833904      0.2248
   2013.62836758      0.2162
   2013.62839612      0.2079
   2013.62842466      0.2000
   2013.62845320      0.1924
   2013.62848174      0.1851
   2013.62851027      0.1781
   2013.62853881      0.1714
   2013.62856735      0.1650
   2013.62859589      0.1588
   2013.62862443      0.1528
   2013.62865297      0.1471
   2013.62868151      0.1416
   2013.62871005      0.1363
   2013.62873858      0.1312
   2013.62876712      0.1263
   2013.62879566      0.1217
   2013.62882420      0.1172
   2013.62885274      0.1128
   2013.62888128      0.1087
   2013.62890982      0.1047
   2013.62893836      0.1009
