   2013.62465753      0.0000
   2013.62468607      0.0000
   2013.62471461      0.0000
   2013.62474315      0.0000
   2013.62477169      0.0000
   2013.62480023      0.0000
   2013.62482877      0.0000
   2013.62485731      0.0000
   2013.62488584      0.0000
   2013.62491438      0.0000
   2013.62494292      0.0000
   2013.62497146      0.0000
   2013.62500000      0.0000
   2013.62502854      0.0000
   2013.62505708      0.0000
   2013.62508562      0.0000
   2013.62511416      0.0000
   2013.62514269      0.0000
   2013.62517123      0.0000
   2013.62519977      0.0000
   2013.62522831      0.0000
   2013.62525685      0.0000
   2013.62528539      0.0000
   2013.62531393      0.0000
   2013.62534247      0.0000
   2013.62537100      0.0000
   2013.62539954      0.0000
   2013.62542808      0.0000
   2013.62545662      0.0000
   2013.62548516      0.3373
   2013.62551370      1.0014
   2013.62554224      3.1663
   2013.62557078      5.9414
   2013.62559932     11.2381
   2013.62562785     18.9399
   2013.62565639     21.1988
   2013.62568493     19.8194
   2013.62571347     17.3474
   2013.62574201     15.6233
   2013.62577055     13.9324
   2013.62579909     12.6536
   2013.62582763     12.1194
   2013.62585616     11.1306
   2013.62588470     10.2817
   2013.62591324     10.0141
   2013.62594178      9.8344
   2013.62597032      9.9370
   2013.62599886     10.4443
   2013.62602740     10.7776
   2013.62605594     10.6048
   2013.62608447     10.1098
   2013.62611301      9.2729
   2013.62614155      8.7770
   2013.62617009      7.3896
   2013.62619863      6.9909
   2013.62622717      5.5691
   2013.62625571      5.3432
   2013.62628425      4.1658
   2013.62631279      3.5845
   2013.62634132      3.1124
   2013.62636986      2.8467
   2013.62639840      2.4639
   2013.62642694      2.0701
   2013.62645548      1.8237
   2013.62648402      1.6087
   2013.62651256      1.4211
   2013.62654110      1.2732
   2013.62656963      1.1282
   2013.62659817      1.0026
   2013.62662671      0.9040
   2013.62665525      0.8105
   2013.62668379      0.7269
   2013.62671233      0.6532
   2013.62674087      0.5889
   2013.62676941      0.5320
   2013.62679795      0.4819
   2013.62682648      0.4378
   2013.62685502      0.3989
   2013.62688356      0.3643
   2013.62691210      0.3333
   2013.62694064      0.3055
   2013.62696918      0.2806
   2013.62699772      0.2580
   2013.62702626      0.2374
   2013.62705479      0.2186
   2013.62708333      0.2015
   2013.62711187      0.1860
   2013.62714041      0.1718
   2013.62716895      0.1589
   2013.62719749      0.1471
   2013.62722603      0.1364
   2013.62725457      0.1266
   2013.62728311      0.1175
   2013.62731164      0.1092
   2013.62734018      0.1015
