   2013.62465753      0.0000
   2013.62468607      0.0000
   2013.62471461      0.0000
   2013.62474315      0.0000
   2013.62477169      0.0000
   2013.62480023      0.0000
   2013.62482877      0.0000
   2013.62485731      0.0000
   2013.62488584      0.0000
   2013.62491438      0.0000
   2013.62494292      0.0000
   2013.62497146      0.0000
   2013.62500000      0.0000
   2013.62502854      0.0000
   2013.62505708      0.0000
   2013.62508562      0.0000
   2013.62511416      0.0000
   2013.62514269      0.0000
   2013.62517123      0.0000
   2013.62519977      0.0000
   2013.62522831      0.0000
   2013.62525685      0.0000
   2013.62528539      0.0000
   2013.62531393      0.0000
   2013.62534247      0.0000
   2013.62537100      0.0000
   2013.62539954      0.0000
   2013.62542808      0.0000
   2013.62545662      0.0000
   2013.62548516      0.0000
   2013.62551370      0.0000
   2013.62554224      0.0000
   2013.62557078      0.0000
   2013.62559932      0.0000
   2013.62562785      0.0000
   2013.62565639      0.0000
   2013.62568493      0.0000
   2013.62571347      0.2061
   2013.62574201      0.4531
   2013.62577055      1.3744
   2013.62579909      2.8773
   2013.62582763      4.9246
   2013.62585616      8.5107
   2013.62588470     13.0261
   2013.62591324     14.7890
   2013.62594178     14.0641
   2013.62597032     12.7486
   2013.62599886     11.6478
   2013.62602740     10.4002
   2013.62605594      9.5856
   2013.62608447      8.9437
   2013.62611301      8.4379
   2013.62614155      8.1155
   2013.62617009      7.9850
   2013.62619863      7.9310
   2013.62622717      7.8913
   2013.62625571      8.1155
   2013.62628425      8.2721
   2013.62631279      8.5013
   2013.62634132      8.7115
   2013.62636986      9.0974
   2013.62639840      9.1986
   2013.62642694      9.4879
   2013.62645548      9.6685
   2013.62648402     10.0738
   2013.62651256     10.1008
   2013.62654110     10.3556
   2013.62656963     10.4850
   2013.62659817     10.8684
   2013.62662671     10.8236
   2013.62665525     10.7934
   2013.62668379     10.6522
   2013.62671233      9.9937
   2013.62674087     10.4030
   2013.62676941     10.2124
   2013.62679795      9.8050
   2013.62682648      9.1772
   2013.62685502      9.2436
   2013.62688356      9.0530
   2013.62691210      8.7096
   2013.62694064      8.5036
   2013.62696918      8.4998
   2013.62699772      8.4461
   2013.62702626      8.3464
   2013.62705479      8.2718
   2013.62708333      8.6181
   2013.62711187      8.6668
   2013.62714041      8.5530
   2013.62716895      8.3289
   2013.62719749      8.5748
   2013.62722603      8.3878
   2013.62725457      8.2055
   2013.62728311      7.8548
   2013.62731164      8.0275
   2013.62734018      7.8761
   2013.62736872      7.5665
   2013.62739726      7.1164
   2013.62742580      7.3094
   2013.62745434      7.1464
   2013.62748288      6.8792
   2013.62751142      6.4161
   2013.62753995      6.8314
   2013.62756849      6.4242
   2013.62759703      6.4420
   2013.62762557      5.8611
   2013.62765411      5.8913
   2013.62768265      5.7500
   2013.62771119      5.6707
   2013.62773973      5.2336
   2013.62776826      5.4398
   2013.62779680      5.1538
   2013.62782534      5.0558
   2013.62785388      4.9785
   2013.62788242      4.8882
   2013.62791096      4.7574
   2013.62793950      4.5743
   2013.62796804      4.3456
   2013.62799658      4.4652
   2013.62802511      4.3412
   2013.62805365      4.2168
   2013.62808219      4.2195
   2013.62811073      4.1719
   2013.62813927      4.0866
   2013.62816781      3.9975
   2013.62819635      3.9715
   2013.62822489      4.0106
   2013.62825342      3.9633
   2013.62828196      3.9030
   2013.62831050      3.9990
   2013.62833904      4.2144
   2013.62836758      4.1121
   2013.62839612      3.9800
   2013.62842466      3.9124
   2013.62845320      3.8355
   2013.62848174      4.1021
   2013.62851027      4.5580
   2013.62853881      4.3503
   2013.62856735      4.4071
   2013.62859589      4.1805
   2013.62862443      3.9793
   2013.62865297      3.9003
   2013.62868151      4.1486
   2013.62871005      4.5737
   2013.62873858      4.6855
   2013.62876712      4.6262
   2013.62879566      4.3912
   2013.62882420      4.0955
   2013.62885274      3.8555
   2013.62888128      3.9604
   2013.62890982      4.0174
   2013.62893836      3.8794
   2013.62896689      4.0968
   2013.62899543      3.7963
   2013.62902397      3.3691
   2013.62905251      3.1484
   2013.62908105      2.8652
   2013.62910959      2.6756
   2013.62913813      2.5243
   2013.62916667      2.3731
   2013.62919521      2.3524
   2013.62922374      2.1776
   2013.62925228      2.0183
   2013.62928082      1.7466
   2013.62930936      1.6378
   2013.62933790      1.4902
   2013.62936644      1.3514
   2013.62939498      1.2461
   2013.62942352      1.1175
   2013.62945205      1.0031
   2013.62948059      0.9224
   2013.62950913      0.8391
   2013.62953767      0.7621
   2013.62956621      0.6921
   2013.62959475      0.6297
   2013.62962329      0.5741
   2013.62965183      0.5245
   2013.62968037      0.4804
   2013.62970890      0.4412
   2013.62973744      0.4061
   2013.62976598      0.3744
   2013.62979452      0.3456
   2013.62982306      0.3195
   2013.62985160      0.2957
   2013.62988014      0.2740
   2013.62990868      0.2542
   2013.62993721      0.2359
   2013.62996575      0.2190
   2013.62999429      0.2034
   2013.63002283      0.1891
   2013.63005137      0.1760
   2013.63007991      0.1639
   2013.63010845      0.1528
   2013.63013699      0.1425
   2013.63016553      0.1331
   2013.63019406      0.1243
   2013.63022260      0.1162
   2013.63025114      0.1087
   2013.63027968      0.1017
