   2013.62465753      0.0000
   2013.62468607      0.0000
   2013.62471461      0.0000
   2013.62474315      0.0000
   2013.62477169      0.0000
   2013.62480023      0.0000
   2013.62482877      0.0000
   2013.62485731      0.0000
   2013.62488584      0.0000
   2013.62491438      0.0000
   2013.62494292      0.0000
   2013.62497146      0.0000
   2013.62500000      0.0000
   2013.62502854      0.0000
   2013.62505708      0.0000
   2013.62508562      0.0000
   2013.62511416      0.0000
   2013.62514269      0.0000
   2013.62517123      0.0000
   2013.62519977      0.0000
   2013.62522831      0.0000
   2013.62525685      0.0000
   2013.62528539      0.0000
   2013.62531393      0.0000
   2013.62534247      0.0000
   2013.62537100      0.0000
   2013.62539954      0.0000
   2013.62542808      0.0000
   2013.62545662      0.0000
   2013.62548516      0.0000
   2013.62551370      0.0000
   2013.62554224      0.0000
   2013.62557078      0.0000
   2013.62559932      0.0000
   2013.62562785      0.0000
   2013.62565639      0.0000
   2013.62568493      0.0000
   2013.62571347      0.0000
   2013.62574201      0.0000
   2013.62577055      0.0000
   2013.62579909      0.0000
   2013.62582763      0.0000
   2013.62585616      0.0000
   2013.62588470      0.0000
   2013.62591324      0.0000
   2013.62594178      0.0000
   2013.62597032      0.0000
   2013.62599886      0.0000
   2013.62602740      0.0000
   2013.62605594      0.0000
   2013.62608447      0.0000
   2013.62611301      0.0000
   2013.62614155      0.0000
   2013.62617009      0.0000
   2013.62619863      0.0000
   2013.62622717      0.0000
   2013.62625571      0.0000
   2013.62628425      0.0092
   2013.62631279      0.0500
   2013.62634132      0.0890
   2013.62636986      0.1792
   2013.62639840      0.3556
   2013.62642694      0.6464
   2013.62645548      1.0532
   2013.62648402      1.6193
   2013.62651256      2.5336
   2013.62654110      3.8555
   2013.62656963      5.5468
   2013.62659817      6.6668
   2013.62662671      7.2072
   2013.62665525      7.3884
   2013.62668379      7.3878
   2013.62671233      7.3047
   2013.62674087      7.3588
   2013.62676941      7.3059
   2013.62679795      7.4308
   2013.62682648      7.4194
   2013.62685502      7.5369
   2013.62688356      7.5219
   2013.62691210      7.6932
   2013.62694064      7.6253
   2013.62696918      7.7134
   2013.62699772      7.6520
   2013.62702626      7.7382
   2013.62705479      7.6726
   2013.62708333      7.7030
   2013.62711187      7.7322
   2013.62714041      7.5295
   2013.62716895      7.2973
   2013.62719749      7.0204
   2013.62722603      6.7076
   2013.62725457      6.3845
   2013.62728311      5.8632
   2013.62731164      5.7630
   2013.62734018      5.6380
   2013.62736872      5.2545
   2013.62739726      4.5269
   2013.62742580      4.2283
   2013.62745434      4.0658
   2013.62748288      3.5279
   2013.62751142      3.3019
   2013.62753995      2.9411
   2013.62756849      2.6948
   2013.62759703      2.4545
   2013.62762557      2.2588
   2013.62765411      2.0698
   2013.62768265      1.8944
   2013.62771119      1.7247
   2013.62773973      1.5970
   2013.62776826      1.4780
   2013.62779680      1.3663
   2013.62782534      1.2611
   2013.62785388      1.1968
   2013.62788242      1.0905
   2013.62791096      0.9850
   2013.62793950      0.9326
   2013.62796804      0.8724
   2013.62799658      0.8090
   2013.62802511      0.7475
   2013.62805365      0.6908
   2013.62808219      0.6447
   2013.62811073      0.5988
   2013.62813927      0.5556
   2013.62816781      0.5163
   2013.62819635      0.4880
   2013.62822489      0.4563
   2013.62825342      0.4254
   2013.62828196      0.3965
   2013.62831050      0.3790
   2013.62833904      0.3559
   2013.62836758      0.3326
   2013.62839612      0.3105
   2013.62842466      0.3018
   2013.62845320      0.2855
   2013.62848174      0.2682
   2013.62851027      0.2515
   2013.62853881      0.2508
   2013.62856735      0.2395
   2013.62859589      0.2263
   2013.62862443      0.2136
   2013.62865297      0.2190
   2013.62868151      0.2123
   2013.62871005      0.2034
   2013.62873858      0.1952
   2013.62876712      0.2087
   2013.62879566      0.2078
   2013.62882420      0.2045
   2013.62885274      0.2024
   2013.62888128      0.2278
   2013.62890982      0.2363
   2013.62893836      0.2415
   2013.62896689      0.2495
   2013.62899543      0.2930
   2013.62902397      0.3175
   2013.62905251      0.3487
   2013.62908105      0.3767
   2013.62910959      0.4590
   2013.62913813      0.5248
   2013.62916667      0.5813
   2013.62919521      0.6797
   2013.62922374      0.8408
   2013.62925228      0.9911
   2013.62928082      1.1782
   2013.62930936      1.4062
   2013.62933790      1.7410
   2013.62936644      2.0360
   2013.62939498      2.2170
   2013.62942352      2.4005
   2013.62945205      2.5440
   2013.62948059      2.7354
   2013.62950913      2.8487
   2013.62953767      2.9370
   2013.62956621      2.8864
   2013.62959475      3.1130
   2013.62962329      3.1571
   2013.62965183      3.3444
   2013.62968037      3.0328
   2013.62970890      3.2317
   2013.62973744      3.2269
   2013.62976598      3.3474
   2013.62979452      3.0507
   2013.62982306      3.1946
   2013.62985160      3.2805
   2013.62988014      3.1735
   2013.62990868      3.0970
   2013.62993721      2.9495
   2013.62996575      2.8046
   2013.62999429      2.6825
   2013.63002283      2.6260
   2013.63005137      2.6006
   2013.63007991      2.4988
   2013.63010845      2.4129
   2013.63013699      2.2940
   2013.63016553      2.1588
   2013.63019406      2.0230
   2013.63022260      1.9014
   2013.63025114      1.7983
   2013.63027968      1.7087
   2013.63030822      1.6188
   2013.63033676      1.5396
   2013.63036530      1.4618
   2013.63039384      1.3823
   2013.63042237      1.3006
   2013.63045091      1.2180
   2013.63047945      1.1809
   2013.63050799      1.0693
   2013.63053653      0.9622
   2013.63056507      0.9248
   2013.63059361      0.8672
   2013.63062215      0.8087
   2013.63065068      0.7530
   2013.63067922      0.7000
   2013.63070776      0.6508
   2013.63073630      0.6058
   2013.63076484      0.5640
   2013.63079338      0.5254
   2013.63082192      0.4897
   2013.63085046      0.4567
   2013.63087900      0.4260
   2013.63090753      0.3972
   2013.63093607      0.3704
   2013.63096461      0.3452
   2013.63099315      0.3218
   2013.63102169      0.3000
   2013.63105023      0.2798
   2013.63107877      0.2610
   2013.63110731      0.2434
   2013.63113584      0.2270
   2013.63116438      0.2117
   2013.63119292      0.1974
   2013.63122146      0.1842
   2013.63125000      0.1719
   2013.63127854      0.1605
   2013.63130708      0.1500
   2013.63133562      0.1402
   2013.63136416      0.1311
   2013.63139269      0.1226
   2013.63142123      0.1147
   2013.63144977      0.1074
   2013.63147831      0.1006
