   2013.62465753      0.0000
   2013.62468607      0.0000
   2013.62471461      0.0000
   2013.62474315      0.0000
   2013.62477169      0.0000
   2013.62480023      0.0016
   2013.62482877      0.0046
   2013.62485731      0.0071
   2013.62488584      0.0285
   2013.62491438      0.1141
   2013.62494292      0.2626
   2013.62497146      0.6679
   2013.62500000      1.7012
   2013.62502854      3.6374
   2013.62505708      6.8116
   2013.62508562     11.2267
   2013.62511416     14.8375
   2013.62514269     17.1940
   2013.62517123     17.1328
   2013.62519977     16.0138
   2013.62522831     14.3187
   2013.62525685     12.5949
   2013.62528539     10.9674
   2013.62531393      9.2718
   2013.62534247      8.8535
   2013.62537100      6.7683
   2013.62539954      6.2864
   2013.62542808      4.9724
   2013.62545662      4.5372
   2013.62548516      3.7413
   2013.62551370      3.2471
   2013.62554224      2.9261
   2013.62557078      2.6466
   2013.62559932      2.4286
   2013.62562785      2.3395
   2013.62565639      2.1293
   2013.62568493      1.9701
   2013.62571347      1.7276
   2013.62574201      1.6134
   2013.62577055      1.4756
   2013.62579909      1.3438
   2013.62582763      1.2445
   2013.62585616      1.1158
   2013.62588470      1.0013
   2013.62591324      0.9206
   2013.62594178      0.8361
   2013.62597032      0.7572
   2013.62599886      0.6853
   2013.62602740      0.6210
   2013.62605594      0.5634
   2013.62608447      0.5120
   2013.62611301      0.4663
   2013.62614155      0.4257
   2013.62617009      0.3894
   2013.62619863      0.3567
   2013.62622717      0.3272
   2013.62625571      0.3005
   2013.62628425      0.2764
   2013.62631279      0.2545
   2013.62634132      0.2344
   2013.62636986      0.2160
   2013.62639840      0.1992
   2013.62642694      0.1839
   2013.62645548      0.1699
   2013.62648402      0.1572
   2013.62651256      0.1455
   2013.62654110      0.1349
   2013.62656963      0.1252
   2013.62659817      0.1162
   2013.62662671      0.1079
   2013.62665525      0.1004
