   2013.62465753      0.0000
   2013.62468607      0.0000
   2013.62471461      0.0000
   2013.62474315      0.0000
   2013.62477169      0.0000
   2013.62480023      0.0000
   2013.62482877      0.0000
   2013.62485731      0.0000
   2013.62488584      0.0000
   2013.62491438      0.0000
   2013.62494292      0.0000
   2013.62497146      0.0000
   2013.62500000      0.0000
   2013.62502854      0.0000
   2013.62505708      0.0000
   2013.62508562      0.0000
   2013.62511416      0.0000
   2013.62514269      0.0000
   2013.62517123      0.0000
   2013.62519977      0.0000
   2013.62522831      0.0000
   2013.62525685      0.0000
   2013.62528539      0.0000
   2013.62531393      0.0000
   2013.62534247      0.0000
   2013.62537100      0.0000
   2013.62539954      0.0000
   2013.62542808      0.0000
   2013.62545662      0.0000
   2013.62548516      0.0000
   2013.62551370      0.0000
   2013.62554224      0.0000
   2013.62557078      0.0000
   2013.62559932      0.0000
   2013.62562785      0.0000
   2013.62565639      0.0000
   2013.62568493      0.0000
   2013.62571347      0.0000
   2013.62574201      0.0000
   2013.62577055      0.0000
   2013.62579909      0.0000
   2013.62582763      0.0000
   2013.62585616      0.0000
   2013.62588470      0.0000
   2013.62591324      0.0000
   2013.62594178      0.0000
   2013.62597032      0.0000
   2013.62599886      0.0000
   2013.62602740      0.0000
   2013.62605594      0.0000
   2013.62608447      0.0000
   2013.62611301      0.0000
   2013.62614155      0.0000
   2013.62617009      0.0000
   2013.62619863      0.0000
   2013.62622717      0.0000
   2013.62625571      0.0000
   2013.62628425      0.0000
   2013.62631279      0.0000
   2013.62634132      0.0000
   2013.62636986      0.0000
   2013.62639840      0.0000
   2013.62642694      0.0000
   2013.62645548      0.0000
   2013.62648402      0.0000
   2013.62651256      0.0000
   2013.62654110      0.0000
   2013.62656963      0.0000
   2013.62659817      0.0000
   2013.62662671      0.0000
   2013.62665525      0.0000
   2013.62668379      0.0000
   2013.62671233      0.0000
   2013.62674087      0.0000
   2013.62676941      0.0000
   2013.62679795      0.0000
   2013.62682648      0.0000
   2013.62685502      0.0000
   2013.62688356      0.0000
   2013.62691210      0.0000
   2013.62694064      0.0000
   2013.62696918      0.0000
   2013.62699772      0.0000
   2013.62702626      0.0000
   2013.62705479      0.0000
   2013.62708333      0.0945
   2013.62711187      0.1776
   2013.62714041      0.4321
   2013.62716895      1.1327
   2013.62719749      2.3232
   2013.62722603      4.0215
   2013.62725457      7.0700
   2013.62728311     11.2297
   2013.62731164     13.5789
   2013.62734018     13.7502
   2013.62736872     13.1147
   2013.62739726     12.2734
   2013.62742580     11.1726
   2013.62745434     10.1863
   2013.62748288      8.9924
   2013.62751142      8.1838
   2013.62753995      7.4238
   2013.62756849      6.5561
   2013.62759703      6.0752
   2013.62762557      5.0635
   2013.62765411      4.8633
   2013.62768265      3.9466
   2013.62771119      3.5787
   2013.62773973      3.1524
   2013.62776826      2.8311
   2013.62779680      2.5395
   2013.62782534      2.2834
   2013.62785388      2.0479
   2013.62788242      1.8532
   2013.62791096      1.6868
   2013.62793950      1.5410
   2013.62796804      1.4109
   2013.62799658      1.2936
   2013.62802511      1.2099
   2013.62805365      1.1028
   2013.62808219      0.9980
   2013.62811073      0.9412
   2013.62813927      0.8743
   2013.62816781      0.8106
   2013.62819635      0.7518
   2013.62822489      0.6980
   2013.62825342      0.6498
   2013.62828196      0.6069
   2013.62831050      0.5682
   2013.62833904      0.5331
   2013.62836758      0.5012
   2013.62839612      0.4721
   2013.62842466      0.4453
   2013.62845320      0.4205
   2013.62848174      0.3974
   2013.62851027      0.3759
   2013.62853881      0.3560
   2013.62856735      0.3375
   2013.62859589      0.3203
   2013.62862443      0.3043
   2013.62865297      0.2895
   2013.62868151      0.2756
   2013.62871005      0.2627
   2013.62873858      0.2506
   2013.62876712      0.2391
   2013.62879566      0.2283
   2013.62882420      0.2181
   2013.62885274      0.2085
   2013.62888128      0.1994
   2013.62890982      0.1910
   2013.62893836      0.1830
   2013.62896689      0.1754
   2013.62899543      0.1683
   2013.62902397      0.1616
   2013.62905251      0.1552
   2013.62908105      0.1491
   2013.62910959      0.1434
   2013.62913813      0.1380
   2013.62916667      0.1328
   2013.62919521      0.1279
   2013.62922374      0.1233
   2013.62925228      0.1189
   2013.62928082      0.1147
   2013.62930936      0.1107
   2013.62933790      0.1070
   2013.62936644      0.1034
