   2013.62465753      0.0000
   2013.62468607      0.0000
   2013.62471461      0.0000
   2013.62474315      0.0000
   2013.62477169      0.0000
   2013.62480023      0.0000
   2013.62482877      0.0000
   2013.62485731      0.0000
   2013.62488584      0.0000
   2013.62491438      0.0000
   2013.62494292      0.0000
   2013.62497146      0.0000
   2013.62500000      0.0000
   2013.62502854      0.0000
   2013.62505708      0.0000
   2013.62508562      0.0000
   2013.62511416      0.0000
   2013.62514269      0.0000
   2013.62517123      0.0000
   2013.62519977      0.0000
   2013.62522831      0.0000
   2013.62525685      0.0000
   2013.62528539      0.0000
   2013.62531393      0.0000
   2013.62534247      0.0000
   2013.62537100      0.0000
   2013.62539954      0.0000
   2013.62542808      0.0000
   2013.62545662      0.0000
   2013.62548516      0.0000
   2013.62551370      0.0000
   2013.62554224      0.0000
   2013.62557078      0.0000
   2013.62559932      0.0000
   2013.62562785      0.0000
   2013.62565639      0.0000
   2013.62568493      0.0000
   2013.62571347      0.0000
   2013.62574201      0.0000
   2013.62577055      0.0000
   2013.62579909      0.0000
   2013.62582763      0.0000
   2013.62585616      0.0000
   2013.62588470      0.0000
   2013.62591324      0.0000
   2013.62594178      0.0000
   2013.62597032      0.0000
   2013.62599886      0.0000
   2013.62602740      0.0000
   2013.62605594      0.0000
   2013.62608447      0.0000
   2013.62611301      0.0000
   2013.62614155      0.0000
   2013.62617009      0.0000
   2013.62619863      0.0000
   2013.62622717      0.0000
   2013.62625571      0.0000
   2013.62628425      0.0000
   2013.62631279      0.0000
   2013.62634132      0.0000
   2013.62636986      0.0000
   2013.62639840      0.0000
   2013.62642694      0.0000
   2013.62645548      0.0000
   2013.62648402      0.0000
   2013.62651256      0.0000
   2013.62654110      0.0000
   2013.62656963      0.0000
   2013.62659817      0.0000
   2013.62662671      2.1734
   2013.62665525     11.7714
   2013.62668379     27.6574
   2013.62671233     56.1838
   2013.62674087     55.5739
   2013.62676941     45.7910
   2013.62679795     33.7887
   2013.62682648     26.2869
   2013.62685502     22.2860
   2013.62688356     19.2962
   2013.62691210     17.1556
   2013.62694064     15.9945
   2013.62696918     15.0040
   2013.62699772     14.4410
   2013.62702626     14.0002
   2013.62705479     13.7479
   2013.62708333     13.5323
   2013.62711187     13.4295
   2013.62714041     13.2739
   2013.62716895     13.1602
   2013.62719749     13.0065
   2013.62722603     12.9022
   2013.62725457     12.4803
   2013.62728311     12.1609
   2013.62731164     11.4503
   2013.62734018     10.9456
   2013.62736872     10.3005
   2013.62739726      9.2512
   2013.62742580      9.0821
   2013.62745434      8.3448
   2013.62748288      7.7596
   2013.62751142      6.9491
   2013.62753995      6.6738
   2013.62756849      6.1645
   2013.62759703      5.7576
   2013.62762557      5.1317
   2013.62765411      5.0254
   2013.62768265      4.8169
   2013.62771119      4.5510
   2013.62773973      4.1847
   2013.62776826      4.1771
   2013.62779680      4.0956
   2013.62782534      3.8012
   2013.62785388      3.5267
   2013.62788242      3.6244
   2013.62791096      3.5041
   2013.62793950      3.5321
   2013.62796804      3.1772
   2013.62799658      3.2030
   2013.62802511      3.1406
   2013.62805365      2.9979
   2013.62808219      2.9815
   2013.62811073      2.8806
   2013.62813927      2.8411
   2013.62816781      2.7425
   2013.62819635      2.7630
   2013.62822489      2.7485
   2013.62825342      2.6765
   2013.62828196      2.6055
   2013.62831050      2.6560
   2013.62833904      2.6678
   2013.62836758      2.6418
   2013.62839612      2.5929
   2013.62842466      2.6836
   2013.62845320      2.7271
   2013.62848174      2.6903
   2013.62851027      2.7217
   2013.62853881      2.9647
   2013.62856735      3.1353
   2013.62859589      3.0160
   2013.62862443      3.0222
   2013.62865297      2.9300
   2013.62868151      3.1479
   2013.62871005      3.4862
   2013.62873858      3.9683
   2013.62876712      4.2573
   2013.62879566      4.1663
   2013.62882420      4.0056
   2013.62885274      3.7852
   2013.62888128      3.6650
   2013.62890982      3.8020
   2013.62893836      4.2201
   2013.62896689      4.5961
   2013.62899543      4.6920
   2013.62902397      4.5188
   2013.62905251      4.2561
   2013.62908105      3.9184
   2013.62910959      3.9616
   2013.62913813      3.6052
   2013.62916667      3.6805
   2013.62919521      3.9834
   2013.62922374      3.7411
   2013.62925228      3.3887
   2013.62928082      3.1159
   2013.62930936      2.8568
   2013.62933790      2.5582
   2013.62936644      2.3947
   2013.62939498      2.1591
   2013.62942352      1.9631
   2013.62945205      1.7949
   2013.62948059      1.5822
   2013.62950913      1.4543
   2013.62953767      1.3344
   2013.62956621      1.2795
   2013.62959475      1.1351
   2013.62962329      1.0086
   2013.62965183      0.9512
   2013.62968037      0.8764
   2013.62970890      0.8022
   2013.62973744      0.7328
   2013.62976598      0.6688
   2013.62979452      0.6111
   2013.62982306      0.5590
   2013.62985160      0.5121
   2013.62988014      0.4701
   2013.62990868      0.4324
   2013.62993721      0.3983
   2013.62996575      0.3672
   2013.62999429      0.3390
   2013.63002283      0.3132
   2013.63005137      0.2896
   2013.63007991      0.2682
   2013.63010845      0.2484
   2013.63013699      0.2302
   2013.63016553      0.2134
   2013.63019406      0.1979
   2013.63022260      0.1838
   2013.63025114      0.1708
   2013.63027968      0.1588
   2013.63030822      0.1478
   2013.63033676      0.1377
   2013.63036530      0.1284
   2013.63039384      0.1197
   2013.63042237      0.1117
   2013.63045091      0.1043
