   2013.62465753      0.0000
   2013.62468607      0.0000
   2013.62471461      0.0000
   2013.62474315      0.0000
   2013.62477169      0.0000
   2013.62480023      0.0000
   2013.62482877      0.0000
   2013.62485731      0.0000
   2013.62488584      0.0000
   2013.62491438      0.0000
   2013.62494292      0.0000
   2013.62497146      0.0000
   2013.62500000      0.0000
   2013.62502854      0.0000
   2013.62505708      0.0000
   2013.62508562      0.0000
   2013.62511416      0.0000
   2013.62514269      0.0000
   2013.62517123      0.0000
   2013.62519977      0.0000
   2013.62522831      0.0000
   2013.62525685      0.0000
   2013.62528539      0.0000
   2013.62531393      0.0000
   2013.62534247      0.0000
   2013.62537100      0.0000
   2013.62539954      0.0000
   2013.62542808      0.0000
   2013.62545662      0.0000
   2013.62548516      0.0000
   2013.62551370      0.0000
   2013.62554224      0.0000
   2013.62557078      0.0000
   2013.62559932      0.0000
   2013.62562785      0.0000
   2013.62565639      0.0000
   2013.62568493      0.0000
   2013.62571347      0.0000
   2013.62574201      0.0000
   2013.62577055      0.0000
   2013.62579909      0.0000
   2013.62582763      0.0000
   2013.62585616      0.0000
   2013.62588470      0.0000
   2013.62591324      0.0000
   2013.62594178      0.0000
   2013.62597032      0.0000
   2013.62599886      0.0000
   2013.62602740      0.0000
   2013.62605594      0.0000
   2013.62608447      0.0000
   2013.62611301      0.0000
   2013.62614155      0.0000
   2013.62617009      0.0000
   2013.62619863      0.0000
   2013.62622717      0.0000
   2013.62625571      0.0000
   2013.62628425      0.0000
   2013.62631279      0.0000
   2013.62634132      0.0000
   2013.62636986      0.0000
   2013.62639840      0.0000
   2013.62642694      0.0000
   2013.62645548      0.0000
   2013.62648402      0.0000
   2013.62651256      0.0000
   2013.62654110      0.0000
   2013.62656963      0.0000
   2013.62659817      0.0000
   2013.62662671      0.0000
   2013.62665525      0.0000
   2013.62668379      0.0000
   2013.62671233      0.0000
   2013.62674087      0.0037
   2013.62676941      0.0043
   2013.62679795      0.0052
   2013.62682648      0.0359
   2013.62685502      0.0865
   2013.62688356      0.1625
   2013.62691210      0.2970
   2013.62694064      0.5223
   2013.62696918      0.8302
   2013.62699772      1.2363
   2013.62702626      1.7688
   2013.62705479      2.4871
   2013.62708333      3.5263
   2013.62711187      4.6657
   2013.62714041      4.8383
   2013.62716895      5.1068
   2013.62719749      4.6017
   2013.62722603      4.5382
   2013.62725457      3.8106
   2013.62728311      3.5178
   2013.62731164      3.1416
   2013.62734018      2.8464
   2013.62736872      2.5677
   2013.62739726      2.3177
   2013.62742580      2.0878
   2013.62745434      1.8887
   2013.62748288      1.7203
   2013.62751142      1.5723
   2013.62753995      1.4399
   2013.62756849      1.3207
   2013.62759703      1.2486
   2013.62762557      1.1256
   2013.62765411      1.0064
   2013.62768265      0.9569
   2013.62771119      0.8908
   2013.62773973      0.8258
   2013.62776826      0.7658
   2013.62779680      0.7107
   2013.62782534      0.6610
   2013.62785388      0.6169
   2013.62788242      0.5772
   2013.62791096      0.5412
   2013.62793950      0.5086
   2013.62796804      0.4789
   2013.62799658      0.4515
   2013.62802511      0.4262
   2013.62805365      0.4027
   2013.62808219      0.3809
   2013.62811073      0.3606
   2013.62813927      0.3418
   2013.62816781      0.3243
   2013.62819635      0.3080
   2013.62822489      0.2929
   2013.62825342      0.2788
   2013.62828196      0.2657
   2013.62831050      0.2534
   2013.62833904      0.2418
   2013.62836758      0.2309
   2013.62839612      0.2205
   2013.62842466      0.2107
   2013.62845320      0.2016
   2013.62848174      0.1930
   2013.62851027      0.1849
   2013.62853881      0.1772
   2013.62856735      0.1700
   2013.62859589      0.1632
   2013.62862443      0.1567
   2013.62865297      0.1506
   2013.62868151      0.1448
   2013.62871005      0.1393
   2013.62873858      0.1340
   2013.62876712      0.1291
   2013.62879566      0.1244
   2013.62882420      0.1199
   2013.62885274      0.1157
   2013.62888128      0.1117
   2013.62890982      0.1078
   2013.62893836      0.1042
   2013.62896689      0.1007
