   2013.62465753      0.0000
   2013.62468607      0.0000
   2013.62471461      0.0000
   2013.62474315      0.0000
   2013.62477169      0.0000
   2013.62480023      0.0000
   2013.62482877      0.0000
   2013.62485731      0.0000
   2013.62488584      0.0000
   2013.62491438      0.0000
   2013.62494292      0.0000
   2013.62497146      0.0000
   2013.62500000      0.0000
   2013.62502854      0.0000
   2013.62505708      0.0000
   2013.62508562      0.0000
   2013.62511416      0.0000
   2013.62514269      0.0000
   2013.62517123      0.0000
   2013.62519977      0.0000
   2013.62522831      0.0000
   2013.62525685      0.0000
   2013.62528539      0.0000
   2013.62531393      0.0000
   2013.62534247      0.0000
   2013.62537100      0.0000
   2013.62539954      0.0000
   2013.62542808      0.0000
   2013.62545662      0.0000
   2013.62548516      0.0000
   2013.62551370      0.0000
   2013.62554224      0.0000
   2013.62557078      0.0000
   2013.62559932      0.0000
   2013.62562785      0.0000
   2013.62565639      0.0000
   2013.62568493      0.0000
   2013.62571347      0.0000
   2013.62574201      0.0000
   2013.62577055      0.0000
   2013.62579909      0.0000
   2013.62582763      0.0000
   2013.62585616      0.0000
   2013.62588470      0.0000
   2013.62591324      0.0000
   2013.62594178      0.0000
   2013.62597032      0.0000
   2013.62599886      0.0000
   2013.62602740      0.0000
   2013.62605594      0.0017
   2013.62608447      0.0029
   2013.62611301      0.0037
   2013.62614155      0.0057
   2013.62617009      0.0258
   2013.62619863      0.0776
   2013.62622717      0.1425
   2013.62625571      0.2980
   2013.62628425      0.5784
   2013.62631279      1.0600
   2013.62634132      1.8357
   2013.62636986      3.1173
   2013.62639840      5.0890
   2013.62642694      7.3730
   2013.62645548      8.9281
   2013.62648402      9.2719
   2013.62651256      9.7610
   2013.62654110      9.5959
   2013.62656963      9.0757
   2013.62659817      8.5259
   2013.62662671      8.1220
   2013.62665525      7.3870
   2013.62668379      6.8243
   2013.62671233      6.0345
   2013.62674087      5.8041
   2013.62676941      5.4623
   2013.62679795      5.0216
   2013.62682648      4.5132
   2013.62685502      4.4107
   2013.62688356      4.2317
   2013.62691210      3.9782
   2013.62694064      3.9223
   2013.62696918      3.8779
   2013.62699772      3.6789
   2013.62702626      3.6101
   2013.62705479      3.4093
   2013.62708333      3.5012
   2013.62711187      3.4372
   2013.62714041      3.5301
   2013.62716895      3.0880
   2013.62719749      3.2461
   2013.62722603      3.1272
   2013.62725457      3.0633
   2013.62728311      3.0003
   2013.62731164      2.9075
   2013.62734018      2.7946
   2013.62736872      2.6891
   2013.62739726      2.5962
   2013.62742580      2.4875
   2013.62745434      2.3793
   2013.62748288      2.2209
   2013.62751142      2.1180
   2013.62753995      2.0122
   2013.62756849      1.9075
   2013.62759703      1.8060
   2013.62762557      1.7093
   2013.62765411      1.6140
   2013.62768265      1.5222
   2013.62771119      1.4387
   2013.62773973      1.3593
   2013.62776826      1.2829
   2013.62779680      1.2087
   2013.62782534      1.1807
   2013.62785388      1.0792
   2013.62788242      1.0147
   2013.62791096      0.9449
   2013.62793950      0.8977
   2013.62796804      0.8445
   2013.62799658      0.7932
   2013.62802511      0.7441
   2013.62805365      0.6982
   2013.62808219      0.6562
   2013.62811073      0.6182
   2013.62813927      0.5831
   2013.62816781      0.5506
   2013.62819635      0.5205
   2013.62822489      0.4925
   2013.62825342      0.4664
   2013.62828196      0.4420
   2013.62831050      0.4191
   2013.62833904      0.3975
   2013.62836758      0.3773
   2013.62839612      0.3584
   2013.62842466      0.3406
   2013.62845320      0.3240
   2013.62848174      0.3085
   2013.62851027      0.2939
   2013.62853881      0.2825
   2013.62856735      0.2701
   2013.62859589      0.2582
   2013.62862443      0.2469
   2013.62865297      0.2458
   2013.62868151      0.2378
   2013.62871005      0.2288
   2013.62873858      0.2204
   2013.62876712      0.2271
   2013.62879566      0.2241
   2013.62882420      0.2196
   2013.62885274      0.2163
   2013.62888128      0.2331
   2013.62890982      0.2387
   2013.62893836      0.2429
   2013.62896689      0.2501
   2013.62899543      0.2856
   2013.62902397      0.3078
   2013.62905251      0.3292
   2013.62908105      0.3658
   2013.62910959      0.4317
   2013.62913813      0.4718
   2013.62916667      0.5440
   2013.62919521      0.6226
   2013.62922374      0.7427
   2013.62925228      0.8819
   2013.62928082      1.0439
   2013.62930936      1.2454
   2013.62933790      1.5875
   2013.62936644      1.9749
   2013.62939498      2.2794
   2013.62942352      2.5588
   2013.62945205      2.7878
   2013.62948059      3.0389
   2013.62950913      3.2037
   2013.62953767      3.3193
   2013.62956621      3.4347
   2013.62959475      3.4957
   2013.62962329      3.5296
   2013.62965183      3.5755
   2013.62968037      3.6663
   2013.62970890      3.7115
   2013.62973744      3.6104
   2013.62976598      3.5428
   2013.62979452      3.4375
   2013.62982306      3.5259
   2013.62985160      3.4640
   2013.62988014      3.5594
   2013.62990868      3.1089
   2013.62993721      3.2641
   2013.62996575      3.1411
   2013.62999429      3.0728
   2013.63002283      3.0072
   2013.63005137      2.9124
   2013.63007991      2.7981
   2013.63010845      2.6915
   2013.63013699      2.5978
   2013.63016553      2.4886
   2013.63019406      2.3800
   2013.63022260      2.2213
   2013.63025114      2.1182
   2013.63027968      2.0123
   2013.63030822      1.9074
   2013.63033676      1.8060
   2013.63036530      1.7093
   2013.63039384      1.6140
   2013.63042237      1.5222
   2013.63045091      1.4387
   2013.63047945      1.3594
   2013.63050799      1.2830
   2013.63053653      1.2088
   2013.63056507      1.1807
   2013.63059361      1.0793
   2013.63062215      1.0147
   2013.63065068      0.9449
   2013.63067922      0.8978
   2013.63070776      0.8446
   2013.63073630      0.7932
   2013.63076484      0.7442
   2013.63079338      0.6982
   2013.63082192      0.6562
   2013.63085046      0.6182
   2013.63087900      0.5831
   2013.63090753      0.5507
   2013.63093607      0.5205
   2013.63096461      0.4925
   2013.63099315      0.4664
   2013.63102169      0.4420
   2013.63105023      0.4191
   2013.63107877      0.3975
   2013.63110731      0.3773
   2013.63113584      0.3584
   2013.63116438      0.3406
   2013.63119292      0.3240
   2013.63122146      0.3085
   2013.63125000      0.2939
   2013.63127854      0.2803
   2013.63130708      0.2675
   2013.63133562      0.2555
   2013.63136416      0.2442
   2013.63139269      0.2334
   2013.63142123      0.2232
   2013.63144977      0.2135
   2013.63147831      0.2043
   2013.63150685      0.1957
   2013.63153539      0.1876
   2013.63156393      0.1800
   2013.63159247      0.1727
   2013.63162100      0.1658
   2013.63164954      0.1593
   2013.63167808      0.1531
   2013.63170662      0.1473
   2013.63173516      0.1417
   2013.63176370      0.1364
   2013.63179224      0.1314
   2013.63182078      0.1266
   2013.63184932      0.1221
   2013.63187785      0.1178
   2013.63190639      0.1137
   2013.63193493      0.1098
   2013.63196347      0.1061
   2013.63199201      0.1025
