   2013.62465753      0.0000
   2013.62468607      0.0000
   2013.62471461      0.0000
   2013.62474315      0.0000
   2013.62477169      0.0000
   2013.62480023      0.0000
   2013.62482877      0.0000
   2013.62485731      0.0000
   2013.62488584      0.0000
   2013.62491438      0.0000
   2013.62494292      0.0000
   2013.62497146      0.0000
   2013.62500000      0.0000
   2013.62502854      0.0000
   2013.62505708      0.0000
   2013.62508562      0.0000
   2013.62511416      0.0000
   2013.62514269      0.0000
   2013.62517123      0.0000
   2013.62519977      0.0000
   2013.62522831      0.0000
   2013.62525685      0.0000
   2013.62528539      0.0000
   2013.62531393      0.0000
   2013.62534247      0.0000
   2013.62537100      0.0000
   2013.62539954      0.0000
   2013.62542808      0.0000
   2013.62545662      0.0000
   2013.62548516      0.0000
   2013.62551370      0.0000
   2013.62554224      0.0000
   2013.62557078      0.0000
   2013.62559932      0.0000
   2013.62562785      0.0000
   2013.62565639      0.0000
   2013.62568493      0.0000
   2013.62571347      0.0000
   2013.62574201      0.0000
   2013.62577055      0.0000
   2013.62579909      0.0000
   2013.62582763      0.0000
   2013.62585616      0.0000
   2013.62588470      0.0000
   2013.62591324      0.0000
   2013.62594178      0.0000
   2013.62597032      0.0000
   2013.62599886      0.0000
   2013.62602740      0.0000
   2013.62605594      0.0000
   2013.62608447      0.0000
   2013.62611301      0.0000
   2013.62614155      0.0000
   2013.62617009      0.0000
   2013.62619863      0.0000
   2013.62622717      0.0000
   2013.62625571      0.0000
   2013.62628425      0.0000
   2013.62631279      0.0000
   2013.62634132      0.0000
   2013.62636986      0.0000
   2013.62639840      0.0000
   2013.62642694      0.0000
   2013.62645548      0.0000
   2013.62648402      0.0000
   2013.62651256      0.0000
   2013.62654110      0.0000
   2013.62656963      0.0000
   2013.62659817      0.0000
   2013.62662671      0.0000
   2013.62665525      0.0000
   2013.62668379      0.0000
   2013.62671233      0.0000
   2013.62674087      0.0000
   2013.62676941      0.0000
   2013.62679795      0.0000
   2013.62682648      0.0000
   2013.62685502      0.0000
   2013.62688356      0.0000
   2013.62691210      0.0000
   2013.62694064      0.0000
   2013.62696918      8.4894
   2013.62699772     34.1008
   2013.62702626     81.0660
   2013.62705479     93.8217
   2013.62708333     72.4102
   2013.62711187     51.0546
   2013.62714041     35.0882
   2013.62716895     26.6111
   2013.62719749     20.7264
   2013.62722603     17.1073
   2013.62725457     14.5615
   2013.62728311     13.1164
   2013.62731164     11.6565
   2013.62734018     10.8608
   2013.62736872     10.2530
   2013.62739726     10.0742
   2013.62742580      9.4695
   2013.62745434      9.1582
   2013.62748288      8.7168
   2013.62751142      8.3332
   2013.62753995      8.1981
   2013.62756849      7.9058
   2013.62759703      7.8399
   2013.62762557      7.7906
   2013.62765411      7.6046
   2013.62768265      7.2076
   2013.62771119      6.7152
   2013.62773973      6.1862
   2013.62776826      6.0348
   2013.62779680      5.5161
   2013.62782534      5.0941
   2013.62785388      4.4315
   2013.62788242      4.3829
   2013.62791096      3.9064
   2013.62793950      3.4318
   2013.62796804      3.1237
   2013.62799658      2.8612
   2013.62802511      2.7759
   2013.62805365      2.3996
   2013.62808219      2.1539
   2013.62811073      1.9375
   2013.62813927      1.6733
   2013.62816781      1.5213
   2013.62819635      1.3776
   2013.62822489      1.2542
   2013.62825342      1.1416
   2013.62828196      1.0566
   2013.62831050      0.9783
   2013.62833904      0.9081
   2013.62836758      0.8439
   2013.62839612      0.7819
   2013.62842466      0.7223
   2013.62845320      0.6666
   2013.62848174      0.6154
   2013.62851027      0.5678
   2013.62853881      0.5238
   2013.62856735      0.4834
   2013.62859589      0.4463
   2013.62862443      0.4123
   2013.62865297      0.3810
   2013.62868151      0.3521
   2013.62871005      0.3256
   2013.62873858      0.3012
   2013.62876712      0.2788
   2013.62879566      0.2582
   2013.62882420      0.2391
   2013.62885274      0.2214
   2013.62888128      0.2051
   2013.62890982      0.1901
   2013.62893836      0.1763
   2013.62896689      0.1635
   2013.62899543      0.1519
   2013.62902397      0.1411
   2013.62905251      0.1312
   2013.62908105      0.1221
   2013.62910959      0.1136
   2013.62913813      0.1058
