   2013.62465753      0.0000
   2013.62468607      0.0000
   2013.62471461      0.0000
   2013.62474315      0.0000
   2013.62477169      0.0000
   2013.62480023      0.0000
   2013.62482877      0.0000
   2013.62485731      0.0000
   2013.62488584      0.0000
   2013.62491438      0.0000
   2013.62494292      0.0000
   2013.62497146      0.0000
   2013.62500000      0.0000
   2013.62502854      0.0000
   2013.62505708      0.0000
   2013.62508562      0.0000
   2013.62511416      0.0000
   2013.62514269      0.0000
   2013.62517123      0.0000
   2013.62519977      0.0000
   2013.62522831      0.0000
   2013.62525685      0.0000
   2013.62528539      0.0000
   2013.62531393      0.0000
   2013.62534247      0.0000
   2013.62537100      0.0000
   2013.62539954      0.0000
   2013.62542808      0.0000
   2013.62545662      0.0000
   2013.62548516      0.0000
   2013.62551370      0.0001
   2013.62554224      0.0003
   2013.62557078      0.0007
   2013.62559932      0.0010
   2013.62562785      0.0013
   2013.62565639      0.0015
   2013.62568493      0.0018
   2013.62571347      0.0020
   2013.62574201      0.0022
   2013.62577055      0.0053
   2013.62579909      0.0354
   2013.62582763      0.0644
   2013.62585616      0.1014
   2013.62588470      0.1628
   2013.62591324      0.2484
   2013.62594178      0.3769
   2013.62597032      0.5408
   2013.62599886      0.7501
   2013.62602740      0.9906
   2013.62605594      1.2879
   2013.62608447      1.6363
   2013.62611301      2.0045
   2013.62614155      2.2710
   2013.62617009      2.4138
   2013.62619863      2.4391
   2013.62622717      2.3781
   2013.62625571      2.2599
   2013.62628425      2.0926
   2013.62631279      1.9319
   2013.62634132      1.7794
   2013.62636986      1.6813
   2013.62639840      1.5346
   2013.62642694      1.3940
   2013.62645548      1.3145
   2013.62648402      1.1548
   2013.62651256      1.0229
   2013.62654110      0.9471
   2013.62656963      0.8618
   2013.62659817      0.7810
   2013.62662671      0.7072
   2013.62665525      0.6409
   2013.62668379      0.5818
   2013.62671233      0.5289
   2013.62674087      0.4819
   2013.62676941      0.4402
   2013.62679795      0.4029
   2013.62682648      0.3694
   2013.62685502      0.3392
   2013.62688356      0.3119
   2013.62691210      0.2872
   2013.62694064      0.2648
   2013.62696918      0.2443
   2013.62699772      0.2254
   2013.62702626      0.2081
   2013.62705479      0.1923
   2013.62708333      0.1779
   2013.62711187      0.1647
   2013.62714041      0.1527
   2013.62716895      0.1417
   2013.62719749      0.1315
   2013.62722603      0.1222
   2013.62725457      0.1136
   2013.62728311      0.1057
