   2013.62465753      0.0000
   2013.62468607      0.0000
   2013.62471461      0.0000
   2013.62474315      0.0000
   2013.62477169      0.0000
   2013.62480023      0.0000
   2013.62482877      0.0000
   2013.62485731      0.0000
   2013.62488584      0.0000
   2013.62491438      0.0000
   2013.62494292      0.0000
   2013.62497146      0.0000
   2013.62500000      0.0000
   2013.62502854      0.0000
   2013.62505708      0.0000
   2013.62508562      0.0000
   2013.62511416      0.0000
   2013.62514269      0.0000
   2013.62517123      0.0000
   2013.62519977      0.0000
   2013.62522831      0.0000
   2013.62525685      0.0000
   2013.62528539      0.0000
   2013.62531393      0.0000
   2013.62534247      0.0000
   2013.62537100      0.0000
   2013.62539954      0.0000
   2013.62542808      0.0000
   2013.62545662      0.0000
   2013.62548516      0.0000
   2013.62551370      0.0000
   2013.62554224      0.0000
   2013.62557078      0.0000
   2013.62559932      0.0000
   2013.62562785      0.0000
   2013.62565639      0.0000
   2013.62568493      0.0000
   2013.62571347      0.0000
   2013.62574201      0.0000
   2013.62577055      0.0000
   2013.62579909      0.0000
   2013.62582763      0.0000
   2013.62585616      0.0000
   2013.62588470      0.0000
   2013.62591324      0.0000
   2013.62594178      0.0000
   2013.62597032      0.0000
   2013.62599886      0.0000
   2013.62602740      0.0000
   2013.62605594      0.0000
   2013.62608447      0.0000
   2013.62611301      0.0000
   2013.62614155      0.0000
   2013.62617009      0.0000
   2013.62619863      0.0000
   2013.62622717      0.0000
   2013.62625571      0.0000
   2013.62628425      0.0000
   2013.62631279      0.0000
   2013.62634132      0.0000
   2013.62636986      0.0000
   2013.62639840      0.0000
   2013.62642694      0.0000
   2013.62645548      0.0000
   2013.62648402      0.0000
   2013.62651256      0.0000
   2013.62654110      0.0000
   2013.62656963      0.0000
   2013.62659817      0.0000
   2013.62662671      0.0000
   2013.62665525      0.0000
   2013.62668379      0.0000
   2013.62671233      0.0000
   2013.62674087      0.0000
   2013.62676941      0.0000
   2013.62679795      0.0000
   2013.62682648      0.0000
   2013.62685502      0.0027
   2013.62688356      0.0041
   2013.62691210      0.0053
   2013.62694064      0.0216
   2013.62696918      0.0616
   2013.62699772      0.1101
   2013.62702626      0.2372
   2013.62705479      0.4819
   2013.62708333      0.8782
   2013.62711187      1.4717
   2013.62714041      2.3100
   2013.62716895      3.4807
   2013.62719749      4.6754
   2013.62722603      5.0594
   2013.62725457      4.6642
   2013.62728311      4.2999
   2013.62731164      3.8920
   2013.62734018      3.6125
   2013.62736872      3.2305
   2013.62739726      2.9280
   2013.62742580      2.6353
   2013.62745434      2.3720
   2013.62748288      2.1334
   2013.62751142      1.9223
   2013.62753995      1.7475
   2013.62756849      1.5951
   2013.62759703      1.4599
   2013.62762557      1.3388
   2013.62765411      1.2834
   2013.62768265      1.1440
   2013.62771119      1.0550
   2013.62773973      0.9689
   2013.62776826      0.9065
   2013.62779680      0.8422
   2013.62782534      0.7826
   2013.62785388      0.7274
   2013.62788242      0.6773
   2013.62791096      0.6328
   2013.62793950      0.5928
   2013.62796804      0.5565
   2013.62799658      0.5236
   2013.62802511      0.4935
   2013.62805365      0.4659
   2013.62808219      0.4404
   2013.62811073      0.4166
   2013.62813927      0.3945
   2013.62816781      0.3738
   2013.62819635      0.3546
   2013.62822489      0.3367
   2013.62825342      0.3200
   2013.62828196      0.3045
   2013.62831050      0.2899
   2013.62833904      0.2764
   2013.62836758      0.2637
   2013.62839612      0.2518
   2013.62842466      0.2406
   2013.62845320      0.2299
   2013.62848174      0.2198
   2013.62851027      0.2103
   2013.62853881      0.2013
   2013.62856735      0.1929
   2013.62859589      0.1849
   2013.62862443      0.1774
   2013.62865297      0.1703
   2013.62868151      0.1635
   2013.62871005      0.1571
   2013.62873858      0.1510
   2013.62876712      0.1453
   2013.62879566      0.1398
   2013.62882420      0.1346
   2013.62885274      0.1297
   2013.62888128      0.1251
   2013.62890982      0.1207
   2013.62893836      0.1164
   2013.62896689      0.1124
   2013.62899543      0.1089
   2013.62902397      0.1051
   2013.62905251      0.1014
