   2013.62465753      0.0000
   2013.62468607      0.0000
   2013.62471461      0.0000
   2013.62474315      0.0000
   2013.62477169      0.0000
   2013.62480023      0.0000
   2013.62482877      0.0000
   2013.62485731      0.0000
   2013.62488584      0.0000
   2013.62491438      0.0000
   2013.62494292      0.0000
   2013.62497146      0.0000
   2013.62500000      0.0000
   2013.62502854      0.0000
   2013.62505708      0.0000
   2013.62508562      0.0000
   2013.62511416      0.0000
   2013.62514269      0.0000
   2013.62517123      0.0000
   2013.62519977      0.0000
   2013.62522831      0.0000
   2013.62525685      0.0000
   2013.62528539      0.0000
   2013.62531393      0.0000
   2013.62534247      0.0000
   2013.62537100      0.0000
   2013.62539954      0.0000
   2013.62542808      0.0000
   2013.62545662      0.0000
   2013.62548516      0.0000
   2013.62551370      0.0000
   2013.62554224      0.0000
   2013.62557078      0.0000
   2013.62559932      0.0000
   2013.62562785      0.0000
   2013.62565639      0.0000
   2013.62568493      0.0000
   2013.62571347      0.0000
   2013.62574201      0.0000
   2013.62577055      0.0000
   2013.62579909      0.0000
   2013.62582763      0.0000
   2013.62585616      0.0000
   2013.62588470      0.0000
   2013.62591324      0.0000
   2013.62594178      0.0000
   2013.62597032      0.0000
   2013.62599886      0.0000
   2013.62602740      0.0000
   2013.62605594      0.0000
   2013.62608447      0.0000
   2013.62611301      0.0000
   2013.62614155      0.0000
   2013.62617009      0.0021
   2013.62619863      0.0032
   2013.62622717      0.0041
   2013.62625571      0.0031
   2013.62628425      0.0054
   2013.62631279      0.0271
   2013.62634132      0.0497
   2013.62636986      0.0804
   2013.62639840      0.1246
   2013.62642694      0.1805
   2013.62645548      0.2504
   2013.62648402      0.3413
   2013.62651256      0.4292
   2013.62654110      0.5555
   2013.62656963      0.7194
   2013.62659817      0.9585
   2013.62662671      1.2952
   2013.62665525      1.6898
   2013.62668379      1.9768
   2013.62671233      2.1586
   2013.62674087      2.1855
   2013.62676941      2.1597
   2013.62679795      2.0916
   2013.62682648      2.0441
   2013.62685502      1.9694
   2013.62688356      1.8975
   2013.62691210      1.8229
   2013.62694064      1.7802
   2013.62696918      1.7274
   2013.62699772      1.6779
   2013.62702626      1.6330
   2013.62705479      1.6171
   2013.62708333      1.5788
   2013.62711187      1.5499
   2013.62714041      1.5205
   2013.62716895      1.4902
   2013.62719749      1.4785
   2013.62722603      1.4573
   2013.62725457      1.4293
   2013.62728311      1.3990
   2013.62731164      1.3808
   2013.62734018      1.3545
   2013.62736872      1.3220
   2013.62739726      1.1787
   2013.62742580      1.2568
   2013.62745434      1.2160
   2013.62748288      1.1836
   2013.62751142      1.1478
   2013.62753995      1.0944
   2013.62756849      1.1114
   2013.62759703      1.0429
   2013.62762557      0.9957
   2013.62765411      0.9578
   2013.62768265      0.9082
   2013.62771119      0.8807
   2013.62773973      0.8452
   2013.62776826      0.8090
   2013.62779680      0.7728
   2013.62782534      0.7375
   2013.62785388      0.7041
   2013.62788242      0.6727
   2013.62791096      0.6433
   2013.62793950      0.6153
   2013.62796804      0.5882
   2013.62799658      0.5622
   2013.62802511      0.5373
   2013.62805365      0.5136
   2013.62808219      0.4911
   2013.62811073      0.4696
   2013.62813927      0.4491
   2013.62816781      0.4296
   2013.62819635      0.4108
   2013.62822489      0.3929
   2013.62825342      0.3758
   2013.62828196      0.3595
   2013.62831050      0.3440
   2013.62833904      0.3292
   2013.62836758      0.3152
   2013.62839612      0.3019
   2013.62842466      0.2893
   2013.62845320      0.2773
   2013.62848174      0.2663
   2013.62851027      0.2557
   2013.62853881      0.2455
   2013.62856735      0.2360
   2013.62859589      0.2279
   2013.62862443      0.2202
   2013.62865297      0.2124
   2013.62868151      0.2046
   2013.62871005      0.1973
   2013.62873858      0.1912
   2013.62876712      0.1862
   2013.62879566      0.1816
   2013.62882420      0.1770
   2013.62885274      0.1729
   2013.62888128      0.1699
   2013.62890982      0.1680
   2013.62893836      0.1665
   2013.62896689      0.1651
   2013.62899543      0.1646
   2013.62902397      0.1657
   2013.62905251      0.1684
   2013.62908105      0.1717
   2013.62910959      0.1752
   2013.62913813      0.1788
   2013.62916667      0.1835
   2013.62919521      0.1901
   2013.62922374      0.1987
   2013.62925228      0.2088
   2013.62928082      0.2205
   2013.62930936      0.2343
   2013.62933790      0.2514
   2013.62936644      0.2785
   2013.62939498      0.3047
   2013.62942352      0.3314
   2013.62945205      0.3746
   2013.62948059      0.4267
   2013.62950913      0.4911
   2013.62953767      0.5746
   2013.62956621      0.6698
   2013.62959475      0.7645
   2013.62962329      0.8576
   2013.62965183      0.9503
   2013.62968037      1.0372
   2013.62970890      1.1083
   2013.62973744      1.1593
   2013.62976598      1.1928
   2013.62979452      1.2160
   2013.62982306      1.2312
   2013.62985160      1.2384
   2013.62988014      1.2391
   2013.62990868      1.2361
   2013.62993721      1.2307
   2013.62996575      1.2223
   2013.62999429      1.2100
   2013.63002283      1.1969
   2013.63005137      1.1674
   2013.63007991      1.1511
   2013.63010845      1.1325
   2013.63013699      1.1121
   2013.63016553      1.0886
   2013.63019406      1.0412
   2013.63022260      1.0259
   2013.63025114      1.0318
   2013.63027968      0.9809
   2013.63030822      0.9474
   2013.63033676      0.9195
   2013.63036530      0.8821
   2013.63039384      0.8596
   2013.63042237      0.8310
   2013.63045091      0.8014
   2013.63047945      0.7711
   2013.63050799      0.7411
   2013.63053653      0.7123
   2013.63056507      0.6848
   2013.63059361      0.6582
   2013.63062215      0.6323
   2013.63065068      0.6067
   2013.63067922      0.5815
   2013.63070776      0.5570
   2013.63073630      0.5333
   2013.63076484      0.5105
   2013.63079338      0.4886
   2013.63082192      0.4676
   2013.63085046      0.4475
   2013.63087900      0.4282
   2013.63090753      0.4096
   2013.63093607      0.3917
   2013.63096461      0.3745
   2013.63099315      0.3581
   2013.63102169      0.3424
   2013.63105023      0.3275
   2013.63107877      0.3133
   2013.63110731      0.2998
   2013.63113584      0.2870
   2013.63116438      0.2748
   2013.63119292      0.2632
   2013.63122146      0.2522
   2013.63125000      0.2418
   2013.63127854      0.2317
   2013.63130708      0.2221
   2013.63133562      0.2129
   2013.63136416      0.2041
   2013.63139269      0.1958
   2013.63142123      0.1879
   2013.63144977      0.1804
   2013.63147831      0.1732
   2013.63150685      0.1664
   2013.63153539      0.1599
   2013.63156393      0.1537
   2013.63159247      0.1478
   2013.63162100      0.1422
   2013.63164954      0.1369
   2013.63167808      0.1318
   2013.63170662      0.1269
   2013.63173516      0.1223
   2013.63176370      0.1178
   2013.63179224      0.1136
   2013.63182078      0.1096
   2013.63184932      0.1058
   2013.63187785      0.1021
