   2013.62465753      0.0000
   2013.62468607      0.0000
   2013.62471461      0.0000
   2013.62474315      0.0000
   2013.62477169      0.0000
   2013.62480023      0.0000
   2013.62482877      0.0000
   2013.62485731      0.0000
   2013.62488584      0.0000
   2013.62491438      0.0006
   2013.62494292      0.0021
   2013.62497146      0.0032
   2013.62500000      0.0078
   2013.62502854      0.0132
   2013.62505708      0.0695
   2013.62508562      0.1333
   2013.62511416      0.3383
   2013.62514269      0.6645
   2013.62517123      1.2861
   2013.62519977      2.2092
   2013.62522831      3.4680
   2013.62525685      5.1384
   2013.62528539      7.1114
   2013.62531393      8.4204
   2013.62534247      8.7929
   2013.62537100      8.6901
   2013.62539954      8.2987
   2013.62542808      7.7648
   2013.62545662      6.5786
   2013.62548516      6.3531
   2013.62551370      5.8699
   2013.62554224      5.4907
   2013.62557078      5.0219
   2013.62559932      5.2574
   2013.62562785      4.9949
   2013.62565639      4.5754
   2013.62568493      4.0712
   2013.62571347      3.9976
   2013.62574201      4.0415
   2013.62577055      4.3014
   2013.62579909      4.6338
   2013.62582763      4.5780
   2013.62585616      4.4038
   2013.62588470      4.1302
   2013.62591324      3.8489
   2013.62594178      3.6607
   2013.62597032      3.6560
   2013.62599886      3.9963
   2013.62602740      3.9083
   2013.62605594      4.0360
   2013.62608447      4.1001
   2013.62611301      3.8028
   2013.62614155      3.5384
   2013.62617009      3.3032
   2013.62619863      2.9257
   2013.62622717      2.8054
   2013.62625571      2.6701
   2013.62628425      2.5878
   2013.62631279      2.4506
   2013.62634132      2.4393
   2013.62636986      2.2207
   2013.62639840      2.0350
   2013.62642694      1.7843
   2013.62645548      1.6312
   2013.62648402      1.4820
   2013.62651256      1.3472
   2013.62654110      1.2824
   2013.62656963      1.1326
   2013.62659817      1.0000
   2013.62662671      0.9479
   2013.62665525      0.8758
   2013.62668379      0.8044
   2013.62671233      0.7375
   2013.62674087      0.6757
   2013.62676941      0.6196
   2013.62679795      0.5687
   2013.62682648      0.5226
   2013.62685502      0.4811
   2013.62688356      0.4437
   2013.62691210      0.4096
   2013.62694064      0.3785
   2013.62696918      0.3500
   2013.62699772      0.3238
   2013.62702626      0.2999
   2013.62705479      0.2779
   2013.62708333      0.2577
   2013.62711187      0.2391
   2013.62714041      0.2218
   2013.62716895      0.2058
   2013.62719749      0.1911
   2013.62722603      0.1776
   2013.62725457      0.1652
   2013.62728311      0.1537
   2013.62731164      0.1432
   2013.62734018      0.1335
   2013.62736872      0.1245
   2013.62739726      0.1161
   2013.62742580      0.1084
   2013.62745434      0.1012
