   2013.62465753      0.0000
   2013.62468607      0.0000
   2013.62471461      0.0000
   2013.62474315      0.0000
   2013.62477169      0.0000
   2013.62480023      0.0000
   2013.62482877      0.0000
   2013.62485731      0.0000
   2013.62488584      0.0000
   2013.62491438      0.0000
   2013.62494292      0.0000
   2013.62497146      0.0000
   2013.62500000      0.0000
   2013.62502854      0.0000
   2013.62505708      0.0000
   2013.62508562      0.0000
   2013.62511416      0.0000
   2013.62514269      0.0000
   2013.62517123      0.0000
   2013.62519977      0.0000
   2013.62522831      0.0000
   2013.62525685      0.0000
   2013.62528539      0.0000
   2013.62531393      0.0000
   2013.62534247      0.0000
   2013.62537100      0.0000
   2013.62539954      0.0000
   2013.62542808      0.0000
   2013.62545662      0.0000
   2013.62548516      0.0000
   2013.62551370      0.0000
   2013.62554224      0.0000
   2013.62557078      0.0000
   2013.62559932      0.0000
   2013.62562785      0.0000
   2013.62565639      0.0000
   2013.62568493      0.0000
   2013.62571347      0.0000
   2013.62574201      0.0000
   2013.62577055      0.0000
   2013.62579909      0.0000
   2013.62582763      0.0000
   2013.62585616      0.0000
   2013.62588470      0.0000
   2013.62591324      0.0000
   2013.62594178      0.0000
   2013.62597032      0.0000
   2013.62599886      0.0000
   2013.62602740      0.0000
   2013.62605594      0.0000
   2013.62608447      0.0000
   2013.62611301      0.0000
   2013.62614155      0.0000
   2013.62617009      0.0000
   2013.62619863      0.0000
   2013.62622717      0.0000
   2013.62625571      0.0000
   2013.62628425      0.0000
   2013.62631279      0.0000
   2013.62634132      0.0000
   2013.62636986      0.0000
   2013.62639840      0.0035
   2013.62642694      0.0033
   2013.62645548      0.0034
   2013.62648402      0.0208
   2013.62651256      0.0606
   2013.62654110      0.0953
   2013.62656963      0.1709
   2013.62659817      0.2933
   2013.62662671      0.4783
   2013.62665525      0.7470
   2013.62668379      1.0963
   2013.62671233      1.6147
   2013.62674087      2.2763
   2013.62676941      3.0257
   2013.62679795      3.6664
   2013.62682648      4.0387
   2013.62685502      4.1789
   2013.62688356      4.1534
   2013.62691210      4.1088
   2013.62694064      3.9335
   2013.62696918      3.8637
   2013.62699772      3.7653
   2013.62702626      3.6736
   2013.62705479      3.5755
   2013.62708333      3.7627
   2013.62711187      3.5146
   2013.62714041      3.4370
   2013.62716895      3.1509
   2013.62719749      3.0419
   2013.62722603      2.9055
   2013.62725457      2.7780
   2013.62728311      2.5961
   2013.62731164      2.4671
   2013.62734018      2.3334
   2013.62736872      2.1954
   2013.62739726      2.0588
   2013.62742580      1.9387
   2013.62745434      1.7873
   2013.62748288      1.6667
   2013.62751142      1.5535
   2013.62753995      1.4463
   2013.62756849      1.3442
   2013.62759703      1.2465
   2013.62762557      1.1747
   2013.62765411      1.0802
   2013.62768265      0.9851
   2013.62771119      0.9300
   2013.62773973      0.8651
   2013.62776826      0.8027
   2013.62779680      0.7445
   2013.62782534      0.6908
   2013.62785388      0.6424
   2013.62788242      0.5990
   2013.62791096      0.5596
   2013.62793950      0.5238
   2013.62796804      0.4913
   2013.62799658      0.4615
   2013.62802511      0.4340
   2013.62805365      0.4086
   2013.62808219      0.3849
   2013.62811073      0.3630
   2013.62813927      0.3426
   2013.62816781      0.3237
   2013.62819635      0.3062
   2013.62822489      0.2899
   2013.62825342      0.2748
   2013.62828196      0.2607
   2013.62831050      0.2475
   2013.62833904      0.2350
   2013.62836758      0.2232
   2013.62839612      0.2121
   2013.62842466      0.2017
   2013.62845320      0.1919
   2013.62848174      0.1826
   2013.62851027      0.1740
   2013.62853881      0.1658
   2013.62856735      0.1581
   2013.62859589      0.1508
   2013.62862443      0.1438
   2013.62865297      0.1373
   2013.62868151      0.1311
   2013.62871005      0.1253
   2013.62873858      0.1197
   2013.62876712      0.1145
   2013.62879566      0.1095
   2013.62882420      0.1048
   2013.62885274      0.1003
