   2013.62465753      0.0000
   2013.62468607      0.0000
   2013.62471461      0.0000
   2013.62474315      0.0000
   2013.62477169      0.0000
   2013.62480023      0.0000
   2013.62482877      0.0000
   2013.62485731      0.0000
   2013.62488584      0.0000
   2013.62491438      0.0000
   2013.62494292      0.0000
   2013.62497146      0.0000
   2013.62500000      0.0000
   2013.62502854      0.0000
   2013.62505708      0.0000
   2013.62508562      0.0000
   2013.62511416      0.0000
   2013.62514269      0.0000
   2013.62517123      0.0000
   2013.62519977      0.0000
   2013.62522831      0.0000
   2013.62525685      0.0000
   2013.62528539      0.0000
   2013.62531393      0.0000
   2013.62534247      0.0000
   2013.62537100      0.0000
   2013.62539954      0.0000
   2013.62542808      0.0000
   2013.62545662      0.0000
   2013.62548516      0.0000
   2013.62551370      0.0000
   2013.62554224      0.0000
   2013.62557078      0.0000
   2013.62559932      0.0000
   2013.62562785      0.0000
   2013.62565639      0.0000
   2013.62568493      0.0000
   2013.62571347      0.0000
   2013.62574201      0.0000
   2013.62577055      0.0000
   2013.62579909      0.0000
   2013.62582763      0.0000
   2013.62585616      0.0000
   2013.62588470      0.0000
   2013.62591324      0.0000
   2013.62594178      0.0000
   2013.62597032      0.0000
   2013.62599886      0.0000
   2013.62602740      0.0000
   2013.62605594      0.0000
   2013.62608447      0.0000
   2013.62611301      0.0000
   2013.62614155      0.0000
   2013.62617009      0.0000
   2013.62619863      0.0000
   2013.62622717      0.0000
   2013.62625571      0.0000
   2013.62628425      0.0000
   2013.62631279      0.0000
   2013.62634132      0.0000
   2013.62636986      0.0000
   2013.62639840      0.0000
   2013.62642694      0.0000
   2013.62645548      0.0000
   2013.62648402      0.0000
   2013.62651256      2.0993
   2013.62654110     11.7907
   2013.62656963     31.0714
   2013.62659817     59.1192
   2013.62662671     54.6194
   2013.62665525     41.7762
   2013.62668379     30.3031
   2013.62671233     22.0668
   2013.62674087     17.1974
   2013.62676941     13.6929
   2013.62679795     11.2218
   2013.62682648      9.2635
   2013.62685502      8.0707
   2013.62688356      6.7684
   2013.62691210      5.6780
   2013.62694064      4.9665
   2013.62696918      4.8436
   2013.62699772      3.9089
   2013.62702626      3.5263
   2013.62705479      3.2100
   2013.62708333      2.9321
   2013.62711187      2.6946
   2013.62714041      2.4949
   2013.62716895      2.3270
   2013.62719749      2.1952
   2013.62722603      2.0890
   2013.62725457      2.0037
   2013.62728311      1.9182
   2013.62731164      1.8408
   2013.62734018      1.7705
   2013.62736872      1.6718
   2013.62739726      1.6015
   2013.62742580      1.5431
   2013.62745434      1.4557
   2013.62748288      1.3889
   2013.62751142      1.3253
   2013.62753995      1.2628
   2013.62756849      1.1994
   2013.62759703      1.1336
   2013.62762557      1.0874
   2013.62765411      1.0142
   2013.62768265      0.9387
   2013.62771119      0.8912
   2013.62773973      0.8337
   2013.62776826      0.7763
   2013.62779680      0.7203
   2013.62782534      0.6669
   2013.62785388      0.6175
   2013.62788242      0.5716
   2013.62791096      0.5292
   2013.62793950      0.4903
   2013.62796804      0.4545
   2013.62799658      0.4215
   2013.62802511      0.3909
   2013.62805365      0.3626
   2013.62808219      0.3363
   2013.62811073      0.3119
   2013.62813927      0.2894
   2013.62816781      0.2687
   2013.62819635      0.2495
   2013.62822489      0.2316
   2013.62825342      0.2149
   2013.62828196      0.1995
   2013.62831050      0.1853
   2013.62833904      0.1721
   2013.62836758      0.1599
   2013.62839612      0.1487
   2013.62842466      0.1384
   2013.62845320      0.1288
   2013.62848174      0.1199
   2013.62851027      0.1116
   2013.62853881      0.1040
