   2013.62465753      0.0000
   2013.62468607      0.0000
   2013.62471461      0.0000
   2013.62474315      0.0000
   2013.62477169      0.0000
   2013.62480023      0.0000
   2013.62482877      0.0000
   2013.62485731      0.0000
   2013.62488584      0.0000
   2013.62491438      0.0000
   2013.62494292      0.0000
   2013.62497146      0.0000
   2013.62500000      0.0000
   2013.62502854      0.0000
   2013.62505708      0.0000
   2013.62508562      0.0000
   2013.62511416      0.0000
   2013.62514269      0.0000
   2013.62517123      0.0000
   2013.62519977      0.0000
   2013.62522831      0.0000
   2013.62525685      0.0000
   2013.62528539      0.0000
   2013.62531393      0.0000
   2013.62534247      0.0000
   2013.62537100      0.0000
   2013.62539954      0.0000
   2013.62542808      0.0000
   2013.62545662      0.0000
   2013.62548516      0.0045
   2013.62551370      0.0035
   2013.62554224      0.0126
   2013.62557078      0.0475
   2013.62559932      0.0829
   2013.62562785      0.1449
   2013.62565639      0.2428
   2013.62568493      0.3943
   2013.62571347      0.6109
   2013.62574201      0.9147
   2013.62577055      1.3532
   2013.62579909      2.0434
   2013.62582763      2.9955
   2013.62585616      4.0412
   2013.62588470      4.7061
   2013.62591324      5.1254
   2013.62594178      5.6636
   2013.62597032      5.8908
   2013.62599886      6.1075
   2013.62602740      5.9762
   2013.62605594      6.2588
   2013.62608447      6.2933
   2013.62611301      6.2522
   2013.62614155      6.0853
   2013.62617009      6.1978
   2013.62619863      6.0681
   2013.62622717      5.9712
   2013.62625571      5.3804
   2013.62628425      5.6447
   2013.62631279      5.2900
   2013.62634132      5.1986
   2013.62636986      4.7928
   2013.62639840      5.1000
   2013.62642694      4.9037
   2013.62645548      5.0257
   2013.62648402      4.7654
   2013.62651256      5.2750
   2013.62654110      5.1875
   2013.62656963      5.3414
   2013.62659817      5.2334
   2013.62662671      5.7188
   2013.62665525      5.7592
   2013.62668379      5.8203
   2013.62671233      5.7425
   2013.62674087      6.1058
   2013.62676941      6.1789
   2013.62679795      6.1639
   2013.62682648      5.9856
   2013.62685502      6.3146
   2013.62688356      6.3358
   2013.62691210      6.2642
   2013.62694064      6.0004
   2013.62696918      6.5485
   2013.62699772      6.2473
   2013.62702626      6.1172
   2013.62705479      5.9255
   2013.62708333      6.2195
   2013.62711187      5.9372
   2013.62714041      5.9663
   2013.62716895      5.5131
   2013.62719749      5.7541
   2013.62722603      5.4516
   2013.62725457      5.3631
   2013.62728311      4.9780
   2013.62731164      5.0166
   2013.62734018      4.9435
   2013.62736872      4.7362
   2013.62739726      4.3587
   2013.62742580      4.4073
   2013.62745434      4.2961
   2013.62748288      4.1439
   2013.62751142      3.9360
   2013.62753995      3.8213
   2013.62756849      3.6162
   2013.62759703      3.6660
   2013.62762557      3.2115
   2013.62765411      3.2732
   2013.62768265      3.1437
   2013.62771119      2.9828
   2013.62773973      2.9032
   2013.62776826      2.7716
   2013.62779680      2.6461
   2013.62782534      2.5191
   2013.62785388      2.3892
   2013.62788242      2.3158
   2013.62791096      2.2091
   2013.62793950      2.0531
   2013.62796804      1.9866
   2013.62799658      1.9299
   2013.62802511      1.8471
   2013.62805365      1.7226
   2013.62808219      1.6715
   2013.62811073      1.6261
   2013.62813927      1.5611
   2013.62816781      1.5011
   2013.62819635      1.3353
   2013.62822489      1.4005
   2013.62825342      1.3540
   2013.62828196      1.2956
   2013.62831050      1.1864
   2013.62833904      1.2467
   2013.62836758      1.2177
   2013.62839612      1.1908
   2013.62842466      1.1062
   2013.62845320      1.1736
   2013.62848174      1.1682
   2013.62851027      1.1545
   2013.62853881      1.1951
   2013.62856735      1.2035
   2013.62859589      1.2266
   2013.62862443      1.2412
   2013.62865297      1.3258
   2013.62868151      1.3816
   2013.62871005      1.4515
   2013.62873858      1.5054
   2013.62876712      1.6594
   2013.62879566      1.7898
   2013.62882420      1.8805
   2013.62885274      2.0194
   2013.62888128      2.2687
   2013.62890982      2.4761
   2013.62893836      2.6129
   2013.62896689      2.7951
   2013.62899543      3.0016
   2013.62902397      3.3967
   2013.62905251      3.5294
   2013.62908105      3.8196
   2013.62910959      3.8976
   2013.62913813      4.4135
   2013.62916667      4.4957
   2013.62919521      4.8501
   2013.62922374      4.7632
   2013.62925228      5.4092
   2013.62928082      5.3608
   2013.62930936      5.5703
   2013.62933790      5.4929
   2013.62936644      5.9044
   2013.62939498      6.0396
   2013.62942352      6.1931
   2013.62945205      5.9884
   2013.62948059      6.3607
   2013.62950913      6.4311
   2013.62953767      6.5101
   2013.62956621      6.1967
   2013.62959475      6.5367
   2013.62962329      6.5538
   2013.62965183      6.4652
   2013.62968037      6.1971
   2013.62970890      6.7856
   2013.62973744      6.4373
   2013.62976598      6.2987
   2013.62979452      6.2903
   2013.62982306      6.4056
   2013.62985160      6.1055
   2013.62988014      6.1606
   2013.62990868      5.6637
   2013.62993721      5.9116
   2013.62996575      5.5984
   2013.62999429      5.5165
   2013.63002283      5.1035
   2013.63005137      5.1506
   2013.63007991      5.0940
   2013.63010845      4.8684
   2013.63013699      4.5171
   2013.63016553      4.5283
   2013.63019406      4.4174
   2013.63022260      4.2360
   2013.63025114      3.9925
   2013.63027968      4.0119
   2013.63030822      3.7460
   2013.63033676      3.3611
   2013.63036530      3.1942
   2013.63039384      2.9215
   2013.63042237      2.7263
   2013.63045091      2.5284
   2013.63047945      2.3375
   2013.63050799      2.1622
   2013.63053653      1.9690
   2013.63056507      1.8110
   2013.63059361      1.6654
   2013.63062215      1.5302
   2013.63065068      1.4033
   2013.63067922      1.2853
   2013.63070776      1.1755
   2013.63073630      1.0786
   2013.63076484      0.9873
   2013.63079338      0.9072
   2013.63082192      0.8309
   2013.63085046      0.7587
   2013.63087900      0.6923
   2013.63090753      0.6329
   2013.63093607      0.5795
   2013.63096461      0.5314
   2013.63099315      0.4880
   2013.63102169      0.4490
   2013.63105023      0.4138
   2013.63107877      0.3818
   2013.63110731      0.3526
   2013.63113584      0.3260
   2013.63116438      0.3017
   2013.63119292      0.2796
   2013.63122146      0.2593
   2013.63125000      0.2406
   2013.63127854      0.2233
   2013.63130708      0.2074
   2013.63133562      0.1927
   2013.63136416      0.1793
   2013.63139269      0.1669
   2013.63142123      0.1555
   2013.63144977      0.1450
   2013.63147831      0.1353
   2013.63150685      0.1264
   2013.63153539      0.1181
   2013.63156393      0.1104
   2013.63159247      0.1033
