   2013.62465753      0.0000
   2013.62468607      0.0000
   2013.62471461      0.0000
   2013.62474315      0.0000
   2013.62477169      0.0000
   2013.62480023      0.0000
   2013.62482877      0.0001
   2013.62485731      0.0005
   2013.62488584      0.0010
   2013.62491438      0.0028
   2013.62494292      0.0038
   2013.62497146      0.0045
   2013.62500000      0.0262
   2013.62502854      0.0913
   2013.62505708      0.1749
   2013.62508562      0.3487
   2013.62511416      0.7408
   2013.62514269      1.4310
   2013.62517123      2.5218
   2013.62519977      4.1492
   2013.62522831      6.6273
   2013.62525685      9.4513
   2013.62528539     11.2533
   2013.62531393     12.2376
   2013.62534247     12.7607
   2013.62537100     13.3799
   2013.62539954     13.4795
   2013.62542808     13.7324
   2013.62545662     13.9885
   2013.62548516     14.4866
   2013.62551370     14.8443
   2013.62554224     14.6020
   2013.62557078     14.2615
   2013.62559932     13.4931
   2013.62562785     12.6171
   2013.62565639     11.6246
   2013.62568493     10.5889
   2013.62571347      9.2857
   2013.62574201      8.4679
   2013.62577055      7.5567
   2013.62579909      7.0669
   2013.62582763      5.7105
   2013.62585616      5.0788
   2013.62588470      4.8116
   2013.62591324      3.9286
   2013.62594178      3.4570
   2013.62597032      3.0963
   2013.62599886      2.9346
   2013.62602740      2.5051
   2013.62605594      2.2171
   2013.62608447      1.8970
   2013.62611301      1.6938
   2013.62614155      1.5115
   2013.62617009      1.4193
   2013.62619863      1.2184
   2013.62622717      1.0568
   2013.62625571      0.9781
   2013.62628425      0.8860
   2013.62631279      0.7987
   2013.62634132      0.7198
   2013.62636986      0.6496
   2013.62639840      0.5878
   2013.62642694      0.5327
   2013.62645548      0.4841
   2013.62648402      0.4410
   2013.62651256      0.4028
   2013.62654110      0.3687
   2013.62656963      0.3380
   2013.62659817      0.3103
   2013.62662671      0.2854
   2013.62665525      0.2629
   2013.62668379      0.2423
   2013.62671233      0.2234
   2013.62674087      0.2062
   2013.62676941      0.1905
   2013.62679795      0.1762
   2013.62682648      0.1632
   2013.62685502      0.1513
   2013.62688356      0.1404
   2013.62691210      0.1304
   2013.62694064      0.1212
   2013.62696918      0.1127
   2013.62699772      0.1049
