   2013.62465753      0.0000
   2013.62468607      0.0000
   2013.62471461      0.0000
   2013.62474315      0.0000
   2013.62477169      0.0000
   2013.62480023      0.0000
   2013.62482877      0.0000
   2013.62485731      0.0000
   2013.62488584      0.0000
   2013.62491438      0.0000
   2013.62494292      0.0000
   2013.62497146      0.0000
   2013.62500000      0.0000
   2013.62502854      0.0000
   2013.62505708      0.0000
   2013.62508562      0.0000
   2013.62511416      0.0000
   2013.62514269      0.0000
   2013.62517123      0.0000
   2013.62519977      0.0000
   2013.62522831      0.0000
   2013.62525685      0.0000
   2013.62528539      0.0000
   2013.62531393      0.0000
   2013.62534247      0.0000
   2013.62537100      0.0000
   2013.62539954      0.0000
   2013.62542808      0.0000
   2013.62545662      0.0000
   2013.62548516      0.0000
   2013.62551370      0.0000
   2013.62554224      0.0000
   2013.62557078      0.0000
   2013.62559932      0.0000
   2013.62562785      0.0000
   2013.62565639      0.0000
   2013.62568493      0.0000
   2013.62571347      0.0000
   2013.62574201      0.0000
   2013.62577055      0.0000
   2013.62579909      0.0000
   2013.62582763      0.0000
   2013.62585616      0.0000
   2013.62588470      0.0000
   2013.62591324      0.0000
   2013.62594178      0.0000
   2013.62597032      0.0000
   2013.62599886      0.0000
   2013.62602740      0.0000
   2013.62605594      0.0000
   2013.62608447      0.0000
   2013.62611301      0.0000
   2013.62614155      0.0000
   2013.62617009      0.0000
   2013.62619863      0.0000
   2013.62622717      0.0000
   2013.62625571      0.0000
   2013.62628425      0.0000
   2013.62631279      0.0000
   2013.62634132      0.0000
   2013.62636986      0.0000
   2013.62639840      0.0000
   2013.62642694      0.0000
   2013.62645548      0.0000
   2013.62648402      0.0000
   2013.62651256      0.0000
   2013.62654110      0.0000
   2013.62656963      0.0000
   2013.62659817      0.0000
   2013.62662671      0.0000
   2013.62665525      0.0000
   2013.62668379      0.0000
   2013.62671233      0.0000
   2013.62674087      0.0000
   2013.62676941      0.0000
   2013.62679795      0.0000
   2013.62682648      0.0000
   2013.62685502      0.0000
   2013.62688356      0.0000
   2013.62691210      0.0000
   2013.62694064      0.0000
   2013.62696918      0.0000
   2013.62699772      0.0000
   2013.62702626      0.0000
   2013.62705479      0.0000
   2013.62708333      0.0000
   2013.62711187      0.0000
   2013.62714041      0.0000
   2013.62716895      0.0000
   2013.62719749     12.4569
   2013.62722603     47.6217
   2013.62725457    102.6291
   2013.62728311    106.4595
   2013.62731164     77.5228
   2013.62734018     52.7216
   2013.62736872     35.4899
   2013.62739726     26.4600
   2013.62742580     20.4029
   2013.62745434     16.5198
   2013.62748288     13.8732
   2013.62751142     12.0839
   2013.62753995     10.7679
   2013.62756849      9.7620
   2013.62759703      8.8942
   2013.62762557      8.3242
   2013.62765411      7.8419
   2013.62768265      7.4074
   2013.62771119      7.1005
   2013.62773973      6.8808
   2013.62776826      6.6332
   2013.62779680      6.4590
   2013.62782534      6.3110
   2013.62785388      6.2069
   2013.62788242      6.0689
   2013.62791096      5.9609
   2013.62793950      5.8625
   2013.62796804      5.7978
   2013.62799658      5.6919
   2013.62802511      5.5978
   2013.62805365      5.6502
   2013.62808219      5.1067
   2013.62811073      5.3338
   2013.62813927      5.0625
   2013.62816781      4.8419
   2013.62819635      4.3685
   2013.62822489      4.4793
   2013.62825342      4.3363
   2013.62828196      4.0612
   2013.62831050      3.7564
   2013.62833904      3.8198
   2013.62836758      3.6930
   2013.62839612      3.7807
   2013.62842466      3.4015
   2013.62845320      3.4806
   2013.62848174      3.3330
   2013.62851027      3.2619
   2013.62853881      3.3618
   2013.62856735      3.3957
   2013.62859589      3.3647
   2013.62862443      3.4302
   2013.62865297      3.5003
   2013.62868151      3.8437
   2013.62871005      3.8998
   2013.62873858      4.1376
   2013.62876712      4.1596
   2013.62879566      4.6805
   2013.62882420      4.7117
   2013.62885274      4.9345
   2013.62888128      4.9498
   2013.62890982      5.3905
   2013.62893836      5.5929
   2013.62896689      5.8356
   2013.62899543      5.8135
   2013.62902397      6.3025
   2013.62905251      6.5482
   2013.62908105      6.7582
   2013.62910959      6.7678
   2013.62913813      7.1703
   2013.62916667      7.4828
   2013.62919521      7.5662
   2013.62922374      7.5084
   2013.62925228      7.9251
   2013.62928082      8.1578
   2013.62930936      8.1525
   2013.62933790      8.1507
   2013.62936644      8.5723
   2013.62939498      8.7041
   2013.62942352      8.7039
   2013.62945205      8.5639
   2013.62948059      8.9428
   2013.62950913      9.0690
   2013.62953767      8.9368
   2013.62956621      8.7678
   2013.62959475      9.0521
   2013.62962329      9.2176
   2013.62965183      8.9269
   2013.62968037      8.6642
   2013.62970890      8.9111
   2013.62973744      8.8617
   2013.62976598      8.7226
   2013.62979452      8.6033
   2013.62982306      8.5618
   2013.62985160      8.3591
   2013.62988014      8.1826
   2013.62990868      7.6048
   2013.62993721      8.2944
   2013.62996575      8.3362
   2013.62999429      7.9159
   2013.63002283      7.2068
   2013.63005137      7.0560
   2013.63007991      6.7807
   2013.63010845      7.1170
   2013.63013699      7.3922
   2013.63016553      6.7042
   2013.63019406      6.3699
   2013.63022260      5.8583
   2013.63025114      5.4761
   2013.63027968      5.3496
   2013.63030822      5.6545
   2013.63033676      5.3772
   2013.63036530      5.1221
   2013.63039384      4.3974
   2013.63042237      4.3319
   2013.63045091      3.6764
   2013.63047945      3.4121
   2013.63050799      3.0606
   2013.63053653      2.7772
   2013.63056507      2.6277
   2013.63059361      2.3156
   2013.63062215      2.0799
   2013.63065068      1.8021
   2013.63067922      1.6257
   2013.63070776      1.4634
   2013.63073630      1.3798
   2013.63076484      1.1863
   2013.63079338      1.0742
   2013.63082192      0.9744
   2013.63085046      0.8860
   2013.63087900      0.8038
   2013.63090753      0.7280
   2013.63093607      0.6602
   2013.63096461      0.6004
   2013.63099315      0.5470
   2013.63102169      0.4992
   2013.63105023      0.4567
   2013.63107877      0.4186
   2013.63110731      0.3843
   2013.63113584      0.3534
   2013.63116438      0.3254
   2013.63119292      0.3000
   2013.63122146      0.2770
   2013.63125000      0.2560
   2013.63127854      0.2367
   2013.63130708      0.2190
   2013.63133562      0.2028
   2013.63136416      0.1879
   2013.63139269      0.1743
   2013.63142123      0.1619
   2013.63144977      0.1505
   2013.63147831      0.1400
   2013.63150685      0.1303
   2013.63153539      0.1214
   2013.63156393      0.1132
   2013.63159247      0.1056
