   2013.62465753      0.0000
   2013.62468607      0.0000
   2013.62471461      0.0000
   2013.62474315      0.0000
   2013.62477169      0.0000
   2013.62480023      0.0000
   2013.62482877      0.0000
   2013.62485731      0.0000
   2013.62488584      0.0000
   2013.62491438      0.0000
   2013.62494292      0.0000
   2013.62497146      0.0000
   2013.62500000      0.0000
   2013.62502854      0.0000
   2013.62505708      0.0000
   2013.62508562      0.0000
   2013.62511416      0.0000
   2013.62514269      0.0000
   2013.62517123      0.0000
   2013.62519977      0.0000
   2013.62522831      0.0000
   2013.62525685      0.0000
   2013.62528539      0.0000
   2013.62531393      0.0000
   2013.62534247      0.0000
   2013.62537100      0.0000
   2013.62539954      0.0000
   2013.62542808      0.0000
   2013.62545662      0.0000
   2013.62548516      0.0000
   2013.62551370      0.0000
   2013.62554224      0.0000
   2013.62557078      0.0000
   2013.62559932      0.0000
   2013.62562785      0.0000
   2013.62565639      0.0000
   2013.62568493      0.0000
   2013.62571347      0.0005
   2013.62574201      0.0011
   2013.62577055      0.0016
   2013.62579909      0.0019
   2013.62582763      0.0012
   2013.62585616      0.0008
   2013.62588470      0.0007
   2013.62591324      0.0005
   2013.62594178      0.0005
   2013.62597032      0.0036
   2013.62599886      0.0203
   2013.62602740      0.0363
   2013.62605594      0.0476
   2013.62608447      0.0604
   2013.62611301      0.0752
   2013.62614155      0.0915
   2013.62617009      0.1092
   2013.62619863      0.1278
   2013.62622717      0.1480
   2013.62625571      0.1703
   2013.62628425      0.1969
   2013.62631279      0.2295
   2013.62634132      0.2716
   2013.62636986      0.3291
   2013.62639840      0.4077
   2013.62642694      0.5000
   2013.62645548      0.5825
   2013.62648402      0.6378
   2013.62651256      0.6632
   2013.62654110      0.6662
   2013.62656963      0.6544
   2013.62659817      0.6342
   2013.62662671      0.6087
   2013.62665525      0.5810
   2013.62668379      0.5526
   2013.62671233      0.5255
   2013.62674087      0.4986
   2013.62676941      0.4729
   2013.62679795      0.4483
   2013.62682648      0.4262
   2013.62685502      0.4044
   2013.62688356      0.3836
   2013.62691210      0.3641
   2013.62694064      0.3474
   2013.62696918      0.3306
   2013.62699772      0.3147
   2013.62702626      0.2998
   2013.62705479      0.2879
   2013.62708333      0.2754
   2013.62711187      0.2634
   2013.62714041      0.2522
   2013.62716895      0.2440
   2013.62719749      0.2345
   2013.62722603      0.2252
   2013.62725457      0.2165
   2013.62728311      0.2114
   2013.62731164      0.2045
   2013.62734018      0.1977
   2013.62736872      0.1913
   2013.62739726      0.1888
   2013.62742580      0.1841
   2013.62745434      0.1792
   2013.62748288      0.1747
   2013.62751142      0.1746
   2013.62753995      0.1718
   2013.62756849      0.1687
   2013.62759703      0.1659
   2013.62762557      0.1682
   2013.62765411      0.1672
   2013.62768265      0.1659
   2013.62771119      0.1649
   2013.62773973      0.1696
   2013.62776826      0.1705
   2013.62779680      0.1710
   2013.62782534      0.1719
   2013.62785388      0.1794
   2013.62788242      0.1828
   2013.62791096      0.1857
   2013.62793950      0.1895
   2013.62796804      0.2013
   2013.62799658      0.2092
   2013.62802511      0.2177
   2013.62805365      0.2285
   2013.62808219      0.2501
   2013.62811073      0.2671
   2013.62813927      0.2839
   2013.62816781      0.3020
   2013.62819635      0.3316
   2013.62822489      0.3541
   2013.62825342      0.3752
   2013.62828196      0.3974
   2013.62831050      0.4322
   2013.62833904      0.4578
   2013.62836758      0.4813
   2013.62839612      0.5049
   2013.62842466      0.5399
   2013.62845320      0.5685
   2013.62848174      0.5861
   2013.62851027      0.6058
   2013.62853881      0.6122
   2013.62856735      0.6729
   2013.62859589      0.6711
   2013.62862443      0.6887
   2013.62865297      0.7044
   2013.62868151      0.7354
   2013.62871005      0.7455
   2013.62873858      0.7557
   2013.62876712      0.8904
   2013.62879566      1.0193
   2013.62882420      1.0665
   2013.62885274      1.2191
   2013.62888128      1.4086
   2013.62890982      1.6431
   2013.62893836      1.8229
   2013.62896689      1.9666
   2013.62899543      2.1109
   2013.62902397      2.3669
   2013.62905251      2.4687
   2013.62908105      2.4354
   2013.62910959      2.5819
   2013.62913813      2.6841
   2013.62916667      2.7119
   2013.62919521      2.6750
   2013.62922374      2.5872
   2013.62925228      2.4033
   2013.62928082      2.2677
   2013.62930936      2.1336
   2013.62933790      2.0082
   2013.62936644      1.8841
   2013.62939498      1.7630
   2013.62942352      1.6519
   2013.62945205      1.5432
   2013.62948059      1.4365
   2013.62950913      1.3325
   2013.62953767      1.2923
   2013.62956621      1.1519
   2013.62959475      1.0617
   2013.62962329      0.9735
   2013.62965183      0.9079
   2013.62968037      0.8396
   2013.62970890      0.7755
   2013.62973744      0.7162
   2013.62976598      0.6622
   2013.62979452      0.6142
   2013.62982306      0.5709
   2013.62985160      0.5318
   2013.62988014      0.4965
   2013.62990868      0.4645
   2013.62993721      0.4352
   2013.62996575      0.4083
   2013.62999429      0.3834
   2013.63002283      0.3604
   2013.63005137      0.3392
   2013.63007991      0.3196
   2013.63010845      0.3016
   2013.63013699      0.2848
   2013.63016553      0.2694
   2013.63019406      0.2550
   2013.63022260      0.2416
   2013.63025114      0.2290
   2013.63027968      0.2172
   2013.63030822      0.2061
   2013.63033676      0.1958
   2013.63036530      0.1862
   2013.63039384      0.1772
   2013.63042237      0.1688
   2013.63045091      0.1608
   2013.63047945      0.1534
   2013.63050799      0.1464
   2013.63053653      0.1398
   2013.63056507      0.1336
   2013.63059361      0.1277
   2013.63062215      0.1222
   2013.63065068      0.1170
   2013.63067922      0.1121
   2013.63070776      0.1075
   2013.63073630      0.1031
