   2013.62465753      0.0000
   2013.62468607      0.0000
   2013.62471461      0.0000
   2013.62474315      0.0000
   2013.62477169      0.0000
   2013.62480023      0.0000
   2013.62482877      0.0000
   2013.62485731      0.0000
   2013.62488584      0.0000
   2013.62491438      0.0000
   2013.62494292      0.0000
   2013.62497146      0.0000
   2013.62500000      0.0000
   2013.62502854      0.0000
   2013.62505708      0.0000
   2013.62508562      0.0000
   2013.62511416      0.0000
   2013.62514269      0.0001
   2013.62517123      0.0001
   2013.62519977      0.0001
   2013.62522831      0.0001
   2013.62525685      0.0001
   2013.62528539      0.0001
   2013.62531393      0.0001
   2013.62534247      0.0000
   2013.62537100      0.0000
   2013.62539954      0.0000
   2013.62542808      0.0000
   2013.62545662      0.0000
   2013.62548516      0.0003
   2013.62551370      0.0005
   2013.62554224      0.0007
   2013.62557078      0.0009
   2013.62559932      0.0010
   2013.62562785      0.0011
   2013.62565639      0.0012
   2013.62568493      0.0013
   2013.62571347      0.0014
   2013.62574201      0.0017
   2013.62577055      0.0236
   2013.62579909      0.0485
   2013.62582763      0.0697
   2013.62585616      0.1017
   2013.62588470      0.1399
   2013.62591324      0.1924
   2013.62594178      0.2505
   2013.62597032      0.3143
   2013.62599886      0.4055
   2013.62602740      0.5192
   2013.62605594      0.6497
   2013.62608447      0.7949
   2013.62611301      0.9690
   2013.62614155      1.1676
   2013.62617009      1.3115
   2013.62619863      1.4091
   2013.62622717      1.4466
   2013.62625571      1.4444
   2013.62628425      1.4157
   2013.62631279      1.3709
   2013.62634132      1.3157
   2013.62636986      1.2634
   2013.62639840      1.2010
   2013.62642694      1.1780
   2013.62645548      1.0821
   2013.62648402      1.0358
   2013.62651256      0.9577
   2013.62654110      0.9273
   2013.62656963      0.8817
   2013.62659817      0.8565
   2013.62662671      0.8214
   2013.62665525      0.7849
   2013.62668379      0.7544
   2013.62671233      0.7570
   2013.62674087      0.7686
   2013.62676941      0.7430
   2013.62679795      0.7328
   2013.62682648      0.7455
   2013.62685502      0.7931
   2013.62688356      0.8118
   2013.62691210      0.8019
   2013.62694064      0.8657
   2013.62696918      0.9388
   2013.62699772      0.9573
   2013.62702626      1.0159
   2013.62705479      1.1295
   2013.62708333      1.2505
   2013.62711187      1.3899
   2013.62714041      1.5381
   2013.62716895      1.7415
   2013.62719749      1.9356
   2013.62722603      2.0685
   2013.62725457      2.1808
   2013.62728311      2.2354
   2013.62731164      2.3984
   2013.62734018      2.4752
   2013.62736872      2.4972
   2013.62739726      2.5519
   2013.62742580      2.5662
   2013.62745434      2.5470
   2013.62748288      2.5112
   2013.62751142      2.5094
   2013.62753995      2.4659
   2013.62756849      2.4077
   2013.62759703      2.3493
   2013.62762557      2.3110
   2013.62765411      2.2433
   2013.62768265      2.1801
   2013.62771119      2.1053
   2013.62773973      2.0545
   2013.62776826      1.9884
   2013.62779680      1.9238
   2013.62782534      1.8529
   2013.62785388      1.8025
   2013.62788242      1.7442
   2013.62791096      1.6879
   2013.62793950      1.6269
   2013.62796804      1.5782
   2013.62799658      1.5241
   2013.62802511      1.4718
   2013.62805365      1.4167
   2013.62808219      1.2588
   2013.62811073      1.3163
   2013.62813927      1.2720
   2013.62816781      1.2193
   2013.62819635      1.1815
   2013.62822489      1.1164
   2013.62825342      1.0907
   2013.62828196      1.0863
   2013.62831050      1.0235
   2013.62833904      0.9850
   2013.62836758      0.9490
   2013.62839612      0.9046
   2013.62842466      0.8802
   2013.62845320      0.8479
   2013.62848174      0.8150
   2013.62851027      0.7828
   2013.62853881      0.7553
   2013.62856735      0.7274
   2013.62859589      0.7006
   2013.62862443      0.6755
   2013.62865297      0.6547
   2013.62868151      0.6327
   2013.62871005      0.6111
   2013.62873858      0.5906
   2013.62876712      0.5745
   2013.62879566      0.5563
   2013.62882420      0.5385
   2013.62885274      0.5218
   2013.62888128      0.5114
   2013.62890982      0.4975
   2013.62893836      0.4834
   2013.62896689      0.4702
   2013.62899543      0.4655
   2013.62902397      0.4555
   2013.62905251      0.4450
   2013.62908105      0.4355
   2013.62910959      0.4382
   2013.62913813      0.4333
   2013.62916667      0.4273
   2013.62919521      0.4227
   2013.62922374      0.4356
   2013.62925228      0.4379
   2013.62928082      0.4386
   2013.62930936      0.4419
   2013.62933790      0.4700
   2013.62936644      0.4989
   2013.62939498      0.5033
   2013.62942352      0.5185
   2013.62945205      0.5490
   2013.62948059      0.6184
   2013.62950913      0.6608
   2013.62953767      0.7147
   2013.62956621      0.7798
   2013.62959475      0.8818
   2013.62962329      0.9311
   2013.62965183      1.0180
   2013.62968037      1.1642
   2013.62970890      1.3189
   2013.62973744      1.4854
   2013.62976598      1.6463
   2013.62979452      1.8639
   2013.62982306      2.0604
   2013.62985160      2.2170
   2013.62988014      2.3243
   2013.62990868      2.4159
   2013.62993721      2.5878
   2013.62996575      2.6682
   2013.62999429      2.7267
   2013.63002283      2.6983
   2013.63005137      2.8314
   2013.63007991      2.8443
   2013.63010845      2.8228
   2013.63013699      2.8354
   2013.63016553      2.8161
   2013.63019406      2.7539
   2013.63022260      2.6862
   2013.63025114      2.6267
   2013.63027968      2.5524
   2013.63030822      2.4566
   2013.63033676      2.3622
   2013.63036530      2.2139
   2013.63039384      2.1126
   2013.63042237      2.0070
   2013.63045091      1.9022
   2013.63047945      1.8021
   2013.63050799      1.7204
   2013.63053653      1.6024
   2013.63056507      1.5120
   2013.63059361      1.4265
   2013.63062215      1.3452
   2013.63065068      1.2663
   2013.63067922      1.1884
   2013.63070776      1.1336
   2013.63073630      1.0541
   2013.63076484      0.9685
   2013.63079338      0.9250
   2013.63082192      0.8689
   2013.63085046      0.8132
   2013.63087900      0.7602
   2013.63090753      0.7102
   2013.63093607      0.6643
   2013.63096461      0.6229
   2013.63099315      0.5850
   2013.63102169      0.5502
   2013.63105023      0.5182
   2013.63107877      0.4886
   2013.63110731      0.4612
   2013.63113584      0.4357
   2013.63116438      0.4119
   2013.63119292      0.3896
   2013.63122146      0.3689
   2013.63125000      0.3495
   2013.63127854      0.3315
   2013.63130708      0.3147
   2013.63133562      0.2990
   2013.63136416      0.2844
   2013.63139269      0.2708
   2013.63142123      0.2580
   2013.63144977      0.2461
   2013.63147831      0.2347
   2013.63150685      0.2240
   2013.63153539      0.2139
   2013.63156393      0.2044
   2013.63159247      0.1955
   2013.63162100      0.1871
   2013.63164954      0.1792
   2013.63167808      0.1717
   2013.63170662      0.1646
   2013.63173516      0.1580
   2013.63176370      0.1517
   2013.63179224      0.1457
   2013.63182078      0.1400
   2013.63184932      0.1347
   2013.63187785      0.1296
   2013.63190639      0.1248
   2013.63193493      0.1202
   2013.63196347      0.1159
   2013.63199201      0.1118
   2013.63202055      0.1079
   2013.63204909      0.1041
   2013.63207763      0.1006
