   2013.62465753      0.0000
   2013.62468607      0.0000
   2013.62471461      0.0000
   2013.62474315      0.0000
   2013.62477169      0.0000
   2013.62480023      0.0000
   2013.62482877      0.0000
   2013.62485731      0.0000
   2013.62488584      0.0000
   2013.62491438      0.0000
   2013.62494292      0.0000
   2013.62497146      0.0000
   2013.62500000      0.0000
   2013.62502854      0.0000
   2013.62505708      0.0000
   2013.62508562      0.0000
   2013.62511416      0.0000
   2013.62514269      0.0000
   2013.62517123      0.0000
   2013.62519977      0.0000
   2013.62522831      0.0000
   2013.62525685      0.0000
   2013.62528539      0.0000
   2013.62531393      0.0000
   2013.62534247      0.0000
   2013.62537100      0.0000
   2013.62539954      0.0000
   2013.62542808      0.0000
   2013.62545662      0.0000
   2013.62548516      0.0000
   2013.62551370      0.0000
   2013.62554224      0.0000
   2013.62557078      0.0000
   2013.62559932      0.0000
   2013.62562785      0.0000
   2013.62565639      0.0000
   2013.62568493      0.0000
   2013.62571347      1.0124
   2013.62574201      5.4709
   2013.62577055     12.9662
   2013.62579909     30.0844
   2013.62582763     43.4054
   2013.62585616     40.0708
   2013.62588470     33.0656
   2013.62591324     27.0671
   2013.62594178     24.2005
   2013.62597032     21.5489
   2013.62599886     20.1427
   2013.62602740     18.5519
   2013.62605594     18.6594
   2013.62608447     18.6641
   2013.62611301     18.5898
   2013.62614155     18.1695
   2013.62617009     18.8265
   2013.62619863     19.2544
   2013.62622717     19.3363
   2013.62625571     18.9896
   2013.62628425     19.7296
   2013.62631279     20.1199
   2013.62634132     20.0745
   2013.62636986     19.8786
   2013.62639840     20.7066
   2013.62642694     21.0646
   2013.62645548     21.0499
   2013.62648402     19.6376
   2013.62651256     19.9209
   2013.62654110     18.9569
   2013.62656963     17.4831
   2013.62659817     16.1784
   2013.62662671     15.8377
   2013.62665525     14.8842
   2013.62668379     13.7864
   2013.62671233     13.1283
   2013.62674087     13.0644
   2013.62676941     12.8363
   2013.62679795     12.5504
   2013.62682648     12.7321
   2013.62685502     13.2613
   2013.62688356     13.4002
   2013.62691210     13.1908
   2013.62694064     13.2870
   2013.62696918     13.3508
   2013.62699772     13.5699
   2013.62702626     13.1885
   2013.62705479     13.1278
   2013.62708333     13.0987
   2013.62711187     13.0590
   2013.62714041     12.7111
   2013.62716895     12.7011
   2013.62719749     12.6823
   2013.62722603     12.5760
   2013.62725457     12.2022
   2013.62728311     11.7304
   2013.62731164     12.0956
   2013.62734018     11.9370
   2013.62736872     11.5654
   2013.62739726     11.0261
   2013.62742580     11.4229
   2013.62745434     11.2390
   2013.62748288     11.0008
   2013.62751142     10.3506
   2013.62753995     10.7325
   2013.62756849     10.5633
   2013.62759703     10.3108
   2013.62762557      9.7708
   2013.62765411     10.1343
   2013.62768265      9.9828
   2013.62771119      9.7429
   2013.62773973      9.2884
   2013.62776826      9.5919
   2013.62779680      9.6370
   2013.62782534      9.2179
   2013.62785388      8.8979
   2013.62788242      9.0902
   2013.62791096      9.1386
   2013.62793950      8.7522
   2013.62796804      8.4754
   2013.62799658      8.7150
   2013.62802511      8.6632
   2013.62805365      8.5134
   2013.62808219      8.2586
   2013.62811073      8.5069
   2013.62813927      8.4835
   2013.62816781      8.3852
   2013.62819635      8.1607
   2013.62822489      8.9813
   2013.62825342      9.3108
   2013.62828196      8.9312
   2013.62831050      8.2439
   2013.62833904      7.8287
   2013.62836758      7.6768
   2013.62839612      8.3032
   2013.62842466      9.0284
   2013.62845320      9.0785
   2013.62848174      8.5905
   2013.62851027      7.9043
   2013.62853881      7.1921
   2013.62856735      6.7480
   2013.62859589      6.8013
   2013.62862443      7.1714
   2013.62865297      7.3089
   2013.62868151      7.0143
   2013.62871005      6.8510
   2013.62873858      6.1190
   2013.62876712      5.4924
   2013.62879566      5.0438
   2013.62882420      4.7836
   2013.62885274      4.3350
   2013.62888128      4.4973
   2013.62890982      4.0480
   2013.62893836      3.5247
   2013.62896689      3.1394
   2013.62899543      3.0583
   2013.62902397      2.5837
   2013.62905251      2.2918
   2013.62908105      2.0440
   2013.62910959      1.8275
   2013.62913813      1.5765
   2013.62916667      1.4195
   2013.62919521      1.3360
   2013.62922374      1.1671
   2013.62925228      1.0284
   2013.62928082      0.9583
   2013.62930936      0.8764
   2013.62933790      0.7983
   2013.62936644      0.7268
   2013.62939498      0.6620
   2013.62942352      0.6042
   2013.62945205      0.5522
   2013.62948059      0.5057
   2013.62950913      0.4642
   2013.62953767      0.4270
   2013.62956621      0.3934
   2013.62959475      0.3630
   2013.62962329      0.3353
   2013.62965183      0.3100
   2013.62968037      0.2869
   2013.62970890      0.2659
   2013.62973744      0.2465
   2013.62976598      0.2287
   2013.62979452      0.2122
   2013.62982306      0.1970
   2013.62985160      0.1831
   2013.62988014      0.1703
   2013.62990868      0.1585
   2013.62993721      0.1477
   2013.62996575      0.1377
   2013.62999429      0.1285
   2013.63002283      0.1200
   2013.63005137      0.1121
   2013.63007991      0.1048
