   2013.62465753      0.0000
   2013.62468607      0.0000
   2013.62471461      0.0000
   2013.62474315      0.0000
   2013.62477169      0.0000
   2013.62480023      0.0011
   2013.62482877      0.0034
   2013.62485731      0.0053
   2013.62488584      0.0074
   2013.62491438      0.0591
   2013.62494292      0.1323
   2013.62497146      0.2941
   2013.62500000      0.6751
   2013.62502854      1.4681
   2013.62505708      2.6337
   2013.62508562      4.2882
   2013.62511416      6.3378
   2013.62514269      8.8455
   2013.62517123     10.0053
   2013.62519977      9.9476
   2013.62522831      9.2477
   2013.62525685      8.5676
   2013.62528539      8.1517
   2013.62531393      6.4615
   2013.62534247      6.1241
   2013.62537100      4.9077
   2013.62539954      4.2487
   2013.62542808      3.6846
   2013.62545662      3.2834
   2013.62548516      2.8909
   2013.62551370      2.6526
   2013.62554224      2.1967
   2013.62557078      1.9834
   2013.62559932      1.7761
   2013.62562785      1.5883
   2013.62565639      1.4186
   2013.62568493      1.2557
   2013.62571347      1.1868
   2013.62574201      1.0464
   2013.62577055      0.9770
   2013.62579909      0.9204
   2013.62582763      0.8494
   2013.62585616      0.7781
   2013.62588470      0.7159
   2013.62591324      0.6904
   2013.62594178      0.6494
   2013.62597032      0.6082
   2013.62599886      0.5741
   2013.62602740      0.5784
   2013.62605594      0.5599
   2013.62608447      0.5389
   2013.62611301      0.5238
   2013.62614155      0.5502
   2013.62617009      0.5509
   2013.62619863      0.5593
   2013.62622717      0.5586
   2013.62625571      0.5901
   2013.62628425      0.6538
   2013.62631279      0.6841
   2013.62634132      0.6992
   2013.62636986      0.8026
   2013.62639840      0.9129
   2013.62642694      0.9606
   2013.62645548      1.0578
   2013.62648402      1.2465
   2013.62651256      1.4557
   2013.62654110      1.6702
   2013.62656963      1.8536
   2013.62659817      2.1205
   2013.62662671      2.3334
   2013.62665525      2.4429
   2013.62668379      2.5747
   2013.62671233      2.6664
   2013.62674087      2.8526
   2013.62676941      2.9456
   2013.62679795      3.0247
   2013.62682648      2.9404
   2013.62685502      3.1540
   2013.62688356      3.2039
   2013.62691210      3.4084
   2013.62694064      3.0686
   2013.62696918      3.2726
   2013.62699772      3.2695
   2013.62702626      3.3999
   2013.62705479      3.0806
   2013.62708333      3.2207
   2013.62711187      3.1863
   2013.62714041      3.0617
   2013.62716895      2.9712
   2013.62719749      3.0476
   2013.62722603      2.9942
   2013.62725457      2.8989
   2013.62728311      2.8731
   2013.62731164      2.8152
   2013.62734018      2.7106
   2013.62736872      2.6165
   2013.62739726      2.5132
   2013.62742580      2.4780
   2013.62745434      2.3866
   2013.62748288      2.2343
   2013.62751142      2.1850
   2013.62753995      2.1338
   2013.62756849      2.0055
   2013.62759703      1.9106
   2013.62762557      1.8435
   2013.62765411      1.7936
   2013.62768265      1.6832
   2013.62771119      1.5999
   2013.62773973      1.4755
   2013.62776826      1.5068
   2013.62779680      1.3910
   2013.62782534      1.3163
   2013.62785388      1.2558
   2013.62788242      1.1691
   2013.62791096      1.1597
   2013.62793950      1.0630
   2013.62796804      1.0100
   2013.62799658      0.9393
   2013.62802511      0.8953
   2013.62805365      0.8435
   2013.62808219      0.8027
   2013.62811073      0.7568
   2013.62813927      0.7102
   2013.62816781      0.6674
   2013.62819635      0.6402
   2013.62822489      0.6056
   2013.62825342      0.5704
   2013.62828196      0.5378
   2013.62831050      0.5237
   2013.62833904      0.5036
   2013.62836758      0.4808
   2013.62839612      0.4605
   2013.62842466      0.4399
   2013.62845320      0.4163
   2013.62848174      0.3913
   2013.62851027      0.3674
   2013.62853881      0.3467
   2013.62856735      0.3299
   2013.62859589      0.3173
   2013.62862443      0.3087
   2013.62865297      0.3031
   2013.62868151      0.2982
   2013.62871005      0.2917
   2013.62873858      0.2824
   2013.62876712      0.2706
   2013.62879566      0.2573
   2013.62882420      0.2436
   2013.62885274      0.2305
   2013.62888128      0.2186
   2013.62890982      0.2086
   2013.62893836      0.2006
   2013.62896689      0.1949
   2013.62899543      0.1910
   2013.62902397      0.1886
   2013.62905251      0.1872
   2013.62908105      0.1861
   2013.62910959      0.1849
   2013.62913813      0.1836
   2013.62916667      0.1821
   2013.62919521      0.1804
   2013.62922374      0.1789
   2013.62925228      0.1777
   2013.62928082      0.1773
   2013.62930936      0.1779
   2013.62933790      0.1803
   2013.62936644      0.1852
   2013.62939498      0.1928
   2013.62942352      0.2029
   2013.62945205      0.2145
   2013.62948059      0.2262
   2013.62950913      0.2365
   2013.62953767      0.2443
   2013.62956621      0.2491
   2013.62959475      0.2508
   2013.62962329      0.2497
   2013.62965183      0.2462
   2013.62968037      0.2407
   2013.62970890      0.2338
   2013.62973744      0.2258
   2013.62976598      0.2168
   2013.62979452      0.2073
   2013.62982306      0.1974
   2013.62985160      0.1876
   2013.62988014      0.1778
   2013.62990868      0.1682
   2013.62993721      0.1590
   2013.62996575      0.1501
   2013.62999429      0.1416
   2013.63002283      0.1334
   2013.63005137      0.1257
   2013.63007991      0.1183
   2013.63010845      0.1114
   2013.63013699      0.1048
