   2013.62465753      0.0000
   2013.62468607      0.0000
   2013.62471461      0.0000
   2013.62474315      0.0000
   2013.62477169      0.0000
   2013.62480023      0.0000
   2013.62482877      0.0000
   2013.62485731      0.0000
   2013.62488584      0.0000
   2013.62491438      0.0000
   2013.62494292      0.0000
   2013.62497146      0.0000
   2013.62500000      0.0000
   2013.62502854      0.0000
   2013.62505708      0.0000
   2013.62508562      0.0000
   2013.62511416      0.0000
   2013.62514269      0.0000
   2013.62517123      0.0000
   2013.62519977      0.0000
   2013.62522831      0.0000
   2013.62525685      0.0000
   2013.62528539      0.0000
   2013.62531393      0.0000
   2013.62534247      0.0000
   2013.62537100      0.0000
   2013.62539954      0.0000
   2013.62542808      0.0000
   2013.62545662      0.0000
   2013.62548516      0.0000
   2013.62551370      0.0000
   2013.62554224      0.0000
   2013.62557078      0.0000
   2013.62559932      0.0000
   2013.62562785      0.0000
   2013.62565639      0.0000
   2013.62568493      0.0000
   2013.62571347      0.0392
   2013.62574201      0.0802
   2013.62577055      0.1337
   2013.62579909      0.2785
   2013.62582763      0.5320
   2013.62585616      0.8604
   2013.62588470      1.2407
   2013.62591324      1.7991
   2013.62594178      2.6554
   2013.62597032      3.8689
   2013.62599886      5.0330
   2013.62602740      5.4740
   2013.62605594      5.4122
   2013.62608447      5.0643
   2013.62611301      4.7190
   2013.62614155      4.4004
   2013.62617009      4.1099
   2013.62619863      3.8601
   2013.62622717      3.6448
   2013.62625571      3.5180
   2013.62628425      3.3893
   2013.62631279      3.2939
   2013.62634132      3.2339
   2013.62636986      3.2532
   2013.62639840      3.2459
   2013.62642694      3.2673
   2013.62645548      3.3154
   2013.62648402      3.5121
   2013.62651256      3.4654
   2013.62654110      3.5407
   2013.62656963      3.6597
   2013.62659817      3.7911
   2013.62662671      3.8701
   2013.62665525      3.8521
   2013.62668379      3.9583
   2013.62671233      3.8081
   2013.62674087      4.0026
   2013.62676941      3.9509
   2013.62679795      3.8962
   2013.62682648      3.8037
   2013.62685502      3.7659
   2013.62688356      3.6941
   2013.62691210      3.6444
   2013.62694064      3.3500
   2013.62696918      3.5039
   2013.62699772      3.4233
   2013.62702626      3.5132
   2013.62705479      3.1578
   2013.62708333      3.1760
   2013.62711187      3.1062
   2013.62714041      3.0109
   2013.62716895      2.9250
   2013.62719749      2.9597
   2013.62722603      3.1926
   2013.62725457      2.8776
   2013.62728311      2.8298
   2013.62731164      2.8943
   2013.62734018      2.9105
   2013.62736872      2.8490
   2013.62739726      2.7888
   2013.62742580      2.8378
   2013.62745434      2.8270
   2013.62748288      2.7548
   2013.62751142      2.7717
   2013.62753995      2.7009
   2013.62756849      2.6707
   2013.62759703      2.5922
   2013.62762557      2.6589
   2013.62765411      2.5758
   2013.62768265      2.4879
   2013.62771119      2.4189
   2013.62773973      2.3624
   2013.62776826      2.4119
   2013.62779680      2.3648
   2013.62782534      2.2788
   2013.62785388      2.2066
   2013.62788242      2.1246
   2013.62791096      2.0945
   2013.62793950      2.0971
   2013.62796804      2.0810
   2013.62799658      2.0069
   2013.62802511      1.9250
   2013.62805365      1.8559
   2013.62808219      1.8041
   2013.62811073      1.8372
   2013.62813927      1.7914
   2013.62816781      1.7275
   2013.62819635      1.6632
   2013.62822489      1.6015
   2013.62825342      1.5945
   2013.62828196      1.5871
   2013.62831050      1.5881
   2013.62833904      1.5440
   2013.62836758      1.4885
   2013.62839612      1.4142
   2013.62842466      1.3741
   2013.62845320      1.3413
   2013.62848174      1.3077
   2013.62851027      1.2979
   2013.62853881      1.2419
   2013.62856735      1.2124
   2013.62859589      1.1800
   2013.62862443      1.1632
   2013.62865297      1.1500
   2013.62868151      1.1351
   2013.62871005      1.1140
   2013.62873858      1.0865
   2013.62876712      1.0558
   2013.62879566      1.0250
   2013.62882420      0.9950
   2013.62885274      1.0012
   2013.62888128      0.9382
   2013.62890982      0.9125
   2013.62893836      0.8814
   2013.62896689      0.8500
   2013.62899543      0.8178
   2013.62902397      0.7844
   2013.62905251      0.7509
   2013.62908105      0.7183
   2013.62910959      0.6871
   2013.62913813      0.6570
   2013.62916667      0.6280
   2013.62919521      0.5997
   2013.62922374      0.5723
   2013.62925228      0.5462
   2013.62928082      0.5213
   2013.62930936      0.4976
   2013.62933790      0.4749
   2013.62936644      0.4532
   2013.62939498      0.4322
   2013.62942352      0.4118
   2013.62945205      0.3921
   2013.62948059      0.3730
   2013.62950913      0.3544
   2013.62953767      0.3365
   2013.62956621      0.3192
   2013.62959475      0.3026
   2013.62962329      0.2867
   2013.62965183      0.2715
   2013.62968037      0.2571
   2013.62970890      0.2432
   2013.62973744      0.2300
   2013.62976598      0.2172
   2013.62979452      0.2050
   2013.62982306      0.1935
   2013.62985160      0.1825
   2013.62988014      0.1722
   2013.62990868      0.1625
   2013.62993721      0.1533
   2013.62996575      0.1446
   2013.62999429      0.1364
   2013.63002283      0.1287
   2013.63005137      0.1215
   2013.63007991      0.1146
   2013.63010845      0.1081
   2013.63013699      0.1020
