   2013.62465753      0.0000
   2013.62468607      0.0000
   2013.62471461      0.0000
   2013.62474315      0.0000
   2013.62477169      0.0000
   2013.62480023      0.0000
   2013.62482877      0.0000
   2013.62485731      0.0000
   2013.62488584      0.0000
   2013.62491438      0.0000
   2013.62494292      0.0000
   2013.62497146      0.0000
   2013.62500000      0.0000
   2013.62502854      0.0000
   2013.62505708      0.0000
   2013.62508562      0.0000
   2013.62511416      0.0000
   2013.62514269      0.0000
   2013.62517123      0.0000
   2013.62519977      0.0000
   2013.62522831      0.0000
   2013.62525685      0.0000
   2013.62528539      0.0000
   2013.62531393      0.0000
   2013.62534247      0.0000
   2013.62537100      0.0000
   2013.62539954      0.0000
   2013.62542808      0.0000
   2013.62545662      0.0000
   2013.62548516      0.0000
   2013.62551370      0.0000
   2013.62554224      0.0000
   2013.62557078      0.0000
   2013.62559932      0.0000
   2013.62562785      0.0000
   2013.62565639      0.0000
   2013.62568493      0.0000
   2013.62571347      0.0000
   2013.62574201      0.0000
   2013.62577055      0.0000
   2013.62579909      0.0000
   2013.62582763      0.0000
   2013.62585616      0.0000
   2013.62588470      0.0000
   2013.62591324      0.0000
   2013.62594178      0.0000
   2013.62597032      0.0000
   2013.62599886      0.0000
   2013.62602740      0.0000
   2013.62605594      0.0007
   2013.62608447      0.0015
   2013.62611301      0.0021
   2013.62614155      0.0026
   2013.62617009      0.0031
   2013.62619863      0.0036
   2013.62622717      0.0266
   2013.62625571      0.0679
   2013.62628425      0.1194
   2013.62631279      0.2158
   2013.62634132      0.3686
   2013.62636986      0.6045
   2013.62639840      0.9646
   2013.62642694      1.5104
   2013.62645548      2.3343
   2013.62648402      3.3575
   2013.62651256      4.4824
   2013.62654110      5.3056
   2013.62656963      5.8158
   2013.62659817      5.6482
   2013.62662671      5.6107
   2013.62665525      5.2913
   2013.62668379      5.2458
   2013.62671233      4.6181
   2013.62674087      4.2056
   2013.62676941      4.0939
   2013.62679795      3.5615
   2013.62682648      3.2088
   2013.62685502      2.9276
   2013.62688356      2.6504
   2013.62691210      2.3970
   2013.62694064      2.1628
   2013.62696918      1.9547
   2013.62699772      1.7782
   2013.62702626      1.6222
   2013.62705479      1.4839
   2013.62708333      1.3582
   2013.62711187      1.2958
   2013.62714041      1.1527
   2013.62716895      1.0622
   2013.62719749      0.9737
   2013.62722603      0.9062
   2013.62725457      0.8385
   2013.62728311      0.7778
   2013.62731164      0.7210
   2013.62734018      0.6695
   2013.62736872      0.6241
   2013.62739726      0.5854
   2013.62742580      0.5492
   2013.62745434      0.5162
   2013.62748288      0.4863
   2013.62751142      0.4612
   2013.62753995      0.4365
   2013.62756849      0.4133
   2013.62759703      0.3920
   2013.62762557      0.3745
   2013.62765411      0.3568
   2013.62768265      0.3401
   2013.62771119      0.3247
   2013.62773973      0.3127
   2013.62776826      0.3001
   2013.62779680      0.2880
   2013.62782534      0.2767
   2013.62785388      0.2686
   2013.62788242      0.2595
   2013.62791096      0.2506
   2013.62793950      0.2423
   2013.62796804      0.2366
   2013.62799658      0.2298
   2013.62802511      0.2232
   2013.62805365      0.2170
   2013.62808219      0.2133
   2013.62811073      0.2085
   2013.62813927      0.2038
   2013.62816781      0.1994
   2013.62819635      0.1972
   2013.62822489      0.1938
   2013.62825342      0.1905
   2013.62828196      0.1874
   2013.62831050      0.1863
   2013.62833904      0.1840
   2013.62836758      0.1818
   2013.62839612      0.1798
   2013.62842466      0.1795
   2013.62845320      0.1783
   2013.62848174      0.1771
   2013.62851027      0.1760
   2013.62853881      0.1765
   2013.62856735      0.1762
   2013.62859589      0.1758
   2013.62862443      0.1757
   2013.62865297      0.1769
   2013.62868151      0.1773
   2013.62871005      0.1777
   2013.62873858      0.1783
   2013.62876712      0.1801
   2013.62879566      0.1811
   2013.62882420      0.1821
   2013.62885274      0.1832
   2013.62888128      0.1854
   2013.62890982      0.1868
   2013.62893836      0.1882
   2013.62896689      0.1896
   2013.62899543      0.1914
   2013.62902397      0.1929
   2013.62905251      0.1942
   2013.62908105      0.1953
   2013.62910959      0.1967
   2013.62913813      0.1976
   2013.62916667      0.1982
   2013.62919521      0.1985
   2013.62922374      0.1995
   2013.62925228      0.1994
   2013.62928082      0.1990
   2013.62930936      0.1982
   2013.62933790      0.1984
   2013.62936644      0.1974
   2013.62939498      0.1962
   2013.62942352      0.1947
   2013.62945205      0.1944
   2013.62948059      0.1929
   2013.62950913      0.1912
   2013.62953767      0.1894
   2013.62956621      0.1890
   2013.62959475      0.1873
   2013.62962329      0.1854
   2013.62965183      0.1834
   2013.62968037      0.1830
   2013.62970890      0.1813
   2013.62973744      0.1793
   2013.62976598      0.1773
   2013.62979452      0.1773
   2013.62982306      0.1758
   2013.62985160      0.1741
   2013.62988014      0.1724
   2013.62990868      0.1731
   2013.62993721      0.1721
   2013.62996575      0.1708
   2013.62999429      0.1695
   2013.63002283      0.1711
   2013.63005137      0.1706
   2013.63007991      0.1699
   2013.63010845      0.1693
   2013.63013699      0.1719
   2013.63016553      0.1722
   2013.63019406      0.1722
   2013.63022260      0.1723
   2013.63025114      0.1725
   2013.63027968      0.1728
   2013.63030822      0.1731
   2013.63033676      0.1734
   2013.63036530      0.1736
   2013.63039384      0.1737
   2013.63042237      0.1739
   2013.63045091      0.1740
   2013.63047945      0.1740
   2013.63050799      0.1739
   2013.63053653      0.1735
   2013.63056507      0.1731
   2013.63059361      0.1726
   2013.63062215      0.1722
   2013.63065068      0.1717
   2013.63067922      0.1713
   2013.63070776      0.1711
   2013.63073630      0.1709
   2013.63076484      0.1708
   2013.63079338      0.1708
   2013.63082192      0.1708
   2013.63085046      0.1709
   2013.63087900      0.1709
   2013.63090753      0.1709
   2013.63093607      0.1709
   2013.63096461      0.1708
   2013.63099315      0.1707
   2013.63102169      0.1704
   2013.63105023      0.1701
   2013.63107877      0.1697
   2013.63110731      0.1690
   2013.63113584      0.1682
   2013.63116438      0.1672
   2013.63119292      0.1660
   2013.63122146      0.1645
   2013.63125000      0.1627
   2013.63127854      0.1607
   2013.63130708      0.1585
   2013.63133562      0.1560
   2013.63136416      0.1534
   2013.63139269      0.1505
   2013.63142123      0.1476
   2013.63144977      0.1445
   2013.63147831      0.1414
   2013.63150685      0.1382
   2013.63153539      0.1350
   2013.63156393      0.1317
   2013.63159247      0.1284
   2013.63162100      0.1252
   2013.63164954      0.1220
   2013.63167808      0.1188
   2013.63170662      0.1156
   2013.63173516      0.1125
   2013.63176370      0.1095
   2013.63179224      0.1065
   2013.63182078      0.1036
   2013.63184932      0.1008
