   2013.62465753      0.0000
   2013.62468607      0.0000
   2013.62471461      0.0000
   2013.62474315      0.0000
   2013.62477169      0.0000
   2013.62480023      0.0000
   2013.62482877      0.0000
   2013.62485731      0.0000
   2013.62488584      0.0000
   2013.62491438      0.0000
   2013.62494292      0.0000
   2013.62497146      0.0000
   2013.62500000      0.0000
   2013.62502854      0.0000
   2013.62505708      0.0000
   2013.62508562      0.0000
   2013.62511416      0.0000
   2013.62514269      0.0000
   2013.62517123      0.0000
   2013.62519977      0.0000
   2013.62522831      0.0000
   2013.62525685      0.0000
   2013.62528539      0.0000
   2013.62531393      0.0000
   2013.62534247      0.0000
   2013.62537100      0.0000
   2013.62539954      0.0000
   2013.62542808      0.0000
   2013.62545662      0.0000
   2013.62548516      0.0000
   2013.62551370      0.0000
   2013.62554224      0.0000
   2013.62557078      0.0000
   2013.62559932      0.0000
   2013.62562785      0.0000
   2013.62565639      0.0000
   2013.62568493      0.0000
   2013.62571347      0.0000
   2013.62574201      0.0000
   2013.62577055      0.0000
   2013.62579909      0.0000
   2013.62582763      0.0000
   2013.62585616      0.0000
   2013.62588470      0.0000
   2013.62591324      0.0000
   2013.62594178      0.0000
   2013.62597032      0.0000
   2013.62599886      0.0000
   2013.62602740      0.0000
   2013.62605594      0.0000
   2013.62608447      0.0000
   2013.62611301      0.0000
   2013.62614155      0.0000
   2013.62617009      0.0000
   2013.62619863      0.0000
   2013.62622717      0.0000
   2013.62625571      0.0000
   2013.62628425      0.0000
   2013.62631279      0.0000
   2013.62634132      0.0000
   2013.62636986      0.0000
   2013.62639840      0.0011
   2013.62642694      0.0028
   2013.62645548      0.0042
   2013.62648402      0.0056
   2013.62651256      0.0368
   2013.62654110      0.1076
   2013.62656963      0.3169
   2013.62659817      1.4872
   2013.62662671      6.6636
   2013.62665525     11.5141
   2013.62668379     13.1101
   2013.62671233     13.4843
   2013.62674087     13.1237
   2013.62676941     12.7746
   2013.62679795     12.0292
   2013.62682648     11.1328
   2013.62685502     10.0208
   2013.62688356      9.1492
   2013.62691210      8.4998
   2013.62694064      7.3290
   2013.62696918      6.9872
   2013.62699772      5.5813
   2013.62702626      4.8844
   2013.62705479      4.2020
   2013.62708333      3.6779
   2013.62711187      3.2552
   2013.62714041      3.0000
   2013.62716895      2.5709
   2013.62719749      2.1611
   2013.62722603      1.9093
   2013.62725457      1.6877
   2013.62728311      1.4930
   2013.62731164      1.3590
   2013.62734018      1.1866
   2013.62736872      1.0438
   2013.62739726      0.9503
   2013.62742580      0.8544
   2013.62745434      0.7670
   2013.62748288      0.6892
   2013.62751142      0.6209
   2013.62753995      0.5608
   2013.62756849      0.5076
   2013.62759703      0.4608
   2013.62762557      0.4195
   2013.62765411      0.3828
   2013.62768265      0.3500
   2013.62771119      0.3206
   2013.62773973      0.2942
   2013.62776826      0.2704
   2013.62779680      0.2488
   2013.62782534      0.2290
   2013.62785388      0.2110
   2013.62788242      0.1946
   2013.62791096      0.1796
   2013.62793950      0.1660
   2013.62796804      0.1536
   2013.62799658      0.1423
   2013.62802511      0.1319
   2013.62805365      0.1224
   2013.62808219      0.1137
   2013.62811073      0.1056
