   2013.62465753      0.0000
   2013.62468607      0.0000
   2013.62471461      0.0000
   2013.62474315      0.0000
   2013.62477169      0.0000
   2013.62480023      0.0000
   2013.62482877      0.0000
   2013.62485731      0.0000
   2013.62488584      0.0000
   2013.62491438      0.0000
   2013.62494292      0.0000
   2013.62497146      0.0000
   2013.62500000      0.0000
   2013.62502854      0.0000
   2013.62505708      0.0000
   2013.62508562      0.0000
   2013.62511416      0.0000
   2013.62514269      0.0000
   2013.62517123      0.0000
   2013.62519977      0.0000
   2013.62522831      0.0000
   2013.62525685      0.0000
   2013.62528539      0.0000
   2013.62531393      0.0000
   2013.62534247      0.0000
   2013.62537100      0.0000
   2013.62539954      0.0000
   2013.62542808      0.0000
   2013.62545662      0.0000
   2013.62548516      0.0000
   2013.62551370      0.0000
   2013.62554224      0.0000
   2013.62557078      0.0000
   2013.62559932      0.0000
   2013.62562785      0.0000
   2013.62565639      0.0000
   2013.62568493      0.0000
   2013.62571347      0.0000
   2013.62574201      0.0000
   2013.62577055      0.0000
   2013.62579909      0.0000
   2013.62582763      0.0000
   2013.62585616      0.0000
   2013.62588470      0.0000
   2013.62591324      0.0000
   2013.62594178      0.0000
   2013.62597032      0.0000
   2013.62599886      0.0000
   2013.62602740      0.0000
   2013.62605594      0.0000
   2013.62608447      0.0000
   2013.62611301      0.0000
   2013.62614155      0.0000
   2013.62617009      0.0000
   2013.62619863      0.0000
   2013.62622717      0.0000
   2013.62625571      0.0000
   2013.62628425      0.0000
   2013.62631279      0.0000
   2013.62634132      0.0000
   2013.62636986      0.0000
   2013.62639840      0.0000
   2013.62642694      0.0000
   2013.62645548      0.0000
   2013.62648402      0.0000
   2013.62651256      0.0000
   2013.62654110      0.0000
   2013.62656963      0.0000
   2013.62659817      0.0000
   2013.62662671      0.0000
   2013.62665525      0.0000
   2013.62668379      0.0000
   2013.62671233      0.0000
   2013.62674087      0.0000
   2013.62676941      0.0000
   2013.62679795      0.0000
   2013.62682648      0.0000
   2013.62685502     21.5478
   2013.62688356     85.8390
   2013.62691210    142.1789
   2013.62694064    132.7113
   2013.62696918     87.7106
   2013.62699772     55.0757
   2013.62702626     35.4101
   2013.62705479     25.2204
   2013.62708333     18.9671
   2013.62711187     15.1930
   2013.62714041     12.5759
   2013.62716895     10.4422
   2013.62719749      9.0684
   2013.62722603      7.9870
   2013.62725457      7.2900
   2013.62728311      6.4447
   2013.62731164      5.7949
   2013.62734018      5.2143
   2013.62736872      4.7666
   2013.62739726      4.3528
   2013.62742580      4.0525
   2013.62745434      3.7805
   2013.62748288      3.5544
   2013.62751142      3.3720
   2013.62753995      3.2229
   2013.62756849      3.1018
   2013.62759703      2.9980
   2013.62762557      2.8739
   2013.62765411      2.7615
   2013.62768265      2.6530
   2013.62771119      2.4765
   2013.62773973      2.3667
   2013.62776826      2.2472
   2013.62779680      2.1259
   2013.62782534      2.0039
   2013.62785388      1.8748
   2013.62788242      1.7517
   2013.62791096      1.6380
   2013.62793950      1.5283
   2013.62796804      1.4212
   2013.62799658      1.3169
   2013.62802511      1.2733
   2013.62805365      1.1215
   2013.62808219      1.0351
   2013.62811073      0.9530
   2013.62813927      0.8779
   2013.62816781      0.8054
   2013.62819635      0.7363
   2013.62822489      0.6726
   2013.62825342      0.6153
   2013.62828196      0.5633
   2013.62831050      0.5161
   2013.62833904      0.4735
   2013.62836758      0.4350
   2013.62839612      0.4001
   2013.62842466      0.3683
   2013.62845320      0.3392
   2013.62848174      0.3128
   2013.62851027      0.2886
   2013.62853881      0.2666
   2013.62856735      0.2463
   2013.62859589      0.2276
   2013.62862443      0.2104
   2013.62865297      0.1945
   2013.62868151      0.1800
   2013.62871005      0.1667
   2013.62873858      0.1545
   2013.62876712      0.1432
   2013.62879566      0.1329
   2013.62882420      0.1234
   2013.62885274      0.1146
   2013.62888128      0.1065
