   2013.62465753      0.0000
   2013.62468607      0.0000
   2013.62471461      0.0000
   2013.62474315      0.0000
   2013.62477169      0.0000
   2013.62480023      0.0000
   2013.62482877      0.0000
   2013.62485731      0.0000
   2013.62488584      0.0000
   2013.62491438      0.0000
   2013.62494292      0.0000
   2013.62497146      0.0000
   2013.62500000      0.0000
   2013.62502854      0.0000
   2013.62505708      0.0000
   2013.62508562      0.0000
   2013.62511416      0.0000
   2013.62514269      0.0000
   2013.62517123      0.0000
   2013.62519977      0.0000
   2013.62522831      0.0000
   2013.62525685      0.0000
   2013.62528539      0.0000
   2013.62531393      0.0000
   2013.62534247      0.0000
   2013.62537100      0.0000
   2013.62539954      0.0000
   2013.62542808      0.0000
   2013.62545662      0.0000
   2013.62548516      0.0000
   2013.62551370      0.0000
   2013.62554224      0.0000
   2013.62557078      0.0000
   2013.62559932      0.0000
   2013.62562785      0.0000
   2013.62565639      0.0000
   2013.62568493      0.0000
   2013.62571347      0.0000
   2013.62574201      0.0000
   2013.62577055      0.0000
   2013.62579909      0.0000
   2013.62582763      0.0000
   2013.62585616      0.0000
   2013.62588470      0.0000
   2013.62591324      0.0000
   2013.62594178      0.0000
   2013.62597032      0.0000
   2013.62599886      0.0000
   2013.62602740      0.0000
   2013.62605594      0.0060
   2013.62608447      0.0093
   2013.62611301      0.0425
   2013.62614155      0.0850
   2013.62617009      0.1567
   2013.62619863      0.2877
   2013.62622717      0.4916
   2013.62625571      0.8116
   2013.62628425      1.2540
   2013.62631279      1.9386
   2013.62634132      3.0112
   2013.62636986      4.3034
   2013.62639840      5.6397
   2013.62642694      6.4036
   2013.62645548      6.9525
   2013.62648402      7.1770
   2013.62651256      7.4713
   2013.62654110      7.7251
   2013.62656963      8.0659
   2013.62659817      8.3602
   2013.62662671      8.6801
   2013.62665525      8.9414
   2013.62668379      9.2765
   2013.62671233      9.1499
   2013.62674087      8.9275
   2013.62676941      8.5539
   2013.62679795      7.9961
   2013.62682648      7.5087
   2013.62685502      6.5641
   2013.62688356      6.3341
   2013.62691210      5.1988
   2013.62694064      5.0942
   2013.62696918      4.0266
   2013.62699772      3.5449
   2013.62702626      3.1688
   2013.62705479      3.0181
   2013.62708333      2.5525
   2013.62711187      2.2518
   2013.62714041      1.9212
   2013.62716895      1.7113
   2013.62719749      1.5243
   2013.62722603      1.4291
   2013.62725457      1.2251
   2013.62728311      1.0618
   2013.62731164      0.9820
   2013.62734018      0.8891
   2013.62736872      0.8012
   2013.62739726      0.7220
   2013.62742580      0.6517
   2013.62745434      0.5897
   2013.62748288      0.5347
   2013.62751142      0.4860
   2013.62753995      0.4429
   2013.62756849      0.4047
   2013.62759703      0.3705
   2013.62762557      0.3398
   2013.62765411      0.3121
   2013.62768265      0.2871
   2013.62771119      0.2644
   2013.62773973      0.2438
   2013.62776826      0.2248
   2013.62779680      0.2075
   2013.62782534      0.1917
   2013.62785388      0.1773
   2013.62788242      0.1641
   2013.62791096      0.1521
   2013.62793950      0.1411
   2013.62796804      0.1310
   2013.62799658      0.1217
   2013.62802511      0.1132
   2013.62805365      0.1053
