   2013.62465753      0.0000
   2013.62468607      0.0000
   2013.62471461      0.0000
   2013.62474315      0.0000
   2013.62477169      0.0000
   2013.62480023      0.0000
   2013.62482877      0.0000
   2013.62485731      0.0000
   2013.62488584      0.0000
   2013.62491438      0.0000
   2013.62494292      0.0000
   2013.62497146      0.0000
   2013.62500000      0.0000
   2013.62502854      0.0000
   2013.62505708      0.0000
   2013.62508562      0.0000
   2013.62511416      0.0000
   2013.62514269      0.0000
   2013.62517123      0.0000
   2013.62519977      0.0000
   2013.62522831      0.0000
   2013.62525685      0.0000
   2013.62528539      0.0000
   2013.62531393      0.0000
   2013.62534247      0.0000
   2013.62537100      0.0000
   2013.62539954      0.0000
   2013.62542808      0.0000
   2013.62545662      0.0000
   2013.62548516      0.0000
   2013.62551370      0.0000
   2013.62554224      0.0000
   2013.62557078      0.0000
   2013.62559932      0.0000
   2013.62562785      0.0000
   2013.62565639      0.0000
   2013.62568493      0.0000
   2013.62571347      0.0000
   2013.62574201      0.0000
   2013.62577055      0.0000
   2013.62579909      0.0000
   2013.62582763      0.4504
   2013.62585616      1.6778
   2013.62588470      4.9649
   2013.62591324      9.4365
   2013.62594178     19.4983
   2013.62597032     26.1556
   2013.62599886     24.4664
   2013.62602740     20.5238
   2013.62605594     17.0999
   2013.62608447     14.1112
   2013.62611301     11.7452
   2013.62614155      9.8147
   2013.62617009      8.6818
   2013.62619863      7.2471
   2013.62622717      6.1816
   2013.62625571      5.3322
   2013.62628425      5.0292
   2013.62631279      4.0185
   2013.62634132      3.4945
   2013.62636986      3.1053
   2013.62639840      2.7504
   2013.62642694      2.4136
   2013.62645548      2.1314
   2013.62648402      1.8985
   2013.62651256      1.6990
   2013.62654110      1.5245
   2013.62656963      1.3700
   2013.62659817      1.2547
   2013.62662671      1.1205
   2013.62665525      1.0028
   2013.62668379      0.9190
   2013.62671233      0.8340
   2013.62674087      0.7561
   2013.62676941      0.6858
   2013.62679795      0.6234
   2013.62682648      0.5678
   2013.62685502      0.5183
   2013.62688356      0.4743
   2013.62691210      0.4351
   2013.62694064      0.3999
   2013.62696918      0.3681
   2013.62699772      0.3392
   2013.62702626      0.3130
   2013.62705479      0.2891
   2013.62708333      0.2674
   2013.62711187      0.2474
   2013.62714041      0.2290
   2013.62716895      0.2120
   2013.62719749      0.1965
   2013.62722603      0.1822
   2013.62725457      0.1690
   2013.62728311      0.1570
   2013.62731164      0.1459
   2013.62734018      0.1357
   2013.62736872      0.1263
   2013.62739726      0.1177
   2013.62742580      0.1096
   2013.62745434      0.1022
