   2013.62465753      0.0000
   2013.62468607      0.0000
   2013.62471461      0.0000
   2013.62474315      0.0000
   2013.62477169      0.0000
   2013.62480023      0.0000
   2013.62482877      0.0000
   2013.62485731      0.0000
   2013.62488584      0.0000
   2013.62491438      0.0000
   2013.62494292      0.0000
   2013.62497146      0.0000
   2013.62500000      0.0000
   2013.62502854      0.0000
   2013.62505708      0.0000
   2013.62508562      0.0000
   2013.62511416      0.0000
   2013.62514269      0.0000
   2013.62517123      0.0000
   2013.62519977      0.0000
   2013.62522831      0.0000
   2013.62525685      0.0000
   2013.62528539      0.0000
   2013.62531393      0.0000
   2013.62534247      0.0000
   2013.62537100      0.0000
   2013.62539954      0.0000
   2013.62542808      0.0000
   2013.62545662      0.0000
   2013.62548516      0.0000
   2013.62551370      0.0000
   2013.62554224      0.0000
   2013.62557078      0.0000
   2013.62559932      0.0000
   2013.62562785      0.0000
   2013.62565639      0.0000
   2013.62568493      0.0000
   2013.62571347      0.0000
   2013.62574201      0.0000
   2013.62577055      0.0000
   2013.62579909      0.0000
   2013.62582763      0.0000
   2013.62585616      0.0000
   2013.62588470      0.0000
   2013.62591324      0.0000
   2013.62594178      0.0000
   2013.62597032      0.0000
   2013.62599886      0.0000
   2013.62602740      0.0000
   2013.62605594      0.0000
   2013.62608447      0.0000
   2013.62611301      0.0000
   2013.62614155      0.0000
   2013.62617009      0.0000
   2013.62619863      0.0000
   2013.62622717      0.0000
   2013.62625571      0.0000
   2013.62628425      0.0000
   2013.62631279      0.0000
   2013.62634132      0.0000
   2013.62636986      0.0000
   2013.62639840      0.0000
   2013.62642694      0.0000
   2013.62645548      0.0000
   2013.62648402      0.0000
   2013.62651256      0.0000
   2013.62654110      0.0000
   2013.62656963      0.0000
   2013.62659817      0.0000
   2013.62662671      0.0000
   2013.62665525      0.0000
   2013.62668379      0.0000
   2013.62671233      0.0000
   2013.62674087      0.2132
   2013.62676941      0.5020
   2013.62679795      1.6414
   2013.62682648      3.5650
   2013.62685502      6.4218
   2013.62688356     11.6308
   2013.62691210     16.8459
   2013.62694064     18.1956
   2013.62696918     17.1832
   2013.62699772     15.7507
   2013.62702626     14.3995
   2013.62705479     13.5243
   2013.62708333     12.6559
   2013.62711187     11.9261
   2013.62714041     11.4408
   2013.62716895     11.1888
   2013.62719749     10.8976
   2013.62722603     10.5766
   2013.62725457     10.3711
   2013.62728311     10.2855
   2013.62731164     10.1182
   2013.62734018      9.8739
   2013.62736872      9.6968
   2013.62739726      9.6115
   2013.62742580      9.4495
   2013.62745434      9.3087
   2013.62748288      9.0374
   2013.62751142      8.9347
   2013.62753995      8.6802
   2013.62756849      8.3681
   2013.62759703      7.9617
   2013.62762557      7.2672
   2013.62765411      7.2942
   2013.62768265      6.7889
   2013.62771119      6.2150
   2013.62773973      5.7010
   2013.62776826      5.5684
   2013.62779680      4.7692
   2013.62782534      4.2778
   2013.62785388      3.8406
   2013.62788242      3.5717
   2013.62791096      3.1848
   2013.62793950      2.9044
   2013.62796804      2.6296
   2013.62799658      2.3788
   2013.62802511      2.1556
   2013.62805365      1.9469
   2013.62808219      1.7706
   2013.62811073      1.6182
   2013.62813927      1.4828
   2013.62816781      1.3608
   2013.62819635      1.3058
   2013.62822489      1.1607
   2013.62825342      1.0677
   2013.62828196      0.9774
   2013.62831050      0.9126
   2013.62833904      0.8454
   2013.62836758      0.7830
   2013.62839612      0.7255
   2013.62842466      0.6733
   2013.62845320      0.6270
   2013.62848174      0.5853
   2013.62851027      0.5477
   2013.62853881      0.5135
   2013.62856735      0.4824
   2013.62859589      0.4539
   2013.62862443      0.4275
   2013.62865297      0.4031
   2013.62868151      0.3805
   2013.62871005      0.3595
   2013.62873858      0.3401
   2013.62876712      0.3220
   2013.62879566      0.3053
   2013.62882420      0.2897
   2013.62885274      0.2752
   2013.62888128      0.2618
   2013.62890982      0.2492
   2013.62893836      0.2372
   2013.62896689      0.2260
   2013.62899543      0.2154
   2013.62902397      0.2055
   2013.62905251      0.1962
   2013.62908105      0.1875
   2013.62910959      0.1793
   2013.62913813      0.1715
   2013.62916667      0.1642
   2013.62919521      0.1573
   2013.62922374      0.1508
   2013.62925228      0.1447
   2013.62928082      0.1389
   2013.62930936      0.1334
   2013.62933790      0.1282
   2013.62936644      0.1233
   2013.62939498      0.1186
   2013.62942352      0.1142
   2013.62945205      0.1100
   2013.62948059      0.1060
   2013.62950913      0.1023
