   2013.62465753      0.0000
   2013.62468607      0.0000
   2013.62471461      0.0000
   2013.62474315      0.0000
   2013.62477169      0.0000
   2013.62480023      0.0000
   2013.62482877      0.0000
   2013.62485731      0.0000
   2013.62488584      0.0000
   2013.62491438      0.0000
   2013.62494292      0.0000
   2013.62497146      0.0000
   2013.62500000      0.0000
   2013.62502854      0.0000
   2013.62505708      0.0000
   2013.62508562      0.0000
   2013.62511416      0.0000
   2013.62514269      0.0000
   2013.62517123      0.0000
   2013.62519977      0.0000
   2013.62522831      0.0000
   2013.62525685      0.0000
   2013.62528539      0.0000
   2013.62531393      0.0000
   2013.62534247      0.0000
   2013.62537100      0.0000
   2013.62539954      0.0000
   2013.62542808      0.0000
   2013.62545662      0.0000
   2013.62548516      0.0000
   2013.62551370      0.0000
   2013.62554224      0.0000
   2013.62557078      0.0000
   2013.62559932      0.0000
   2013.62562785      0.0000
   2013.62565639      0.0000
   2013.62568493      0.0000
   2013.62571347      0.0000
   2013.62574201      0.0000
   2013.62577055      0.0000
   2013.62579909      0.0000
   2013.62582763      0.0000
   2013.62585616      0.0000
   2013.62588470      0.0000
   2013.62591324      0.0000
   2013.62594178      0.0000
   2013.62597032      0.0000
   2013.62599886      0.0000
   2013.62602740      0.0000
   2013.62605594      0.0000
   2013.62608447      0.0000
   2013.62611301      0.0000
   2013.62614155      0.0000
   2013.62617009      0.0000
   2013.62619863      0.0000
   2013.62622717      0.0000
   2013.62625571      0.0000
   2013.62628425      0.0000
   2013.62631279      0.0000
   2013.62634132      0.0000
   2013.62636986      0.0000
   2013.62639840      0.0000
   2013.62642694      0.0000
   2013.62645548      0.0000
   2013.62648402      0.0000
   2013.62651256      0.0000
   2013.62654110      0.0000
   2013.62656963      0.0000
   2013.62659817      0.0000
   2013.62662671     15.5536
   2013.62665525     58.0517
   2013.62668379    114.1291
   2013.62671233    118.5964
   2013.62674087     84.9495
   2013.62676941     57.3320
   2013.62679795     40.8067
   2013.62682648     31.4433
   2013.62685502     26.2458
   2013.62688356     22.3768
   2013.62691210     19.2912
   2013.62694064     16.8960
   2013.62696918     14.7620
   2013.62699772     13.0351
   2013.62702626     11.6507
   2013.62705479     10.1636
   2013.62708333      9.0559
   2013.62711187      8.1096
   2013.62714041      7.1254
   2013.62716895      6.8205
   2013.62719749      5.5078
   2013.62722603      4.8320
   2013.62725457      4.5385
   2013.62728311      3.8002
   2013.62731164      3.3059
   2013.62734018      2.9897
   2013.62736872      2.6536
   2013.62739726      2.2063
   2013.62742580      1.9793
   2013.62745434      1.7552
   2013.62748288      1.5574
   2013.62751142      1.3830
   2013.62753995      1.2441
   2013.62756849      1.0690
   2013.62759703      0.9903
   2013.62762557      0.8948
   2013.62765411      0.8045
   2013.62768265      0.7233
   2013.62771119      0.6513
   2013.62773973      0.5882
   2013.62776826      0.5323
   2013.62779680      0.4829
   2013.62782534      0.4393
   2013.62785388      0.4007
   2013.62788242      0.3663
   2013.62791096      0.3354
   2013.62793950      0.3076
   2013.62796804      0.2827
   2013.62799658      0.2600
   2013.62802511      0.2394
   2013.62805365      0.2205
   2013.62808219      0.2033
   2013.62811073      0.1876
   2013.62813927      0.1733
   2013.62816781      0.1603
   2013.62819635      0.1484
   2013.62822489      0.1375
   2013.62825342      0.1275
   2013.62828196      0.1183
   2013.62831050      0.1098
   2013.62833904      0.1020
