   2013.62465753      0.0000
   2013.62468607      0.0000
   2013.62471461      0.0000
   2013.62474315      0.0000
   2013.62477169      0.0000
   2013.62480023      0.0000
   2013.62482877      0.0000
   2013.62485731      0.0000
   2013.62488584      0.0000
   2013.62491438      0.0000
   2013.62494292      0.0000
   2013.62497146      0.0000
   2013.62500000      0.0000
   2013.62502854      0.0000
   2013.62505708      0.0000
   2013.62508562      0.0000
   2013.62511416      0.0000
   2013.62514269      0.0000
   2013.62517123      0.0000
   2013.62519977      0.0000
   2013.62522831      0.0000
   2013.62525685      0.0000
   2013.62528539      0.0000
   2013.62531393      0.0000
   2013.62534247      0.0000
   2013.62537100      0.0000
   2013.62539954      0.0000
   2013.62542808      0.0000
   2013.62545662      0.0000
   2013.62548516      0.0000
   2013.62551370      0.0000
   2013.62554224      0.0000
   2013.62557078      0.0000
   2013.62559932      0.0000
   2013.62562785      0.0000
   2013.62565639      0.0000
   2013.62568493      0.0000
   2013.62571347      0.0000
   2013.62574201      0.0000
   2013.62577055      0.0000
   2013.62579909      0.0000
   2013.62582763      0.0000
   2013.62585616      0.0000
   2013.62588470      0.0000
   2013.62591324      0.0000
   2013.62594178      0.0000
   2013.62597032      0.0000
   2013.62599886      0.0000
   2013.62602740      0.0000
   2013.62605594      0.0000
   2013.62608447      0.0000
   2013.62611301      0.0000
   2013.62614155      0.0000
   2013.62617009      0.0000
   2013.62619863      0.0000
   2013.62622717      0.0000
   2013.62625571      0.0000
   2013.62628425      0.0000
   2013.62631279      0.0000
   2013.62634132      0.0000
   2013.62636986      0.0000
   2013.62639840      0.0000
   2013.62642694      0.0000
   2013.62645548      0.0000
   2013.62648402      0.0000
   2013.62651256      0.0053
   2013.62654110      0.0044
   2013.62656963      0.0298
   2013.62659817      0.0642
   2013.62662671      0.1052
   2013.62665525      0.1924
   2013.62668379      0.3480
   2013.62671233      0.6137
   2013.62674087      1.0127
   2013.62676941      1.7128
   2013.62679795      2.9147
   2013.62682648      4.5213
   2013.62685502      5.6781
   2013.62688356      6.1677
   2013.62691210      6.2997
   2013.62694064      6.2981
   2013.62696918      6.2622
   2013.62699772      6.2307
   2013.62702626      6.2162
   2013.62705479      6.2198
   2013.62708333      6.2379
   2013.62711187      6.2657
   2013.62714041      6.2988
   2013.62716895      6.3338
   2013.62719749      6.3685
   2013.62722603      6.4015
   2013.62725457      6.4323
   2013.62728311      6.4607
   2013.62731164      6.4861
   2013.62734018      6.4165
   2013.62736872      6.2651
   2013.62739726      6.2042
   2013.62742580      5.7156
   2013.62745434      5.5063
   2013.62748288      5.4226
   2013.62751142      4.6828
   2013.62753995      4.3619
   2013.62756849      4.2707
   2013.62759703      3.6573
   2013.62762557      3.2987
   2013.62765411      3.0089
   2013.62768265      2.6885
   2013.62771119      2.5102
   2013.62773973      2.2389
   2013.62776826      1.9167
   2013.62779680      1.7334
   2013.62782534      1.5552
   2013.62785388      1.3944
   2013.62788242      1.2481
   2013.62791096      1.1265
   2013.62793950      1.0173
   2013.62796804      0.9223
   2013.62799658      0.8353
   2013.62802511      0.7548
   2013.62805365      0.6820
   2013.62808219      0.6181
   2013.62811073      0.5613
   2013.62813927      0.5106
   2013.62816781      0.4655
   2013.62819635      0.4254
   2013.62822489      0.3893
   2013.62825342      0.3568
   2013.62828196      0.3276
   2013.62831050      0.3011
   2013.62833904      0.2772
   2013.62836758      0.2554
   2013.62839612      0.2354
   2013.62842466      0.2171
   2013.62845320      0.2004
   2013.62848174      0.1851
   2013.62851027      0.1711
   2013.62853881      0.1584
   2013.62856735      0.1466
   2013.62859589      0.1359
   2013.62862443      0.1261
   2013.62865297      0.1170
   2013.62868151      0.1086
   2013.62871005      0.1009
