   2013.62465753      0.0000
   2013.62468607      0.0000
   2013.62471461      0.0000
   2013.62474315      0.0000
   2013.62477169      0.0000
   2013.62480023      0.0000
   2013.62482877      0.0000
   2013.62485731      0.0000
   2013.62488584      0.0000
   2013.62491438      0.0000
   2013.62494292      0.0000
   2013.62497146      0.0000
   2013.62500000      0.0000
   2013.62502854      0.0000
   2013.62505708      0.0000
   2013.62508562      0.0000
   2013.62511416      0.0000
   2013.62514269      0.0000
   2013.62517123      0.0000
   2013.62519977      0.0000
   2013.62522831      0.0000
   2013.62525685      0.0000
   2013.62528539      0.0000
   2013.62531393      0.0000
   2013.62534247      0.0000
   2013.62537100      0.0989
   2013.62539954      0.1758
   2013.62542808      0.4155
   2013.62545662      1.0510
   2013.62548516      2.0989
   2013.62551370      3.5408
   2013.62554224      6.1323
   2013.62557078      9.8201
   2013.62559932     12.2977
   2013.62562785     13.0348
   2013.62565639     12.8785
   2013.62568493     12.5243
   2013.62571347     12.1841
   2013.62574201     12.0389
   2013.62577055     11.9209
   2013.62579909     12.1922
   2013.62582763     12.0618
   2013.62585616     12.2847
   2013.62588470     12.4477
   2013.62591324     12.9334
   2013.62594178     12.9016
   2013.62597032     12.9048
   2013.62599886     12.6466
   2013.62602740     11.9954
   2013.62605594     12.1386
   2013.62608447     11.7686
   2013.62611301     11.2827
   2013.62614155     10.2392
   2013.62617009     10.3191
   2013.62619863      9.9157
   2013.62622717      9.5105
   2013.62625571      9.1668
   2013.62628425      9.2979
   2013.62631279      9.2528
   2013.62634132      9.3080
   2013.62636986      9.4793
   2013.62639840     10.5045
   2013.62642694     11.0489
   2013.62645548     11.3746
   2013.62648402     11.9394
   2013.62651256     12.7627
   2013.62654110     13.1676
   2013.62656963     13.1508
   2013.62659817     13.3036
   2013.62662671     14.0440
   2013.62665525     14.2020
   2013.62668379     13.9729
   2013.62671233     13.9554
   2013.62674087     14.5796
   2013.62676941     14.5797
   2013.62679795     14.2283
   2013.62682648     14.0986
   2013.62685502     14.2943
   2013.62688356     14.5324
   2013.62691210     14.1053
   2013.62694064     13.8790
   2013.62696918     13.9609
   2013.62699772     13.8595
   2013.62702626     13.4216
   2013.62705479     13.0104
   2013.62708333     13.2031
   2013.62711187     12.9943
   2013.62714041     12.5264
   2013.62716895     11.9443
   2013.62719749     12.2172
   2013.62722603     11.9367
   2013.62725457     11.6399
   2013.62728311     10.7819
   2013.62731164     11.1060
   2013.62734018     10.7074
   2013.62736872     10.3982
   2013.62739726      9.6780
   2013.62742580      9.9466
   2013.62745434      9.7475
   2013.62748288      9.2378
   2013.62751142      8.6907
   2013.62753995      8.7760
   2013.62756849      8.5235
   2013.62759703      8.1388
   2013.62762557      7.6768
   2013.62765411      7.7492
   2013.62768265      7.5283
   2013.62771119      7.2006
   2013.62773973      6.6943
   2013.62776826      7.1447
   2013.62779680      6.6675
   2013.62782534      6.3919
   2013.62785388      6.4559
   2013.62788242      6.3009
   2013.62791096      5.9490
   2013.62793950      5.9210
   2013.62796804      5.7888
   2013.62799658      5.6893
   2013.62802511      5.4155
   2013.62805365      5.3865
   2013.62808219      5.3281
   2013.62811073      5.2797
   2013.62813927      5.0715
   2013.62816781      5.0707
   2013.62819635      4.7282
   2013.62822489      5.0753
   2013.62825342      4.9221
   2013.62828196      4.9874
   2013.62831050      4.7041
   2013.62833904      5.1172
   2013.62836758      4.9943
   2013.62839612      5.1600
   2013.62842466      4.8950
   2013.62845320      5.4511
   2013.62848174      5.3192
   2013.62851027      5.4546
   2013.62853881      5.3848
   2013.62856735      5.7753
   2013.62859589      5.9470
   2013.62862443      6.1549
   2013.62865297      6.1516
   2013.62868151      6.6197
   2013.62871005      6.9398
   2013.62873858      7.1282
   2013.62876712      7.4113
   2013.62879566      7.8451
   2013.62882420      8.0890
   2013.62885274      8.3109
   2013.62888128      8.6201
   2013.62890982      9.2020
   2013.62893836      9.4949
   2013.62896689      9.6652
   2013.62899543      9.7189
   2013.62902397     10.6780
   2013.62905251     10.9884
   2013.62908105     11.0751
   2013.62910959     11.5523
   2013.62913813     12.0993
   2013.62916667     12.4085
   2013.62919521     12.3998
   2013.62922374     12.7664
   2013.62925228     13.3699
   2013.62928082     13.6373
   2013.62930936     13.5120
   2013.62933790     13.8090
   2013.62936644     15.8052
   2013.62939498     15.7899
   2013.62942352     14.6701
   2013.62945205     13.6642
   2013.62948059     13.0819
   2013.62950913     13.6924
   2013.62953767     15.6236
   2013.62956621     16.1457
   2013.62959475     15.1497
   2013.62962329     13.5657
   2013.62965183     12.0235
   2013.62968037     10.7148
   2013.62970890     10.0341
   2013.62973744     10.4677
   2013.62976598     10.6520
   2013.62979452     10.0502
   2013.62982306      9.1734
   2013.62985160      8.8334
   2013.62988014      7.0630
   2013.62990868      6.9987
   2013.62993721      5.7162
   2013.62996575      5.8359
   2013.62999429      5.0546
   2013.63002283      4.7560
   2013.63005137      4.5427
   2013.63007991      3.8226
   2013.63010845      3.3802
   2013.63013699      2.9947
   2013.63016553      2.7990
   2013.63019406      2.4465
   2013.63022260      2.1737
   2013.63025114      1.8706
   2013.63027968      1.6819
   2013.63030822      1.5125
   2013.63033676      1.3631
   2013.63036530      1.2611
   2013.63039384      1.1265
   2013.63042237      1.0085
   2013.63045091      0.9341
   2013.63047945      0.8532
   2013.63050799      0.7773
   2013.63053653      0.7077
   2013.63056507      0.6451
   2013.63059361      0.5891
   2013.63062215      0.5389
   2013.63065068      0.4940
   2013.63067922      0.4540
   2013.63070776      0.4180
   2013.63073630      0.3854
   2013.63076484      0.3558
   2013.63079338      0.3288
   2013.63082192      0.3042
   2013.63085046      0.2818
   2013.63087900      0.2613
   2013.63090753      0.2424
   2013.63093607      0.2249
   2013.63096461      0.2088
   2013.63099315      0.1940
   2013.63102169      0.1804
   2013.63105023      0.1679
   2013.63107877      0.1564
   2013.63110731      0.1458
   2013.63113584      0.1361
   2013.63116438      0.1270
   2013.63119292      0.1187
   2013.63122146      0.1110
   2013.63125000      0.1038
