   2013.62465753      0.0000
   2013.62468607      0.0000
   2013.62471461      0.0000
   2013.62474315      0.0000
   2013.62477169      0.0000
   2013.62480023      0.0000
   2013.62482877      0.0000
   2013.62485731      0.0000
   2013.62488584      0.0000
   2013.62491438      0.0000
   2013.62494292      0.0000
   2013.62497146      0.0000
   2013.62500000      0.0000
   2013.62502854      0.0000
   2013.62505708      0.0000
   2013.62508562      0.0000
   2013.62511416      0.0000
   2013.62514269      0.0000
   2013.62517123      0.0000
   2013.62519977      0.0000
   2013.62522831      0.0000
   2013.62525685      0.0000
   2013.62528539      0.0000
   2013.62531393      0.0000
   2013.62534247      0.0000
   2013.62537100      0.0000
   2013.62539954      0.0000
   2013.62542808      0.0000
   2013.62545662      0.0000
   2013.62548516      0.0000
   2013.62551370      0.0000
   2013.62554224      0.0000
   2013.62557078      0.0000
   2013.62559932      0.0000
   2013.62562785      0.0000
   2013.62565639      0.0000
   2013.62568493      0.0000
   2013.62571347      0.0018
   2013.62574201      0.0022
   2013.62577055      0.0025
   2013.62579909      0.0035
   2013.62582763      0.0038
   2013.62585616      0.0328
   2013.62588470      0.0708
   2013.62591324      0.1128
   2013.62594178      0.1880
   2013.62597032      0.2910
   2013.62599886      0.4390
   2013.62602740      0.6332
   2013.62605594      0.8729
   2013.62608447      1.1565
   2013.62611301      1.6455
   2013.62614155      2.0470
   2013.62617009      2.7947
   2013.62619863      3.1181
   2013.62622717      3.3019
   2013.62625571      3.2834
   2013.62628425      3.5162
   2013.62631279      3.4269
   2013.62634132      3.3826
   2013.62636986      3.4099
   2013.62639840      3.4868
   2013.62642694      3.4350
   2013.62645548      3.4917
   2013.62648402      3.7457
   2013.62651256      3.8224
   2013.62654110      3.8679
   2013.62656963      4.0756
   2013.62659817      4.1290
   2013.62662671      4.4705
   2013.62665525      4.5163
   2013.62668379      4.7645
   2013.62671233      4.6982
   2013.62674087      5.0338
   2013.62676941      5.0036
   2013.62679795      5.2121
   2013.62682648      4.9757
   2013.62685502      5.3252
   2013.62688356      5.2166
   2013.62691210      5.3409
   2013.62694064      5.0812
   2013.62696918      5.3287
   2013.62699772      5.1598
   2013.62702626      5.1681
   2013.62705479      4.8683
   2013.62708333      4.9668
   2013.62711187      4.8958
   2013.62714041      4.8464
   2013.62716895      4.5397
   2013.62719749      4.6080
   2013.62722603      4.5203
   2013.62725457      4.4016
   2013.62728311      4.1487
   2013.62731164      4.1830
   2013.62734018      4.0643
   2013.62736872      3.8668
   2013.62739726      3.6098
   2013.62742580      3.6143
   2013.62745434      3.7435
   2013.62748288      3.2805
   2013.62751142      3.2359
   2013.62753995      3.1183
   2013.62756849      2.9693
   2013.62759703      2.8178
   2013.62762557      2.7113
   2013.62765411      2.5821
   2013.62768265      2.4548
   2013.62771119      2.3259
   2013.62773973      2.1722
   2013.62776826      2.1034
   2013.62779680      2.0005
   2013.62782534      1.8548
   2013.62785388      1.7642
   2013.62788242      1.7008
   2013.62791096      1.5752
   2013.62793950      1.5035
   2013.62796804      1.4189
   2013.62799658      1.3446
   2013.62802511      1.2736
   2013.62805365      1.1828
   2013.62808219      1.1113
   2013.62811073      1.0768
   2013.62813927      1.0153
   2013.62816781      0.9458
   2013.62819635      0.9101
   2013.62822489      0.8634
   2013.62825342      0.8169
   2013.62828196      0.7732
   2013.62831050      0.7420
   2013.62833904      0.7073
   2013.62836758      0.6737
   2013.62839612      0.6441
   2013.62842466      0.6323
   2013.62845320      0.6114
   2013.62848174      0.5903
   2013.62851027      0.5722
   2013.62853881      0.5766
   2013.62856735      0.5683
   2013.62859589      0.5591
   2013.62862443      0.5539
   2013.62865297      0.5788
   2013.62868151      0.6058
   2013.62871005      0.6112
   2013.62873858      0.6261
   2013.62876712      0.6829
   2013.62879566      0.7185
   2013.62882420      0.7600
   2013.62885274      0.8162
   2013.62888128      0.8931
   2013.62890982      0.9697
   2013.62893836      1.0814
   2013.62896689      1.2003
   2013.62899543      1.4260
   2013.62902397      1.6626
   2013.62905251      1.8687
   2013.62908105      2.0966
   2013.62910959      2.3761
   2013.62913813      2.7178
   2013.62916667      2.9038
   2013.62919521      3.1249
   2013.62922374      3.5191
   2013.62925228      3.7411
   2013.62928082      3.8674
   2013.62930936      4.1195
   2013.62933790      4.1897
   2013.62936644      4.5424
   2013.62939498      4.5833
   2013.62942352      4.8289
   2013.62945205      4.7463
   2013.62948059      5.0771
   2013.62950913      5.0377
   2013.62953767      5.2400
   2013.62956621      4.9949
   2013.62959475      5.3433
   2013.62962329      5.2305
   2013.62965183      5.3519
   2013.62968037      5.0889
   2013.62970890      5.3343
   2013.62973744      5.1627
   2013.62976598      5.1686
   2013.62979452      4.8667
   2013.62982306      4.9633
   2013.62985160      4.8905
   2013.62988014      4.8396
   2013.62990868      4.5325
   2013.62993721      4.5993
   2013.62996575      4.5104
   2013.62999429      4.3900
   2013.63002283      4.1379
   2013.63005137      4.1712
   2013.63007991      3.9446
   2013.63010845      3.8572
   2013.63013699      3.5849
   2013.63016553      3.6002
   2013.63019406      3.7272
   2013.63022260      3.5257
   2013.63025114      3.1924
   2013.63027968      3.0509
   2013.63030822      2.8887
   2013.63033676      2.7293
   2013.63036530      2.5811
   2013.63039384      2.3837
   2013.63042237      2.2395
   2013.63045091      2.0981
   2013.63047945      1.9637
   2013.63050799      1.8409
   2013.63053653      1.7204
   2013.63056507      1.6020
   2013.63059361      1.4988
   2013.63062215      1.4020
   2013.63065068      1.3106
   2013.63067922      1.2215
   2013.63070776      1.1571
   2013.63073630      1.0698
   2013.63076484      0.9790
   2013.63079338      0.9289
   2013.63082192      0.8680
   2013.63085046      0.8087
   2013.63087900      0.7529
   2013.63090753      0.7009
   2013.63093607      0.6537
   2013.63096461      0.6112
   2013.63099315      0.5726
   2013.63102169      0.5372
   2013.63105023      0.5049
   2013.63107877      0.4752
   2013.63110731      0.4477
   2013.63113584      0.4221
   2013.63116438      0.3984
   2013.63119292      0.3763
   2013.63122146      0.3557
   2013.63125000      0.3366
   2013.63127854      0.3189
   2013.63130708      0.3024
   2013.63133562      0.2871
   2013.63136416      0.2728
   2013.63139269      0.2595
   2013.63142123      0.2471
   2013.63144977      0.2353
   2013.63147831      0.2242
   2013.63150685      0.2137
   2013.63153539      0.2039
   2013.63156393      0.1947
   2013.63159247      0.1860
   2013.63162100      0.1779
   2013.63164954      0.1703
   2013.63167808      0.1630
   2013.63170662      0.1562
   2013.63173516      0.1498
   2013.63176370      0.1437
   2013.63179224      0.1379
   2013.63182078      0.1325
   2013.63184932      0.1274
   2013.63187785      0.1225
   2013.63190639      0.1179
   2013.63193493      0.1135
   2013.63196347      0.1094
   2013.63199201      0.1054
   2013.63202055      0.1017
