   2013.62465753      0.0000
   2013.62468607      0.0000
   2013.62471461      0.0000
   2013.62474315      0.0000
   2013.62477169      0.0000
   2013.62480023      0.0000
   2013.62482877      0.0000
   2013.62485731      0.0000
   2013.62488584      0.0000
   2013.62491438      0.0000
   2013.62494292      0.0000
   2013.62497146      0.0000
   2013.62500000      0.0000
   2013.62502854      0.0000
   2013.62505708      0.0000
   2013.62508562      0.0000
   2013.62511416      0.0000
   2013.62514269      0.0000
   2013.62517123      0.0000
   2013.62519977      0.0000
   2013.62522831      0.0000
   2013.62525685      0.0000
   2013.62528539      0.0000
   2013.62531393      0.0000
   2013.62534247      0.0000
   2013.62537100      0.0000
   2013.62539954      0.0000
   2013.62542808      0.0000
   2013.62545662      0.0000
   2013.62548516      0.0000
   2013.62551370      0.0000
   2013.62554224      0.0000
   2013.62557078      0.0000
   2013.62559932      0.0000
   2013.62562785      0.0000
   2013.62565639      0.0000
   2013.62568493      0.0000
   2013.62571347      0.0000
   2013.62574201      0.0000
   2013.62577055      0.0000
   2013.62579909      0.0000
   2013.62582763      0.0000
   2013.62585616      0.0000
   2013.62588470      0.0000
   2013.62591324      0.0000
   2013.62594178      0.0000
   2013.62597032      0.0000
   2013.62599886      0.0000
   2013.62602740      0.0000
   2013.62605594      0.0000
   2013.62608447      0.0000
   2013.62611301      0.0000
   2013.62614155      0.0000
   2013.62617009      0.0000
   2013.62619863      0.0000
   2013.62622717      0.0000
   2013.62625571      0.0000
   2013.62628425      0.0000
   2013.62631279      0.0000
   2013.62634132      0.0000
   2013.62636986      0.0000
   2013.62639840      0.0000
   2013.62642694      0.0000
   2013.62645548      0.0000
   2013.62648402      0.0000
   2013.62651256      0.0000
   2013.62654110      0.0000
   2013.62656963      0.0000
   2013.62659817      0.0000
   2013.62662671      0.0000
   2013.62665525      0.0000
   2013.62668379      0.0000
   2013.62671233      0.0000
   2013.62674087      0.6176
   2013.62676941      2.7659
   2013.62679795      7.2767
   2013.62682648     14.1988
   2013.62685502     27.3195
   2013.62688356     31.4063
   2013.62691210     27.9560
   2013.62694064     23.2552
   2013.62696918     19.4220
   2013.62699772     16.7043
   2013.62702626     14.7126
   2013.62705479     13.5063
   2013.62708333     12.4616
   2013.62711187     11.7986
   2013.62714041     11.1542
   2013.62716895     10.9250
   2013.62719749     10.6749
   2013.62722603     10.5573
   2013.62725457     10.4469
   2013.62728311     10.3509
   2013.62731164     10.2592
   2013.62734018     10.2320
   2013.62736872     10.0463
   2013.62739726     10.0756
   2013.62742580      9.9972
   2013.62745434      9.9510
   2013.62748288      9.7562
   2013.62751142      9.7689
   2013.62753995      9.6831
   2013.62756849      9.5601
   2013.62759703      9.0773
   2013.62762557      8.7515
   2013.62765411      8.2356
   2013.62768265      7.8906
   2013.62771119      7.2955
   2013.62773973      6.6032
   2013.62776826      6.3641
   2013.62779680      6.0918
   2013.62782534      5.6026
   2013.62785388      4.7280
   2013.62788242      4.3503
   2013.62791096      3.8651
   2013.62793950      3.5828
   2013.62796804      3.2615
   2013.62799658      3.0595
   2013.62802511      2.7428
   2013.62805365      2.5111
   2013.62808219      2.3590
   2013.62811073      2.2211
   2013.62813927      2.0704
   2013.62816781      1.8894
   2013.62819635      1.8117
   2013.62822489      1.7430
   2013.62825342      1.6560
   2013.62828196      1.5679
   2013.62831050      1.4748
   2013.62833904      1.4820
   2013.62836758      1.4338
   2013.62839612      1.3843
   2013.62842466      1.3858
   2013.62845320      1.3642
   2013.62848174      1.3475
   2013.62851027      1.3239
   2013.62853881      1.3561
   2013.62856735      1.3628
   2013.62859589      1.3739
   2013.62862443      1.3725
   2013.62865297      1.4336
   2013.62868151      1.4710
   2013.62871005      1.5069
   2013.62873858      1.5273
   2013.62876712      1.6238
   2013.62879566      1.6971
   2013.62882420      1.7542
   2013.62885274      1.7944
   2013.62888128      1.9340
   2013.62890982      2.0428
   2013.62893836      2.1297
   2013.62896689      2.1880
   2013.62899543      2.3738
   2013.62902397      2.5119
   2013.62905251      2.5661
   2013.62908105      2.6698
   2013.62910959      2.7725
   2013.62913813      3.0194
   2013.62916667      3.0592
   2013.62919521      3.1477
   2013.62922374      3.3684
   2013.62925228      3.4690
   2013.62928082      3.5594
   2013.62930936      3.6294
   2013.62933790      3.6998
   2013.62936644      4.0514
   2013.62939498      4.2756
   2013.62942352      4.2387
   2013.62945205      3.8613
   2013.62948059      3.9583
   2013.62950913      3.8396
   2013.62953767      3.9181
   2013.62956621      4.1052
   2013.62959475      4.2520
   2013.62962329      4.5632
   2013.62965183      4.2405
   2013.62968037      4.0139
   2013.62970890      3.8808
   2013.62973744      3.6923
   2013.62976598      3.4377
   2013.62979452      3.2289
   2013.62982306      2.8947
   2013.62985160      2.8397
   2013.62988014      2.7907
   2013.62990868      2.6658
   2013.62993721      2.5615
   2013.62996575      2.4271
   2013.62999429      2.3597
   2013.63002283      2.1427
   2013.63005137      1.9604
   2013.63007991      1.7212
   2013.63010845      1.5780
   2013.63013699      1.4413
   2013.63016553      1.3184
   2013.63019406      1.2102
   2013.63022260      1.1134
   2013.63025114      1.0326
   2013.63027968      0.9569
   2013.63030822      0.8895
   2013.63033676      0.8246
   2013.63036530      0.7617
   2013.63039384      0.7022
   2013.63042237      0.6475
   2013.63045091      0.5974
   2013.63047945      0.5512
   2013.63050799      0.5088
   2013.63053653      0.4701
   2013.63056507      0.4347
   2013.63059361      0.4022
   2013.63062215      0.3724
   2013.63065068      0.3449
   2013.63067922      0.3196
   2013.63070776      0.2964
   2013.63073630      0.2750
   2013.63076484      0.2554
   2013.63079338      0.2372
   2013.63082192      0.2203
   2013.63085046      0.2046
   2013.63087900      0.1902
   2013.63090753      0.1770
   2013.63093607      0.1647
   2013.63096461      0.1535
   2013.63099315      0.1431
   2013.63102169      0.1334
   2013.63105023      0.1246
   2013.63107877      0.1163
   2013.63110731      0.1087
   2013.63113584      0.1016
