   2013.62465753      0.0000
   2013.62468607      0.0000
   2013.62471461      0.0000
   2013.62474315      0.0000
   2013.62477169      0.0000
   2013.62480023      0.0000
   2013.62482877      0.0000
   2013.62485731      0.0000
   2013.62488584      0.0000
   2013.62491438      0.0000
   2013.62494292      0.0000
   2013.62497146      0.0000
   2013.62500000      0.0000
   2013.62502854      0.0000
   2013.62505708      0.0000
   2013.62508562      0.0000
   2013.62511416      0.0000
   2013.62514269      0.0000
   2013.62517123      0.0000
   2013.62519977      0.0000
   2013.62522831      0.0000
   2013.62525685      0.0000
   2013.62528539      0.0000
   2013.62531393      0.0000
   2013.62534247      0.0000
   2013.62537100      0.0000
   2013.62539954      0.0000
   2013.62542808      0.0000
   2013.62545662      0.0000
   2013.62548516      0.0000
   2013.62551370      0.0000
   2013.62554224      0.0000
   2013.62557078      0.0000
   2013.62559932      0.0000
   2013.62562785      0.0000
   2013.62565639      0.0000
   2013.62568493      0.0000
   2013.62571347      0.0000
   2013.62574201      0.0000
   2013.62577055      0.0000
   2013.62579909      0.0000
   2013.62582763      0.0005
   2013.62585616      0.0022
   2013.62588470      0.0035
   2013.62591324      0.0014
   2013.62594178      0.0006
   2013.62597032      0.0003
   2013.62599886      0.0001
   2013.62602740      0.0000
   2013.62605594      0.0001
   2013.62608447      0.0081
   2013.62611301      0.0196
   2013.62614155      0.0285
   2013.62617009      0.0332
   2013.62619863      0.0382
   2013.62622717      0.0435
   2013.62625571      0.0492
   2013.62628425      0.0548
   2013.62631279      0.0603
   2013.62634132      0.0654
   2013.62636986      0.0702
   2013.62639840      0.0745
   2013.62642694      0.0784
   2013.62645548      0.0824
   2013.62648402      0.0866
   2013.62651256      0.0915
   2013.62654110      0.0974
   2013.62656963      0.1053
   2013.62659817      0.1171
   2013.62662671      0.1341
   2013.62665525      0.1544
   2013.62668379      0.1756
   2013.62671233      0.1945
   2013.62674087      0.2082
   2013.62676941      0.2158
   2013.62679795      0.2177
   2013.62682648      0.2149
   2013.62685502      0.2086
   2013.62688356      0.2000
   2013.62691210      0.1902
   2013.62694064      0.1799
   2013.62696918      0.1694
   2013.62699772      0.1592
   2013.62702626      0.1493
   2013.62705479      0.1398
   2013.62708333      0.1308
   2013.62711187      0.1223
   2013.62714041      0.1143
   2013.62716895      0.1068
   2013.62719749      0.0997
   2013.62722603      0.0932
   2013.62725457      0.0870
   2013.62728311      0.0813
   2013.62731164      0.0759
   2013.62734018      0.0709
