   2013.62465753      0.0000
   2013.62468607      0.0000
   2013.62471461      0.0000
   2013.62474315      0.0000
   2013.62477169      0.0000
   2013.62480023      0.0000
   2013.62482877      0.0000
   2013.62485731      0.0000
   2013.62488584      0.0000
   2013.62491438      0.0000
   2013.62494292      0.0000
   2013.62497146      0.0000
   2013.62500000      0.0000
   2013.62502854      0.0000
   2013.62505708      0.0000
   2013.62508562      0.0000
   2013.62511416      0.0000
   2013.62514269      0.0000
   2013.62517123      0.0000
   2013.62519977      0.0000
   2013.62522831      0.0000
   2013.62525685      0.0000
   2013.62528539      0.0000
   2013.62531393      0.0000
   2013.62534247      0.0000
   2013.62537100      0.0000
   2013.62539954      0.0000
   2013.62542808      0.0000
   2013.62545662      0.0000
   2013.62548516      0.0000
   2013.62551370      0.0000
   2013.62554224      0.0000
   2013.62557078      0.0000
   2013.62559932      0.0000
   2013.62562785      0.0000
   2013.62565639      0.0000
   2013.62568493      0.0000
   2013.62571347      0.0000
   2013.62574201      0.0000
   2013.62577055      0.0000
   2013.62579909      0.0000
   2013.62582763      0.0000
   2013.62585616      0.0000
   2013.62588470      0.0000
   2013.62591324      0.0000
   2013.62594178      0.0000
   2013.62597032      0.0000
   2013.62599886      0.0000
   2013.62602740      0.0000
   2013.62605594      0.0000
   2013.62608447      0.0000
   2013.62611301      0.0000
   2013.62614155      0.0000
   2013.62617009      0.0000
   2013.62619863      0.0000
   2013.62622717      0.0000
   2013.62625571      0.0000
   2013.62628425      0.1430
   2013.62631279      0.2676
   2013.62634132      0.7111
   2013.62636986      1.7859
   2013.62639840      3.2232
   2013.62642694      5.5489
   2013.62645548      9.5510
   2013.62648402     13.3146
   2013.62651256     14.4900
   2013.62654110     14.1390
   2013.62656963     13.4425
   2013.62659817     12.9662
   2013.62662671     12.4854
   2013.62665525     12.2300
   2013.62668379     12.0345
   2013.62671233     12.0185
   2013.62674087     12.0100
   2013.62676941     12.1190
   2013.62679795     12.1432
   2013.62682648     12.2520
   2013.62685502     12.2831
   2013.62688356     12.3700
   2013.62691210     12.3477
   2013.62694064     12.3816
   2013.62696918     12.3681
   2013.62699772     12.3687
   2013.62702626     12.2996
   2013.62705479     12.2422
   2013.62708333     12.1271
   2013.62711187     12.0610
   2013.62714041     11.7685
   2013.62716895     11.4118
   2013.62719749     11.8090
   2013.62722603     11.6043
   2013.62725457     11.2763
   2013.62728311     10.3466
   2013.62731164     10.3386
   2013.62734018      9.8266
   2013.62736872      9.1550
   2013.62739726      8.4866
   2013.62742580      7.9008
   2013.62745434      7.2020
   2013.62748288      6.6050
   2013.62751142      5.9597
   2013.62753995      5.6911
   2013.62756849      4.8402
   2013.62759703      4.6804
   2013.62762557      3.8615
   2013.62765411      3.5911
   2013.62768265      3.2988
   2013.62771119      2.9536
   2013.62773973      2.7315
   2013.62776826      2.5038
   2013.62779680      2.3042
   2013.62782534      2.1213
   2013.62785388      1.9252
   2013.62788242      1.8448
   2013.62791096      1.7143
   2013.62793950      1.5818
   2013.62796804      1.4888
   2013.62799658      1.3973
   2013.62802511      1.3078
   2013.62805365      1.2207
   2013.62808219      1.1253
   2013.62811073      1.0936
   2013.62813927      1.0234
   2013.62816781      0.9485
   2013.62819635      0.9154
   2013.62822489      0.8642
   2013.62825342      0.8099
   2013.62828196      0.7595
   2013.62831050      0.7340
   2013.62833904      0.6969
   2013.62836758      0.6584
   2013.62839612      0.6251
   2013.62842466      0.6213
   2013.62845320      0.5991
   2013.62848174      0.5744
   2013.62851027      0.5536
   2013.62853881      0.5688
   2013.62856735      0.5606
   2013.62859589      0.5490
   2013.62862443      0.5424
   2013.62865297      0.5805
   2013.62868151      0.6156
   2013.62871005      0.6174
   2013.62873858      0.6347
   2013.62876712      0.7151
   2013.62879566      0.7573
   2013.62882420      0.7791
   2013.62885274      0.8463
   2013.62888128      0.9784
   2013.62890982      1.0838
   2013.62893836      1.2287
   2013.62896689      1.3907
   2013.62899543      1.6327
   2013.62902397      2.0225
   2013.62905251      2.2900
   2013.62908105      2.5832
   2013.62910959      2.9454
   2013.62913813      3.4208
   2013.62916667      3.7296
   2013.62919521      4.0135
   2013.62922374      4.1209
   2013.62925228      4.7328
   2013.62928082      4.8142
   2013.62930936      5.0763
   2013.62933790      5.0687
   2013.62936644      5.5952
   2013.62939498      5.6809
   2013.62942352      5.8738
   2013.62945205      5.7133
   2013.62948059      6.1201
   2013.62950913      6.2158
   2013.62953767      6.3182
   2013.62956621      6.0249
   2013.62959475      6.3625
   2013.62962329      6.3792
   2013.62965183      6.2976
   2013.62968037      6.0244
   2013.62970890      6.5330
   2013.62973744      6.2453
   2013.62976598      6.0994
   2013.62979452      5.8778
   2013.62982306      5.9524
   2013.62985160      5.8514
   2013.62988014      5.8400
   2013.62990868      5.3830
   2013.62993721      5.4233
   2013.62996575      5.2668
   2013.62999429      5.1447
   2013.63002283      4.7560
   2013.63005137      4.7715
   2013.63007991      4.6480
   2013.63010845      4.4465
   2013.63013699      4.3189
   2013.63016553      4.1444
   2013.63019406      3.9128
   2013.63022260      3.7475
   2013.63025114      3.7198
   2013.63027968      3.3389
   2013.63030822      3.1818
   2013.63033676      2.9942
   2013.63036530      2.7380
   2013.63039384      2.5503
   2013.63042237      2.3685
   2013.63045091      2.1927
   2013.63047945      2.0204
   2013.63050799      1.8570
   2013.63053653      1.7144
   2013.63056507      1.5826
   2013.63059361      1.4594
   2013.63062215      1.3434
   2013.63065068      1.2928
   2013.63067922      1.1343
   2013.63070776      1.0449
   2013.63073630      0.9607
   2013.63076484      0.8850
   2013.63079338      0.8124
   2013.63082192      0.7437
   2013.63085046      0.6805
   2013.63087900      0.6239
   2013.63090753      0.5726
   2013.63093607      0.5262
   2013.63096461      0.4842
   2013.63099315      0.4463
   2013.63102169      0.4120
   2013.63105023      0.3806
   2013.63107877      0.3520
   2013.63110731      0.3257
   2013.63113584      0.3018
   2013.63116438      0.2798
   2013.63119292      0.2598
   2013.63122146      0.2412
   2013.63125000      0.2240
   2013.63127854      0.2081
   2013.63130708      0.1935
   2013.63133562      0.1800
   2013.63136416      0.1676
   2013.63139269      0.1562
   2013.63142123      0.1457
   2013.63144977      0.1360
   2013.63147831      0.1270
   2013.63150685      0.1187
   2013.63153539      0.1110
   2013.63156393      0.1038
