   2013.62465753      0.0000
   2013.62468607      0.0000
   2013.62471461      0.0000
   2013.62474315      0.0000
   2013.62477169      0.0000
   2013.62480023      0.0000
   2013.62482877      0.0000
   2013.62485731      0.0000
   2013.62488584      0.0000
   2013.62491438      0.0000
   2013.62494292      0.0000
   2013.62497146      0.0000
   2013.62500000      0.0000
   2013.62502854      0.0000
   2013.62505708      0.0000
   2013.62508562      0.0000
   2013.62511416      0.0000
   2013.62514269      0.0000
   2013.62517123      0.0000
   2013.62519977      0.0000
   2013.62522831      0.0000
   2013.62525685      0.0000
   2013.62528539      0.0000
   2013.62531393      0.0000
   2013.62534247      0.0000
   2013.62537100      0.0000
   2013.62539954      0.0000
   2013.62542808      0.0000
   2013.62545662      0.0000
   2013.62548516      0.0000
   2013.62551370      0.0000
   2013.62554224      0.0000
   2013.62557078      0.0000
   2013.62559932      0.0000
   2013.62562785      0.0000
   2013.62565639      0.0000
   2013.62568493      0.0000
   2013.62571347      0.0000
   2013.62574201      0.0000
   2013.62577055      0.0000
   2013.62579909      0.0000
   2013.62582763      0.0000
   2013.62585616      0.0000
   2013.62588470      0.0000
   2013.62591324      0.0000
   2013.62594178      0.0000
   2013.62597032      0.0000
   2013.62599886      0.0000
   2013.62602740      0.0000
   2013.62605594      0.0000
   2013.62608447      0.0000
   2013.62611301      0.0000
   2013.62614155      0.0000
   2013.62617009      0.0000
   2013.62619863      0.0000
   2013.62622717      0.0000
   2013.62625571      0.0000
   2013.62628425      0.0000
   2013.62631279      0.0000
   2013.62634132      0.0000
   2013.62636986      0.0000
   2013.62639840      0.0000
   2013.62642694      0.0000
   2013.62645548      0.0003
   2013.62648402      0.0006
   2013.62651256      0.0009
   2013.62654110      0.0012
   2013.62656963      0.0015
   2013.62659817      0.0017
   2013.62662671      0.0019
   2013.62665525      0.0022
   2013.62668379      0.0025
   2013.62671233      0.0344
   2013.62674087      2.5706
   2013.62676941      5.2505
   2013.62679795      5.5200
   2013.62682648      5.3806
   2013.62685502      5.1846
   2013.62688356      5.0102
   2013.62691210      4.8669
   2013.62694064      4.7590
   2013.62696918      4.6857
   2013.62699772      4.6418
   2013.62702626      4.6272
   2013.62705479      4.5037
   2013.62708333      4.3725
   2013.62711187      4.1676
   2013.62714041      3.9420
   2013.62716895      3.9667
   2013.62719749      3.7263
   2013.62722603      3.3453
   2013.62725457      3.0773
   2013.62728311      2.8683
   2013.62731164      2.6386
   2013.62734018      2.5789
   2013.62736872      2.2685
   2013.62739726      2.0609
   2013.62742580      1.7869
   2013.62745434      1.6384
   2013.62748288      1.4839
   2013.62751142      1.3418
   2013.62753995      1.2103
   2013.62756849      1.0988
   2013.62759703      0.9974
   2013.62762557      0.9079
   2013.62765411      0.8249
   2013.62768265      0.7475
   2013.62771119      0.6772
   2013.62773973      0.6151
   2013.62776826      0.5596
   2013.62779680      0.5098
   2013.62782534      0.4655
   2013.62785388      0.4258
   2013.62788242      0.3902
   2013.62791096      0.3581
   2013.62793950      0.3290
   2013.62796804      0.3027
   2013.62799658      0.2789
   2013.62802511      0.2573
   2013.62805365      0.2374
   2013.62808219      0.2192
   2013.62811073      0.2025
   2013.62813927      0.1872
   2013.62816781      0.1733
   2013.62819635      0.1605
   2013.62822489      0.1488
   2013.62825342      0.1381
   2013.62828196      0.1282
   2013.62831050      0.1191
   2013.62833904      0.1107
   2013.62836758      0.1029
