   2013.62465753      0.0000
   2013.62468607      0.0000
   2013.62471461      0.0000
   2013.62474315      0.0000
   2013.62477169      0.0000
   2013.62480023      0.0000
   2013.62482877      0.0000
   2013.62485731      0.0000
   2013.62488584      0.0000
   2013.62491438      0.0000
   2013.62494292      0.0000
   2013.62497146      0.0000
   2013.62500000      0.0000
   2013.62502854      0.0014
   2013.62505708      0.0016
   2013.62508562      0.0019
   2013.62511416      0.0038
   2013.62514269      0.0035
   2013.62517123      0.0140
   2013.62519977      0.0515
   2013.62522831      0.0911
   2013.62525685      0.1611
   2013.62528539      0.2775
   2013.62531393      0.4476
   2013.62534247      0.7437
   2013.62537100      1.1724
   2013.62539954      1.7443
   2013.62542808      2.6177
   2013.62545662      3.8254
   2013.62548516      4.9216
   2013.62551370      5.7925
   2013.62554224      6.3664
   2013.62557078      6.6645
   2013.62559932      6.9313
   2013.62562785      7.0280
   2013.62565639      7.2372
   2013.62568493      7.3071
   2013.62571347      7.4535
   2013.62574201      7.5795
   2013.62577055      7.6006
   2013.62579909      7.4938
   2013.62582763      7.4464
   2013.62585616      7.1481
   2013.62588470      6.9126
   2013.62591324      6.4780
   2013.62594178      6.4545
   2013.62597032      6.1447
   2013.62599886      5.8696
   2013.62602740      5.1184
   2013.62605594      5.4687
   2013.62608447      5.0886
   2013.62611301      4.9794
   2013.62614155      4.6304
   2013.62617009      4.8997
   2013.62619863      4.8323
   2013.62622717      4.7769
   2013.62625571      4.7688
   2013.62628425      5.1857
   2013.62631279      5.4568
   2013.62634132      5.8128
   2013.62636986      5.9714
   2013.62639840      6.5702
   2013.62642694      7.0017
   2013.62645548      7.2356
   2013.62648402      7.2893
   2013.62651256      7.9090
   2013.62654110      7.9672
   2013.62656963      8.1205
   2013.62659817      8.1474
   2013.62662671      8.6018
   2013.62665525      8.7780
   2013.62668379      8.7817
   2013.62671233      8.6604
   2013.62674087      9.0113
   2013.62676941      9.1588
   2013.62679795      9.0101
   2013.62682648      8.8197
   2013.62685502      9.1539
   2013.62688356      9.3698
   2013.62691210      9.0056
   2013.62694064      8.7523
   2013.62696918      9.0051
   2013.62699772      8.9275
   2013.62702626      8.7101
   2013.62705479      8.4103
   2013.62708333      8.6192
   2013.62711187      8.4063
   2013.62714041      8.2040
   2013.62716895      7.8414
   2013.62719749      7.9957
   2013.62722603      7.8333
   2013.62725457      7.5161
   2013.62728311      7.0205
   2013.62731164      7.5467
   2013.62734018      7.0031
   2013.62736872      6.7145
   2013.62739726      6.3877
   2013.62742580      6.3599
   2013.62745434      6.1453
   2013.62748288      5.8697
   2013.62751142      5.5173
   2013.62753995      5.5203
   2013.62756849      5.4868
   2013.62759703      5.1658
   2013.62762557      4.7588
   2013.62765411      4.7547
   2013.62768265      4.6227
   2013.62771119      4.4141
   2013.62773973      4.3165
   2013.62776826      4.1487
   2013.62779680      3.9020
   2013.62782534      3.8077
   2013.62785388      3.3952
   2013.62788242      3.5095
   2013.62791096      3.6533
   2013.62793950      3.2206
   2013.62796804      3.0452
   2013.62799658      3.0540
   2013.62802511      2.9660
   2013.62805365      2.8326
   2013.62808219      2.8089
   2013.62811073      2.6932
   2013.62813927      2.6334
   2013.62816781      2.5394
   2013.62819635      2.5419
   2013.62822489      2.5072
   2013.62825342      2.4236
   2013.62828196      2.3546
   2013.62831050      2.3963
   2013.62833904      2.3878
   2013.62836758      2.3502
   2013.62839612      2.3101
   2013.62842466      2.3931
   2013.62845320      2.4256
   2013.62848174      2.4466
   2013.62851027      2.4304
   2013.62853881      2.5679
   2013.62856735      2.6516
   2013.62859589      2.6657
   2013.62862443      2.7592
   2013.62865297      2.7981
   2013.62868151      3.1113
   2013.62871005      3.1808
   2013.62873858      3.4064
   2013.62876712      3.4575
   2013.62879566      3.8703
   2013.62882420      4.0627
   2013.62885274      4.2701
   2013.62888128      4.3145
   2013.62890982      4.7617
   2013.62893836      4.9976
   2013.62896689      5.2911
   2013.62899543      5.3718
   2013.62902397      5.8921
   2013.62905251      6.1907
   2013.62908105      6.4786
   2013.62910959      6.5751
   2013.62913813      7.0337
   2013.62916667      7.2518
   2013.62919521      7.5539
   2013.62922374      7.5547
   2013.62925228      8.0222
   2013.62928082      8.2580
   2013.62930936      8.3145
   2013.62933790      8.3668
   2013.62936644      8.9649
   2013.62939498      8.8926
   2013.62942352      9.1142
   2013.62945205      8.7927
   2013.62948059      9.1728
   2013.62950913      9.2281
   2013.62953767      9.1613
   2013.62956621      8.9439
   2013.62959475      9.2998
   2013.62962329      9.5597
   2013.62965183      9.1410
   2013.62968037      8.8685
   2013.62970890      9.1384
   2013.62973744      9.2151
   2013.62976598      8.9051
   2013.62979452      8.5261
   2013.62982306      8.7311
   2013.62985160      8.5270
   2013.62988014      8.3985
   2013.62990868      7.9476
   2013.62993721      8.0499
   2013.62996575      7.9501
   2013.62999429      7.6165
   2013.63002283      7.1393
   2013.63005137      7.6847
   2013.63007991      7.1035
   2013.63010845      6.8089
   2013.63013699      6.4828
   2013.63016553      6.4591
   2013.63019406      6.2405
   2013.63022260      6.1600
   2013.63025114      5.7928
   2013.63027968      5.4307
   2013.63030822      5.3467
   2013.63033676      4.6167
   2013.63036530      4.3177
   2013.63039384      4.3032
   2013.63042237      3.9114
   2013.63045091      3.4194
   2013.63047945      3.1023
   2013.63050799      2.8422
   2013.63053653      2.5879
   2013.63056507      2.4366
   2013.63059361      2.1844
   2013.63062215      1.9001
   2013.63065068      1.7246
   2013.63067922      1.5624
   2013.63070776      1.4122
   2013.63073630      1.3315
   2013.63076484      1.1570
   2013.63079338      1.0521
   2013.63082192      0.9580
   2013.63085046      0.8736
   2013.63087900      0.7944
   2013.63090753      0.7214
   2013.63093607      0.6560
   2013.63096461      0.5982
   2013.63099315      0.5463
   2013.63102169      0.4999
   2013.63105023      0.4585
   2013.63107877      0.4212
   2013.63110731      0.3876
   2013.63113584      0.3572
   2013.63116438      0.3296
   2013.63119292      0.3045
   2013.63122146      0.2817
   2013.63125000      0.2609
   2013.63127854      0.2418
   2013.63130708      0.2242
   2013.63133562      0.2080
   2013.63136416      0.1931
   2013.63139269      0.1795
   2013.63142123      0.1669
   2013.63144977      0.1554
   2013.63147831      0.1448
   2013.63150685      0.1351
   2013.63153539      0.1261
   2013.63156393      0.1178
   2013.63159247      0.1101
   2013.63162100      0.1030
