   2013.62465753      0.0000
   2013.62468607      0.0000
   2013.62471461      0.0000
   2013.62474315      0.0000
   2013.62477169      0.0000
   2013.62480023      0.0000
   2013.62482877      0.0000
   2013.62485731      0.0000
   2013.62488584      0.0000
   2013.62491438      0.0000
   2013.62494292      0.0000
   2013.62497146      0.0000
   2013.62500000      0.0000
   2013.62502854      0.0000
   2013.62505708      0.0000
   2013.62508562      0.0000
   2013.62511416      0.0000
   2013.62514269      0.0000
   2013.62517123      0.0000
   2013.62519977      0.0000
   2013.62522831      0.0000
   2013.62525685      0.0000
   2013.62528539      0.0000
   2013.62531393      0.0000
   2013.62534247      0.0000
   2013.62537100      0.0050
   2013.62539954      0.0038
   2013.62542808      0.0219
   2013.62545662      0.0593
   2013.62548516      0.0985
   2013.62551370      0.1765
   2013.62554224      0.2965
   2013.62557078      0.4790
   2013.62559932      0.7353
   2013.62562785      1.0967
   2013.62565639      1.6328
   2013.62568493      2.4724
   2013.62571347      3.5284
   2013.62574201      4.5206
   2013.62577055      5.0487
   2013.62579909      5.4234
   2013.62582763      5.7440
   2013.62585616      5.9094
   2013.62588470      5.9167
   2013.62591324      6.0662
   2013.62594178      6.2829
   2013.62597032      6.5272
   2013.62599886      6.7161
   2013.62602740      6.9177
   2013.62605594      7.1822
   2013.62608447      7.4467
   2013.62611301      7.7146
   2013.62614155      8.0039
   2013.62617009      8.2689
   2013.62619863      8.5722
   2013.62622717      8.8421
   2013.62625571      9.3078
   2013.62628425      9.4513
   2013.62631279      9.7975
   2013.62634132      9.8197
   2013.62636986      9.9261
   2013.62639840      9.7931
   2013.62642694      9.6019
   2013.62645548      9.2211
   2013.62648402      8.8332
   2013.62651256      8.8942
   2013.62654110      8.6065
   2013.62656963      8.1830
   2013.62659817      7.8048
   2013.62662671      7.8250
   2013.62665525      8.0430
   2013.62668379      7.6197
   2013.62671233      7.4390
   2013.62674087      7.9543
   2013.62676941      7.9798
   2013.62679795      8.1332
   2013.62682648      8.1962
   2013.62685502      8.6232
   2013.62688356      8.7466
   2013.62691210      8.7216
   2013.62694064      8.4656
   2013.62696918      8.7620
   2013.62699772      8.7039
   2013.62702626      8.5298
   2013.62705479      8.1598
   2013.62708333      8.3389
   2013.62711187      8.0875
   2013.62714041      7.8730
   2013.62716895      7.4871
   2013.62719749      7.5876
   2013.62722603      7.3998
   2013.62725457      7.1046
   2013.62728311      6.6667
   2013.62731164      6.7655
   2013.62734018      6.5517
   2013.62736872      6.5087
   2013.62739726      5.8864
   2013.62742580      5.8981
   2013.62745434      5.6899
   2013.62748288      5.5252
   2013.62751142      5.0597
   2013.62753995      5.0645
   2013.62756849      4.9091
   2013.62759703      4.6693
   2013.62762557      4.2481
   2013.62765411      4.3222
   2013.62768265      4.0368
   2013.62771119      3.8387
   2013.62773973      3.4805
   2013.62776826      3.5806
   2013.62779680      3.6497
   2013.62782534      3.2452
   2013.62785388      3.1738
   2013.62788242      3.0679
   2013.62791096      2.8922
   2013.62793950      2.7513
   2013.62796804      2.6218
   2013.62799658      2.5660
   2013.62802511      2.4546
   2013.62805365      2.3387
   2013.62808219      2.2499
   2013.62811073      2.2008
   2013.62813927      2.1182
   2013.62816781      2.0266
   2013.62819635      1.9726
   2013.62822489      1.9513
   2013.62825342      1.8939
   2013.62828196      1.8290
   2013.62831050      1.8361
   2013.62833904      1.8113
   2013.62836758      1.7798
   2013.62839612      1.7377
   2013.62842466      1.7846
   2013.62845320      1.7943
   2013.62848174      1.7958
   2013.62851027      1.7846
   2013.62853881      1.8773
   2013.62856735      1.9386
   2013.62859589      1.9861
   2013.62862443      2.0191
   2013.62865297      2.1899
   2013.62868151      2.3185
   2013.62871005      2.3908
   2013.62873858      2.5361
   2013.62876712      2.6564
   2013.62879566      3.0159
   2013.62882420      3.2155
   2013.62885274      3.4068
   2013.62888128      3.5664
   2013.62890982      4.0930
   2013.62893836      4.3392
   2013.62896689      4.5350
   2013.62899543      4.7013
   2013.62902397      5.2078
   2013.62905251      5.5021
   2013.62908105      5.8274
   2013.62910959      5.9311
   2013.62913813      6.4529
   2013.62916667      6.8000
   2013.62919521      7.0285
   2013.62922374      7.0862
   2013.62925228      7.6913
   2013.62928082      7.7561
   2013.62930936      8.1614
   2013.62933790      7.9904
   2013.62936644      8.5020
   2013.62939498      8.6847
   2013.62942352      8.7142
   2013.62945205      8.6246
   2013.62948059      9.1816
   2013.62950913      9.3532
   2013.62953767      9.0134
   2013.62956621      9.0024
   2013.62959475      9.4286
   2013.62962329      9.1966
   2013.62965183      8.9867
   2013.62968037      8.4237
   2013.62970890      8.7299
   2013.62973744      9.2882
   2013.62976598      9.0431
   2013.62979452      8.4617
   2013.62982306      8.0016
   2013.62985160      7.5316
   2013.62988014      7.8122
   2013.62990868      7.8723
   2013.62993721      7.8142
   2013.62996575      7.0997
   2013.62999429      6.6823
   2013.63002283      6.1694
   2013.63005137      5.9542
   2013.63007991      5.9112
   2013.63010845      5.5513
   2013.63013699      5.3832
   2013.63016553      4.9896
   2013.63019406      4.6124
   2013.63022260      4.5308
   2013.63025114      4.0452
   2013.63027968      4.0733
   2013.63030822      3.7293
   2013.63033676      3.5710
   2013.63036530      3.1693
   2013.63039384      2.9745
   2013.63042237      2.7274
   2013.63045091      2.5613
   2013.63047945      2.4082
   2013.63050799      2.2617
   2013.63053653      2.1023
   2013.63056507      1.9433
   2013.63059361      1.7989
   2013.63062215      1.6598
   2013.63065068      1.5261
   2013.63067922      1.3982
   2013.63070776      1.2785
   2013.63073630      1.1669
   2013.63076484      1.0682
   2013.63079338      0.9763
   2013.63082192      0.8941
   2013.63085046      0.8162
   2013.63087900      0.7431
   2013.63090753      0.6765
   2013.63093607      0.6173
   2013.63096461      0.5642
   2013.63099315      0.5164
   2013.63102169      0.4735
   2013.63105023      0.4350
   2013.63107877      0.4002
   2013.63110731      0.3686
   2013.63113584      0.3400
   2013.63116438      0.3139
   2013.63119292      0.2902
   2013.63122146      0.2686
   2013.63125000      0.2488
   2013.63127854      0.2305
   2013.63130708      0.2136
   2013.63133562      0.1982
   2013.63136416      0.1840
   2013.63139269      0.1710
   2013.63142123      0.1590
   2013.63144977      0.1480
   2013.63147831      0.1379
   2013.63150685      0.1286
   2013.63153539      0.1200
   2013.63156393      0.1120
   2013.63159247      0.1046
