   2013.62465753      0.0000
   2013.62468607      0.0000
   2013.62471461      0.0000
   2013.62474315      0.0000
   2013.62477169      0.0000
   2013.62480023      0.0000
   2013.62482877      0.0000
   2013.62485731      0.0000
   2013.62488584      0.0000
   2013.62491438      0.0000
   2013.62494292      0.0000
   2013.62497146      0.0000
   2013.62500000      0.0000
   2013.62502854      0.0000
   2013.62505708      0.0000
   2013.62508562      0.0000
   2013.62511416      0.0000
   2013.62514269      0.0000
   2013.62517123      0.0000
   2013.62519977      0.0000
   2013.62522831      0.0000
   2013.62525685      0.0000
   2013.62528539      0.0000
   2013.62531393      0.0000
   2013.62534247      0.0000
   2013.62537100      0.0000
   2013.62539954      0.0000
   2013.62542808      0.0000
   2013.62545662      0.0000
   2013.62548516      0.0000
   2013.62551370      0.0000
   2013.62554224      0.0000
   2013.62557078      0.0000
   2013.62559932      0.0000
   2013.62562785      0.0000
   2013.62565639      0.0000
   2013.62568493      0.0000
   2013.62571347      0.0000
   2013.62574201      0.0000
   2013.62577055      0.0000
   2013.62579909      0.0000
   2013.62582763      0.0000
   2013.62585616      0.0000
   2013.62588470      0.0000
   2013.62591324      0.0000
   2013.62594178      0.0000
   2013.62597032      0.0000
   2013.62599886      0.0000
   2013.62602740      0.0000
   2013.62605594      0.0000
   2013.62608447      0.0000
   2013.62611301      0.0000
   2013.62614155      0.0000
   2013.62617009      0.0000
   2013.62619863      0.0000
   2013.62622717      0.0000
   2013.62625571      0.0000
   2013.62628425      0.0000
   2013.62631279      0.0000
   2013.62634132      0.0000
   2013.62636986      0.0000
   2013.62639840      0.0000
   2013.62642694      0.0000
   2013.62645548      0.0000
   2013.62648402      0.0000
   2013.62651256      0.0000
   2013.62654110      0.0000
   2013.62656963      0.0000
   2013.62659817      0.0000
   2013.62662671      0.0000
   2013.62665525      0.0000
   2013.62668379      0.0000
   2013.62671233      0.0000
   2013.62674087      0.0000
   2013.62676941      0.0000
   2013.62679795      0.0000
   2013.62682648      0.0000
   2013.62685502      0.0000
   2013.62688356      0.0000
   2013.62691210      0.0000
   2013.62694064      0.0000
   2013.62696918      0.0000
   2013.62699772      0.0000
   2013.62702626      0.0000
   2013.62705479      0.0000
   2013.62708333      0.0000
   2013.62711187      0.0000
   2013.62714041      0.0000
   2013.62716895      0.0000
   2013.62719749      0.1198
   2013.62722603      0.1933
   2013.62725457      0.4386
   2013.62728311      1.0611
   2013.62731164      2.0194
   2013.62734018      3.4144
   2013.62736872      6.3315
   2013.62739726      9.5928
   2013.62742580     10.5873
   2013.62745434     10.1323
   2013.62748288      8.9682
   2013.62751142      7.9483
   2013.62753995      7.1318
   2013.62756849      6.2177
   2013.62759703      5.5268
   2013.62762557      4.9561
   2013.62765411      4.4410
   2013.62768265      4.0688
   2013.62771119      3.6805
   2013.62773973      3.4249
   2013.62776826      3.1674
   2013.62779680      2.9393
   2013.62782534      2.6629
   2013.62785388      2.4613
   2013.62788242      2.2842
   2013.62791096      2.1192
   2013.62793950      1.9783
   2013.62796804      1.8159
   2013.62799658      1.6881
   2013.62802511      1.5703
   2013.62805365      1.4598
   2013.62808219      1.3538
   2013.62811073      1.2527
   2013.62813927      1.1539
   2013.62816781      1.0681
   2013.62819635      0.9839
   2013.62822489      0.9086
   2013.62825342      0.8361
   2013.62828196      0.7661
   2013.62831050      0.7004
   2013.62833904      0.6406
   2013.62836758      0.5865
   2013.62839612      0.5372
   2013.62842466      0.4925
   2013.62845320      0.4522
   2013.62848174      0.4156
   2013.62851027      0.3824
   2013.62853881      0.3521
   2013.62856735      0.3244
   2013.62859589      0.2991
   2013.62862443      0.2760
   2013.62865297      0.2549
   2013.62868151      0.2355
   2013.62871005      0.2175
   2013.62873858      0.2009
   2013.62876712      0.1858
   2013.62879566      0.1719
   2013.62882420      0.1592
   2013.62885274      0.1475
   2013.62888128      0.1368
   2013.62890982      0.1269
   2013.62893836      0.1178
   2013.62896689      0.1094
   2013.62899543      0.1016
