   2013.62465753      0.0000
   2013.62468607      0.0000
   2013.62471461      0.0000
   2013.62474315      0.0000
   2013.62477169      0.0000
   2013.62480023      0.0000
   2013.62482877      0.0000
   2013.62485731      0.0000
   2013.62488584      0.0000
   2013.62491438      0.0000
   2013.62494292      0.0000
   2013.62497146      0.0000
   2013.62500000      0.0000
   2013.62502854      0.0000
   2013.62505708      0.0000
   2013.62508562      0.0000
   2013.62511416      0.0000
   2013.62514269      0.0000
   2013.62517123      0.0000
   2013.62519977      0.0000
   2013.62522831      0.0000
   2013.62525685      0.0000
   2013.62528539      0.0000
   2013.62531393      0.0000
   2013.62534247      0.0000
   2013.62537100      0.0000
   2013.62539954      0.0000
   2013.62542808      0.0000
   2013.62545662      0.0000
   2013.62548516      0.0000
   2013.62551370      0.0000
   2013.62554224      0.0000
   2013.62557078      0.0000
   2013.62559932      0.0095
   2013.62562785      0.0518
   2013.62565639      0.1017
   2013.62568493      0.2179
   2013.62571347      0.4675
   2013.62574201      0.9212
   2013.62577055      1.6597
   2013.62579909      2.8050
   2013.62582763      4.6685
   2013.62585616      7.2249
   2013.62588470      9.4553
   2013.62591324     10.9246
   2013.62594178     11.3362
   2013.62597032     11.7392
   2013.62599886     11.9938
   2013.62602740     12.5292
   2013.62605594     12.5248
   2013.62608447     12.8906
   2013.62611301     13.1143
   2013.62614155     13.7030
   2013.62617009     13.6916
   2013.62619863     14.0901
   2013.62622717     14.3098
   2013.62625571     14.2229
   2013.62628425     13.9800
   2013.62631279     13.3685
   2013.62634132     13.0467
   2013.62636986     11.5210
   2013.62639840     11.4479
   2013.62642694     10.8897
   2013.62645548     10.0722
   2013.62648402      8.9560
   2013.62651256      8.7353
   2013.62654110      8.1628
   2013.62656963      7.8311
   2013.62659817      7.3004
   2013.62662671      7.3971
   2013.62665525      7.4131
   2013.62668379      7.4137
   2013.62671233      7.2695
   2013.62674087      7.6539
   2013.62676941      7.7400
   2013.62679795      7.9437
   2013.62682648      7.7252
   2013.62685502      8.0282
   2013.62688356      8.0280
   2013.62691210      8.1447
   2013.62694064      7.7517
   2013.62696918      7.9847
   2013.62699772      8.0281
   2013.62702626      7.7507
   2013.62705479      7.4679
   2013.62708333      7.6261
   2013.62711187      7.4986
   2013.62714041      7.2373
   2013.62716895      6.7624
   2013.62719749      7.2699
   2013.62722603      6.7981
   2013.62725457      6.5262
   2013.62728311      6.1871
   2013.62731164      6.1911
   2013.62734018      5.9893
   2013.62736872      5.8916
   2013.62739726      5.3770
   2013.62742580      5.3816
   2013.62745434      5.2720
   2013.62748288      5.0181
   2013.62751142      4.5415
   2013.62753995      4.6146
   2013.62756849      4.4570
   2013.62759703      4.2414
   2013.62762557      4.0829
   2013.62765411      3.8943
   2013.62768265      3.7198
   2013.62771119      3.6997
   2013.62773973      3.2351
   2013.62776826      3.2445
   2013.62779680      3.1192
   2013.62782534      2.9439
   2013.62785388      2.8564
   2013.62788242      2.7167
   2013.62791096      2.5884
   2013.62793950      2.3987
   2013.62796804      2.3349
   2013.62799658      2.2635
   2013.62802511      2.1128
   2013.62805365      2.0155
   2013.62808219      1.9613
   2013.62811073      1.9098
   2013.62813927      1.8324
   2013.62816781      1.7186
   2013.62819635      1.6872
   2013.62822489      1.6538
   2013.62825342      1.5973
   2013.62828196      1.5339
   2013.62831050      1.5258
   2013.62833904      1.4918
   2013.62836758      1.4595
   2013.62839612      1.4187
   2013.62842466      1.4446
   2013.62845320      1.4381
   2013.62848174      1.4398
   2013.62851027      1.4287
   2013.62853881      1.4927
   2013.62856735      1.5289
   2013.62859589      1.5711
   2013.62862443      1.5964
   2013.62865297      1.7275
   2013.62868151      1.8283
   2013.62871005      1.8944
   2013.62873858      2.0092
   2013.62876712      2.1416
   2013.62879566      2.4401
   2013.62882420      2.5736
   2013.62885274      2.7546
   2013.62888128      3.0198
   2013.62890982      3.4117
   2013.62893836      3.6618
   2013.62896689      3.9129
   2013.62899543      4.0508
   2013.62902397      4.5794
   2013.62905251      4.7815
   2013.62908105      5.1152
   2013.62910959      5.2216
   2013.62913813      5.7363
   2013.62916667      6.0240
   2013.62919521      6.3104
   2013.62922374      6.3544
   2013.62925228      6.8373
   2013.62928082      7.1539
   2013.62930936      7.3177
   2013.62933790      7.2717
   2013.62936644      7.7000
   2013.62939498      7.7950
   2013.62942352      8.0159
   2013.62945205      7.8216
   2013.62948059      8.2463
   2013.62950913      8.3010
   2013.62953767      8.2979
   2013.62956621      8.0667
   2013.62959475      8.3770
   2013.62962329      8.3844
   2013.62965183      8.2048
   2013.62968037      7.9836
   2013.62970890      8.2666
   2013.62973744      8.1063
   2013.62976598      8.1225
   2013.62979452      7.6366
   2013.62982306      7.8157
   2013.62985160      7.6859
   2013.62988014      7.4076
   2013.62990868      6.9563
   2013.62993721      7.4728
   2013.62996575      6.9591
   2013.62999429      6.6793
   2013.63002283      6.3613
   2013.63005137      6.3405
   2013.63007991      6.1325
   2013.63010845      6.0520
   2013.63013699      5.5066
   2013.63016553      5.5106
   2013.63019406      5.4227
   2013.63022260      5.1466
   2013.63025114      4.8881
   2013.63027968      4.8751
   2013.63030822      4.3208
   2013.63033676      4.3104
   2013.63036530      3.8893
   2013.63039384      3.4427
   2013.63042237      3.2319
   2013.63045091      2.9281
   2013.63047945      2.6860
   2013.63050799      2.4616
   2013.63053653      2.2390
   2013.63056507      2.0309
   2013.63059361      1.8524
   2013.63062215      1.6898
   2013.63065068      1.5405
   2013.63067922      1.4025
   2013.63070776      1.3358
   2013.63073630      1.1623
   2013.63076484      1.0612
   2013.63079338      0.9686
   2013.63082192      0.8860
   2013.63085046      0.8080
   2013.63087900      0.7353
   2013.63090753      0.6696
   2013.63093607      0.6114
   2013.63096461      0.5590
   2013.63099315      0.5120
   2013.63102169      0.4699
   2013.63105023      0.4320
   2013.63107877      0.3978
   2013.63110731      0.3668
   2013.63113584      0.3386
   2013.63116438      0.3129
   2013.63119292      0.2895
   2013.63122146      0.2682
   2013.63125000      0.2486
   2013.63127854      0.2306
   2013.63130708      0.2139
   2013.63133562      0.1986
   2013.63136416      0.1846
   2013.63139269      0.1717
   2013.63142123      0.1598
   2013.63144977      0.1489
   2013.63147831      0.1389
   2013.63150685      0.1296
   2013.63153539      0.1211
   2013.63156393      0.1131
   2013.63159247      0.1058
