   2013.62465753      0.0000
   2013.62468607      0.0000
   2013.62471461      0.0000
   2013.62474315      0.0000
   2013.62477169      0.0000
   2013.62480023      0.0000
   2013.62482877      0.0000
   2013.62485731      0.0000
   2013.62488584      0.0000
   2013.62491438      0.0000
   2013.62494292      0.0000
   2013.62497146      0.0000
   2013.62500000      0.0000
   2013.62502854      0.0001
   2013.62505708      0.0001
   2013.62508562      0.0001
   2013.62511416      0.0001
   2013.62514269      0.0001
   2013.62517123      0.0001
   2013.62519977      0.0001
   2013.62522831      0.0001
   2013.62525685      0.0001
   2013.62528539      0.0001
   2013.62531393      0.0001
   2013.62534247      0.0001
   2013.62537100      0.0000
   2013.62539954      0.0000
   2013.62542808      0.0000
   2013.62545662      0.0000
   2013.62548516      0.0006
   2013.62551370      0.0013
   2013.62554224      0.0017
   2013.62557078      0.0021
   2013.62559932      0.0024
   2013.62562785      0.0028
   2013.62565639      0.0201
   2013.62568493      0.0567
   2013.62571347      0.0910
   2013.62574201      0.1544
   2013.62577055      0.2477
   2013.62579909      0.3885
   2013.62582763      0.5980
   2013.62585616      0.8998
   2013.62588470      1.3349
   2013.62591324      1.9761
   2013.62594178      2.8540
   2013.62597032      3.6676
   2013.62599886      4.4047
   2013.62602740      4.7605
   2013.62605594      4.8766
   2013.62608447      4.8289
   2013.62611301      4.8852
   2013.62614155      4.4196
   2013.62617009      4.1596
   2013.62619863      4.1686
   2013.62622717      3.8717
   2013.62625571      3.4273
   2013.62628425      3.1260
   2013.62631279      2.8961
   2013.62634132      2.6553
   2013.62636986      2.4426
   2013.62639840      2.2398
   2013.62642694      2.0530
   2013.62645548      1.8702
   2013.62648402      1.7376
   2013.62651256      1.6383
   2013.62654110      1.5045
   2013.62656963      1.3964
   2013.62659817      1.2795
   2013.62662671      1.2482
   2013.62665525      1.1127
   2013.62668379      0.9850
   2013.62671233      0.9677
   2013.62674087      0.9098
   2013.62676941      0.8406
   2013.62679795      0.7776
   2013.62682648      0.7548
   2013.62685502      0.7139
   2013.62688356      0.6698
   2013.62691210      0.6331
   2013.62694064      0.6349
   2013.62696918      0.6124
   2013.62699772      0.5863
   2013.62702626      0.5655
   2013.62705479      0.5811
   2013.62708333      0.5901
   2013.62711187      0.5663
   2013.62714041      0.5594
   2013.62716895      0.5659
   2013.62719749      0.6066
   2013.62722603      0.6104
   2013.62725457      0.6063
   2013.62728311      0.6471
   2013.62731164      0.6918
   2013.62734018      0.6895
   2013.62736872      0.7065
   2013.62739726      0.7300
   2013.62742580      0.7672
   2013.62745434      0.7831
   2013.62748288      0.8250
   2013.62751142      0.8065
   2013.62753995      0.8665
   2013.62756849      0.8812
   2013.62759703      0.8991
   2013.62762557      0.9274
   2013.62765411      0.9402
   2013.62768265      0.9722
   2013.62771119      0.9504
   2013.62773973      0.9415
   2013.62776826      0.9244
   2013.62779680      0.8859
   2013.62782534      0.8658
   2013.62785388      0.8432
   2013.62788242      0.8097
   2013.62791096      0.7716
   2013.62793950      0.7341
   2013.62796804      0.7049
   2013.62799658      0.6707
   2013.62802511      0.6356
   2013.62805365      0.6022
   2013.62808219      0.5764
   2013.62811073      0.5457
   2013.62813927      0.5149
   2013.62816781      0.4859
   2013.62819635      0.4634
   2013.62822489      0.4379
   2013.62825342      0.4125
   2013.62828196      0.3884
   2013.62831050      0.3696
   2013.62833904      0.3487
   2013.62836758      0.3282
   2013.62839612      0.3086
   2013.62842466      0.2934
   2013.62845320      0.2767
   2013.62848174      0.2605
   2013.62851027      0.2450
   2013.62853881      0.2327
   2013.62856735      0.2192
   2013.62859589      0.2061
   2013.62862443      0.1937
   2013.62865297      0.1843
   2013.62868151      0.1736
   2013.62871005      0.1630
   2013.62873858      0.1530
   2013.62876712      0.2054
   2013.62879566      0.2146
   2013.62882420      0.2155
   2013.62885274      0.2255
   2013.62888128      0.2427
   2013.62890982      0.2592
   2013.62893836      0.2653
   2013.62896689      0.2594
   2013.62899543      0.2455
   2013.62902397      0.2293
   2013.62905251      0.2173
   2013.62908105      0.2162
   2013.62910959      0.2350
   2013.62913813      0.2688
   2013.62916667      0.3226
   2013.62919521      0.3828
   2013.62922374      0.4344
   2013.62925228      0.4666
   2013.62928082      0.4853
   2013.62930936      0.4826
   2013.62933790      0.4977
   2013.62936644      0.5224
   2013.62939498      0.5616
   2013.62942352      0.6247
   2013.62945205      0.7194
   2013.62948059      0.8521
   2013.62950913      0.9829
   2013.62953767      1.0605
   2013.62956621      1.0760
   2013.62959475      1.0352
   2013.62962329      1.0056
   2013.62965183      0.9563
   2013.62968037      0.9041
   2013.62970890      0.8535
   2013.62973744      0.8025
   2013.62976598      0.7512
   2013.62979452      0.7010
   2013.62982306      0.6533
   2013.62985160      0.6083
   2013.62988014      0.5655
   2013.62990868      0.5252
   2013.62993721      0.4877
   2013.62996575      0.4528
   2013.62999429      0.4205
   2013.63002283      0.3904
   2013.63005137      0.3625
   2013.63007991      0.3366
   2013.63010845      0.3126
   2013.63013699      0.2904
   2013.63016553      0.2699
   2013.63019406      0.2510
   2013.63022260      0.2334
   2013.63025114      0.2170
   2013.63027968      0.2018
   2013.63030822      0.1878
   2013.63033676      0.1748
   2013.63036530      0.1629
   2013.63039384      0.1519
   2013.63042237      0.1417
   2013.63045091      0.1323
   2013.63047945      0.1235
   2013.63050799      0.1154
   2013.63053653      0.1079
   2013.63056507      0.1009
