   2013.62465753      0.0000
   2013.62468607      0.0000
   2013.62471461      0.0000
   2013.62474315      0.0000
   2013.62477169      0.0000
   2013.62480023      0.0000
   2013.62482877      0.0000
   2013.62485731      0.0000
   2013.62488584      0.0000
   2013.62491438      0.0000
   2013.62494292      0.0000
   2013.62497146      0.0000
   2013.62500000      0.0000
   2013.62502854      0.0000
   2013.62505708      0.0000
   2013.62508562      0.0000
   2013.62511416      0.0000
   2013.62514269      0.0000
   2013.62517123      0.0000
   2013.62519977      0.0000
   2013.62522831      0.0000
   2013.62525685      0.0000
   2013.62528539      0.0000
   2013.62531393      0.0000
   2013.62534247      0.0000
   2013.62537100      0.0000
   2013.62539954      0.0000
   2013.62542808      0.0000
   2013.62545662      0.0000
   2013.62548516      0.0000
   2013.62551370      0.0000
   2013.62554224      0.0000
   2013.62557078      0.0000
   2013.62559932      0.0000
   2013.62562785      0.0000
   2013.62565639      0.0000
   2013.62568493      0.0000
   2013.62571347      0.0000
   2013.62574201      0.0000
   2013.62577055      0.0000
   2013.62579909      0.0000
   2013.62582763      0.0000
   2013.62585616      0.0000
   2013.62588470      0.0000
   2013.62591324      0.0000
   2013.62594178      0.0000
   2013.62597032      0.0000
   2013.62599886      0.0000
   2013.62602740      0.0000
   2013.62605594      0.0000
   2013.62608447      0.0000
   2013.62611301      0.0000
   2013.62614155      0.0000
   2013.62617009      0.0000
   2013.62619863      0.0000
   2013.62622717      0.0000
   2013.62625571      0.0000
   2013.62628425      0.0000
   2013.62631279      0.0000
   2013.62634132      0.0000
   2013.62636986      0.0000
   2013.62639840      0.0000
   2013.62642694      0.0000
   2013.62645548      0.0000
   2013.62648402      0.0000
   2013.62651256      0.0000
   2013.62654110      0.0000
   2013.62656963      0.0000
   2013.62659817      0.0000
   2013.62662671      0.0000
   2013.62665525      0.0000
   2013.62668379      0.0000
   2013.62671233      0.0000
   2013.62674087      0.1370
   2013.62676941      0.3516
   2013.62679795      1.2580
   2013.62682648      3.4804
   2013.62685502      6.6145
   2013.62688356     11.6558
   2013.62691210     17.6305
   2013.62694064     19.1350
   2013.62696918     18.0167
   2013.62699772     15.7159
   2013.62702626     12.9903
   2013.62705479     10.7907
   2013.62708333      9.1639
   2013.62711187      8.0071
   2013.62714041      7.1470
   2013.62716895      5.6677
   2013.62719749      4.8844
   2013.62722603      4.1909
   2013.62725457      3.6201
   2013.62728311      3.2349
   2013.62731164      2.8586
   2013.62734018      2.5282
   2013.62736872      2.2233
   2013.62739726      2.0025
   2013.62742580      1.8075
   2013.62745434      1.6316
   2013.62748288      1.4724
   2013.62751142      1.3481
   2013.62753995      1.2609
   2013.62756849      1.1333
   2013.62759703      1.0137
   2013.62762557      0.9603
   2013.62765411      0.8881
   2013.62768265      0.8161
   2013.62771119      0.7510
   2013.62773973      0.7009
   2013.62776826      0.6491
   2013.62779680      0.6006
   2013.62782534      0.5574
   2013.62785388      0.5259
   2013.62788242      0.4913
   2013.62791096      0.4579
   2013.62793950      0.4274
   2013.62796804      0.4063
   2013.62799658      0.3814
   2013.62802511      0.3568
   2013.62805365      0.3337
   2013.62808219      0.3188
   2013.62811073      0.3002
   2013.62813927      0.2818
   2013.62816781      0.2643
   2013.62819635      0.2548
   2013.62822489      0.2408
   2013.62825342      0.2265
   2013.62828196      0.2128
   2013.62831050      0.2069
   2013.62833904      0.1961
   2013.62836758      0.1848
   2013.62839612      0.1740
   2013.62842466      0.1710
   2013.62845320      0.1627
   2013.62848174      0.1536
   2013.62851027      0.1449
   2013.62853881      0.1451
   2013.62856735      0.1388
   2013.62859589      0.1314
   2013.62862443      0.1245
   2013.62865297      0.1273
   2013.62868151      0.1227
   2013.62871005      0.1168
   2013.62873858      0.1114
   2013.62876712      0.1160
   2013.62879566      0.1129
   2013.62882420      0.1085
   2013.62885274      0.1044
   2013.62888128      0.1119
   2013.62890982      0.1107
   2013.62893836      0.1080
   2013.62896689      0.1058
   2013.62899543      0.1170
   2013.62902397      0.1186
   2013.62905251      0.1185
   2013.62908105      0.1192
   2013.62910959      0.1350
   2013.62913813      0.1405
   2013.62916667      0.1444
   2013.62919521      0.1493
   2013.62922374      0.1711
   2013.62925228      0.1825
   2013.62928082      0.1923
   2013.62930936      0.2032
   2013.62933790      0.2357
   2013.62936644      0.2578
   2013.62939498      0.2830
   2013.62942352      0.3072
   2013.62945205      0.3488
   2013.62948059      0.4114
   2013.62950913      0.4501
   2013.62953767      0.5069
   2013.62956621      0.5875
   2013.62959475      0.6786
   2013.62962329      0.7615
   2013.62965183      0.8347
   2013.62968037      0.8893
   2013.62970890      0.9905
   2013.62973744      1.0470
   2013.62976598      1.0879
   2013.62979452      1.0989
   2013.62982306      1.1676
   2013.62985160      1.1839
   2013.62988014      1.1896
   2013.62990868      1.1233
   2013.62993721      1.2041
   2013.62996575      1.2023
   2013.62999429      1.1838
   2013.63002283      1.0895
   2013.63005137      1.1686
   2013.63007991      1.1561
   2013.63010845      1.1180
   2013.63013699      1.0751
   2013.63016553      1.0730
   2013.63019406      1.0461
   2013.63022260      1.0484
   2013.63025114      0.9892
   2013.63027968      0.9508
   2013.63030822      0.8996
   2013.63033676      0.8761
   2013.63036530      0.8393
   2013.63039384      0.7992
   2013.63042237      0.7580
   2013.63045091      0.7171
   2013.63047945      0.6780
   2013.63050799      0.6411
   2013.63053653      0.6061
   2013.63056507      0.5722
   2013.63059361      0.5395
   2013.63062215      0.5082
   2013.63065068      0.4785
   2013.63067922      0.4503
   2013.63070776      0.4236
   2013.63073630      0.3983
   2013.63076484      0.3744
   2013.63079338      0.3519
   2013.63082192      0.3306
   2013.63085046      0.3106
   2013.63087900      0.2918
   2013.63090753      0.2741
   2013.63093607      0.2576
   2013.63096461      0.2420
   2013.63099315      0.2272
   2013.63102169      0.2132
   2013.63105023      0.2001
   2013.63107877      0.1877
   2013.63110731      0.1762
   2013.63113584      0.1654
   2013.63116438      0.1552
   2013.63119292      0.1458
   2013.63122146      0.1369
   2013.63125000      0.1285
   2013.63127854      0.1208
   2013.63130708      0.1134
   2013.63133562      0.1066
   2013.63136416      0.1002
