   2013.62465753      0.0000
   2013.62468607      0.0000
   2013.62471461      0.0000
   2013.62474315      0.0000
   2013.62477169      0.0000
   2013.62480023      0.0000
   2013.62482877      0.0000
   2013.62485731      0.0000
   2013.62488584      0.0000
   2013.62491438      0.0000
   2013.62494292      0.0000
   2013.62497146      0.0000
   2013.62500000      0.0000
   2013.62502854      0.0000
   2013.62505708      0.0000
   2013.62508562      0.0000
   2013.62511416      0.0000
   2013.62514269      0.0000
   2013.62517123      0.0000
   2013.62519977      0.0000
   2013.62522831      0.0000
   2013.62525685      0.0000
   2013.62528539      0.0000
   2013.62531393      0.0000
   2013.62534247      0.0000
   2013.62537100      0.0000
   2013.62539954      0.0000
   2013.62542808      0.0000
   2013.62545662      0.0000
   2013.62548516      0.0000
   2013.62551370      0.0000
   2013.62554224      0.0000
   2013.62557078      0.0000
   2013.62559932      0.0000
   2013.62562785      0.0000
   2013.62565639      0.0000
   2013.62568493      0.0000
   2013.62571347      0.0000
   2013.62574201      0.0000
   2013.62577055      0.0000
   2013.62579909      0.0000
   2013.62582763      0.0000
   2013.62585616      0.0000
   2013.62588470      0.0000
   2013.62591324      0.0000
   2013.62594178      0.0000
   2013.62597032      0.0000
   2013.62599886      0.0000
   2013.62602740      0.0000
   2013.62605594      0.0000
   2013.62608447      0.0000
   2013.62611301      0.0000
   2013.62614155      0.0000
   2013.62617009      0.0000
   2013.62619863      0.0000
   2013.62622717      0.0000
   2013.62625571      0.0000
   2013.62628425      0.0000
   2013.62631279      0.0000
   2013.62634132      0.0000
   2013.62636986      0.0000
   2013.62639840      0.0000
   2013.62642694      0.0000
   2013.62645548      0.0000
   2013.62648402      0.0000
   2013.62651256      0.0000
   2013.62654110      0.0000
   2013.62656963      0.0000
   2013.62659817      0.0000
   2013.62662671      1.1774
   2013.62665525      6.7827
   2013.62668379     14.4570
   2013.62671233     31.4661
   2013.62674087     42.7673
   2013.62676941     39.0008
   2013.62679795     30.5899
   2013.62682648     24.8578
   2013.62685502     20.5009
   2013.62688356     17.2555
   2013.62691210     14.8778
   2013.62694064     13.0975
   2013.62696918     11.6342
   2013.62699772     10.6816
   2013.62702626      9.6047
   2013.62705479      8.8303
   2013.62708333      8.1678
   2013.62711187      7.7688
   2013.62714041      7.3923
   2013.62716895      7.1168
   2013.62719749      6.8215
   2013.62722603      6.5122
   2013.62725457      6.3494
   2013.62728311      5.7870
   2013.62731164      5.5296
   2013.62734018      5.4262
   2013.62736872      4.6638
   2013.62739726      4.3536
   2013.62742580      4.2442
   2013.62745434      3.6429
   2013.62748288      3.2799
   2013.62751142      2.9897
   2013.62753995      2.6671
   2013.62756849      2.4842
   2013.62759703      2.2174
   2013.62762557      1.9051
   2013.62765411      1.7154
   2013.62768265      1.5377
   2013.62771119      1.3775
   2013.62773973      1.2522
   2013.62776826      1.1179
   2013.62779680      1.0002
   2013.62782534      0.9108
   2013.62785388      0.8228
   2013.62788242      0.7427
   2013.62791096      0.6707
   2013.62793950      0.6072
   2013.62796804      0.5507
   2013.62799658      0.5005
   2013.62802511      0.4561
   2013.62805365      0.4167
   2013.62808219      0.3814
   2013.62811073      0.3497
   2013.62813927      0.3211
   2013.62816781      0.2953
   2013.62819635      0.2719
   2013.62822489      0.2505
   2013.62825342      0.2310
   2013.62828196      0.2130
   2013.62831050      0.1966
   2013.62833904      0.1817
   2013.62836758      0.1680
   2013.62839612      0.1555
   2013.62842466      0.1440
   2013.62845320      0.1335
   2013.62848174      0.1238
   2013.62851027      0.1149
   2013.62853881      0.1067
