   2013.62465753      0.0000
   2013.62468607      0.0000
   2013.62471461      0.0000
   2013.62474315      0.0000
   2013.62477169      0.0000
   2013.62480023      0.0000
   2013.62482877      0.0000
   2013.62485731      0.0000
   2013.62488584      0.0000
   2013.62491438      0.0000
   2013.62494292      0.0000
   2013.62497146      0.0000
   2013.62500000      0.0000
   2013.62502854      0.0000
   2013.62505708      0.0000
   2013.62508562      0.0000
   2013.62511416      0.0000
   2013.62514269      0.0816
   2013.62517123      0.1493
   2013.62519977      0.3340
   2013.62522831      0.8551
   2013.62525685      1.7897
   2013.62528539      3.1400
   2013.62531393      5.4253
   2013.62534247      9.1746
   2013.62537100     12.0035
   2013.62539954     13.2749
   2013.62542808     13.4547
   2013.62545662     13.7161
   2013.62548516     13.1353
   2013.62551370     13.0932
   2013.62554224     12.9677
   2013.62557078     13.3143
   2013.62559932     13.0092
   2013.62562785     13.1572
   2013.62565639     13.1637
   2013.62568493     13.6391
   2013.62571347     13.3903
   2013.62574201     13.6118
   2013.62577055     13.6480
   2013.62579909     14.2062
   2013.62582763     13.9368
   2013.62585616     14.1876
   2013.62588470     14.2389
   2013.62591324     14.5455
   2013.62594178     14.5651
   2013.62597032     14.6817
   2013.62599886     14.0689
   2013.62602740     13.4912
   2013.62605594     13.6971
   2013.62608447     13.1367
   2013.62611301     12.6153
   2013.62614155     11.7548
   2013.62617009     12.2260
   2013.62619863     11.8417
   2013.62622717     11.3366
   2013.62625571     11.8388
   2013.62628425     13.0923
   2013.62631279     15.2228
   2013.62634132     15.9860
   2013.62636986     14.7336
   2013.62639840     13.2152
   2013.62642694     12.0641
   2013.62645548     11.1987
   2013.62648402     11.5848
   2013.62651256     13.2678
   2013.62654110     14.9549
   2013.62656963     14.7550
   2013.62659817     13.3091
   2013.62662671     11.4444
   2013.62665525      9.5338
   2013.62668379      8.3087
   2013.62671233      6.9093
   2013.62674087      5.8373
   2013.62676941      4.8400
   2013.62679795      4.1805
   2013.62682648      3.7177
   2013.62685502      3.2358
   2013.62688356      2.8557
   2013.62691210      2.6527
   2013.62694064      2.3553
   2013.62696918      2.1101
   2013.62699772      1.8967
   2013.62702626      1.6312
   2013.62705479      1.4777
   2013.62708333      1.3299
   2013.62711187      1.2117
   2013.62714041      1.0908
   2013.62716895      0.9817
   2013.62719749      0.8949
   2013.62722603      0.8109
   2013.62725457      0.7344
   2013.62728311      0.6655
   2013.62731164      0.6045
   2013.62734018      0.5500
   2013.62736872      0.5014
   2013.62739726      0.4583
   2013.62742580      0.4199
   2013.62745434      0.3854
   2013.62748288      0.3543
   2013.62751142      0.3262
   2013.62753995      0.3007
   2013.62756849      0.2776
   2013.62759703      0.2565
   2013.62762557      0.2371
   2013.62765411      0.2193
   2013.62768265      0.2030
   2013.62771119      0.1881
   2013.62773973      0.1744
   2013.62776826      0.1619
   2013.62779680      0.1505
   2013.62782534      0.1399
   2013.62785388      0.1302
   2013.62788242      0.1213
   2013.62791096      0.1131
   2013.62793950      0.1054
