   2013.62465753      0.0000
   2013.62468607      0.0000
   2013.62471461      0.0000
   2013.62474315      0.0000
   2013.62477169      0.0000
   2013.62480023      0.0000
   2013.62482877      0.0000
   2013.62485731      0.0000
   2013.62488584      0.0000
   2013.62491438      0.0000
   2013.62494292      0.0000
   2013.62497146      0.0000
   2013.62500000      0.0000
   2013.62502854      0.0000
   2013.62505708      0.0000
   2013.62508562      0.0000
   2013.62511416      0.0000
   2013.62514269      0.0000
   2013.62517123      0.0000
   2013.62519977      0.0000
   2013.62522831      0.0000
   2013.62525685      0.0000
   2013.62528539      0.0000
   2013.62531393      0.0000
   2013.62534247      0.0000
   2013.62537100      0.0000
   2013.62539954      0.0000
   2013.62542808      0.0000
   2013.62545662      0.0000
   2013.62548516      0.0000
   2013.62551370      0.0000
   2013.62554224      0.0000
   2013.62557078      0.0000
   2013.62559932      0.0000
   2013.62562785      0.0000
   2013.62565639      0.0000
   2013.62568493      0.0000
   2013.62571347      0.0000
   2013.62574201      0.0000
   2013.62577055      0.0000
   2013.62579909      0.0000
   2013.62582763      0.0000
   2013.62585616      0.0000
   2013.62588470      0.0000
   2013.62591324      0.0000
   2013.62594178      0.0000
   2013.62597032      0.0000
   2013.62599886      0.0000
   2013.62602740      0.0000
   2013.62605594      0.0000
   2013.62608447      0.0000
   2013.62611301      0.0000
   2013.62614155      0.0000
   2013.62617009      0.0000
   2013.62619863      0.0000
   2013.62622717      0.0000
   2013.62625571      0.0000
   2013.62628425      0.0000
   2013.62631279      0.0000
   2013.62634132      0.0000
   2013.62636986      0.0000
   2013.62639840      0.0000
   2013.62642694      0.0000
   2013.62645548      0.0000
   2013.62648402      0.0000
   2013.62651256      0.0000
   2013.62654110      0.0000
   2013.62656963      0.0000
   2013.62659817      0.0000
   2013.62662671      0.0000
   2013.62665525      0.0000
   2013.62668379      0.0000
   2013.62671233      0.0000
   2013.62674087      0.0000
   2013.62676941      0.0000
   2013.62679795      0.0000
   2013.62682648      0.0000
   2013.62685502      0.0000
   2013.62688356      0.0000
   2013.62691210      0.0000
   2013.62694064      0.0000
   2013.62696918      0.0000
   2013.62699772      0.0000
   2013.62702626      0.0000
   2013.62705479      0.0000
   2013.62708333      0.0000
   2013.62711187      0.0000
   2013.62714041      0.0000
   2013.62716895      0.0000
   2013.62719749     24.3253
   2013.62722603    106.1910
   2013.62725457    173.6172
   2013.62728311    152.6072
   2013.62731164    102.6585
   2013.62734018     63.4764
   2013.62736872     43.5377
   2013.62739726     31.4912
   2013.62742580     26.2476
   2013.62745434     22.5435
   2013.62748288     20.2929
   2013.62751142     18.7787
   2013.62753995     17.3707
   2013.62756849     16.1121
   2013.62759703     14.9385
   2013.62762557     13.5729
   2013.62765411     12.4745
   2013.62768265     11.0130
   2013.62771119      9.8067
   2013.62773973      8.4320
   2013.62776826      7.3534
   2013.62779680      6.8661
   2013.62782534      5.4744
   2013.62785388      4.7251
   2013.62788242      4.0770
   2013.62791096      3.5011
   2013.62793950      3.0367
   2013.62796804      2.7587
   2013.62799658      2.4003
   2013.62802511      2.0210
   2013.62805365      1.7809
   2013.62808219      1.5717
   2013.62811073      1.4590
   2013.62813927      1.2431
   2013.62816781      1.0730
   2013.62819635      0.9852
   2013.62822489      0.8868
   2013.62825342      0.7951
   2013.62828196      0.7133
   2013.62831050      0.6413
   2013.62833904      0.5782
   2013.62836758      0.5223
   2013.62839612      0.4732
   2013.62842466      0.4299
   2013.62845320      0.3915
   2013.62848174      0.3573
   2013.62851027      0.3267
   2013.62853881      0.2992
   2013.62856735      0.2744
   2013.62859589      0.2520
   2013.62862443      0.2316
   2013.62865297      0.2129
   2013.62868151      0.1959
   2013.62871005      0.1804
   2013.62873858      0.1664
   2013.62876712      0.1536
   2013.62879566      0.1419
   2013.62882420      0.1313
   2013.62885274      0.1215
   2013.62888128      0.1125
   2013.62890982      0.1043
