   2013.62465753      0.0000
   2013.62468607      0.0000
   2013.62471461      0.0000
   2013.62474315      0.0000
   2013.62477169      0.0000
   2013.62480023      0.0000
   2013.62482877      0.0000
   2013.62485731      0.0000
   2013.62488584      0.0000
   2013.62491438      0.0000
   2013.62494292      0.0000
   2013.62497146      0.0000
   2013.62500000      0.0000
   2013.62502854      0.0000
   2013.62505708      0.0000
   2013.62508562      0.0000
   2013.62511416      0.0000
   2013.62514269      0.0000
   2013.62517123      0.0000
   2013.62519977      0.0000
   2013.62522831      0.0000
   2013.62525685      0.0000
   2013.62528539      0.0000
   2013.62531393      0.0000
   2013.62534247      0.0000
   2013.62537100      0.0000
   2013.62539954      0.0000
   2013.62542808      0.0000
   2013.62545662      0.0000
   2013.62548516      0.0000
   2013.62551370      0.0000
   2013.62554224      0.0000
   2013.62557078      0.0000
   2013.62559932      0.0000
   2013.62562785      0.0000
   2013.62565639      0.0000
   2013.62568493      0.0000
   2013.62571347      0.0000
   2013.62574201      0.0000
   2013.62577055      0.0000
   2013.62579909      0.0000
   2013.62582763      0.0000
   2013.62585616      0.0000
   2013.62588470      0.0000
   2013.62591324      0.0000
   2013.62594178      0.0000
   2013.62597032      0.0000
   2013.62599886      0.0000
   2013.62602740      0.0000
   2013.62605594      0.0000
   2013.62608447      0.0000
   2013.62611301      0.0000
   2013.62614155      0.0000
   2013.62617009      0.0053
   2013.62619863      0.0045
   2013.62622717      0.0283
   2013.62625571      0.0709
   2013.62628425      0.1250
   2013.62631279      0.2349
   2013.62634132      0.4120
   2013.62636986      0.7024
   2013.62639840      1.1193
   2013.62642694      1.7501
   2013.62645548      2.6856
   2013.62648402      4.0073
   2013.62651256      5.5044
   2013.62654110      6.5139
   2013.62656963      7.1336
   2013.62659817      7.5774
   2013.62662671      7.8182
   2013.62665525      7.9875
   2013.62668379      8.1985
   2013.62671233      8.3480
   2013.62674087      8.4774
   2013.62676941      8.5952
   2013.62679795      8.6853
   2013.62682648      8.7585
   2013.62685502      8.8248
   2013.62688356      8.8895
   2013.62691210      8.9186
   2013.62694064      8.9395
   2013.62696918      8.9484
   2013.62699772      8.9716
   2013.62702626      8.9478
   2013.62705479      8.9214
   2013.62708333      8.8908
   2013.62711187      8.8773
   2013.62714041      8.8163
   2013.62716895      8.6482
   2013.62719749      8.3883
   2013.62722603      8.0092
   2013.62725457      7.6174
   2013.62728311      6.9368
   2013.62731164      6.8360
   2013.62734018      6.4233
   2013.62736872      5.8338
   2013.62739726      5.0280
   2013.62742580      4.8067
   2013.62745434      4.4284
   2013.62748288      4.2558
   2013.62751142      3.6635
   2013.62753995      3.2413
   2013.62756849      2.9348
   2013.62759703      2.6425
   2013.62762557      2.3911
   2013.62765411      2.1710
   2013.62768265      1.9615
   2013.62771119      1.7859
   2013.62773973      1.6278
   2013.62776826      1.4843
   2013.62779680      1.3531
   2013.62782534      1.2888
   2013.62785388      1.1384
   2013.62788242      0.9982
   2013.62791096      0.9510
   2013.62793950      0.8789
   2013.62796804      0.8078
   2013.62799658      0.7418
   2013.62802511      0.6809
   2013.62805365      0.6261
   2013.62808219      0.5765
   2013.62811073      0.5316
   2013.62813927      0.4913
   2013.62816781      0.4549
   2013.62819635      0.4217
   2013.62822489      0.3913
   2013.62825342      0.3633
   2013.62828196      0.3375
   2013.62831050      0.3137
   2013.62833904      0.2916
   2013.62836758      0.2714
   2013.62839612      0.2526
   2013.62842466      0.2352
   2013.62845320      0.2189
   2013.62848174      0.2037
   2013.62851027      0.1897
   2013.62853881      0.1767
   2013.62856735      0.1647
   2013.62859589      0.1535
   2013.62862443      0.1432
   2013.62865297      0.1336
   2013.62868151      0.1246
   2013.62871005      0.1163
   2013.62873858      0.1086
   2013.62876712      0.1014
