   2013.62465753      0.0000
   2013.62468607      0.0000
   2013.62471461      0.0000
   2013.62474315      0.0000
   2013.62477169      0.0000
   2013.62480023      0.0000
   2013.62482877      0.0000
   2013.62485731      0.0000
   2013.62488584      0.0000
   2013.62491438      0.0000
   2013.62494292      0.0000
   2013.62497146      0.0000
   2013.62500000      0.0000
   2013.62502854      0.0000
   2013.62505708      0.0000
   2013.62508562      0.0000
   2013.62511416      0.0000
   2013.62514269      0.0000
   2013.62517123      0.0000
   2013.62519977      0.0000
   2013.62522831      0.0000
   2013.62525685      0.0000
   2013.62528539      0.0000
   2013.62531393      0.0000
   2013.62534247      0.0000
   2013.62537100      0.0000
   2013.62539954      0.0000
   2013.62542808      0.0000
   2013.62545662      0.0000
   2013.62548516      0.0000
   2013.62551370      0.0000
   2013.62554224      0.0000
   2013.62557078      0.0000
   2013.62559932      0.0000
   2013.62562785      0.0000
   2013.62565639      0.0000
   2013.62568493      0.0000
   2013.62571347      0.0000
   2013.62574201      0.0000
   2013.62577055      0.0000
   2013.62579909      0.0000
   2013.62582763      0.0000
   2013.62585616      0.0000
   2013.62588470      0.0000
   2013.62591324      0.0000
   2013.62594178      0.0000
   2013.62597032      0.0000
   2013.62599886      0.0000
   2013.62602740      0.0000
   2013.62605594      0.0000
   2013.62608447      0.0000
   2013.62611301      0.0000
   2013.62614155      0.0000
   2013.62617009      0.0000
   2013.62619863      0.0000
   2013.62622717      0.0000
   2013.62625571      0.0000
   2013.62628425      0.0000
   2013.62631279      0.0000
   2013.62634132      0.0000
   2013.62636986      0.0000
   2013.62639840      0.0000
   2013.62642694      0.0000
   2013.62645548      0.0000
   2013.62648402      0.0000
   2013.62651256      0.0000
   2013.62654110      0.0000
   2013.62656963      0.0000
   2013.62659817      0.0000
   2013.62662671      0.0000
   2013.62665525      0.0000
   2013.62668379      0.0000
   2013.62671233      0.0000
   2013.62674087      0.1601
   2013.62676941      0.3190
   2013.62679795      0.9221
   2013.62682648      2.3066
   2013.62685502      4.1576
   2013.62688356      7.3921
   2013.62691210     12.4893
   2013.62694064     16.0366
   2013.62696918     16.4637
   2013.62699772     15.8241
   2013.62702626     14.9102
   2013.62705479     13.8269
   2013.62708333     12.8358
   2013.62711187     12.2666
   2013.62714041     11.1400
   2013.62716895      9.9909
   2013.62719749      9.1451
   2013.62722603      8.3291
   2013.62725457      7.9089
   2013.62728311      6.4544
   2013.62731164      6.4662
   2013.62734018      5.6947
   2013.62736872      4.7198
   2013.62739726      4.5211
   2013.62742580      3.7781
   2013.62745434      3.4185
   2013.62748288      3.0169
   2013.62751142      2.7254
   2013.62753995      2.4635
   2013.62756849      2.2699
   2013.62759703      1.9959
   2013.62762557      1.8071
   2013.62765411      1.6452
   2013.62768265      1.5053
   2013.62771119      1.3812
   2013.62773973      1.2691
   2013.62776826      1.1948
   2013.62779680      1.0821
   2013.62782534      0.9778
   2013.62785388      0.9196
   2013.62788242      0.8518
   2013.62791096      0.7869
   2013.62793950      0.7263
   2013.62796804      0.6703
   2013.62799658      0.6198
   2013.62802511      0.5739
   2013.62805365      0.5322
   2013.62808219      0.4945
   2013.62811073      0.4602
   2013.62813927      0.4288
   2013.62816781      0.3997
   2013.62819635      0.3728
   2013.62822489      0.3477
   2013.62825342      0.3243
   2013.62828196      0.3026
   2013.62831050      0.2825
   2013.62833904      0.2638
   2013.62836758      0.2464
   2013.62839612      0.2301
   2013.62842466      0.2149
   2013.62845320      0.2006
   2013.62848174      0.1873
   2013.62851027      0.1749
   2013.62853881      0.1635
   2013.62856735      0.1528
   2013.62859589      0.1428
   2013.62862443      0.1335
   2013.62865297      0.1249
   2013.62868151      0.1168
   2013.62871005      0.1092
   2013.62873858      0.1022
