   2013.62465753      0.0000
   2013.62468607      0.0000
   2013.62471461      0.0000
   2013.62474315      0.0000
   2013.62477169      0.0000
   2013.62480023      0.0000
   2013.62482877      0.0000
   2013.62485731      0.0000
   2013.62488584      0.0000
   2013.62491438      0.0000
   2013.62494292      0.0000
   2013.62497146      0.0000
   2013.62500000      0.0000
   2013.62502854      0.0000
   2013.62505708      0.0000
   2013.62508562      0.0000
   2013.62511416      0.0000
   2013.62514269      0.0000
   2013.62517123      0.0000
   2013.62519977      0.0000
   2013.62522831      0.0000
   2013.62525685      0.0000
   2013.62528539      0.0000
   2013.62531393      0.0000
   2013.62534247      0.0000
   2013.62537100      0.0000
   2013.62539954      0.0000
   2013.62542808      0.0000
   2013.62545662      0.0000
   2013.62548516      0.0000
   2013.62551370      0.0000
   2013.62554224      0.0000
   2013.62557078      0.0000
   2013.62559932      0.0000
   2013.62562785      0.0000
   2013.62565639      0.0000
   2013.62568493      0.0000
   2013.62571347      0.0004
   2013.62574201      0.0010
   2013.62577055      0.0014
   2013.62579909      0.0017
   2013.62582763      0.0020
   2013.62585616      0.0023
   2013.62588470      0.0026
   2013.62591324      0.0088
   2013.62594178      0.0363
   2013.62597032      0.0581
   2013.62599886      0.0883
   2013.62602740      0.1345
   2013.62605594      0.1892
   2013.62608447      0.2576
   2013.62611301      0.3250
   2013.62614155      0.4184
   2013.62617009      0.5308
   2013.62619863      0.6655
   2013.62622717      0.8205
   2013.62625571      1.0480
   2013.62628425      1.3194
   2013.62631279      1.5337
   2013.62634132      1.6390
   2013.62636986      1.6571
   2013.62639840      1.6178
   2013.62642694      1.5520
   2013.62645548      1.4712
   2013.62648402      1.3942
   2013.62651256      1.3098
   2013.62654110      1.2238
   2013.62656963      1.1626
   2013.62659817      1.0902
   2013.62662671      1.0273
   2013.62665525      0.9551
   2013.62668379      0.9063
   2013.62671233      0.8716
   2013.62674087      0.8292
   2013.62676941      0.7869
   2013.62679795      0.7507
   2013.62682648      0.7432
   2013.62685502      0.7392
   2013.62688356      0.7123
   2013.62691210      0.7000
   2013.62694064      0.7126
   2013.62696918      0.7437
   2013.62699772      0.7531
   2013.62702626      0.7381
   2013.62705479      0.8273
   2013.62708333      0.8579
   2013.62711187      0.8709
   2013.62714041      0.9220
   2013.62716895      1.0171
   2013.62719749      1.1101
   2013.62722603      1.2261
   2013.62725457      1.3589
   2013.62728311      1.5619
   2013.62731164      1.7654
   2013.62734018      1.9386
   2013.62736872      2.0822
   2013.62739726      2.2103
   2013.62742580      2.4091
   2013.62745434      2.5246
   2013.62748288      2.6213
   2013.62751142      2.6362
   2013.62753995      2.7896
   2013.62756849      2.8564
   2013.62759703      2.8325
   2013.62762557      2.7669
   2013.62765411      2.8690
   2013.62768265      2.8622
   2013.62771119      2.8151
   2013.62773973      2.8054
   2013.62776826      2.7642
   2013.62779680      2.6987
   2013.62782534      2.6246
   2013.62785388      2.5849
   2013.62788242      2.5054
   2013.62791096      2.4300
   2013.62793950      2.3428
   2013.62796804      2.2807
   2013.62799658      2.1964
   2013.62802511      2.1120
   2013.62805365      1.9861
   2013.62808219      1.9254
   2013.62811073      1.8774
   2013.62813927      1.8049
   2013.62816781      1.6938
   2013.62819635      1.6313
   2013.62822489      1.5836
   2013.62825342      1.5153
   2013.62828196      1.4443
   2013.62831050      1.3754
   2013.62833904      1.3204
   2013.62836758      1.2656
   2013.62839612      1.2119
   2013.62842466      1.1400
   2013.62845320      1.1040
   2013.62848174      1.0755
   2013.62851027      1.0176
   2013.62853881      0.9790
   2013.62856735      0.9174
   2013.62859589      0.8972
   2013.62862443      0.8644
   2013.62865297      0.8325
   2013.62868151      0.7994
   2013.62871005      0.7666
   2013.62873858      0.7363
   2013.62876712      0.7112
   2013.62879566      0.6858
   2013.62882420      0.6614
   2013.62885274      0.6385
   2013.62888128      0.6192
   2013.62890982      0.5985
   2013.62893836      0.5783
   2013.62896689      0.5592
   2013.62899543      0.5450
   2013.62902397      0.5284
   2013.62905251      0.5120
   2013.62908105      0.4965
   2013.62910959      0.4874
   2013.62913813      0.4746
   2013.62916667      0.4615
   2013.62919521      0.4492
   2013.62922374      0.4459
   2013.62925228      0.4370
   2013.62928082      0.4273
   2013.62930936      0.4187
   2013.62933790      0.4228
   2013.62936644      0.4190
   2013.62939498      0.4140
   2013.62942352      0.4105
   2013.62945205      0.4244
   2013.62948059      0.4279
   2013.62950913      0.4300
   2013.62953767      0.4345
   2013.62956621      0.4636
   2013.62959475      0.4935
   2013.62962329      0.5002
   2013.62965183      0.5161
   2013.62968037      0.5481
   2013.62970890      0.6192
   2013.62973744      0.6645
   2013.62976598      0.7225
   2013.62979452      0.7929
   2013.62982306      0.8662
   2013.62985160      0.9579
   2013.62988014      1.0576
   2013.62990868      1.2234
   2013.62993721      1.4022
   2013.62996575      1.5878
   2013.62999429      1.7603
   2013.63002283      1.9927
   2013.63005137      2.2038
   2013.63007991      2.3224
   2013.63010845      2.4683
   2013.63013699      2.5530
   2013.63016553      2.7532
   2013.63019406      2.8411
   2013.63022260      3.0530
   2013.63025114      2.8978
   2013.63027968      2.9393
   2013.63030822      2.9143
   2013.63033676      2.8534
   2013.63036530      2.7677
   2013.63039384      2.6839
   2013.63042237      2.5913
   2013.63045091      2.4289
   2013.63047945      2.3079
   2013.63050799      2.1892
   2013.63053653      2.0657
   2013.63056507      1.9440
   2013.63059361      1.8186
   2013.63062215      1.6977
   2013.63065068      1.5883
   2013.63067922      1.4841
   2013.63070776      1.3842
   2013.63073630      1.2884
   2013.63076484      1.2461
   2013.63079338      1.1221
   2013.63082192      1.0418
   2013.63085046      0.9612
   2013.63087900      0.9009
   2013.63090753      0.8378
   2013.63093607      0.7785
   2013.63096461      0.7232
   2013.63099315      0.6726
   2013.63102169      0.6273
   2013.63105023      0.5865
   2013.63107877      0.5494
   2013.63110731      0.5156
   2013.63113584      0.4848
   2013.63116438      0.4565
   2013.63119292      0.4303
   2013.63122146      0.4060
   2013.63125000      0.3834
   2013.63127854      0.3624
   2013.63130708      0.3430
   2013.63133562      0.3249
   2013.63136416      0.3082
   2013.63139269      0.2926
   2013.63142123      0.2782
   2013.63144977      0.2647
   2013.63147831      0.2522
   2013.63150685      0.2403
   2013.63153539      0.2291
   2013.63156393      0.2186
   2013.63159247      0.2087
   2013.63162100      0.1994
   2013.63164954      0.1907
   2013.63167808      0.1825
   2013.63170662      0.1748
   2013.63173516      0.1676
   2013.63176370      0.1607
   2013.63179224      0.1542
   2013.63182078      0.1481
   2013.63184932      0.1423
   2013.63187785      0.1368
   2013.63190639      0.1316
   2013.63193493      0.1267
   2013.63196347      0.1220
   2013.63199201      0.1176
   2013.63202055      0.1134
   2013.63204909      0.1094
   2013.63207763      0.1056
   2013.63210616      0.1020
