   2013.62465753      0.0000
   2013.62468607      0.0000
   2013.62471461      0.0000
   2013.62474315      0.0000
   2013.62477169      0.0000
   2013.62480023      0.0000
   2013.62482877      0.0000
   2013.62485731      0.0000
   2013.62488584      0.0000
   2013.62491438      0.0000
   2013.62494292      0.0000
   2013.62497146      0.0000
   2013.62500000      0.0000
   2013.62502854      0.0000
   2013.62505708      0.0000
   2013.62508562      0.0000
   2013.62511416      0.0000
   2013.62514269      0.0000
   2013.62517123      0.0000
   2013.62519977      0.0000
   2013.62522831      0.0000
   2013.62525685      0.0000
   2013.62528539      0.0000
   2013.62531393      0.0000
   2013.62534247      0.0000
   2013.62537100      0.0000
   2013.62539954      0.0000
   2013.62542808      0.0000
   2013.62545662      0.0000
   2013.62548516      0.0000
   2013.62551370      0.0000
   2013.62554224      0.0000
   2013.62557078      0.0000
   2013.62559932      0.0000
   2013.62562785      0.0000
   2013.62565639      0.0000
   2013.62568493      0.0000
   2013.62571347      0.0000
   2013.62574201      0.0000
   2013.62577055      0.0000
   2013.62579909      0.0000
   2013.62582763      0.0000
   2013.62585616      0.0000
   2013.62588470      0.0000
   2013.62591324      0.0000
   2013.62594178      0.0000
   2013.62597032      0.0000
   2013.62599886      0.0000
   2013.62602740      0.0000
   2013.62605594      0.0000
   2013.62608447      0.0000
   2013.62611301      0.0000
   2013.62614155      0.0000
   2013.62617009      2.2980
   2013.62619863     14.0156
   2013.62622717     38.5505
   2013.62625571     64.4392
   2013.62628425     58.7720
   2013.62631279     45.8268
   2013.62634132     33.4447
   2013.62636986     26.2207
   2013.62639840     21.3771
   2013.62642694     18.4494
   2013.62645548     16.4920
   2013.62648402     14.9738
   2013.62651256     13.5667
   2013.62654110     12.1311
   2013.62656963     10.7476
   2013.62659817      9.3961
   2013.62662671      8.3824
   2013.62665525      7.3700
   2013.62668379      6.9900
   2013.62671233      5.6514
   2013.62674087      5.0543
   2013.62676941      4.7272
   2013.62679795      3.8987
   2013.62682648      3.4211
   2013.62685502      3.0185
   2013.62688356      2.8064
   2013.62691210      2.4485
   2013.62694064      2.0727
   2013.62696918      1.8484
   2013.62699772      1.6438
   2013.62702626      1.4620
   2013.62705479      1.3347
   2013.62708333      1.1718
   2013.62711187      1.0345
   2013.62714041      0.9445
   2013.62716895      0.8514
   2013.62719749      0.7661
   2013.62722603      0.6897
   2013.62725457      0.6225
   2013.62728311      0.5630
   2013.62731164      0.5103
   2013.62734018      0.4638
   2013.62736872      0.4227
   2013.62739726      0.3861
   2013.62742580      0.3533
   2013.62745434      0.3239
   2013.62748288      0.2974
   2013.62751142      0.2735
   2013.62753995      0.2518
   2013.62756849      0.2320
   2013.62759703      0.2138
   2013.62762557      0.1972
   2013.62765411      0.1822
   2013.62768265      0.1684
   2013.62771119      0.1559
   2013.62773973      0.1444
   2013.62776826      0.1339
   2013.62779680      0.1243
   2013.62782534      0.1154
   2013.62785388      0.1073
