   2013.62465753      0.0000
   2013.62468607      0.0000
   2013.62471461      0.0000
   2013.62474315      0.0000
   2013.62477169      0.0000
   2013.62480023      0.0000
   2013.62482877      0.0000
   2013.62485731      0.0000
   2013.62488584      0.0000
   2013.62491438      0.0000
   2013.62494292      0.0000
   2013.62497146      0.0000
   2013.62500000      0.0000
   2013.62502854      0.0000
   2013.62505708      0.0000
   2013.62508562      0.0000
   2013.62511416      0.0000
   2013.62514269      0.0000
   2013.62517123      0.0000
   2013.62519977      0.0000
   2013.62522831      0.0000
   2013.62525685      0.0000
   2013.62528539      0.0000
   2013.62531393      0.0000
   2013.62534247      0.0000
   2013.62537100      0.0000
   2013.62539954      0.0000
   2013.62542808      0.0000
   2013.62545662      0.0000
   2013.62548516      0.0000
   2013.62551370      0.0000
   2013.62554224      0.0000
   2013.62557078      0.0000
   2013.62559932      0.0000
   2013.62562785      0.0000
   2013.62565639      0.0000
   2013.62568493      0.0000
   2013.62571347      0.0000
   2013.62574201      0.0000
   2013.62577055      0.0000
   2013.62579909      0.0000
   2013.62582763      0.0004
   2013.62585616      0.0013
   2013.62588470      0.0020
   2013.62591324      0.0027
   2013.62594178      0.0032
   2013.62597032      0.0038
   2013.62599886      0.0207
   2013.62602740      0.0648
   2013.62605594      0.1144
   2013.62608447      0.2115
   2013.62611301      0.3719
   2013.62614155      0.6366
   2013.62617009      1.0509
   2013.62619863      1.6869
   2013.62622717      2.6547
   2013.62625571      4.0516
   2013.62628425      5.6513
   2013.62631279      6.8947
   2013.62634132      7.6646
   2013.62636986      8.1656
   2013.62639840      8.4892
   2013.62642694      8.7416
   2013.62645548      8.9193
   2013.62648402      9.0863
   2013.62651256      9.2180
   2013.62654110      9.3439
   2013.62656963      9.4565
   2013.62659817      9.5491
   2013.62662671      9.6382
   2013.62665525      9.7454
   2013.62668379      9.8057
   2013.62671233      9.3400
   2013.62674087      9.4692
   2013.62676941      9.3351
   2013.62679795      8.7407
   2013.62682648      8.3865
   2013.62685502      8.1227
   2013.62688356      7.5035
   2013.62691210      6.9948
   2013.62694064      6.2048
   2013.62696918      6.1517
   2013.62699772      5.5720
   2013.62702626      4.9753
   2013.62705479      4.7370
   2013.62708333      4.3055
   2013.62711187      3.9350
   2013.62714041      3.8742
   2013.62716895      3.4571
   2013.62719749      3.2781
   2013.62722603      3.0839
   2013.62725457      2.8937
   2013.62728311      2.7639
   2013.62731164      2.6206
   2013.62734018      2.4932
   2013.62736872      2.3679
   2013.62739726      2.2201
   2013.62742580      2.1618
   2013.62745434      2.0689
   2013.62748288      1.9324
   2013.62751142      1.8405
   2013.62753995      1.7525
   2013.62756849      1.6664
   2013.62759703      1.5874
   2013.62762557      1.4958
   2013.62765411      1.4200
   2013.62768265      1.3478
   2013.62771119      1.2782
   2013.62773973      1.2101
   2013.62776826      1.1423
   2013.62779680      1.0939
   2013.62782534      1.0275
   2013.62785388      0.9513
   2013.62788242      0.9146
   2013.62791096      0.8656
   2013.62793950      0.8163
   2013.62796804      0.7688
   2013.62799658      0.7235
   2013.62802511      0.6815
   2013.62805365      0.6432
   2013.62808219      0.6081
   2013.62811073      0.5755
   2013.62813927      0.5449
   2013.62816781      0.5165
   2013.62819635      0.4898
   2013.62822489      0.4649
   2013.62825342      0.4414
   2013.62828196      0.4192
   2013.62831050      0.3984
   2013.62833904      0.3787
   2013.62836758      0.3602
   2013.62839612      0.3429
   2013.62842466      0.3265
   2013.62845320      0.3112
   2013.62848174      0.2969
   2013.62851027      0.2833
   2013.62853881      0.2740
   2013.62856735      0.2627
   2013.62859589      0.2515
   2013.62862443      0.2409
   2013.62865297      0.2382
   2013.62868151      0.2304
   2013.62871005      0.2219
   2013.62873858      0.2140
   2013.62876712      0.2178
   2013.62879566      0.2141
   2013.62882420      0.2094
   2013.62885274      0.2056
   2013.62888128      0.2179
   2013.62890982      0.2207
   2013.62893836      0.2224
   2013.62896689      0.2258
   2013.62899543      0.2503
   2013.62902397      0.2640
   2013.62905251      0.2767
   2013.62908105      0.2927
   2013.62910959      0.3359
   2013.62913813      0.3669
   2013.62916667      0.4089
   2013.62919521      0.4489
   2013.62922374      0.5338
   2013.62925228      0.6100
   2013.62928082      0.6825
   2013.62930936      0.7929
   2013.62933790      0.9503
   2013.62936644      1.1273
   2013.62939498      1.3555
   2013.62942352      1.6095
   2013.62945205      1.9063
   2013.62948059      2.1032
   2013.62950913      2.3151
   2013.62953767      2.4176
   2013.62956621      2.4841
   2013.62959475      2.6309
   2013.62962329      2.7330
   2013.62965183      2.7316
   2013.62968037      2.6894
   2013.62970890      2.8044
   2013.62973744      2.8254
   2013.62976598      2.7985
   2013.62979452      2.7020
   2013.62982306      2.7811
   2013.62985160      2.7645
   2013.62988014      2.7087
   2013.62990868      2.6916
   2013.62993721      2.6461
   2013.62996575      2.5792
   2013.62999429      2.5111
   2013.63002283      2.4639
   2013.63005137      2.3896
   2013.63007991      2.3141
   2013.63010845      2.2306
   2013.63013699      2.1174
   2013.63016553      2.0819
   2013.63019406      1.9605
   2013.63022260      1.8864
   2013.63025114      1.8048
   2013.63027968      1.7246
   2013.63030822      1.6444
   2013.63033676      1.5686
   2013.63036530      1.4819
   2013.63039384      1.4090
   2013.63042237      1.3389
   2013.63045091      1.2711
   2013.63047945      1.2042
   2013.63050799      1.1932
   2013.63053653      1.0895
   2013.63056507      1.0243
   2013.63059361      0.9494
   2013.63062215      0.9126
   2013.63065068      0.8638
   2013.63067922      0.8147
   2013.63070776      0.7674
   2013.63073630      0.7223
   2013.63076484      0.6805
   2013.63079338      0.6424
   2013.63082192      0.6075
   2013.63085046      0.5749
   2013.63087900      0.5445
   2013.63090753      0.5160
   2013.63093607      0.4895
   2013.63096461      0.4645
   2013.63099315      0.4411
   2013.63102169      0.4190
   2013.63105023      0.3981
   2013.63107877      0.3785
   2013.63110731      0.3600
   2013.63113584      0.3427
   2013.63116438      0.3264
   2013.63119292      0.3111
   2013.63122146      0.2967
   2013.63125000      0.2832
   2013.63127854      0.2705
   2013.63130708      0.2586
   2013.63133562      0.2473
   2013.63136416      0.2366
   2013.63139269      0.2264
   2013.63142123      0.2167
   2013.63144977      0.2075
   2013.63147831      0.1988
   2013.63150685      0.1907
   2013.63153539      0.1829
   2013.63156393      0.1756
   2013.63159247      0.1687
   2013.63162100      0.1621
   2013.63164954      0.1558
   2013.63167808      0.1499
   2013.63170662      0.1442
   2013.63173516      0.1388
   2013.63176370      0.1337
   2013.63179224      0.1289
   2013.63182078      0.1243
   2013.63184932      0.1199
   2013.63187785      0.1157
   2013.63190639      0.1118
   2013.63193493      0.1080
   2013.63196347      0.1043
   2013.63199201      0.1009
