   2013.62465753      0.0000
   2013.62468607      0.0000
   2013.62471461      0.0000
   2013.62474315      0.0000
   2013.62477169      0.0000
   2013.62480023      0.0000
   2013.62482877      0.0000
   2013.62485731      0.0000
   2013.62488584      0.0000
   2013.62491438      0.0000
   2013.62494292      0.0000
   2013.62497146      0.0000
   2013.62500000      0.0000
   2013.62502854      0.0000
   2013.62505708      0.0000
   2013.62508562      0.0000
   2013.62511416      0.0000
   2013.62514269      0.0000
   2013.62517123      0.0000
   2013.62519977      0.0000
   2013.62522831      0.0000
   2013.62525685      0.0018
   2013.62528539      0.0026
   2013.62531393      0.0034
   2013.62534247      0.0048
   2013.62537100      0.0207
   2013.62539954      0.0699
   2013.62542808      0.1257
   2013.62545662      0.2446
   2013.62548516      0.4583
   2013.62551370      0.8355
   2013.62554224      1.4301
   2013.62557078      2.1943
   2013.62559932      3.3309
   2013.62562785      4.6860
   2013.62565639      5.9360
   2013.62568493      6.5658
   2013.62571347      6.6417
   2013.62574201      6.4975
   2013.62577055      6.4407
   2013.62579909      5.4601
   2013.62582763      4.9815
   2013.62585616      4.4321
   2013.62588470      3.9759
   2013.62591324      3.6605
   2013.62594178      3.2269
   2013.62597032      2.9010
   2013.62599886      2.5957
   2013.62602740      2.2498
   2013.62605594      2.1290
   2013.62608447      1.9209
   2013.62611301      1.7274
   2013.62614155      1.6021
   2013.62617009      1.4781
   2013.62619863      1.3602
   2013.62622717      1.2492
   2013.62625571      1.1991
   2013.62628425      1.1143
   2013.62631279      1.0431
   2013.62634132      0.9639
   2013.62636986      0.9441
   2013.62639840      0.8991
   2013.62642694      0.8521
   2013.62645548      0.8114
   2013.62648402      0.8047
   2013.62651256      0.8096
   2013.62654110      0.7574
   2013.62656963      0.7418
   2013.62659817      0.7551
   2013.62662671      0.7793
   2013.62665525      0.7497
   2013.62668379      0.7485
   2013.62671233      0.7678
   2013.62674087      0.7935
   2013.62676941      0.8126
   2013.62679795      0.8220
   2013.62682648      0.8379
   2013.62685502      0.9004
   2013.62688356      0.9310
   2013.62691210      0.9568
   2013.62694064      0.9518
   2013.62696918      1.0394
   2013.62699772      1.0714
   2013.62702626      1.0919
   2013.62705479      1.0647
   2013.62708333      1.1496
   2013.62711187      1.1646
   2013.62714041      1.2112
   2013.62716895      1.1046
   2013.62719749      1.1899
   2013.62722603      1.1885
   2013.62725457      1.1779
   2013.62728311      1.0959
   2013.62731164      1.1683
   2013.62734018      1.1679
   2013.62736872      1.1252
   2013.62739726      1.0375
   2013.62742580      1.1028
   2013.62745434      1.0688
   2013.62748288      1.0389
   2013.62751142      1.0626
   2013.62753995      1.0230
   2013.62756849      0.9823
   2013.62759703      0.9533
   2013.62762557      0.9413
   2013.62765411      0.8904
   2013.62768265      0.8801
   2013.62771119      0.8525
   2013.62773973      0.8342
   2013.62776826      0.8064
   2013.62779680      0.7753
   2013.62782534      0.7462
   2013.62785388      0.7302
   2013.62788242      0.7059
   2013.62791096      0.6790
   2013.62793950      0.6533
   2013.62796804      0.6397
   2013.62799658      0.6165
   2013.62802511      0.5913
   2013.62805365      0.5675
   2013.62808219      0.5560
   2013.62811073      0.5354
   2013.62813927      0.5132
   2013.62816781      0.4924
   2013.62819635      0.4849
   2013.62822489      0.4678
   2013.62825342      0.4486
   2013.62828196      0.4303
   2013.62831050      0.4261
   2013.62833904      0.4120
   2013.62836758      0.3957
   2013.62839612      0.3802
   2013.62842466      0.3797
   2013.62845320      0.3690
   2013.62848174      0.3559
   2013.62851027      0.3433
   2013.62853881      0.3463
   2013.62856735      0.3388
   2013.62859589      0.3288
   2013.62862443      0.3191
   2013.62865297      0.3258
   2013.62868151      0.3215
   2013.62871005      0.3144
   2013.62873858      0.3078
   2013.62876712      0.3196
   2013.62879566      0.3190
   2013.62882420      0.3154
   2013.62885274      0.3124
   2013.62888128      0.3294
   2013.62890982      0.3334
   2013.62893836      0.3342
   2013.62896689      0.3362
   2013.62899543      0.3607
   2013.62902397      0.3711
   2013.62905251      0.3785
   2013.62908105      0.3880
   2013.62910959      0.4229
   2013.62913813      0.4529
   2013.62916667      0.4643
   2013.62919521      0.4847
   2013.62922374      0.5159
   2013.62925228      0.5826
   2013.62928082      0.6041
   2013.62930936      0.6408
   2013.62933790      0.6960
   2013.62936644      0.7571
   2013.62939498      0.8057
   2013.62942352      0.8483
   2013.62945205      0.9163
   2013.62948059      0.9648
   2013.62950913      1.0128
   2013.62953767      1.0539
   2013.62956621      1.1197
   2013.62959475      1.1653
   2013.62962329      1.2022
   2013.62965183      1.2251
   2013.62968037      1.2756
   2013.62970890      1.3014
   2013.62973744      1.3179
   2013.62976598      1.3249
   2013.62979452      1.3553
   2013.62982306      1.3636
   2013.62985160      1.3653
   2013.62988014      1.3563
   2013.62990868      1.3705
   2013.62993721      1.3642
   2013.62996575      1.3538
   2013.62999429      1.3335
   2013.63002283      1.2352
   2013.63005137      1.3117
   2013.63007991      1.2961
   2013.63010845      1.2678
   2013.63013699      1.1499
   2013.63016553      1.2294
   2013.63019406      1.2148
   2013.63022260      1.1643
   2013.63025114      1.1274
   2013.63027968      1.0731
   2013.63030822      1.0847
   2013.63033676      1.0169
   2013.63036530      0.9724
   2013.63039384      0.9133
   2013.63042237      0.8813
   2013.63045091      0.8397
   2013.63047945      0.7976
   2013.63050799      0.7555
   2013.63053653      0.7135
   2013.63056507      0.6729
   2013.63059361      0.6346
   2013.63062215      0.5982
   2013.63065068      0.5634
   2013.63067922      0.5303
   2013.63070776      0.4989
   2013.63073630      0.4694
   2013.63076484      0.4415
   2013.63079338      0.4151
   2013.63082192      0.3902
   2013.63085046      0.3666
   2013.63087900      0.3443
   2013.63090753      0.3233
   2013.63093607      0.3035
   2013.63096461      0.2849
   2013.63099315      0.2674
   2013.63102169      0.2511
   2013.63105023      0.2356
   2013.63107877      0.2210
   2013.63110731      0.2071
   2013.63113584      0.1942
   2013.63116438      0.1821
   2013.63119292      0.1708
   2013.63122146      0.1602
   2013.63125000      0.1504
   2013.63127854      0.1411
   2013.63130708      0.1325
   2013.63133562      0.1244
   2013.63136416      0.1168
   2013.63139269      0.1097
   2013.63142123      0.1031
