   2013.62465753      0.0000
   2013.62468607      0.0000
   2013.62471461      0.0000
   2013.62474315      0.0000
   2013.62477169      0.0000
   2013.62480023      0.0000
   2013.62482877      0.0000
   2013.62485731      0.0000
   2013.62488584      0.0000
   2013.62491438      0.0000
   2013.62494292      0.0000
   2013.62497146      0.0000
   2013.62500000      0.0000
   2013.62502854      0.0000
   2013.62505708      0.0000
   2013.62508562      0.0000
   2013.62511416      0.0000
   2013.62514269      0.0000
   2013.62517123      0.0000
   2013.62519977      0.0000
   2013.62522831      0.0000
   2013.62525685      0.0000
   2013.62528539      0.0000
   2013.62531393      0.0000
   2013.62534247      0.0000
   2013.62537100      0.0000
   2013.62539954      0.0000
   2013.62542808      0.0000
   2013.62545662      0.0000
   2013.62548516      0.0000
   2013.62551370      0.0000
   2013.62554224      0.0000
   2013.62557078      0.0000
   2013.62559932      0.0000
   2013.62562785      0.0000
   2013.62565639      0.0000
   2013.62568493      0.0000
   2013.62571347      0.0000
   2013.62574201      0.0000
   2013.62577055      0.0000
   2013.62579909      0.0000
   2013.62582763      0.0000
   2013.62585616      0.0000
   2013.62588470      0.0000
   2013.62591324      0.0000
   2013.62594178      0.0000
   2013.62597032      0.0000
   2013.62599886      0.0000
   2013.62602740      0.0000
   2013.62605594      0.0000
   2013.62608447      0.0000
   2013.62611301      0.0000
   2013.62614155      0.0000
   2013.62617009      0.0000
   2013.62619863      0.0000
   2013.62622717      0.0000
   2013.62625571      0.0000
   2013.62628425      0.0000
   2013.62631279      0.0000
   2013.62634132      0.0000
   2013.62636986      0.0000
   2013.62639840      0.0000
   2013.62642694      0.0000
   2013.62645548      0.0000
   2013.62648402      0.0000
   2013.62651256      0.0000
   2013.62654110      0.0000
   2013.62656963      0.0000
   2013.62659817      0.0000
   2013.62662671      0.7828
   2013.62665525      4.1527
   2013.62668379     10.9299
   2013.62671233     28.3451
   2013.62674087     40.8955
   2013.62676941     35.6838
   2013.62679795     27.7222
   2013.62682648     21.1466
   2013.62685502     16.8741
   2013.62688356     13.6557
   2013.62691210     11.3251
   2013.62694064      9.4333
   2013.62696918      8.1215
   2013.62699772      7.1565
   2013.62702626      6.2154
   2013.62705479      5.4507
   2013.62708333      4.9033
   2013.62711187      4.3863
   2013.62714041      4.0259
   2013.62716895      3.7262
   2013.62719749      3.4895
   2013.62722603      3.3042
   2013.62725457      3.1576
   2013.62728311      3.0431
   2013.62731164      2.9558
   2013.62734018      2.8921
   2013.62736872      2.8481
   2013.62739726      2.8200
   2013.62742580      2.8048
   2013.62745434      2.7996
   2013.62748288      2.8021
   2013.62751142      2.8102
   2013.62753995      2.8221
   2013.62756849      2.8365
   2013.62759703      2.8522
   2013.62762557      2.8683
   2013.62765411      2.8675
   2013.62768265      2.8375
   2013.62771119      2.7885
   2013.62773973      2.7219
   2013.62776826      2.6340
   2013.62779680      2.4847
   2013.62782534      2.3729
   2013.62785388      2.2537
   2013.62788242      2.1266
   2013.62791096      2.0104
   2013.62793950      1.8572
   2013.62796804      1.7332
   2013.62799658      1.6140
   2013.62802511      1.4991
   2013.62805365      1.3871
   2013.62808219      1.2797
   2013.62811073      1.1746
   2013.62813927      1.0840
   2013.62816781      0.9954
   2013.62819635      0.9167
   2013.62822489      0.8415
   2013.62825342      0.7693
   2013.62828196      0.7020
   2013.62831050      0.6411
   2013.62833904      0.5863
   2013.62836758      0.5365
   2013.62839612      0.4917
   2013.62842466      0.4513
   2013.62845320      0.4147
   2013.62848174      0.3814
   2013.62851027      0.3512
   2013.62853881      0.3236
   2013.62856735      0.2985
   2013.62859589      0.2755
   2013.62862443      0.2545
   2013.62865297      0.2352
   2013.62868151      0.2174
   2013.62871005      0.2009
   2013.62873858      0.1859
   2013.62876712      0.1721
   2013.62879566      0.1595
   2013.62882420      0.1479
   2013.62885274      0.1372
   2013.62888128      0.1274
   2013.62890982      0.1183
   2013.62893836      0.1100
   2013.62896689      0.1023
