   2013.62465753      0.0000
   2013.62468607      0.0000
   2013.62471461      0.0000
   2013.62474315      0.0000
   2013.62477169      0.0000
   2013.62480023      0.0000
   2013.62482877      0.0000
   2013.62485731      0.0000
   2013.62488584      0.0000
   2013.62491438      0.0000
   2013.62494292      0.0000
   2013.62497146      0.0000
   2013.62500000      0.0000
   2013.62502854      0.0000
   2013.62505708      0.0000
   2013.62508562      0.0000
   2013.62511416      0.0000
   2013.62514269      0.0000
   2013.62517123      0.0000
   2013.62519977      0.0000
   2013.62522831      0.0000
   2013.62525685      0.0000
   2013.62528539      0.0000
   2013.62531393      0.0000
   2013.62534247      0.0000
   2013.62537100      0.0000
   2013.62539954      0.0000
   2013.62542808      0.0000
   2013.62545662      0.0000
   2013.62548516      0.0000
   2013.62551370      0.0000
   2013.62554224      0.0000
   2013.62557078      0.0000
   2013.62559932      0.0000
   2013.62562785      0.0000
   2013.62565639      0.0000
   2013.62568493      0.0000
   2013.62571347      0.0000
   2013.62574201      0.0000
   2013.62577055      0.0000
   2013.62579909      0.0000
   2013.62582763      0.0000
   2013.62585616      0.0000
   2013.62588470      0.0000
   2013.62591324      0.0000
   2013.62594178      0.0000
   2013.62597032      0.0000
   2013.62599886      0.0000
   2013.62602740      0.0000
   2013.62605594      0.0000
   2013.62608447      0.0000
   2013.62611301      0.0000
   2013.62614155      0.0000
   2013.62617009      0.0000
   2013.62619863      0.0000
   2013.62622717      0.0000
   2013.62625571      0.0000
   2013.62628425      0.0000
   2013.62631279      0.0000
   2013.62634132      0.0000
   2013.62636986      0.0000
   2013.62639840      0.3784
   2013.62642694      1.2362
   2013.62645548      3.9895
   2013.62648402      7.6853
   2013.62651256     16.4858
   2013.62654110     24.2327
   2013.62656963     23.3632
   2013.62659817     20.0669
   2013.62662671     16.6502
   2013.62665525     14.0245
   2013.62668379     12.3923
   2013.62671233     10.5831
   2013.62674087      9.6006
   2013.62676941      8.5657
   2013.62679795      7.8740
   2013.62682648      7.2986
   2013.62685502      6.8811
   2013.62688356      6.5672
   2013.62691210      6.3545
   2013.62694064      6.1399
   2013.62696918      5.8504
   2013.62699772      5.7493
   2013.62702626      5.4634
   2013.62705479      5.0922
   2013.62708333      4.6704
   2013.62711187      4.4593
   2013.62714041      4.4370
   2013.62716895      3.6968
   2013.62719749      3.4729
   2013.62722603      3.1340
   2013.62725457      2.8534
   2013.62728311      2.7191
   2013.62731164      2.3780
   2013.62734018      2.1324
   2013.62736872      1.8424
   2013.62739726      1.6599
   2013.62742580      1.4906
   2013.62745434      1.3375
   2013.62748288      1.2139
   2013.62751142      1.0512
   2013.62753995      0.9798
   2013.62756849      0.8904
   2013.62759703      0.8047
   2013.62762557      0.7267
   2013.62765411      0.6570
   2013.62768265      0.5953
   2013.62771119      0.5403
   2013.62773973      0.4915
   2013.62776826      0.4483
   2013.62779680      0.4098
   2013.62782534      0.3754
   2013.62785388      0.3444
   2013.62788242      0.3164
   2013.62791096      0.2911
   2013.62793950      0.2682
   2013.62796804      0.2473
   2013.62799658      0.2281
   2013.62802511      0.2105
   2013.62805365      0.1945
   2013.62808219      0.1798
   2013.62811073      0.1664
   2013.62813927      0.1542
   2013.62816781      0.1430
   2013.62819635      0.1327
   2013.62822489      0.1233
   2013.62825342      0.1145
   2013.62828196      0.1065
