   2013.62465753      0.0000
   2013.62468607      0.0000
   2013.62471461      0.0000
   2013.62474315      0.0000
   2013.62477169      0.0000
   2013.62480023      0.0000
   2013.62482877      0.0000
   2013.62485731      0.0000
   2013.62488584      0.0000
   2013.62491438      0.0000
   2013.62494292      0.0000
   2013.62497146      0.0000
   2013.62500000      0.0000
   2013.62502854      0.0000
   2013.62505708      0.0000
   2013.62508562      0.0000
   2013.62511416      0.0000
   2013.62514269      0.0000
   2013.62517123      0.0000
   2013.62519977      0.0000
   2013.62522831      0.0000
   2013.62525685      0.0000
   2013.62528539      0.0000
   2013.62531393      0.0000
   2013.62534247      0.0000
   2013.62537100      0.0000
   2013.62539954      0.0000
   2013.62542808      0.0000
   2013.62545662      0.0000
   2013.62548516      0.0000
   2013.62551370      0.0000
   2013.62554224      0.0000
   2013.62557078      0.0000
   2013.62559932      0.0000
   2013.62562785      0.0000
   2013.62565639      0.0000
   2013.62568493      0.0000
   2013.62571347      0.0000
   2013.62574201      0.0000
   2013.62577055      0.0000
   2013.62579909      0.0000
   2013.62582763      0.0000
   2013.62585616      0.0000
   2013.62588470      0.0000
   2013.62591324      0.0000
   2013.62594178      0.0000
   2013.62597032      0.0000
   2013.62599886      0.0000
   2013.62602740      0.0000
   2013.62605594      0.0000
   2013.62608447      0.0000
   2013.62611301      0.0000
   2013.62614155      0.0000
   2013.62617009      0.0000
   2013.62619863      0.0000
   2013.62622717      0.0000
   2013.62625571      0.0000
   2013.62628425      0.5205
   2013.62631279      2.1269
   2013.62634132      5.9573
   2013.62636986     11.2793
   2013.62639840     22.7394
   2013.62642694     28.8593
   2013.62645548     27.1194
   2013.62648402     22.5712
   2013.62651256     19.5749
   2013.62654110     16.9099
   2013.62656963     14.9763
   2013.62659817     13.7953
   2013.62662671     12.9719
   2013.62665525     12.7149
   2013.62668379     12.4545
   2013.62671233     12.0787
   2013.62674087     11.7579
   2013.62676941     11.0529
   2013.62679795     10.4383
   2013.62682648      9.8857
   2013.62685502      9.4438
   2013.62688356      9.1153
   2013.62691210      8.8864
   2013.62694064      8.6746
   2013.62696918      8.4216
   2013.62699772      8.1333
   2013.62702626      7.6449
   2013.62705479      7.1747
   2013.62708333      6.7054
   2013.62711187      6.2760
   2013.62714041      5.9121
   2013.62716895      5.6502
   2013.62719749      5.2540
   2013.62722603      4.9210
   2013.62725457      4.4755
   2013.62728311      4.1803
   2013.62731164      4.2083
   2013.62734018      3.8464
   2013.62736872      3.4104
   2013.62739726      3.2071
   2013.62742580      2.8957
   2013.62745434      2.6549
   2013.62748288      2.6136
   2013.62751142      2.2758
   2013.62753995      2.0655
   2013.62756849      1.7812
   2013.62759703      1.6419
   2013.62762557      1.4885
   2013.62765411      1.3467
   2013.62768265      1.2156
   2013.62771119      1.1043
   2013.62773973      1.0028
   2013.62776826      0.9136
   2013.62779680      0.8310
   2013.62782534      0.7537
   2013.62785388      0.6834
   2013.62788242      0.6211
   2013.62791096      0.5654
   2013.62793950      0.5155
   2013.62796804      0.4710
   2013.62799658      0.4311
   2013.62802511      0.3953
   2013.62805365      0.3630
   2013.62808219      0.3337
   2013.62811073      0.3072
   2013.62813927      0.2832
   2013.62816781      0.2613
   2013.62819635      0.2413
   2013.62822489      0.2228
   2013.62825342      0.2059
   2013.62828196      0.1904
   2013.62831050      0.1763
   2013.62833904      0.1633
   2013.62836758      0.1514
   2013.62839612      0.1404
   2013.62842466      0.1304
   2013.62845320      0.1211
   2013.62848174      0.1126
   2013.62851027      0.1047
