   2013.62465753      0.0000
   2013.62468607      0.0000
   2013.62471461      0.0000
   2013.62474315      0.0000
   2013.62477169      0.0000
   2013.62480023      0.0000
   2013.62482877      0.0000
   2013.62485731      0.0001
   2013.62488584      0.0002
   2013.62491438      0.0004
   2013.62494292      0.0006
   2013.62497146      0.0008
   2013.62500000      0.0010
   2013.62502854      0.0011
   2013.62505708      0.0013
   2013.62508562      0.0014
   2013.62511416      0.0015
   2013.62514269      0.0017
   2013.62517123      0.0494
   2013.62519977      0.1938
   2013.62522831      0.6498
   2013.62525685      1.9783
   2013.62528539      4.0383
   2013.62531393      5.6011
   2013.62534247      6.3598
   2013.62537100      6.6478
   2013.62539954      6.6323
   2013.62542808      6.4744
   2013.62545662      6.1119
   2013.62548516      5.7127
   2013.62551370      5.3999
   2013.62554224      5.0185
   2013.62557078      4.7263
   2013.62559932      4.4662
   2013.62562785      4.2751
   2013.62565639      4.0238
   2013.62568493      3.8470
   2013.62571347      3.6578
   2013.62574201      3.6363
   2013.62577055      3.2581
   2013.62579909      3.1591
   2013.62582763      2.9954
   2013.62585616      2.7628
   2013.62588470      2.5957
   2013.62591324      2.4296
   2013.62594178      2.2657
   2013.62597032      2.1809
   2013.62599886      1.9991
   2013.62602740      1.8433
   2013.62605594      1.6363
   2013.62608447      1.5053
   2013.62611301      1.3777
   2013.62614155      1.3168
   2013.62617009      1.1461
   2013.62619863      1.0482
   2013.62622717      0.9582
   2013.62625571      0.8767
   2013.62628425      0.7995
   2013.62631279      0.7269
   2013.62634132      0.6610
   2013.62636986      0.6022
   2013.62639840      0.5492
   2013.62642694      0.5016
   2013.62645548      0.4589
   2013.62648402      0.4205
   2013.62651256      0.3860
   2013.62654110      0.3547
   2013.62656963      0.3263
   2013.62659817      0.3006
   2013.62662671      0.2772
   2013.62665525      0.2560
   2013.62668379      0.2365
   2013.62671233      0.2185
   2013.62674087      0.2021
   2013.62676941      0.1870
   2013.62679795      0.1733
   2013.62682648      0.1607
   2013.62685502      0.1492
   2013.62688356      0.1386
   2013.62691210      0.1289
   2013.62694064      0.1200
   2013.62696918      0.1117
   2013.62699772      0.1041
