   2013.62465753      0.0000
   2013.62468607      0.0000
   2013.62471461      0.0000
   2013.62474315      0.0000
   2013.62477169      0.0000
   2013.62480023      0.0000
   2013.62482877      0.0000
   2013.62485731      0.0000
   2013.62488584      0.0000
   2013.62491438      0.0000
   2013.62494292      0.0000
   2013.62497146      0.0000
   2013.62500000      0.0000
   2013.62502854      0.0000
   2013.62505708      0.0000
   2013.62508562      0.0000
   2013.62511416      0.0000
   2013.62514269      0.0006
   2013.62517123      0.0006
   2013.62519977      0.0007
   2013.62522831      0.0013
   2013.62525685      0.0013
   2013.62528539      0.0013
   2013.62531393      0.0014
   2013.62534247      0.0020
   2013.62537100      0.0021
   2013.62539954      0.0202
   2013.62542808      0.0478
   2013.62545662      0.0718
   2013.62548516      0.1066
   2013.62551370      0.1611
   2013.62554224      0.2400
   2013.62557078      0.3519
   2013.62559932      0.4946
   2013.62562785      0.7011
   2013.62565639      0.9629
   2013.62568493      1.3308
   2013.62571347      1.8406
   2013.62574201      2.3314
   2013.62577055      2.7424
   2013.62579909      3.0173
   2013.62582763      3.2813
   2013.62585616      3.3240
   2013.62588470      3.5702
   2013.62591324      3.1263
   2013.62594178      3.3377
   2013.62597032      3.4411
   2013.62599886      3.1231
   2013.62602740      3.0861
   2013.62605594      2.9783
   2013.62608447      2.8233
   2013.62611301      2.6116
   2013.62614155      2.5580
   2013.62617009      2.4750
   2013.62619863      2.3472
   2013.62622717      2.2170
   2013.62625571      2.1409
   2013.62628425      2.1111
   2013.62631279      2.0313
   2013.62634132      1.9487
   2013.62636986      1.9720
   2013.62639840      1.9593
   2013.62642694      1.9359
   2013.62645548      1.9068
   2013.62648402      1.9789
   2013.62651256      2.0271
   2013.62654110      2.0524
   2013.62656963      2.0684
   2013.62659817      2.1886
   2013.62662671      2.2778
   2013.62665525      2.3257
   2013.62668379      2.3524
   2013.62671233      2.5436
   2013.62674087      2.5716
   2013.62676941      2.6387
   2013.62679795      2.6268
   2013.62682648      2.5306
   2013.62685502      2.8057
   2013.62688356      2.8684
   2013.62691210      2.8617
   2013.62694064      2.8266
   2013.62696918      2.7164
   2013.62699772      2.7519
   2013.62702626      2.8074
   2013.62705479      2.8407
   2013.62708333      2.7446
   2013.62711187      2.6931
   2013.62714041      2.6087
   2013.62716895      2.6189
   2013.62719749      2.6160
   2013.62722603      2.5439
   2013.62725457      2.4425
   2013.62728311      2.3604
   2013.62731164      2.3126
   2013.62734018      2.2365
   2013.62736872      2.2459
   2013.62739726      2.1192
   2013.62742580      2.0311
   2013.62745434      1.9369
   2013.62748288      1.8536
   2013.62751142      1.7825
   2013.62753995      1.7146
   2013.62756849      1.6456
   2013.62759703      1.5792
   2013.62762557      1.6237
   2013.62765411      1.4516
   2013.62768265      1.3950
   2013.62771119      1.3402
   2013.62773973      1.2860
   2013.62776826      1.2324
   2013.62779680      1.1802
   2013.62782534      1.1300
   2013.62785388      1.0812
   2013.62788242      1.0597
   2013.62791096      0.9940
   2013.62793950      0.9217
   2013.62796804      0.8934
   2013.62799658      0.8493
   2013.62802511      0.8029
   2013.62805365      0.7572
   2013.62808219      0.7126
   2013.62811073      0.6704
   2013.62813927      0.6315
   2013.62816781      0.5954
   2013.62819635      0.5615
   2013.62822489      0.5298
   2013.62825342      0.5002
   2013.62828196      0.4724
   2013.62831050      0.4464
   2013.62833904      0.4219
   2013.62836758      0.3988
   2013.62839612      0.3770
   2013.62842466      0.3564
   2013.62845320      0.3368
   2013.62848174      0.3183
   2013.62851027      0.3008
   2013.62853881      0.2843
   2013.62856735      0.2687
   2013.62859589      0.2541
   2013.62862443      0.2402
   2013.62865297      0.2271
   2013.62868151      0.2145
   2013.62871005      0.2026
   2013.62873858      0.1913
   2013.62876712      0.1807
   2013.62879566      0.1707
   2013.62882420      0.1613
   2013.62885274      0.1524
   2013.62888128      0.1439
   2013.62890982      0.1360
   2013.62893836      0.1285
   2013.62896689      0.1214
   2013.62899543      0.1147
   2013.62902397      0.1083
   2013.62905251      0.1023
