   2013.62465753      0.0000
   2013.62468607      0.0000
   2013.62471461      0.0000
   2013.62474315      0.0000
   2013.62477169      0.0000
   2013.62480023      0.0000
   2013.62482877      0.0000
   2013.62485731      0.0000
   2013.62488584      0.0000
   2013.62491438      0.0000
   2013.62494292      0.0000
   2013.62497146      0.0000
   2013.62500000      0.0000
   2013.62502854      0.0000
   2013.62505708      0.0000
   2013.62508562      0.0000
   2013.62511416      0.0000
   2013.62514269      0.0000
   2013.62517123      0.0000
   2013.62519977      0.0000
   2013.62522831      0.0000
   2013.62525685      0.0000
   2013.62528539      0.0000
   2013.62531393      0.0000
   2013.62534247      0.0000
   2013.62537100      0.0000
   2013.62539954      0.0000
   2013.62542808      0.0000
   2013.62545662      0.0000
   2013.62548516      0.0000
   2013.62551370      0.0000
   2013.62554224      0.0000
   2013.62557078      0.0000
   2013.62559932      0.0000
   2013.62562785      0.0000
   2013.62565639      0.0000
   2013.62568493      0.0000
   2013.62571347      0.0000
   2013.62574201      0.0000
   2013.62577055      0.0000
   2013.62579909      0.0000
   2013.62582763      0.0000
   2013.62585616      0.0000
   2013.62588470      0.0000
   2013.62591324      0.0000
   2013.62594178      0.0000
   2013.62597032      0.0000
   2013.62599886      0.0000
   2013.62602740      0.0000
   2013.62605594      0.0000
   2013.62608447      0.0000
   2013.62611301      0.0000
   2013.62614155      0.0000
   2013.62617009      0.0000
   2013.62619863      0.0000
   2013.62622717      0.0000
   2013.62625571      0.0000
   2013.62628425      0.0000
   2013.62631279      0.0000
   2013.62634132      0.0000
   2013.62636986      0.0000
   2013.62639840      0.0000
   2013.62642694      0.0000
   2013.62645548      0.0000
   2013.62648402      0.0000
   2013.62651256      0.0103
   2013.62654110      0.0617
   2013.62656963      0.1635
   2013.62659817      0.5124
   2013.62662671      1.7160
   2013.62665525      3.9649
   2013.62668379      8.0738
   2013.62671233     14.7128
   2013.62674087     19.2730
   2013.62676941     20.4380
   2013.62679795     19.3397
   2013.62682648     17.8595
   2013.62685502     15.4973
   2013.62688356     13.2141
   2013.62691210     11.3114
   2013.62694064      9.4410
   2013.62696918      8.2782
   2013.62699772      6.9095
   2013.62702626      6.2619
   2013.62705479      4.9427
   2013.62708333      4.2324
   2013.62711187      3.6411
   2013.62714041      3.2111
   2013.62716895      2.9706
   2013.62719749      2.5370
   2013.62722603      2.1358
   2013.62725457      1.8934
   2013.62728311      1.6783
   2013.62731164      1.4889
   2013.62734018      1.2994
   2013.62736872      1.1901
   2013.62739726      1.0432
   2013.62742580      0.9565
   2013.62745434      0.8635
   2013.62748288      0.7778
   2013.62751142      0.7012
   2013.62753995      0.6339
   2013.62756849      0.5746
   2013.62759703      0.5222
   2013.62762557      0.4762
   2013.62765411      0.4356
   2013.62768265      0.3997
   2013.62771119      0.3675
   2013.62773973      0.3386
   2013.62776826      0.3125
   2013.62779680      0.2888
   2013.62782534      0.2673
   2013.62785388      0.2477
   2013.62788242      0.2297
   2013.62791096      0.2130
   2013.62793950      0.1977
   2013.62796804      0.1837
   2013.62799658      0.1708
   2013.62802511      0.1590
   2013.62805365      0.1481
   2013.62808219      0.1380
   2013.62811073      0.1287
   2013.62813927      0.1201
   2013.62816781      0.1121
   2013.62819635      0.1047
