   2013.62465753      0.0000
   2013.62468607      0.0000
   2013.62471461      0.0000
   2013.62474315      0.0000
   2013.62477169      0.0000
   2013.62480023      0.0000
   2013.62482877      0.0000
   2013.62485731      0.0000
   2013.62488584      0.0000
   2013.62491438      0.0003
   2013.62494292      0.0014
   2013.62497146      0.0021
   2013.62500000      0.0076
   2013.62502854      0.0042
   2013.62505708      0.0153
   2013.62508562      0.0571
   2013.62511416      0.1133
   2013.62514269      0.2280
   2013.62517123      0.3928
   2013.62519977      0.5999
   2013.62522831      0.8939
   2013.62525685      1.5549
   2013.62528539      2.8566
   2013.62531393      4.4803
   2013.62534247      5.8993
   2013.62537100      6.7631
   2013.62539954      7.2070
   2013.62542808      7.4413
   2013.62545662      7.4154
   2013.62548516      7.2893
   2013.62551370      7.0413
   2013.62554224      6.7262
   2013.62557078      6.4049
   2013.62559932      6.1388
   2013.62562785      5.8835
   2013.62565639      5.6717
   2013.62568493      5.4744
   2013.62571347      5.2779
   2013.62574201      5.0811
   2013.62577055      4.8105
   2013.62579909      4.5376
   2013.62582763      4.2944
   2013.62585616      3.9906
   2013.62588470      3.6952
   2013.62591324      3.3487
   2013.62594178      3.2060
   2013.62597032      2.9721
   2013.62599886      2.7607
   2013.62602740      2.5394
   2013.62605594      2.3251
   2013.62608447      2.1053
   2013.62611301      1.9211
   2013.62614155      1.7557
   2013.62617009      1.6509
   2013.62619863      1.5037
   2013.62622717      1.3650
   2013.62625571      1.2315
   2013.62628425      1.1230
   2013.62631279      1.0208
   2013.62634132      0.9307
   2013.62636986      0.8477
   2013.62639840      0.7697
   2013.62642694      0.6980
   2013.62645548      0.6339
   2013.62648402      0.5768
   2013.62651256      0.5256
   2013.62654110      0.4798
   2013.62656963      0.4388
   2013.62659817      0.4020
   2013.62662671      0.3689
   2013.62665525      0.3390
   2013.62668379      0.3119
   2013.62671233      0.2873
   2013.62674087      0.2651
   2013.62676941      0.2447
   2013.62679795      0.2260
   2013.62682648      0.2089
   2013.62685502      0.1932
   2013.62688356      0.1789
   2013.62691210      0.1658
   2013.62694064      0.1538
   2013.62696918      0.1429
   2013.62699772      0.1328
   2013.62702626      0.1235
   2013.62705479      0.1149
   2013.62708333      0.1070
