   2013.62465753      0.0000
   2013.62468607      0.0000
   2013.62471461      0.0000
   2013.62474315      0.0000
   2013.62477169      0.0000
   2013.62480023      0.0000
   2013.62482877      0.0000
   2013.62485731      0.0000
   2013.62488584      0.0000
   2013.62491438      0.0000
   2013.62494292      0.0000
   2013.62497146      0.0000
   2013.62500000      0.0000
   2013.62502854      0.0000
   2013.62505708      0.0000
   2013.62508562      0.0000
   2013.62511416      0.0000
   2013.62514269      0.0000
   2013.62517123      0.0000
   2013.62519977      0.0000
   2013.62522831      0.0000
   2013.62525685      0.0000
   2013.62528539      0.0000
   2013.62531393      0.0000
   2013.62534247      0.0000
   2013.62537100      0.0000
   2013.62539954      0.0000
   2013.62542808      0.0000
   2013.62545662      0.0000
   2013.62548516      0.0000
   2013.62551370      0.0000
   2013.62554224      0.0000
   2013.62557078      0.0000
   2013.62559932      0.0000
   2013.62562785      0.0000
   2013.62565639      0.0000
   2013.62568493      0.0000
   2013.62571347      0.0000
   2013.62574201      0.0000
   2013.62577055      0.0000
   2013.62579909      0.0000
   2013.62582763      0.0000
   2013.62585616      0.0000
   2013.62588470      0.0000
   2013.62591324      0.0000
   2013.62594178      0.0000
   2013.62597032      0.0000
   2013.62599886      0.0000
   2013.62602740      0.0000
   2013.62605594      0.0000
   2013.62608447      0.0000
   2013.62611301      0.0000
   2013.62614155      0.0000
   2013.62617009      0.0000
   2013.62619863      0.0000
   2013.62622717      0.0003
   2013.62625571      0.0006
   2013.62628425      0.0009
   2013.62631279      0.0012
   2013.62634132      0.0015
   2013.62636986      0.0017
   2013.62639840      0.0020
   2013.62642694      0.0022
   2013.62645548      0.0030
   2013.62648402      0.0307
   2013.62651256      0.0602
   2013.62654110      0.0934
   2013.62656963      0.1498
   2013.62659817      0.2300
   2013.62662671      0.3487
   2013.62665525      0.5272
   2013.62668379      0.7682
   2013.62671233      1.0764
   2013.62674087      1.5054
   2013.62676941      2.0672
   2013.62679795      2.7055
   2013.62682648      3.3187
   2013.62685502      3.7573
   2013.62688356      4.0386
   2013.62691210      4.2241
   2013.62694064      4.3521
   2013.62696918      4.4409
   2013.62699772      4.5049
   2013.62702626      4.5533
   2013.62705479      4.5133
   2013.62708333      4.4195
   2013.62711187      4.3084
   2013.62714041      4.0718
   2013.62716895      3.9251
   2013.62719749      3.7974
   2013.62722603      3.4115
   2013.62725457      3.3246
   2013.62728311      3.0702
   2013.62731164      2.8703
   2013.62734018      2.6275
   2013.62736872      2.4124
   2013.62739726      2.1650
   2013.62742580      1.9664
   2013.62745434      1.8060
   2013.62748288      1.6735
   2013.62751142      1.5159
   2013.62753995      1.3702
   2013.62756849      1.2340
   2013.62759703      1.1206
   2013.62762557      1.0162
   2013.62765411      0.9250
   2013.62768265      0.8410
   2013.62771119      0.7624
   2013.62773973      0.6908
   2013.62776826      0.6272
   2013.62779680      0.5706
   2013.62782534      0.5199
   2013.62785388      0.4747
   2013.62788242      0.4342
   2013.62791096      0.3979
   2013.62793950      0.3652
   2013.62796804      0.3356
   2013.62799658      0.3088
   2013.62802511      0.2845
   2013.62805365      0.2625
   2013.62808219      0.2423
   2013.62811073      0.2238
   2013.62813927      0.2068
   2013.62816781      0.1912
   2013.62819635      0.1770
   2013.62822489      0.1640
   2013.62825342      0.1520
   2013.62828196      0.1411
   2013.62831050      0.1310
   2013.62833904      0.1217
   2013.62836758      0.1131
   2013.62839612      0.1052
