   2013.62465753      0.0000
   2013.62468607      0.0000
   2013.62471461      0.0000
   2013.62474315      0.0000
   2013.62477169      0.0000
   2013.62480023      0.0000
   2013.62482877      0.0000
   2013.62485731      0.0000
   2013.62488584      0.0000
   2013.62491438      0.0000
   2013.62494292      0.0000
   2013.62497146      0.0000
   2013.62500000      0.0000
   2013.62502854      0.0000
   2013.62505708      0.0000
   2013.62508562      0.0000
   2013.62511416      0.0000
   2013.62514269      0.0000
   2013.62517123      0.0000
   2013.62519977      0.0000
   2013.62522831      0.0000
   2013.62525685      0.0000
   2013.62528539      0.0000
   2013.62531393      0.0000
   2013.62534247      0.0000
   2013.62537100      0.0000
   2013.62539954      0.0000
   2013.62542808      0.0000
   2013.62545662      0.0000
   2013.62548516      0.0000
   2013.62551370      0.0000
   2013.62554224      0.0000
   2013.62557078      0.0000
   2013.62559932      0.0000
   2013.62562785      0.0000
   2013.62565639      0.0000
   2013.62568493      0.0000
   2013.62571347      0.0000
   2013.62574201      0.0000
   2013.62577055      0.0000
   2013.62579909      0.0000
   2013.62582763      0.0000
   2013.62585616      0.0000
   2013.62588470      0.0000
   2013.62591324      0.0000
   2013.62594178      0.0000
   2013.62597032      0.0000
   2013.62599886      0.0000
   2013.62602740      0.0000
   2013.62605594      0.0000
   2013.62608447      0.0000
   2013.62611301      0.0000
   2013.62614155      0.0000
   2013.62617009      0.0000
   2013.62619863      0.0000
   2013.62622717      0.0000
   2013.62625571      0.0000
   2013.62628425      0.0000
   2013.62631279      0.0000
   2013.62634132      0.0000
   2013.62636986      0.0000
   2013.62639840      0.0000
   2013.62642694      0.0000
   2013.62645548      0.0000
   2013.62648402      0.0000
   2013.62651256      0.0000
   2013.62654110      0.0000
   2013.62656963      0.0000
   2013.62659817      0.0000
   2013.62662671      0.0000
   2013.62665525      0.0000
   2013.62668379      0.0000
   2013.62671233      0.0000
   2013.62674087      0.0000
   2013.62676941      0.0000
   2013.62679795      0.0000
   2013.62682648      0.0000
   2013.62685502      0.0021
   2013.62688356      0.0017
   2013.62691210      0.0017
   2013.62694064      0.0020
   2013.62696918      0.0014
   2013.62699772      0.0048
   2013.62702626      0.0245
   2013.62705479      0.0449
   2013.62708333      0.0623
   2013.62711187      0.0864
   2013.62714041      0.1163
   2013.62716895      0.1510
   2013.62719749      0.1916
   2013.62722603      0.2330
   2013.62725457      0.2734
   2013.62728311      0.3284
   2013.62731164      0.3985
   2013.62734018      0.4881
   2013.62736872      0.6030
   2013.62739726      0.7416
   2013.62742580      0.8922
   2013.62745434      1.0170
   2013.62748288      1.0883
   2013.62751142      1.1069
   2013.62753995      1.1363
   2013.62756849      1.0636
   2013.62759703      1.0116
   2013.62762557      0.9459
   2013.62765411      0.9039
   2013.62768265      0.8510
   2013.62771119      0.7980
   2013.62773973      0.7466
   2013.62776826      0.6979
   2013.62779680      0.6532
   2013.62782534      0.6128
   2013.62785388      0.5756
   2013.62788242      0.5414
   2013.62791096      0.5099
   2013.62793950      0.4808
   2013.62796804      0.4539
   2013.62799658      0.4288
   2013.62802511      0.4053
   2013.62805365      0.3835
   2013.62808219      0.3631
   2013.62811073      0.3442
   2013.62813927      0.3265
   2013.62816781      0.3101
   2013.62819635      0.2948
   2013.62822489      0.2806
   2013.62825342      0.2673
   2013.62828196      0.2548
   2013.62831050      0.2431
   2013.62833904      0.2320
   2013.62836758      0.2216
   2013.62839612      0.2117
   2013.62842466      0.2024
   2013.62845320      0.1937
   2013.62848174      0.1855
   2013.62851027      0.1778
   2013.62853881      0.1705
   2013.62856735      0.1636
   2013.62859589      0.1570
   2013.62862443      0.1508
   2013.62865297      0.1450
   2013.62868151      0.1394
   2013.62871005      0.1342
   2013.62873858      0.1292
   2013.62876712      0.1245
   2013.62879566      0.1200
   2013.62882420      0.1157
   2013.62885274      0.1117
   2013.62888128      0.1078
   2013.62890982      0.1041
   2013.62893836      0.1006
