   2013.62465753      0.0000
   2013.62468607      0.0000
   2013.62471461      0.0000
   2013.62474315      0.0000
   2013.62477169      0.0000
   2013.62480023      0.0000
   2013.62482877      0.0000
   2013.62485731      0.0000
   2013.62488584      0.0000
   2013.62491438      0.0000
   2013.62494292      0.0000
   2013.62497146      0.0000
   2013.62500000      0.0000
   2013.62502854      0.0000
   2013.62505708      0.0000
   2013.62508562      0.0000
   2013.62511416      0.0000
   2013.62514269      0.0000
   2013.62517123      0.0000
   2013.62519977      0.0000
   2013.62522831      0.0000
   2013.62525685      0.0000
   2013.62528539      0.0000
   2013.62531393      0.0000
   2013.62534247      0.0000
   2013.62537100      0.0000
   2013.62539954      0.0000
   2013.62542808      0.0000
   2013.62545662      0.0000
   2013.62548516      0.0000
   2013.62551370      0.0000
   2013.62554224      0.0000
   2013.62557078      0.0000
   2013.62559932      0.0000
   2013.62562785      0.0000
   2013.62565639      0.0000
   2013.62568493      0.0000
   2013.62571347      0.0000
   2013.62574201      0.0000
   2013.62577055      0.0000
   2013.62579909      0.0000
   2013.62582763      0.0000
   2013.62585616      0.0000
   2013.62588470      0.0000
   2013.62591324      0.0000
   2013.62594178      0.0000
   2013.62597032      0.0000
   2013.62599886      0.0000
   2013.62602740      0.0000
   2013.62605594      0.0000
   2013.62608447      0.0000
   2013.62611301      0.0000
   2013.62614155      0.0000
   2013.62617009      0.0000
   2013.62619863      0.0000
   2013.62622717      0.0000
   2013.62625571      0.0000
   2013.62628425      0.0000
   2013.62631279      0.0000
   2013.62634132      0.0000
   2013.62636986      0.0000
   2013.62639840      0.0000
   2013.62642694      0.0000
   2013.62645548      0.0000
   2013.62648402      0.0000
   2013.62651256      0.0000
   2013.62654110      0.0000
   2013.62656963      0.0000
   2013.62659817      0.0000
   2013.62662671      0.0000
   2013.62665525      0.0000
   2013.62668379      0.0000
   2013.62671233      0.0000
   2013.62674087      0.0029
   2013.62676941      0.0034
   2013.62679795      0.0040
   2013.62682648      0.0088
   2013.62685502      0.0421
   2013.62688356      0.0680
   2013.62691210      0.1104
   2013.62694064      0.1864
   2013.62696918      0.2868
   2013.62699772      0.4084
   2013.62702626      0.5568
   2013.62705479      0.7357
   2013.62708333      0.9602
   2013.62711187      1.3426
   2013.62714041      1.7497
   2013.62716895      2.2775
   2013.62719749      2.6134
   2013.62722603      2.6612
   2013.62725457      2.6136
   2013.62728311      2.4958
   2013.62731164      2.3380
   2013.62734018      2.1693
   2013.62736872      2.0176
   2013.62739726      1.8357
   2013.62742580      1.6931
   2013.62745434      1.5639
   2013.62748288      1.4460
   2013.62751142      1.3373
   2013.62753995      1.2359
   2013.62756849      1.1606
   2013.62759703      1.0701
   2013.62762557      0.9791
   2013.62765411      0.9248
   2013.62768265      0.8626
   2013.62771119      0.8034
   2013.62773973      0.7483
   2013.62776826      0.6975
   2013.62779680      0.6518
   2013.62782534      0.6110
   2013.62785388      0.5738
   2013.62788242      0.5400
   2013.62791096      0.5090
   2013.62793950      0.4805
   2013.62796804      0.4542
   2013.62799658      0.4297
   2013.62802511      0.4068
   2013.62805365      0.3855
   2013.62808219      0.3655
   2013.62811073      0.3470
   2013.62813927      0.3296
   2013.62816781      0.3135
   2013.62819635      0.2984
   2013.62822489      0.2843
   2013.62825342      0.2711
   2013.62828196      0.2587
   2013.62831050      0.2471
   2013.62833904      0.2361
   2013.62836758      0.2257
   2013.62839612      0.2158
   2013.62842466      0.2065
   2013.62845320      0.1977
   2013.62848174      0.1894
   2013.62851027      0.1817
   2013.62853881      0.1743
   2013.62856735      0.1673
   2013.62859589      0.1607
   2013.62862443      0.1544
   2013.62865297      0.1485
   2013.62868151      0.1428
   2013.62871005      0.1375
   2013.62873858      0.1324
   2013.62876712      0.1276
   2013.62879566      0.1230
   2013.62882420      0.1186
   2013.62885274      0.1145
   2013.62888128      0.1105
   2013.62890982      0.1068
   2013.62893836      0.1032
