   2013.62465753      0.0000
   2013.62468607      0.0000
   2013.62471461      0.0000
   2013.62474315      0.0000
   2013.62477169      0.0000
   2013.62480023      0.0000
   2013.62482877      0.0000
   2013.62485731      0.0001
   2013.62488584      0.0003
   2013.62491438      0.0007
   2013.62494292      0.0011
   2013.62497146      0.0013
   2013.62500000      0.0023
   2013.62502854      0.0023
   2013.62505708      0.0023
   2013.62508562      0.0025
   2013.62511416      0.0210
   2013.62514269      0.0568
   2013.62517123      0.0883
   2013.62519977      0.1439
   2013.62522831      0.2340
   2013.62525685      0.3508
   2013.62528539      0.5356
   2013.62531393      0.7942
   2013.62534247      1.1401
   2013.62537100      1.5701
   2013.62539954      2.2339
   2013.62542808      2.9183
   2013.62545662      3.7164
   2013.62548516      4.0645
   2013.62551370      4.4075
   2013.62554224      4.4843
   2013.62557078      4.5013
   2013.62559932      4.4271
   2013.62562785      4.2381
   2013.62565639      4.1239
   2013.62568493      3.9301
   2013.62571347      3.8114
   2013.62574201      3.7928
   2013.62577055      3.3908
   2013.62579909      3.1701
   2013.62582763      3.1206
   2013.62585616      2.9623
   2013.62588470      2.7796
   2013.62591324      2.6455
   2013.62594178      2.5616
   2013.62597032      2.4156
   2013.62599886      2.2897
   2013.62602740      2.2924
   2013.62605594      2.2412
   2013.62608447      2.1893
   2013.62611301      2.1338
   2013.62614155      2.2326
   2013.62617009      2.2907
   2013.62619863      2.3080
   2013.62622717      2.3997
   2013.62625571      2.5085
   2013.62628425      2.8375
   2013.62631279      2.9728
   2013.62634132      3.2277
   2013.62636986      3.4040
   2013.62639840      3.9140
   2013.62642694      4.0638
   2013.62645548      4.4328
   2013.62648402      4.4683
   2013.62651256      5.1276
   2013.62654110      5.1446
   2013.62656963      5.3923
   2013.62659817      5.3733
   2013.62662671      5.8000
   2013.62665525      5.9639
   2013.62668379      6.1473
   2013.62671233      5.9749
   2013.62674087      6.3750
   2013.62676941      6.4721
   2013.62679795      6.4513
   2013.62682648      6.2811
   2013.62685502      6.6194
   2013.62688356      6.6386
   2013.62691210      6.5446
   2013.62694064      6.2487
   2013.62696918      6.6308
   2013.62699772      6.4872
   2013.62702626      6.3305
   2013.62705479      6.4077
   2013.62708333      6.4487
   2013.62711187      6.0914
   2013.62714041      6.1118
   2013.62716895      5.3818
   2013.62719749      5.7389
   2013.62722603      5.6441
   2013.62725457      5.4683
   2013.62728311      5.1824
   2013.62731164      4.7893
   2013.62734018      4.7920
   2013.62736872      4.7207
   2013.62739726      4.3341
   2013.62742580      4.2517
   2013.62745434      4.0070
   2013.62748288      3.7998
   2013.62751142      3.6829
   2013.62753995      3.7323
   2013.62756849      3.4837
   2013.62759703      3.1332
   2013.62762557      3.0276
   2013.62765411      2.9103
   2013.62768265      2.7657
   2013.62771119      2.5521
   2013.62773973      2.4090
   2013.62776826      2.2629
   2013.62779680      2.1402
   2013.62782534      2.0270
   2013.62785388      1.9171
   2013.62788242      1.8067
   2013.62791096      1.7008
   2013.62793950      1.5853
   2013.62796804      1.4927
   2013.62799658      1.4077
   2013.62802511      1.3277
   2013.62805365      1.2502
   2013.62808219      1.1757
   2013.62811073      1.1509
   2013.62813927      1.0509
   2013.62816781      0.9871
   2013.62819635      0.9203
   2013.62822489      0.8743
   2013.62825342      0.8233
   2013.62828196      0.7744
   2013.62831050      0.7274
   2013.62833904      0.6830
   2013.62836758      0.6423
   2013.62839612      0.6051
   2013.62842466      0.5709
   2013.62845320      0.5393
   2013.62848174      0.5102
   2013.62851027      0.4831
   2013.62853881      0.4580
   2013.62856735      0.4345
   2013.62859589      0.4127
   2013.62862443      0.3924
   2013.62865297      0.3737
   2013.62868151      0.3562
   2013.62871005      0.3399
   2013.62873858      0.3245
   2013.62876712      0.3101
   2013.62879566      0.2965
   2013.62882420      0.2835
   2013.62885274      0.2713
   2013.62888128      0.2599
   2013.62890982      0.2493
   2013.62893836      0.2395
   2013.62896689      0.2308
   2013.62899543      0.2232
   2013.62902397      0.2170
   2013.62905251      0.2125
   2013.62908105      0.2100
   2013.62910959      0.2100
   2013.62913813      0.2135
   2013.62916667      0.2221
   2013.62919521      0.2376
   2013.62922374      0.2617
   2013.62925228      0.2944
   2013.62928082      0.3329
   2013.62930936      0.3722
   2013.62933790      0.4069
   2013.62936644      0.4336
   2013.62939498      0.4509
   2013.62942352      0.4595
   2013.62945205      0.4609
   2013.62948059      0.4566
   2013.62950913      0.4483
   2013.62953767      0.4370
   2013.62956621      0.4238
   2013.62959475      0.4092
   2013.62962329      0.3936
   2013.62965183      0.3774
   2013.62968037      0.3608
   2013.62970890      0.3440
   2013.62973744      0.3271
   2013.62976598      0.3104
   2013.62979452      0.2940
   2013.62982306      0.2781
   2013.62985160      0.2628
   2013.62988014      0.2480
   2013.62990868      0.2339
   2013.62993721      0.2202
   2013.62996575      0.2071
   2013.62999429      0.1947
   2013.63002283      0.1831
   2013.63005137      0.1721
   2013.63007991      0.1617
   2013.63010845      0.1520
   2013.63013699      0.1429
   2013.63016553      0.1343
   2013.63019406      0.1263
   2013.63022260      0.1188
   2013.63025114      0.1117
   2013.63027968      0.1051
