   2013.62465753      0.0000
   2013.62468607      0.0000
   2013.62471461      0.0000
   2013.62474315      0.0000
   2013.62477169      0.0000
   2013.62480023      0.0000
   2013.62482877      0.0000
   2013.62485731      0.0000
   2013.62488584      0.0000
   2013.62491438      0.0000
   2013.62494292      0.0000
   2013.62497146      0.0000
   2013.62500000      0.0000
   2013.62502854      0.0000
   2013.62505708      0.0000
   2013.62508562      0.0000
   2013.62511416      0.0000
   2013.62514269      0.0000
   2013.62517123      0.0000
   2013.62519977      0.0000
   2013.62522831      0.0000
   2013.62525685      0.0000
   2013.62528539      0.0000
   2013.62531393      0.0000
   2013.62534247      0.0000
   2013.62537100      0.0000
   2013.62539954      0.0000
   2013.62542808      0.0000
   2013.62545662      0.0000
   2013.62548516      0.0000
   2013.62551370      0.0000
   2013.62554224      0.0000
   2013.62557078      0.0000
   2013.62559932      0.0000
   2013.62562785      0.0000
   2013.62565639      0.0000
   2013.62568493      0.0000
   2013.62571347      0.0000
   2013.62574201      0.0000
   2013.62577055      0.0000
   2013.62579909      0.0000
   2013.62582763      0.1225
   2013.62585616      0.2343
   2013.62588470      0.6327
   2013.62591324      1.7373
   2013.62594178      3.4008
   2013.62597032      6.2535
   2013.62599886     11.1475
   2013.62602740     15.7930
   2013.62605594     17.8851
   2013.62608447     18.1885
   2013.62611301     17.9236
   2013.62614155     17.5215
   2013.62617009     17.5254
   2013.62619863     17.5277
   2013.62622717     17.0091
   2013.62625571     16.3527
   2013.62628425     15.3642
   2013.62631279     14.4377
   2013.62634132     13.2249
   2013.62636986     11.5487
   2013.62639840     10.9494
   2013.62642694      9.9018
   2013.62645548      8.7138
   2013.62648402      7.4758
   2013.62651256      7.0216
   2013.62654110      6.4100
   2013.62656963      5.9813
   2013.62659817      4.9030
   2013.62662671      4.8405
   2013.62665525      4.4660
   2013.62668379      4.0890
   2013.62671233      3.7065
   2013.62674087      3.8355
   2013.62676941      3.6130
   2013.62679795      3.4706
   2013.62682648      3.2497
   2013.62685502      3.4328
   2013.62688356      3.4240
   2013.62691210      3.3508
   2013.62694064      3.1907
   2013.62696918      3.5099
   2013.62699772      3.4243
   2013.62702626      3.3618
   2013.62705479      3.1928
   2013.62708333      3.4186
   2013.62711187      3.4079
   2013.62714041      3.5946
   2013.62716895      3.1726
   2013.62719749      3.3613
   2013.62722603      3.3350
   2013.62725457      3.4463
   2013.62728311      3.0959
   2013.62731164      3.2585
   2013.62734018      3.2223
   2013.62736872      3.3197
   2013.62739726      3.0399
   2013.62742580      3.1159
   2013.62745434      3.1070
   2013.62748288      2.9846
   2013.62751142      2.9093
   2013.62753995      2.9437
   2013.62756849      2.9202
   2013.62759703      2.8328
   2013.62762557      2.8445
   2013.62765411      2.7724
   2013.62768265      2.7450
   2013.62771119      2.6653
   2013.62773973      2.6825
   2013.62776826      2.6055
   2013.62779680      2.5740
   2013.62782534      2.5023
   2013.62785388      2.5166
   2013.62788242      2.4838
   2013.62791096      2.4117
   2013.62793950      2.3501
   2013.62796804      2.3633
   2013.62799658      2.3288
   2013.62802511      2.2733
   2013.62805365      2.2197
   2013.62808219      2.2365
   2013.62811073      2.2079
   2013.62813927      2.1623
   2013.62816781      2.1151
   2013.62819635      2.1394
   2013.62822489      2.1203
   2013.62825342      2.0852
   2013.62828196      2.0459
   2013.62831050      2.0817
   2013.62833904      2.0756
   2013.62836758      2.0518
   2013.62839612      2.0209
   2013.62842466      2.0728
   2013.62845320      2.0869
   2013.62848174      2.0702
   2013.62851027      2.0472
   2013.62853881      2.1182
   2013.62856735      2.1474
   2013.62859589      2.1422
   2013.62862443      2.1304
   2013.62865297      2.2201
   2013.62868151      2.2652
   2013.62871005      2.2736
   2013.62873858      2.2713
   2013.62876712      2.3739
   2013.62879566      2.4373
   2013.62882420      2.4588
   2013.62885274      2.4557
   2013.62888128      2.5704
   2013.62890982      2.6419
   2013.62893836      2.6241
   2013.62896689      2.6643
   2013.62899543      2.7906
   2013.62902397      2.8715
   2013.62905251      2.8562
   2013.62908105      3.1030
   2013.62910959      2.9056
   2013.62913813      3.1222
   2013.62916667      3.0977
   2013.62919521      3.1720
   2013.62922374      3.1557
   2013.62925228      3.3433
   2013.62928082      3.3074
   2013.62930936      3.3333
   2013.62933790      3.1327
   2013.62936644      3.5856
   2013.62939498      3.6704
   2013.62942352      3.6762
   2013.62945205      3.4525
   2013.62948059      3.5184
   2013.62950913      3.3962
   2013.62953767      3.4356
   2013.62956621      3.6351
   2013.62959475      3.7013
   2013.62962329      3.6783
   2013.62965183      3.5337
   2013.62968037      3.3473
   2013.62970890      3.1628
   2013.62973744      3.0432
   2013.62976598      3.1887
   2013.62979452      3.0402
   2013.62982306      3.0669
   2013.62985160      2.9700
   2013.62988014      2.8087
   2013.62990868      2.6506
   2013.62993721      2.4531
   2013.62996575      2.3538
   2013.62999429      2.2663
   2013.63002283      2.1838
   2013.63005137      2.0944
   2013.63007991      1.9963
   2013.63010845      1.8750
   2013.63013699      1.7538
   2013.63016553      1.6424
   2013.63019406      1.5397
   2013.63022260      1.4460
   2013.63025114      1.3595
   2013.63027968      1.2793
   2013.63030822      1.2036
   2013.63033676      1.1763
   2013.63036530      1.0595
   2013.63039384      0.9940
   2013.63042237      0.9288
   2013.63045091      0.8687
   2013.63047945      0.8097
   2013.63050799      0.7524
   2013.63053653      0.6986
   2013.63056507      0.6492
   2013.63059361      0.6040
   2013.63062215      0.5622
   2013.63065068      0.5235
   2013.63067922      0.4880
   2013.63070776      0.4552
   2013.63073630      0.4249
   2013.63076484      0.3967
   2013.63079338      0.3704
   2013.63082192      0.3460
   2013.63085046      0.3231
   2013.63087900      0.3019
   2013.63090753      0.2822
   2013.63093607      0.2639
   2013.63096461      0.2469
   2013.63099315      0.2310
   2013.63102169      0.2160
   2013.63105023      0.2021
   2013.63107877      0.1892
   2013.63110731      0.1771
   2013.63113584      0.1660
   2013.63116438      0.1556
   2013.63119292      0.1459
   2013.63122146      0.1369
   2013.63125000      0.1285
   2013.63127854      0.1206
   2013.63130708      0.1133
   2013.63133562      0.1064
   2013.63136416      0.1000
