   2013.62465753      0.0000
   2013.62468607      0.0000
   2013.62471461      0.0000
   2013.62474315      0.0000
   2013.62477169      0.0000
   2013.62480023      0.0000
   2013.62482877      0.0000
   2013.62485731      0.0000
   2013.62488584      0.0000
   2013.62491438      0.0000
   2013.62494292      0.0000
   2013.62497146      0.0000
   2013.62500000      0.0000
   2013.62502854      0.0000
   2013.62505708      0.0000
   2013.62508562      0.0000
   2013.62511416      0.0000
   2013.62514269      0.0000
   2013.62517123      0.0000
   2013.62519977      0.0000
   2013.62522831      0.0000
   2013.62525685      0.0000
   2013.62528539      0.0000
   2013.62531393      0.0000
   2013.62534247      0.0000
   2013.62537100      0.0000
   2013.62539954      0.0000
   2013.62542808      0.0000
   2013.62545662      0.0000
   2013.62548516      0.0000
   2013.62551370      0.0000
   2013.62554224      0.0000
   2013.62557078      0.0000
   2013.62559932      0.0000
   2013.62562785      0.0000
   2013.62565639      0.0000
   2013.62568493      0.0000
   2013.62571347      0.0000
   2013.62574201      0.0000
   2013.62577055      0.0000
   2013.62579909      0.0000
   2013.62582763      0.0000
   2013.62585616      0.0000
   2013.62588470      0.0000
   2013.62591324      0.0000
   2013.62594178      0.0000
   2013.62597032      0.0000
   2013.62599886      0.0000
   2013.62602740      0.0000
   2013.62605594      0.0002
   2013.62608447      0.0009
   2013.62611301      0.0015
   2013.62614155      0.0019
   2013.62617009      0.0023
   2013.62619863      0.0027
   2013.62622717      0.0030
   2013.62625571      0.0181
   2013.62628425      0.0565
   2013.62631279      0.0937
   2013.62634132      0.1663
   2013.62636986      0.2836
   2013.62639840      0.4598
   2013.62642694      0.7276
   2013.62645548      1.1229
   2013.62648402      1.7425
   2013.62651256      2.6550
   2013.62654110      3.8028
   2013.62656963      4.9154
   2013.62659817      5.6432
   2013.62662671      5.9888
   2013.62665525      6.1402
   2013.62668379      6.1025
   2013.62671233      5.9939
   2013.62674087      5.7250
   2013.62676941      5.4713
   2013.62679795      5.0602
   2013.62682648      4.6978
   2013.62685502      4.5851
   2013.62688356      4.2881
   2013.62691210      4.0094
   2013.62694064      3.5644
   2013.62696918      3.3607
   2013.62699772      3.0986
   2013.62702626      2.8566
   2013.62705479      2.6724
   2013.62708333      2.4540
   2013.62711187      2.2940
   2013.62714041      2.1359
   2013.62716895      1.9946
   2013.62719749      1.8663
   2013.62722603      1.7487
   2013.62725457      1.6417
   2013.62728311      1.5730
   2013.62731164      1.4767
   2013.62734018      1.3951
   2013.62736872      1.3195
   2013.62739726      1.2487
   2013.62742580      1.1789
   2013.62745434      1.0975
   2013.62748288      1.0671
   2013.62751142      1.0083
   2013.62753995      0.9396
   2013.62756849      0.9020
   2013.62759703      0.8551
   2013.62762557      0.8087
   2013.62765411      0.7638
   2013.62768265      0.7210
   2013.62771119      0.6812
   2013.62773973      0.6449
   2013.62776826      0.6114
   2013.62779680      0.5799
   2013.62782534      0.5503
   2013.62785388      0.5225
   2013.62788242      0.4963
   2013.62791096      0.4717
   2013.62793950      0.4485
   2013.62796804      0.4265
   2013.62799658      0.4057
   2013.62802511      0.3861
   2013.62805365      0.3675
   2013.62808219      0.3500
   2013.62811073      0.3336
   2013.62813927      0.3181
   2013.62816781      0.3035
   2013.62819635      0.2898
   2013.62822489      0.2768
   2013.62825342      0.2647
   2013.62828196      0.2532
   2013.62831050      0.2423
   2013.62833904      0.2319
   2013.62836758      0.2220
   2013.62839612      0.2126
   2013.62842466      0.2037
   2013.62845320      0.1953
   2013.62848174      0.1874
   2013.62851027      0.1799
   2013.62853881      0.1728
   2013.62856735      0.1660
   2013.62859589      0.1596
   2013.62862443      0.1535
   2013.62865297      0.1477
   2013.62868151      0.1422
   2013.62871005      0.1369
   2013.62873858      0.1319
   2013.62876712      0.1272
   2013.62879566      0.1227
   2013.62882420      0.1184
   2013.62885274      0.1143
   2013.62888128      0.1104
   2013.62890982      0.1067
   2013.62893836      0.1031
