   2013.62465753      0.0000
   2013.62468607      0.0000
   2013.62471461      0.0000
   2013.62474315      0.0000
   2013.62477169      0.0000
   2013.62480023      0.0000
   2013.62482877      0.0000
   2013.62485731      0.0000
   2013.62488584      0.0000
   2013.62491438      0.0000
   2013.62494292      0.0000
   2013.62497146      0.0000
   2013.62500000      0.0000
   2013.62502854      0.0086
   2013.62505708      0.0237
   2013.62508562      0.1417
   2013.62511416      0.4062
   2013.62514269      1.0728
   2013.62517123      2.5584
   2013.62519977      4.5497
   2013.62522831      7.2882
   2013.62525685     11.1086
   2013.62528539     13.8594
   2013.62531393     13.9753
   2013.62534247     12.4559
   2013.62537100     10.6799
   2013.62539954      9.3129
   2013.62542808      8.2797
   2013.62545662      6.6067
   2013.62548516      6.4524
   2013.62551370      5.2755
   2013.62554224      5.0569
   2013.62557078      3.9085
   2013.62559932      3.7058
   2013.62562785      3.3826
   2013.62565639      3.0700
   2013.62568493      2.8424
   2013.62571347      2.6950
   2013.62574201      2.4955
   2013.62577055      2.3342
   2013.62579909      2.3070
   2013.62582763      2.2390
   2013.62585616      2.1729
   2013.62588470      2.1099
   2013.62591324      2.1864
   2013.62594178      2.2292
   2013.62597032      2.2269
   2013.62599886      2.2834
   2013.62602740      2.4673
   2013.62605594      2.6040
   2013.62608447      2.6725
   2013.62611301      2.7943
   2013.62614155      2.9271
   2013.62617009      3.2939
   2013.62619863      3.3903
   2013.62622717      3.6355
   2013.62625571      3.7195
   2013.62628425      4.1817
   2013.62631279      4.2620
   2013.62634132      4.5705
   2013.62636986      4.5326
   2013.62639840      5.1569
   2013.62642694      5.1428
   2013.62645548      5.3664
   2013.62648402      5.3410
   2013.62651256      5.7646
   2013.62654110      5.9333
   2013.62656963      6.1237
   2013.62659817      5.9774
   2013.62662671      6.3998
   2013.62665525      6.5225
   2013.62668379      6.6503
   2013.62671233      6.4374
   2013.62674087      6.8108
   2013.62676941      6.8836
   2013.62679795      6.8350
   2013.62682648      6.6637
   2013.62685502      6.9863
   2013.62688356      6.9988
   2013.62691210      6.8904
   2013.62694064      6.6161
   2013.62696918      6.9202
   2013.62699772      6.8823
   2013.62702626      6.7309
   2013.62705479      6.3852
   2013.62708333      6.7414
   2013.62711187      6.5634
   2013.62714041      6.3814
   2013.62716895      6.3387
   2013.62719749      6.4198
   2013.62722603      6.0970
   2013.62725457      6.1151
   2013.62728311      5.6193
   2013.62731164      5.6745
   2013.62734018      5.5352
   2013.62736872      5.4415
   2013.62739726      5.0948
   2013.62742580      5.0825
   2013.62745434      5.0324
   2013.62748288      4.8138
   2013.62751142      4.4771
   2013.62753995      4.4891
   2013.62756849      4.3882
   2013.62759703      4.2146
   2013.62762557      4.0665
   2013.62765411      4.0188
   2013.62768265      3.7899
   2013.62771119      3.6587
   2013.62773973      3.3328
   2013.62776826      3.4462
   2013.62779680      3.5880
   2013.62782534      3.1783
   2013.62785388      3.0020
   2013.62788242      3.0137
   2013.62791096      2.9218
   2013.62793950      2.7916
   2013.62796804      2.7611
   2013.62799658      2.6858
   2013.62802511      2.5695
   2013.62805365      2.4736
   2013.62808219      2.4517
   2013.62811073      2.3826
   2013.62813927      2.3070
   2013.62816781      2.2284
   2013.62819635      2.2281
   2013.62822489      2.1843
   2013.62825342      2.1293
   2013.62828196      2.0742
   2013.62831050      2.0990
   2013.62833904      2.0828
   2013.62836758      2.0517
   2013.62839612      2.0120
   2013.62842466      2.0736
   2013.62845320      2.0897
   2013.62848174      2.0860
   2013.62851027      2.0724
   2013.62853881      2.1708
   2013.62856735      2.2307
   2013.62859589      2.2693
   2013.62862443      2.2840
   2013.62865297      2.4373
   2013.62868151      2.5407
   2013.62871005      2.5745
   2013.62873858      2.6713
   2013.62876712      2.8556
   2013.62879566      3.0347
   2013.62882420      3.0992
   2013.62885274      3.2293
   2013.62888128      3.3866
   2013.62890982      3.7102
   2013.62893836      3.7717
   2013.62896689      4.0238
   2013.62899543      4.0434
   2013.62902397      4.5429
   2013.62905251      4.5928
   2013.62908105      4.9368
   2013.62910959      4.8228
   2013.62913813      5.3212
   2013.62916667      5.4228
   2013.62919521      5.6363
   2013.62922374      5.5782
   2013.62925228      6.0072
   2013.62928082      6.1757
   2013.62930936      6.3512
   2013.62933790      6.1914
   2013.62936644      6.6071
   2013.62939498      6.7261
   2013.62942352      6.8394
   2013.62945205      6.6268
   2013.62948059      6.9914
   2013.62950913      7.0676
   2013.62953767      7.1274
   2013.62956621      6.8595
   2013.62959475      7.1480
   2013.62962329      7.1616
   2013.62965183      7.1660
   2013.62968037      6.7785
   2013.62970890      7.0661
   2013.62973744      7.0249
   2013.62976598      6.8692
   2013.62979452      6.5334
   2013.62982306      7.1378
   2013.62985160      6.6934
   2013.62988014      6.5054
   2013.62990868      6.2710
   2013.62993721      6.5539
   2013.62996575      6.2156
   2013.62999429      6.2570
   2013.63002283      5.7275
   2013.63005137      5.7671
   2013.63007991      5.6415
   2013.63010845      5.5546
   2013.63013699      5.1389
   2013.63016553      5.1815
   2013.63019406      5.1524
   2013.63022260      4.9125
   2013.63025114      4.6943
   2013.63027968      4.4012
   2013.63030822      4.1090
   2013.63033676      4.1546
   2013.63036530      3.8226
   2013.63039384      3.4032
   2013.63042237      3.2095
   2013.63045091      2.9175
   2013.63047945      2.6913
   2013.63050799      2.4763
   2013.63053653      2.2744
   2013.63056507      2.0582
   2013.63059361      1.8811
   2013.63062215      1.7187
   2013.63065068      1.5691
   2013.63067922      1.4302
   2013.63070776      1.3026
   2013.63073630      1.1854
   2013.63076484      1.0829
   2013.63079338      0.9879
   2013.63082192      0.9041
   2013.63085046      0.8252
   2013.63087900      0.7512
   2013.63090753      0.6838
   2013.63093607      0.6240
   2013.63096461      0.5704
   2013.63099315      0.5222
   2013.63102169      0.4791
   2013.63105023      0.4403
   2013.63107877      0.4053
   2013.63110731      0.3736
   2013.63113584      0.3448
   2013.63116438      0.3186
   2013.63119292      0.2947
   2013.63122146      0.2730
   2013.63125000      0.2531
   2013.63127854      0.2347
   2013.63130708      0.2177
   2013.63133562      0.2021
   2013.63136416      0.1878
   2013.63139269      0.1747
   2013.63142123      0.1626
   2013.63144977      0.1515
   2013.63147831      0.1413
   2013.63150685      0.1319
   2013.63153539      0.1231
   2013.63156393      0.1151
   2013.63159247      0.1076
   2013.63162100      0.1007
