   2013.62465753      0.0000
   2013.62468607      0.0000
   2013.62471461      0.0000
   2013.62474315      0.0000
   2013.62477169      0.0000
   2013.62480023      0.0000
   2013.62482877      0.0000
   2013.62485731      0.0000
   2013.62488584      0.0000
   2013.62491438      0.0000
   2013.62494292      0.0000
   2013.62497146      0.0000
   2013.62500000      0.0000
   2013.62502854      0.0000
   2013.62505708      0.0000
   2013.62508562      0.0000
   2013.62511416      0.0000
   2013.62514269      0.0000
   2013.62517123      0.0000
   2013.62519977      0.0000
   2013.62522831      0.0000
   2013.62525685      0.0000
   2013.62528539      0.0000
   2013.62531393      0.0000
   2013.62534247      0.0000
   2013.62537100      0.0000
   2013.62539954      0.0000
   2013.62542808      0.0000
   2013.62545662      0.0000
   2013.62548516      0.0000
   2013.62551370      0.0000
   2013.62554224      0.0000
   2013.62557078      0.0000
   2013.62559932      0.0000
   2013.62562785      0.0000
   2013.62565639      0.0000
   2013.62568493      0.0000
   2013.62571347      0.0000
   2013.62574201      0.0000
   2013.62577055      0.0000
   2013.62579909      0.0000
   2013.62582763      0.0000
   2013.62585616      0.0000
   2013.62588470      0.0000
   2013.62591324      0.0000
   2013.62594178      0.0000
   2013.62597032      0.0000
   2013.62599886      0.0000
   2013.62602740      0.0000
   2013.62605594      0.0000
   2013.62608447      0.0000
   2013.62611301      0.0000
   2013.62614155      0.0000
   2013.62617009      0.0000
   2013.62619863      0.0000
   2013.62622717      0.0000
   2013.62625571      0.0000
   2013.62628425      0.0000
   2013.62631279      0.0000
   2013.62634132      0.0000
   2013.62636986      0.0000
   2013.62639840      0.0000
   2013.62642694      0.0000
   2013.62645548      0.0000
   2013.62648402      0.0000
   2013.62651256      0.0000
   2013.62654110      0.0000
   2013.62656963      0.0000
   2013.62659817      0.0000
   2013.62662671      0.0000
   2013.62665525      0.0000
   2013.62668379      0.0000
   2013.62671233      0.0000
   2013.62674087      0.0084
   2013.62676941      0.0384
   2013.62679795      0.0800
   2013.62682648      0.1499
   2013.62685502      0.2988
   2013.62688356      0.5494
   2013.62691210      0.9172
   2013.62694064      1.4263
   2013.62696918      2.2162
   2013.62699772      3.3954
   2013.62702626      4.9823
   2013.62705479      6.2653
   2013.62708333      6.8061
   2013.62711187      6.9337
   2013.62714041      6.8618
   2013.62716895      6.7264
   2013.62719749      6.5665
   2013.62722603      6.4268
   2013.62725457      6.2949
   2013.62728311      6.1880
   2013.62731164      6.0339
   2013.62734018      6.0564
   2013.62736872      5.7632
   2013.62739726      5.5180
   2013.62742580      5.2621
   2013.62745434      5.2584
   2013.62748288      4.9726
   2013.62751142      4.4173
   2013.62753995      4.0545
   2013.62756849      3.9778
   2013.62759703      3.5120
   2013.62762557      3.2954
   2013.62765411      2.9862
   2013.62768265      2.7411
   2013.62771119      2.5086
   2013.62773973      2.2935
   2013.62776826      2.1023
   2013.62779680      1.9058
   2013.62782534      1.7471
   2013.62785388      1.6051
   2013.62788242      1.4766
   2013.62791096      1.3589
   2013.62793950      1.2507
   2013.62796804      1.1668
   2013.62799658      1.0731
   2013.62802511      0.9812
   2013.62805365      0.9196
   2013.62808219      0.8531
   2013.62811073      0.7908
   2013.62813927      0.7332
   2013.62816781      0.6806
   2013.62819635      0.6338
   2013.62822489      0.5918
   2013.62825342      0.5539
   2013.62828196      0.5195
   2013.62831050      0.4882
   2013.62833904      0.4596
   2013.62836758      0.4332
   2013.62839612      0.4087
   2013.62842466      0.3860
   2013.62845320      0.3650
   2013.62848174      0.3455
   2013.62851027      0.3274
   2013.62853881      0.3106
   2013.62856735      0.2950
   2013.62859589      0.2805
   2013.62862443      0.2670
   2013.62865297      0.2544
   2013.62868151      0.2425
   2013.62871005      0.2313
   2013.62873858      0.2208
   2013.62876712      0.2108
   2013.62879566      0.2015
   2013.62882420      0.1928
   2013.62885274      0.1846
   2013.62888128      0.1769
   2013.62890982      0.1696
   2013.62893836      0.1627
   2013.62896689      0.1561
   2013.62899543      0.1500
   2013.62902397      0.1442
   2013.62905251      0.1386
   2013.62908105      0.1334
   2013.62910959      0.1285
   2013.62913813      0.1238
   2013.62916667      0.1193
   2013.62919521      0.1151
   2013.62922374      0.1111
   2013.62925228      0.1073
   2013.62928082      0.1036
   2013.62930936      0.1002
