   2013.62465753      0.0000
   2013.62468607      0.0000
   2013.62471461      0.0000
   2013.62474315      0.0000
   2013.62477169      0.0000
   2013.62480023      0.0000
   2013.62482877      0.0000
   2013.62485731      0.0000
   2013.62488584      0.0000
   2013.62491438      0.0000
   2013.62494292      0.0000
   2013.62497146      0.0000
   2013.62500000      0.0000
   2013.62502854      0.0039
   2013.62505708      0.0065
   2013.62508562      0.0129
   2013.62511416      0.0893
   2013.62514269      0.1932
   2013.62517123      0.4775
   2013.62519977      1.1631
   2013.62522831      2.4994
   2013.62525685      4.6612
   2013.62528539      7.7297
   2013.62531393     11.2579
   2013.62534247     13.0073
   2013.62537100     13.7734
   2013.62539954     13.0274
   2013.62542808     11.8809
   2013.62545662     10.4180
   2013.62548516      9.2071
   2013.62551370      8.2951
   2013.62554224      7.0928
   2013.62557078      6.5518
   2013.62559932      5.3261
   2013.62562785      4.6863
   2013.62565639      4.1024
   2013.62568493      3.7782
   2013.62571347      3.4287
   2013.62574201      3.0872
   2013.62577055      2.7445
   2013.62579909      2.5965
   2013.62582763      2.4568
   2013.62585616      2.2831
   2013.62588470      2.1363
   2013.62591324      2.1189
   2013.62594178      2.0621
   2013.62597032      2.0112
   2013.62599886      1.9574
   2013.62602740      2.0430
   2013.62605594      2.0980
   2013.62608447      2.1095
   2013.62611301      2.1944
   2013.62614155      2.4106
   2013.62617009      2.5863
   2013.62619863      2.6985
   2013.62622717      2.8711
   2013.62625571      3.1171
   2013.62628425      3.4903
   2013.62631279      3.6229
   2013.62634132      3.9317
   2013.62636986      4.0126
   2013.62639840      4.5611
   2013.62642694      4.6374
   2013.62645548      5.0085
   2013.62648402      4.8974
   2013.62651256      5.3296
   2013.62654110      5.5070
   2013.62656963      5.7180
   2013.62659817      5.6100
   2013.62662671      6.0486
   2013.62665525      6.1880
   2013.62668379      6.2373
   2013.62671233      6.1415
   2013.62674087      6.5381
   2013.62676941      6.6232
   2013.62679795      6.7111
   2013.62682648      6.3973
   2013.62685502      6.7442
   2013.62688356      6.7581
   2013.62691210      6.6621
   2013.62694064      6.3841
   2013.62696918      6.6766
   2013.62699772      6.6321
   2013.62702626      6.4812
   2013.62705479      6.1505
   2013.62708333      6.6071
   2013.62711187      6.2766
   2013.62714041      6.3780
   2013.62716895      5.8271
   2013.62719749      5.8853
   2013.62722603      5.7669
   2013.62725457      5.7466
   2013.62728311      5.2841
   2013.62731164      5.3333
   2013.62734018      5.1903
   2013.62736872      5.0804
   2013.62739726      4.7126
   2013.62742580      4.7362
   2013.62745434      4.6303
   2013.62748288      4.4405
   2013.62751142      4.1100
   2013.62753995      4.1676
   2013.62756849      3.9354
   2013.62759703      3.8787
   2013.62762557      3.4217
   2013.62765411      3.5303
   2013.62768265      3.6118
   2013.62771119      3.2191
   2013.62773973      3.1518
   2013.62776826      3.0420
   2013.62779680      2.8794
   2013.62782534      2.7419
   2013.62785388      2.6104
   2013.62788242      2.5509
   2013.62791096      2.4389
   2013.62793950      2.2700
   2013.62796804      2.2225
   2013.62799658      2.1640
   2013.62802511      2.0765
   2013.62805365      1.9400
   2013.62808219      1.9094
   2013.62811073      1.8699
   2013.62813927      1.8040
   2013.62816781      1.7313
   2013.62819635      1.6792
   2013.62822489      1.6576
   2013.62825342      1.6094
   2013.62828196      1.5541
   2013.62831050      1.5511
   2013.62833904      1.5235
   2013.62836758      1.4953
   2013.62839612      1.4591
   2013.62842466      1.4836
   2013.62845320      1.4793
   2013.62848174      1.4763
   2013.62851027      1.4619
   2013.62853881      1.5176
   2013.62856735      1.5502
   2013.62859589      1.5780
   2013.62862443      1.5924
   2013.62865297      1.7003
   2013.62868151      1.7808
   2013.62871005      1.8508
   2013.62873858      1.9049
   2013.62876712      2.0873
   2013.62879566      2.2327
   2013.62882420      2.3217
   2013.62885274      2.4721
   2013.62888128      2.5915
   2013.62890982      2.9487
   2013.62893836      3.0777
   2013.62896689      3.3244
   2013.62899543      3.4331
   2013.62902397      3.8853
   2013.62905251      3.9973
   2013.62908105      4.3032
   2013.62910959      4.3059
   2013.62913813      4.8965
   2013.62916667      4.9269
   2013.62919521      5.1562
   2013.62922374      5.1412
   2013.62925228      5.5733
   2013.62928082      5.7485
   2013.62930936      5.9503
   2013.62933790      5.8095
   2013.62936644      6.2589
   2013.62939498      6.3977
   2013.62942352      6.5404
   2013.62945205      6.3452
   2013.62948059      6.7196
   2013.62950913      6.7941
   2013.62953767      6.8723
   2013.62956621      6.5671
   2013.62959475      6.9040
   2013.62962329      6.9137
   2013.62965183      6.8091
   2013.62968037      6.7054
   2013.62970890      6.8220
   2013.62973744      6.7703
   2013.62976598      6.6110
   2013.62979452      6.0683
   2013.62982306      6.6998
   2013.62985160      6.7290
   2013.62988014      6.4868
   2013.62990868      5.8188
   2013.62993721      5.6880
   2013.62996575      5.4425
   2013.62999429      5.4605
   2013.63002283      5.4853
   2013.63005137      5.5000
   2013.63007991      5.2288
   2013.63010845      4.8694
   2013.63013699      4.5017
   2013.63016553      4.2068
   2013.63019406      3.9348
   2013.63022260      3.9242
   2013.63025114      4.0298
   2013.63027968      3.7556
   2013.63030822      3.3679
   2013.63033676      3.1755
   2013.63036530      2.9592
   2013.63039384      2.6991
   2013.63042237      2.5307
   2013.63045091      2.3836
   2013.63047945      2.2425
   2013.63050799      2.1236
   2013.63053653      1.9511
   2013.63056507      1.8140
   2013.63059361      1.6810
   2013.63062215      1.5526
   2013.63065068      1.4283
   2013.63067922      1.3101
   2013.63070776      1.1971
   2013.63073630      1.0992
   2013.63076484      1.0052
   2013.63079338      0.9231
   2013.63082192      0.8452
   2013.63085046      0.7713
   2013.63087900      0.7029
   2013.63090753      0.6415
   2013.63093607      0.5866
   2013.63096461      0.5371
   2013.63099315      0.4925
   2013.63102169      0.4525
   2013.63105023      0.4164
   2013.63107877      0.3837
   2013.63110731      0.3539
   2013.63113584      0.3268
   2013.63116438      0.3021
   2013.63119292      0.2796
   2013.63122146      0.2591
   2013.63125000      0.2401
   2013.63127854      0.2226
   2013.63130708      0.2065
   2013.63133562      0.1917
   2013.63136416      0.1781
   2013.63139269      0.1657
   2013.63142123      0.1542
   2013.63144977      0.1437
   2013.63147831      0.1339
   2013.63150685      0.1250
   2013.63153539      0.1166
   2013.63156393      0.1089
   2013.63159247      0.1018
