   2013.62465753      0.0000
   2013.62468607      0.0000
   2013.62471461      0.0000
   2013.62474315      0.0000
   2013.62477169      0.0000
   2013.62480023      0.0000
   2013.62482877      0.0004
   2013.62485731      0.0010
   2013.62488584      0.0016
   2013.62491438      0.0035
   2013.62494292      0.0046
   2013.62497146      0.0064
   2013.62500000      0.0642
   2013.62502854      0.1301
   2013.62505708      0.2642
   2013.62508562      0.5409
   2013.62511416      1.1112
   2013.62514269      2.0535
   2013.62517123      3.4224
   2013.62519977      5.5433
   2013.62522831      8.3665
   2013.62525685     10.5556
   2013.62528539     12.0145
   2013.62531393     12.5901
   2013.62534247     13.0028
   2013.62537100     13.1906
   2013.62539954     13.2690
   2013.62542808     13.2696
   2013.62545662     13.4176
   2013.62548516     13.7159
   2013.62551370     13.9730
   2013.62554224     13.6084
   2013.62557078     13.2743
   2013.62559932     13.0388
   2013.62562785     12.7110
   2013.62565639     11.9771
   2013.62568493     11.1986
   2013.62571347     11.2237
   2013.62574201     10.6478
   2013.62577055      9.4599
   2013.62579909      8.3407
   2013.62582763      7.4653
   2013.62585616      6.9638
   2013.62588470      7.0835
   2013.62591324      7.3799
   2013.62594178      7.5533
   2013.62597032      7.6077
   2013.62599886      7.1965
   2013.62602740      6.7216
   2013.62605594      6.0776
   2013.62608447      5.4896
   2013.62611301      5.0618
   2013.62614155      4.8530
   2013.62617009      4.9840
   2013.62619863      4.9878
   2013.62622717      4.9366
   2013.62625571      4.5299
   2013.62628425      4.0597
   2013.62631279      3.6843
   2013.62634132      3.2865
   2013.62636986      2.9154
   2013.62639840      2.5314
   2013.62642694      2.2244
   2013.62645548      2.0158
   2013.62648402      1.7979
   2013.62651256      1.5957
   2013.62654110      1.4190
   2013.62656963      1.2904
   2013.62659817      1.1430
   2013.62662671      1.0157
   2013.62665525      0.9282
   2013.62668379      0.8402
   2013.62671233      0.7601
   2013.62674087      0.6883
   2013.62676941      0.6249
   2013.62679795      0.5686
   2013.62682648      0.5185
   2013.62685502      0.4743
   2013.62688356      0.4349
   2013.62691210      0.3997
   2013.62694064      0.3680
   2013.62696918      0.3392
   2013.62699772      0.3132
   2013.62702626      0.2895
   2013.62705479      0.2679
   2013.62708333      0.2481
   2013.62711187      0.2298
   2013.62714041      0.2130
   2013.62716895      0.1976
   2013.62719749      0.1834
   2013.62722603      0.1705
   2013.62725457      0.1585
   2013.62728311      0.1476
   2013.62731164      0.1375
   2013.62734018      0.1282
   2013.62736872      0.1196
   2013.62739726      0.1116
   2013.62742580      0.1042
