   2013.62465753      0.0000
   2013.62468607      0.0000
   2013.62471461      0.0000
   2013.62474315      0.0000
   2013.62477169      0.0000
   2013.62480023      0.0000
   2013.62482877      0.0000
   2013.62485731      0.0000
   2013.62488584      0.0000
   2013.62491438      0.0000
   2013.62494292      0.0000
   2013.62497146      0.0000
   2013.62500000      0.0000
   2013.62502854      0.0000
   2013.62505708      0.0000
   2013.62508562      0.0000
   2013.62511416      0.0000
   2013.62514269      0.0000
   2013.62517123      0.0000
   2013.62519977      0.0000
   2013.62522831      0.0000
   2013.62525685      0.0000
   2013.62528539      0.0000
   2013.62531393      0.0000
   2013.62534247      0.0000
   2013.62537100      0.0000
   2013.62539954      0.0000
   2013.62542808      0.0000
   2013.62545662      0.0000
   2013.62548516      0.0000
   2013.62551370      0.0000
   2013.62554224      0.0000
   2013.62557078      0.0000
   2013.62559932      0.0000
   2013.62562785      0.0000
   2013.62565639      0.0000
   2013.62568493      0.0000
   2013.62571347      0.0000
   2013.62574201      0.0000
   2013.62577055      0.0000
   2013.62579909      0.0000
   2013.62582763      0.0000
   2013.62585616      0.0000
   2013.62588470      0.0000
   2013.62591324      0.0000
   2013.62594178      0.0000
   2013.62597032      0.0000
   2013.62599886      0.0000
   2013.62602740      0.0000
   2013.62605594      0.0000
   2013.62608447      0.0000
   2013.62611301      0.0000
   2013.62614155      0.0000
   2013.62617009      0.0000
   2013.62619863      0.0000
   2013.62622717      0.0000
   2013.62625571      0.0000
   2013.62628425      0.0000
   2013.62631279      0.0000
   2013.62634132      0.0000
   2013.62636986      0.0000
   2013.62639840      0.0000
   2013.62642694      0.0000
   2013.62645548      0.0000
   2013.62648402      0.0000
   2013.62651256      0.0000
   2013.62654110      0.0000
   2013.62656963      0.0000
   2013.62659817      0.0000
   2013.62662671      4.5860
   2013.62665525     21.4513
   2013.62668379     59.4897
   2013.62671233     80.2153
   2013.62674087     69.1913
   2013.62676941     50.9645
   2013.62679795     36.0589
   2013.62682648     27.3348
   2013.62685502     22.0480
   2013.62688356     18.1580
   2013.62691210     15.6862
   2013.62694064     12.9600
   2013.62696918     12.3865
   2013.62699772     11.2635
   2013.62702626     10.5086
   2013.62705479      9.6408
   2013.62708333      9.7804
   2013.62711187      9.6379
   2013.62714041      9.1791
   2013.62716895      8.7446
   2013.62719749      8.8976
   2013.62722603      8.6362
   2013.62725457      8.4676
   2013.62728311      8.0009
   2013.62731164      8.0777
   2013.62734018      7.9639
   2013.62736872      7.6192
   2013.62739726      7.1310
   2013.62742580      7.3055
   2013.62745434      7.1067
   2013.62748288      6.8171
   2013.62751142      6.6811
   2013.62753995      6.6945
   2013.62756849      6.2755
   2013.62759703      6.2102
   2013.62762557      5.6664
   2013.62765411      5.6677
   2013.62768265      5.5057
   2013.62771119      5.3803
   2013.62773973      5.0238
   2013.62776826      4.9934
   2013.62779680      4.9349
   2013.62782534      4.7205
   2013.62785388      4.4451
   2013.62788242      4.4042
   2013.62791096      4.3474
   2013.62793950      4.1908
   2013.62796804      4.1489
   2013.62799658      4.1169
   2013.62802511      3.8538
   2013.62805365      3.7137
   2013.62808219      3.3979
   2013.62811073      3.6014
   2013.62813927      3.7251
   2013.62816781      4.0198
   2013.62819635      3.2474
   2013.62822489      3.3602
   2013.62825342      3.2355
   2013.62828196      3.1883
   2013.62831050      3.3708
   2013.62833904      3.3866
   2013.62836758      3.2995
   2013.62839612      3.1577
   2013.62842466      3.2034
   2013.62845320      2.8776
   2013.62848174      2.9757
   2013.62851027      3.1079
   2013.62853881      3.1353
   2013.62856735      3.0595
   2013.62859589      2.9331
   2013.62862443      2.9025
   2013.62865297      2.8548
   2013.62868151      2.9315
   2013.62871005      2.8474
   2013.62873858      2.8645
   2013.62876712      2.7833
   2013.62879566      2.6641
   2013.62882420      2.4803
   2013.62885274      2.3931
   2013.62888128      2.3247
   2013.62890982      2.2645
   2013.62893836      2.1963
   2013.62896689      2.2060
   2013.62899543      2.0380
   2013.62902397      1.9056
   2013.62905251      1.7772
   2013.62908105      1.6574
   2013.62910959      1.4686
   2013.62913813      1.3921
   2013.62916667      1.2998
   2013.62919521      1.2131
   2013.62922374      1.1493
   2013.62925228      1.0566
   2013.62928082      0.9667
   2013.62930936      0.9046
   2013.62933790      0.8345
   2013.62936644      0.7665
   2013.62939498      0.7020
   2013.62942352      0.6426
   2013.62945205      0.5886
   2013.62948059      0.5396
   2013.62950913      0.4954
   2013.62953767      0.4556
   2013.62956621      0.4197
   2013.62959475      0.3871
   2013.62962329      0.3573
   2013.62965183      0.3302
   2013.62968037      0.3053
   2013.62970890      0.2827
   2013.62973744      0.2620
   2013.62976598      0.2429
   2013.62979452      0.2252
   2013.62982306      0.2089
   2013.62985160      0.1940
   2013.62988014      0.1803
   2013.62990868      0.1677
   2013.62993721      0.1561
   2013.62996575      0.1454
   2013.62999429      0.1356
   2013.63002283      0.1265
   2013.63005137      0.1181
   2013.63007991      0.1103
   2013.63010845      0.1031
