   2013.62465753      0.0000
   2013.62468607      0.0000
   2013.62471461      0.0000
   2013.62474315      0.0000
   2013.62477169      0.0000
   2013.62480023      0.0000
   2013.62482877      0.0000
   2013.62485731      0.0000
   2013.62488584      0.0000
   2013.62491438      0.0000
   2013.62494292      0.0000
   2013.62497146      0.0000
   2013.62500000      0.0000
   2013.62502854      0.0000
   2013.62505708      0.0000
   2013.62508562      0.0000
   2013.62511416      0.0000
   2013.62514269      0.0000
   2013.62517123      0.0000
   2013.62519977      0.0000
   2013.62522831      0.0000
   2013.62525685      0.0000
   2013.62528539      0.0000
   2013.62531393      0.0000
   2013.62534247      0.0000
   2013.62537100      0.0000
   2013.62539954      0.0000
   2013.62542808      0.0000
   2013.62545662      0.0000
   2013.62548516      0.0000
   2013.62551370      0.0000
   2013.62554224      0.0000
   2013.62557078      0.0000
   2013.62559932      0.0000
   2013.62562785      0.0000
   2013.62565639      0.0000
   2013.62568493      0.0000
   2013.62571347      0.0483
   2013.62574201      0.1021
   2013.62577055      0.1954
   2013.62579909      0.4436
   2013.62582763      0.9144
   2013.62585616      1.5897
   2013.62588470      2.5263
   2013.62591324      4.1586
   2013.62594178      6.4707
   2013.62597032      8.4905
   2013.62599886      9.2192
   2013.62602740      9.4370
   2013.62605594      9.2819
   2013.62608447      9.1157
   2013.62611301      8.9736
   2013.62614155      8.9163
   2013.62617009      8.9147
   2013.62619863      8.9990
   2013.62622717      9.1001
   2013.62625571      8.8533
   2013.62628425      8.6943
   2013.62631279      8.4197
   2013.62634132      7.9873
   2013.62636986      7.5290
   2013.62639840      7.5111
   2013.62642694      7.0882
   2013.62645548      6.8275
   2013.62648402      5.9130
   2013.62651256      6.1029
   2013.62654110      5.6181
   2013.62656963      5.4250
   2013.62659817      4.8920
   2013.62662671      5.1162
   2013.62665525      4.8668
   2013.62668379      4.8912
   2013.62671233      4.6014
   2013.62674087      5.0075
   2013.62676941      4.9303
   2013.62679795      5.1183
   2013.62682648      4.8609
   2013.62685502      5.3221
   2013.62688356      5.2262
   2013.62691210      5.3786
   2013.62694064      5.4264
   2013.62696918      5.4497
   2013.62699772      5.2897
   2013.62702626      5.3751
   2013.62705479      5.0579
   2013.62708333      5.3388
   2013.62711187      5.1451
   2013.62714041      5.1329
   2013.62716895      5.1081
   2013.62719749      5.0684
   2013.62722603      4.8577
   2013.62725457      4.8060
   2013.62728311      4.5651
   2013.62731164      4.5671
   2013.62734018      4.5578
   2013.62736872      4.4122
   2013.62739726      4.1785
   2013.62742580      4.1889
   2013.62745434      4.1317
   2013.62748288      4.0332
   2013.62751142      3.8777
   2013.62753995      3.7957
   2013.62756849      3.6827
   2013.62759703      3.8019
   2013.62762557      3.2811
   2013.62765411      3.4050
   2013.62768265      3.5486
   2013.62771119      3.1607
   2013.62773973      2.9915
   2013.62776826      3.0112
   2013.62779680      2.9238
   2013.62782534      2.7971
   2013.62785388      2.7657
   2013.62788242      2.6808
   2013.62791096      2.5733
   2013.62793950      2.4715
   2013.62796804      2.3877
   2013.62799658      2.3612
   2013.62802511      2.2820
   2013.62805365      2.1939
   2013.62808219      2.1315
   2013.62811073      2.1173
   2013.62813927      2.0559
   2013.62816781      1.9849
   2013.62819635      1.9847
   2013.62822489      1.9441
   2013.62825342      1.8996
   2013.62828196      1.8483
   2013.62831050      1.8643
   2013.62833904      1.8481
   2013.62836758      1.8223
   2013.62839612      1.7895
   2013.62842466      1.8328
   2013.62845320      1.8425
   2013.62848174      1.8380
   2013.62851027      1.8216
   2013.62853881      1.8994
   2013.62856735      1.9397
   2013.62859589      1.9609
   2013.62862443      1.9686
   2013.62865297      2.0840
   2013.62868151      2.1636
   2013.62871005      2.2218
   2013.62873858      2.2526
   2013.62876712      2.4213
   2013.62879566      2.5424
   2013.62882420      2.5881
   2013.62885274      2.6979
   2013.62888128      2.8032
   2013.62890982      3.0638
   2013.62893836      3.1218
   2013.62896689      3.2377
   2013.62899543      3.4384
   2013.62902397      3.6449
   2013.62905251      3.6896
   2013.62908105      3.8723
   2013.62910959      3.8540
   2013.62913813      4.2537
   2013.62916667      4.2721
   2013.62919521      4.4647
   2013.62922374      4.3527
   2013.62925228      4.8130
   2013.62928082      4.7928
   2013.62930936      5.0227
   2013.62933790      4.8069
   2013.62936644      5.2991
   2013.62939498      5.2235
   2013.62942352      5.4497
   2013.62945205      5.1233
   2013.62948059      5.6217
   2013.62950913      5.4943
   2013.62953767      5.7020
   2013.62956621      5.2885
   2013.62959475      5.7677
   2013.62962329      5.5956
   2013.62965183      5.7529
   2013.62968037      5.2976
   2013.62970890      5.7446
   2013.62973744      5.5497
   2013.62976598      5.6420
   2013.62979452      5.2968
   2013.62982306      5.5747
   2013.62985160      5.3595
   2013.62988014      5.3588
   2013.62990868      5.0251
   2013.62993721      5.2705
   2013.62996575      5.0464
   2013.62999429      4.9959
   2013.63002283      4.7333
   2013.63005137      4.7371
   2013.63007991      4.7433
   2013.63010845      4.5791
   2013.63013699      4.3434
   2013.63016553      4.3421
   2013.63019406      4.2877
   2013.63022260      4.1502
   2013.63025114      3.9363
   2013.63027968      4.1224
   2013.63030822      3.7297
   2013.63033676      3.6064
   2013.63036530      3.2347
   2013.63039384      3.0521
   2013.63042237      2.7896
   2013.63045091      2.5958
   2013.63047945      2.4071
   2013.63050799      2.2286
   2013.63053653      2.0365
   2013.63056507      1.8721
   2013.63059361      1.7215
   2013.63062215      1.5818
   2013.63065068      1.4505
   2013.63067922      1.3277
   2013.63070776      1.2113
   2013.63073630      1.1115
   2013.63076484      1.0158
   2013.63079338      0.9329
   2013.63082192      0.8546
   2013.63085046      0.7803
   2013.63087900      0.7113
   2013.63090753      0.6493
   2013.63093607      0.5940
   2013.63096461      0.5441
   2013.63099315      0.4992
   2013.63102169      0.4588
   2013.63105023      0.4224
   2013.63107877      0.3894
   2013.63110731      0.3594
   2013.63113584      0.3320
   2013.63116438      0.3071
   2013.63119292      0.2844
   2013.63122146      0.2636
   2013.63125000      0.2445
   2013.63127854      0.2269
   2013.63130708      0.2106
   2013.63133562      0.1956
   2013.63136416      0.1819
   2013.63139269      0.1692
   2013.63142123      0.1576
   2013.63144977      0.1469
   2013.63147831      0.1370
   2013.63150685      0.1279
   2013.63153539      0.1195
   2013.63156393      0.1117
   2013.63159247      0.1045
