   2013.62465753      0.0000
   2013.62468607      0.0000
   2013.62471461      0.0000
   2013.62474315      0.0000
   2013.62477169      0.0000
   2013.62480023      0.0000
   2013.62482877      0.0000
   2013.62485731      0.0000
   2013.62488584      0.0000
   2013.62491438      0.0000
   2013.62494292      0.0000
   2013.62497146      0.0000
   2013.62500000      0.0000
   2013.62502854      0.0000
   2013.62505708      0.0000
   2013.62508562      0.0000
   2013.62511416      0.0000
   2013.62514269      0.0000
   2013.62517123      0.0000
   2013.62519977      0.0000
   2013.62522831      0.0000
   2013.62525685      0.0000
   2013.62528539      0.0000
   2013.62531393      0.0000
   2013.62534247      0.0000
   2013.62537100      0.0000
   2013.62539954      0.0000
   2013.62542808      0.0000
   2013.62545662      0.0000
   2013.62548516      0.0000
   2013.62551370      0.0000
   2013.62554224      0.0000
   2013.62557078      0.0000
   2013.62559932      0.0000
   2013.62562785      0.0000
   2013.62565639      0.0000
   2013.62568493      0.0000
   2013.62571347      0.0000
   2013.62574201      0.0000
   2013.62577055      0.0000
   2013.62579909      0.0000
   2013.62582763      0.0000
   2013.62585616      0.0000
   2013.62588470      0.0000
   2013.62591324      0.0000
   2013.62594178      0.0000
   2013.62597032      0.0000
   2013.62599886      0.0000
   2013.62602740      0.0000
   2013.62605594      0.0000
   2013.62608447      0.0000
   2013.62611301      0.0000
   2013.62614155      0.0000
   2013.62617009      0.0000
   2013.62619863      0.0000
   2013.62622717      0.0000
   2013.62625571      0.0000
   2013.62628425      0.0000
   2013.62631279      0.0000
   2013.62634132      0.0000
   2013.62636986      0.0000
   2013.62639840      0.0000
   2013.62642694      0.0000
   2013.62645548      0.0000
   2013.62648402      0.0000
   2013.62651256      0.0000
   2013.62654110      0.0000
   2013.62656963      0.0000
   2013.62659817      0.0000
   2013.62662671      0.0000
   2013.62665525      0.0000
   2013.62668379      0.0000
   2013.62671233      0.0000
   2013.62674087      0.0000
   2013.62676941      0.0000
   2013.62679795      0.0000
   2013.62682648      0.0000
   2013.62685502      0.0000
   2013.62688356      0.0000
   2013.62691210      0.0000
   2013.62694064      0.0000
   2013.62696918      0.0000
   2013.62699772      0.0000
   2013.62702626      0.0000
   2013.62705479      0.0000
   2013.62708333      0.0000
   2013.62711187      0.0000
   2013.62714041      0.0000
   2013.62716895      0.0000
   2013.62719749      0.0000
   2013.62722603      0.0000
   2013.62725457      0.0000
   2013.62728311      0.0000
   2013.62731164     17.5084
   2013.62734018     61.6293
   2013.62736872    120.1862
   2013.62739726    121.6182
   2013.62742580     85.6048
   2013.62745434     56.1545
   2013.62748288     39.3106
   2013.62751142     28.6265
   2013.62753995     23.3516
   2013.62756849     19.7179
   2013.62759703     17.2345
   2013.62762557     15.7999
   2013.62765411     14.6069
   2013.62768265     13.8783
   2013.62771119     13.3256
   2013.62773973     12.5912
   2013.62776826     12.0112
   2013.62779680     11.4722
   2013.62782534     10.7646
   2013.62785388      9.7433
   2013.62788242      9.4092
   2013.62791096      8.6947
   2013.62793950      8.3759
   2013.62796804      7.0175
   2013.62799658      6.7826
   2013.62802511      6.3454
   2013.62805365      5.6952
   2013.62808219      4.9392
   2013.62811073      4.9852
   2013.62813927      4.6039
   2013.62816781      4.3360
   2013.62819635      4.1715
   2013.62822489      4.1640
   2013.62825342      4.0869
   2013.62828196      4.0041
   2013.62831050      3.5835
   2013.62833904      3.6037
   2013.62836758      3.4148
   2013.62839612      3.4960
   2013.62842466      3.7356
   2013.62845320      3.9031
   2013.62848174      3.8998
   2013.62851027      3.6851
   2013.62853881      3.4151
   2013.62856735      3.2806
   2013.62859589      3.1923
   2013.62862443      3.2372
   2013.62865297      3.3200
   2013.62868151      3.5459
   2013.62871005      3.5144
   2013.62873858      3.1798
   2013.62876712      3.2346
   2013.62879566      2.8542
   2013.62882420      2.7191
   2013.62885274      2.6636
   2013.62888128      2.5702
   2013.62890982      2.5128
   2013.62893836      2.4172
   2013.62896689      2.3861
   2013.62899543      2.1712
   2013.62902397      1.9974
   2013.62905251      1.8350
   2013.62908105      1.6863
   2013.62910959      1.4912
   2013.62913813      1.3815
   2013.62916667      1.2771
   2013.62919521      1.2353
   2013.62922374      1.1063
   2013.62925228      0.9864
   2013.62928082      0.9406
   2013.62930936      0.8730
   2013.62933790      0.8037
   2013.62936644      0.7377
   2013.62939498      0.6756
   2013.62942352      0.6190
   2013.62945205      0.5673
   2013.62948059      0.5204
   2013.62950913      0.4782
   2013.62953767      0.4401
   2013.62956621      0.4055
   2013.62959475      0.3740
   2013.62962329      0.3452
   2013.62965183      0.3189
   2013.62968037      0.2949
   2013.62970890      0.2729
   2013.62973744      0.2527
   2013.62976598      0.2341
   2013.62979452      0.2169
   2013.62982306      0.2010
   2013.62985160      0.1865
   2013.62988014      0.1731
   2013.62990868      0.1609
   2013.62993721      0.1496
   2013.62996575      0.1392
   2013.62999429      0.1297
   2013.63002283      0.1209
   2013.63005137      0.1127
   2013.63007991      0.1051
