   2013.62465753      0.0000
   2013.62468607      0.0000
   2013.62471461      0.0000
   2013.62474315      0.0000
   2013.62477169      0.0000
   2013.62480023      0.0000
   2013.62482877      0.0000
   2013.62485731      0.0000
   2013.62488584      0.0000
   2013.62491438      0.0000
   2013.62494292      0.0000
   2013.62497146      0.0000
   2013.62500000      0.0000
   2013.62502854      0.0000
   2013.62505708      0.0000
   2013.62508562      0.0000
   2013.62511416      0.0000
   2013.62514269      0.0000
   2013.62517123      0.0000
   2013.62519977      0.0000
   2013.62522831      0.0000
   2013.62525685      0.0085
   2013.62528539      0.0336
   2013.62531393      0.1008
   2013.62534247      0.2214
   2013.62537100      0.5291
   2013.62539954      1.2146
   2013.62542808      2.4775
   2013.62545662      4.4685
   2013.62548516      7.9582
   2013.62551370     11.7599
   2013.62554224     13.8257
   2013.62557078     14.0462
   2013.62559932     13.8609
   2013.62562785     13.3432
   2013.62565639     11.9699
   2013.62568493     10.2587
   2013.62571347      9.7156
   2013.62574201      8.4018
   2013.62577055      7.6699
   2013.62579909      6.2926
   2013.62582763      5.9742
   2013.62585616      5.8188
   2013.62588470      4.8458
   2013.62591324      4.4498
   2013.62594178      4.1371
   2013.62597032      3.8789
   2013.62599886      3.9174
   2013.62602740      3.4213
   2013.62605594      3.5362
   2013.62608447      3.3915
   2013.62611301      3.3376
   2013.62614155      3.4691
   2013.62617009      3.5186
   2013.62619863      3.5032
   2013.62622717      3.6384
   2013.62625571      3.6347
   2013.62628425      4.0192
   2013.62631279      4.0539
   2013.62634132      4.2712
   2013.62636986      4.2358
   2013.62639840      4.7308
   2013.62642694      4.7456
   2013.62645548      5.0382
   2013.62648402      4.8874
   2013.62651256      5.4842
   2013.62654110      5.4002
   2013.62656963      5.5683
   2013.62659817      5.4380
   2013.62662671      5.9010
   2013.62665525      5.9085
   2013.62668379      5.9259
   2013.62671233      5.8144
   2013.62674087      6.1530
   2013.62676941      6.2037
   2013.62679795      6.1690
   2013.62682648      6.0832
   2013.62685502      6.7066
   2013.62688356      6.8043
   2013.62691210      6.4633
   2013.62694064      5.9111
   2013.62696918      5.8313
   2013.62699772      6.0052
   2013.62702626      6.1751
   2013.62705479      6.3544
   2013.62708333      6.3829
   2013.62711187      6.2996
   2013.62714041      5.8956
   2013.62716895      5.4187
   2013.62719749      4.8039
   2013.62722603      4.5673
   2013.62725457      4.5312
   2013.62728311      4.3357
   2013.62731164      4.0436
   2013.62734018      3.9414
   2013.62736872      3.9607
   2013.62739726      3.5057
   2013.62742580      3.2046
   2013.62745434      2.9424
   2013.62748288      2.6674
   2013.62751142      2.4147
   2013.62753995      2.2829
   2013.62756849      2.0600
   2013.62759703      1.8966
   2013.62762557      1.6944
   2013.62765411      1.5758
   2013.62768265      1.4609
   2013.62771119      1.3499
   2013.62773973      1.2454
   2013.62776826      1.1458
   2013.62779680      1.0577
   2013.62782534      0.9731
   2013.62785388      0.8955
   2013.62788242      0.8209
   2013.62791096      0.7497
   2013.62793950      0.6839
   2013.62796804      0.6249
   2013.62799658      0.5717
   2013.62802511      0.5236
   2013.62805365      0.4804
   2013.62808219      0.4415
   2013.62811073      0.4064
   2013.62813927      0.3745
   2013.62816781      0.3456
   2013.62819635      0.3192
   2013.62822489      0.2951
   2013.62825342      0.2732
   2013.62828196      0.2532
   2013.62831050      0.2347
   2013.62833904      0.2175
   2013.62836758      0.2018
   2013.62839612      0.1873
   2013.62842466      0.1740
   2013.62845320      0.1618
   2013.62848174      0.1505
   2013.62851027      0.1401
   2013.62853881      0.1306
   2013.62856735      0.1217
   2013.62859589      0.1134
   2013.62862443      0.1058
