   2013.62465753      0.0000
   2013.62468607      0.0000
   2013.62471461      0.0000
   2013.62474315      0.0000
   2013.62477169      0.0000
   2013.62480023      0.0000
   2013.62482877      0.0000
   2013.62485731      0.0000
   2013.62488584      0.0000
   2013.62491438      0.0000
   2013.62494292      0.0000
   2013.62497146      0.0000
   2013.62500000      0.0000
   2013.62502854      0.0000
   2013.62505708      0.0004
   2013.62508562      0.0008
   2013.62511416      0.0015
   2013.62514269      0.0018
   2013.62517123      0.0020
   2013.62519977      0.0023
   2013.62522831      0.0029
   2013.62525685      0.0083
   2013.62528539      0.0416
   2013.62531393      0.0737
   2013.62534247      0.1216
   2013.62537100      0.2023
   2013.62539954      0.3212
   2013.62542808      0.4842
   2013.62545662      0.7366
   2013.62548516      1.0763
   2013.62551370      1.5329
   2013.62554224      2.1703
   2013.62557078      2.9699
   2013.62559932      3.6854
   2013.62562785      4.2637
   2013.62565639      4.6236
   2013.62568493      4.8449
   2013.62571347      4.9851
   2013.62574201      5.0764
   2013.62577055      5.1400
   2013.62579909      5.1932
   2013.62582763      5.1660
   2013.62585616      5.1445
   2013.62588470      5.0228
   2013.62591324      4.8435
   2013.62594178      4.8313
   2013.62597032      4.3175
   2013.62599886      4.0068
   2013.62602740      3.9942
   2013.62605594      3.4989
   2013.62608447      3.2983
   2013.62611301      2.9870
   2013.62614155      2.7467
   2013.62617009      2.5011
   2013.62619863      2.2608
   2013.62622717      2.0366
   2013.62625571      1.8649
   2013.62628425      1.7001
   2013.62631279      1.5445
   2013.62634132      1.4001
   2013.62636986      1.3489
   2013.62639840      1.1978
   2013.62642694      1.0915
   2013.62645548      0.9902
   2013.62648402      0.9413
   2013.62651256      0.8728
   2013.62654110      0.8022
   2013.62656963      0.7398
   2013.62659817      0.7160
   2013.62662671      0.6753
   2013.62665525      0.6337
   2013.62668379      0.6001
   2013.62671233      0.6054
   2013.62674087      0.5877
   2013.62676941      0.5681
   2013.62679795      0.5547
   2013.62682648      0.5812
   2013.62685502      0.5826
   2013.62688356      0.5988
   2013.62691210      0.5939
   2013.62694064      0.6135
   2013.62696918      0.6759
   2013.62699772      0.7050
   2013.62702626      0.7195
   2013.62705479      0.7918
   2013.62708333      0.8450
   2013.62711187      0.9058
   2013.62714041      0.9737
   2013.62716895      1.0886
   2013.62719749      1.2165
   2013.62722603      1.3462
   2013.62725457      1.4561
   2013.62728311      1.5389
   2013.62731164      1.6355
   2013.62734018      1.6751
   2013.62736872      1.6528
   2013.62739726      1.6738
   2013.62742580      1.6863
   2013.62745434      1.6318
   2013.62748288      1.5887
   2013.62751142      1.5214
   2013.62753995      1.5398
   2013.62756849      1.5376
   2013.62759703      1.4134
   2013.62762557      1.3732
   2013.62765411      1.3555
   2013.62768265      1.2683
   2013.62771119      1.2080
   2013.62773973      1.1448
   2013.62776826      1.1436
   2013.62779680      1.0585
   2013.62782534      1.0047
   2013.62785388      0.9461
   2013.62788242      0.9162
   2013.62791096      0.8728
   2013.62793950      0.8288
   2013.62796804      0.7964
   2013.62799658      0.7572
   2013.62802511      0.7171
   2013.62805365      0.6806
   2013.62808219      0.6547
   2013.62811073      0.6237
   2013.62813927      0.5923
   2013.62816781      0.5629
   2013.62819635      0.5425
   2013.62822489      0.5167
   2013.62825342      0.4904
   2013.62828196      0.4656
   2013.62831050      0.4486
   2013.62833904      0.4272
   2013.62836758      0.4053
   2013.62839612      0.3843
   2013.62842466      0.3706
   2013.62845320      0.3529
   2013.62848174      0.3346
   2013.62851027      0.3171
   2013.62853881      0.3057
   2013.62856735      0.2910
   2013.62859589      0.2759
   2013.62862443      0.2614
   2013.62865297      0.2531
   2013.62868151      0.2410
   2013.62871005      0.2285
   2013.62873858      0.2162
   2013.62876712      0.2109
   2013.62879566      0.2010
   2013.62882420      0.1905
   2013.62885274      0.1803
   2013.62888128      0.1784
   2013.62890982      0.1707
   2013.62893836      0.1620
   2013.62896689      0.1535
   2013.62899543      0.1551
   2013.62902397      0.1493
   2013.62905251      0.1421
   2013.62908105      0.1352
   2013.62910959      0.1409
   2013.62913813      0.1371
   2013.62916667      0.1315
   2013.62919521      0.1263
   2013.62922374      0.1372
   2013.62925228      0.1363
   2013.62928082      0.1332
   2013.62930936      0.1309
   2013.62933790      0.1480
   2013.62936644      0.1521
   2013.62939498      0.1544
   2013.62942352      0.1584
   2013.62945205      0.1868
   2013.62948059      0.2011
   2013.62950913      0.2134
   2013.62953767      0.2280
   2013.62956621      0.2742
   2013.62959475      0.3054
   2013.62962329      0.3442
   2013.62965183      0.3853
   2013.62968037      0.4725
   2013.62970890      0.5510
   2013.62973744      0.6255
   2013.62976598      0.7321
   2013.62979452      0.8751
   2013.62982306      1.0266
   2013.62985160      1.2131
   2013.62988014      1.4022
   2013.62990868      1.6096
   2013.62993721      1.7520
   2013.62996575      1.8414
   2013.62999429      1.8864
   2013.63002283      1.9089
   2013.63005137      1.9598
   2013.63007991      1.9540
   2013.63010845      1.8882
   2013.63013699      1.8805
   2013.63016553      1.8706
   2013.63019406      1.7880
   2013.63022260      1.7252
   2013.63025114      1.6590
   2013.63027968      1.5935
   2013.63030822      1.5138
   2013.63033676      1.4367
   2013.63036530      1.3601
   2013.63039384      1.2852
   2013.63042237      1.2110
   2013.63045091      1.1829
   2013.63047945      1.0759
   2013.63050799      1.0059
   2013.63053653      0.9339
   2013.63056507      0.8779
   2013.63059361      0.8187
   2013.63062215      0.7616
   2013.63065068      0.7070
   2013.63067922      0.6563
   2013.63070776      0.6099
   2013.63073630      0.5672
   2013.63076484      0.5279
   2013.63079338      0.4918
   2013.63082192      0.4585
   2013.63085046      0.4278
   2013.63087900      0.3991
   2013.63090753      0.3724
   2013.63093607      0.3476
   2013.63096461      0.3244
   2013.63099315      0.3029
   2013.63102169      0.2829
   2013.63105023      0.2643
   2013.63107877      0.2470
   2013.63110731      0.2309
   2013.63113584      0.2157
   2013.63116438      0.2015
   2013.63119292      0.1884
   2013.63122146      0.1762
   2013.63125000      0.1649
   2013.63127854      0.1543
   2013.63130708      0.1445
   2013.63133562      0.1354
   2013.63136416      0.1269
   2013.63139269      0.1190
   2013.63142123      0.1116
   2013.63144977      0.1047
