   2013.62465753      0.0000
   2013.62468607      0.0000
   2013.62471461      0.0000
   2013.62474315      0.0000
   2013.62477169      0.0000
   2013.62480023      0.0000
   2013.62482877      0.0000
   2013.62485731      0.0000
   2013.62488584      0.0000
   2013.62491438      0.0000
   2013.62494292      0.0000
   2013.62497146      0.0000
   2013.62500000      0.0000
   2013.62502854      0.0000
   2013.62505708      0.0000
   2013.62508562      0.0000
   2013.62511416      0.0000
   2013.62514269      0.0000
   2013.62517123      0.0000
   2013.62519977      0.0000
   2013.62522831      0.0000
   2013.62525685      0.0000
   2013.62528539      0.0000
   2013.62531393      0.0000
   2013.62534247      0.0000
   2013.62537100      0.0000
   2013.62539954      0.0000
   2013.62542808      0.0000
   2013.62545662      0.0000
   2013.62548516      0.0000
   2013.62551370      0.0000
   2013.62554224      0.0000
   2013.62557078      0.0000
   2013.62559932      0.0000
   2013.62562785      0.0000
   2013.62565639      0.0000
   2013.62568493      0.0000
   2013.62571347      0.0000
   2013.62574201      0.0000
   2013.62577055      0.0000
   2013.62579909      0.0000
   2013.62582763      0.0000
   2013.62585616      0.0000
   2013.62588470      0.0000
   2013.62591324      0.0000
   2013.62594178      0.0404
   2013.62597032      0.0827
   2013.62599886      0.1414
   2013.62602740      0.2928
   2013.62605594      0.5750
   2013.62608447      0.9384
   2013.62611301      1.3727
   2013.62614155      2.0349
   2013.62617009      3.0575
   2013.62619863      4.4741
   2013.62622717      5.5298
   2013.62625571      5.9403
   2013.62628425      5.8561
   2013.62631279      5.5802
   2013.62634132      5.2648
   2013.62636986      5.0776
   2013.62639840      4.8494
   2013.62642694      4.5291
   2013.62645548      4.4013
   2013.62648402      4.2434
   2013.62651256      4.5654
   2013.62654110      4.6141
   2013.62656963      4.7186
   2013.62659817      4.5851
   2013.62662671      4.9525
   2013.62665525      4.9282
   2013.62668379      4.9623
   2013.62671233      5.2522
   2013.62674087      5.1706
   2013.62676941      5.1976
   2013.62679795      5.1965
   2013.62682648      4.9357
   2013.62685502      4.9087
   2013.62688356      4.8314
   2013.62691210      4.5987
   2013.62694064      4.2855
   2013.62696918      4.3493
   2013.62699772      4.1460
   2013.62702626      3.9301
   2013.62705479      3.8088
   2013.62708333      3.7540
   2013.62711187      3.6673
   2013.62714041      3.6294
   2013.62716895      3.2918
   2013.62719749      3.4710
   2013.62722603      3.4083
   2013.62725457      3.4782
   2013.62728311      3.1092
   2013.62731164      3.2218
   2013.62734018      3.1482
   2013.62736872      3.0427
   2013.62739726      2.8975
   2013.62742580      2.9311
   2013.62745434      2.8658
   2013.62748288      2.7573
   2013.62751142      2.7370
   2013.62753995      2.6561
   2013.62756849      2.5640
   2013.62759703      2.4681
   2013.62762557      2.4384
   2013.62765411      2.3470
   2013.62768265      2.2658
   2013.62771119      2.1787
   2013.62773973      2.0972
   2013.62776826      2.0575
   2013.62779680      1.9832
   2013.62782534      1.8685
   2013.62785388      1.8284
   2013.62788242      1.7917
   2013.62791096      1.6937
   2013.62793950      1.6299
   2013.62796804      1.5936
   2013.62799658      1.5602
   2013.62802511      1.5071
   2013.62805365      1.4539
   2013.62808219      1.2866
   2013.62811073      1.3654
   2013.62813927      1.3611
   2013.62816781      1.2635
   2013.62819635      1.1562
   2013.62822489      1.2100
   2013.62825342      1.1904
   2013.62828196      1.1295
   2013.62831050      1.0845
   2013.62833904      1.1017
   2013.62836758      1.0707
   2013.62839612      1.0395
   2013.62842466      1.0207
   2013.62845320      1.0431
   2013.62848174      1.0339
   2013.62851027      1.0117
   2013.62853881      1.0207
   2013.62856735      1.0480
   2013.62859589      1.0579
   2013.62862443      1.0611
   2013.62865297      1.1082
   2013.62868151      1.1292
   2013.62871005      1.1600
   2013.62873858      1.1819
   2013.62876712      1.2593
   2013.62879566      1.3128
   2013.62882420      1.3718
   2013.62885274      1.4174
   2013.62888128      1.5353
   2013.62890982      1.6323
   2013.62893836      1.7146
   2013.62896689      1.7782
   2013.62899543      1.9386
   2013.62902397      2.0663
   2013.62905251      2.1734
   2013.62908105      2.2389
   2013.62910959      2.4320
   2013.62913813      2.5754
   2013.62916667      2.6270
   2013.62919521      2.7299
   2013.62922374      2.8018
   2013.62925228      3.0628
   2013.62928082      3.0930
   2013.62930936      3.1295
   2013.62933790      3.3722
   2013.62936644      3.4766
   2013.62939498      3.4705
   2013.62942352      3.5229
   2013.62945205      3.6800
   2013.62948059      3.7687
   2013.62950913      3.7964
   2013.62953767      3.8064
   2013.62956621      3.9438
   2013.62959475      3.9529
   2013.62962329      3.9366
   2013.62965183      3.9098
   2013.62968037      4.0089
   2013.62970890      3.9979
   2013.62973744      3.9466
   2013.62976598      3.8969
   2013.62979452      3.8781
   2013.62982306      3.9189
   2013.62985160      3.8568
   2013.62988014      3.7194
   2013.62990868      3.5910
   2013.62993721      3.6498
   2013.62996575      3.5828
   2013.62999429      3.5356
   2013.63002283      3.2534
   2013.63005137      3.4146
   2013.63007991      3.3445
   2013.63010845      3.4205
   2013.63013699      3.0519
   2013.63016553      3.1203
   2013.63019406      3.0462
   2013.63022260      2.9328
   2013.63025114      2.8355
   2013.63027968      2.7346
   2013.63030822      2.5489
   2013.63033676      2.4307
   2013.63036530      2.2966
   2013.63039384      2.1689
   2013.63042237      2.0381
   2013.63045091      1.9245
   2013.63047945      1.7749
   2013.63050799      1.6573
   2013.63053653      1.5466
   2013.63056507      1.4413
   2013.63059361      1.3399
   2013.63062215      1.2428
   2013.63065068      1.1701
   2013.63067922      1.0711
   2013.63070776      0.9763
   2013.63073630      0.9133
   2013.63076484      0.8429
   2013.63079338      0.7753
   2013.63082192      0.7118
   2013.63085046      0.6534
   2013.63087900      0.6007
   2013.63090753      0.5526
   2013.63093607      0.5092
   2013.63096461      0.4700
   2013.63099315      0.4344
   2013.63102169      0.4019
   2013.63105023      0.3722
   2013.63107877      0.3448
   2013.63110731      0.3197
   2013.63113584      0.2966
   2013.63116438      0.2754
   2013.63119292      0.2559
   2013.63122146      0.2379
   2013.63125000      0.2211
   2013.63127854      0.2056
   2013.63130708      0.1913
   2013.63133562      0.1781
   2013.63136416      0.1660
   2013.63139269      0.1548
   2013.63142123      0.1445
   2013.63144977      0.1349
   2013.63147831      0.1261
   2013.63150685      0.1179
   2013.63153539      0.1103
   2013.63156393      0.1032
