   2013.62465753      0.0000
   2013.62468607      0.0000
   2013.62471461      0.0000
   2013.62474315      0.0000
   2013.62477169      0.0000
   2013.62480023      0.0000
   2013.62482877      0.0000
   2013.62485731      0.0000
   2013.62488584      0.0000
   2013.62491438      0.0000
   2013.62494292      0.0000
   2013.62497146      0.0000
   2013.62500000      0.0000
   2013.62502854      0.0000
   2013.62505708      0.0000
   2013.62508562      0.0000
   2013.62511416      0.0000
   2013.62514269      0.0000
   2013.62517123      0.0000
   2013.62519977      0.0000
   2013.62522831      0.0000
   2013.62525685      0.0039
   2013.62528539      0.0051
   2013.62531393      0.0086
   2013.62534247      0.0668
   2013.62537100      0.1424
   2013.62539954      0.3468
   2013.62542808      0.8600
   2013.62545662      1.9583
   2013.62548516      4.0182
   2013.62551370      6.7717
   2013.62554224      8.7620
   2013.62557078      9.4889
   2013.62559932      9.1108
   2013.62562785      8.3513
   2013.62565639      8.4713
   2013.62568493      6.6432
   2013.62571347      6.3072
   2013.62574201      5.0130
   2013.62577055      4.3501
   2013.62579909      3.8624
   2013.62582763      3.3128
   2013.62585616      3.0482
   2013.62588470      2.6007
   2013.62591324      2.2667
   2013.62594178      1.9870
   2013.62597032      1.6652
   2013.62599886      1.4869
   2013.62602740      1.3400
   2013.62605594      1.1745
   2013.62608447      1.0347
   2013.62611301      0.9344
   2013.62614155      0.8363
   2013.62617009      0.7484
   2013.62619863      0.6709
   2013.62622717      0.6034
   2013.62625571      0.5438
   2013.62628425      0.4914
   2013.62631279      0.4453
   2013.62634132      0.4046
   2013.62636986      0.3685
   2013.62639840      0.3363
   2013.62642694      0.3076
   2013.62645548      0.2818
   2013.62648402      0.2585
   2013.62651256      0.2374
   2013.62654110      0.2182
   2013.62656963      0.2007
   2013.62659817      0.1848
   2013.62662671      0.1705
   2013.62665525      0.1574
   2013.62668379      0.1455
   2013.62671233      0.1347
   2013.62674087      0.1248
   2013.62676941      0.1157
   2013.62679795      0.1074
