   2013.62465753      0.0000
   2013.62468607      0.0000
   2013.62471461      0.0000
   2013.62474315      0.0000
   2013.62477169      0.0000
   2013.62480023      0.0000
   2013.62482877      0.0000
   2013.62485731      0.0000
   2013.62488584      0.0000
   2013.62491438      0.0000
   2013.62494292      0.0000
   2013.62497146      0.0000
   2013.62500000      0.0000
   2013.62502854      0.0000
   2013.62505708      0.0000
   2013.62508562      0.0000
   2013.62511416      0.0000
   2013.62514269      0.0000
   2013.62517123      0.0000
   2013.62519977      0.0000
   2013.62522831      0.0000
   2013.62525685      0.0000
   2013.62528539      0.0000
   2013.62531393      0.0000
   2013.62534247      0.0000
   2013.62537100      0.0000
   2013.62539954      0.0000
   2013.62542808      0.0000
   2013.62545662      0.0000
   2013.62548516      0.0000
   2013.62551370      0.0000
   2013.62554224      0.0000
   2013.62557078      0.0000
   2013.62559932      0.0634
   2013.62562785      0.1074
   2013.62565639      0.2116
   2013.62568493      0.4699
   2013.62571347      0.9315
   2013.62574201      1.5361
   2013.62577055      2.4662
   2013.62579909      4.0900
   2013.62582763      6.3586
   2013.62585616      7.5357
   2013.62588470      7.4090
   2013.62591324      6.7316
   2013.62594178      6.4932
   2013.62597032      5.2846
   2013.62599886      4.7118
   2013.62602740      4.5733
   2013.62605594      3.8075
   2013.62608447      3.4692
   2013.62611301      3.1803
   2013.62614155      2.9185
   2013.62617009      2.6915
   2013.62619863      2.4964
   2013.62622717      2.3342
   2013.62625571      2.2041
   2013.62628425      2.0978
   2013.62631279      2.0119
   2013.62634132      1.9434
   2013.62636986      1.8904
   2013.62639840      1.8511
   2013.62642694      1.8238
   2013.62645548      1.8069
   2013.62648402      1.7989
   2013.62651256      1.7983
   2013.62654110      1.8034
   2013.62656963      1.7925
   2013.62659817      1.7803
   2013.62662671      1.7230
   2013.62665525      1.7004
   2013.62668379      1.6578
   2013.62671233      1.6061
   2013.62674087      1.5539
   2013.62676941      1.4810
   2013.62679795      1.4184
   2013.62682648      1.3540
   2013.62685502      1.2880
   2013.62688356      1.2198
   2013.62691210      1.1495
   2013.62694064      1.0954
   2013.62696918      1.0199
   2013.62699772      0.9429
   2013.62702626      0.8890
   2013.62705479      0.8276
   2013.62708333      0.7673
   2013.62711187      0.7091
   2013.62714041      0.6544
   2013.62716895      0.6043
   2013.62719749      0.5579
   2013.62722603      0.5155
   2013.62725457      0.4768
   2013.62728311      0.4414
   2013.62731164      0.4088
   2013.62734018      0.3787
   2013.62736872      0.3509
   2013.62739726      0.3252
   2013.62742580      0.3015
   2013.62745434      0.2797
   2013.62748288      0.2596
   2013.62751142      0.2410
   2013.62753995      0.2237
   2013.62756849      0.2076
   2013.62759703      0.1928
   2013.62762557      0.1792
   2013.62765411      0.1666
   2013.62768265      0.1551
   2013.62771119      0.1444
   2013.62773973      0.1345
   2013.62776826      0.1254
   2013.62779680      0.1169
   2013.62782534      0.1091
   2013.62785388      0.1018
