   2013.62465753      0.0000
   2013.62468607      0.0000
   2013.62471461      0.0000
   2013.62474315      0.0000
   2013.62477169      0.0000
   2013.62480023      0.0000
   2013.62482877      0.0000
   2013.62485731      0.0000
   2013.62488584      0.0000
   2013.62491438      0.0000
   2013.62494292      0.0000
   2013.62497146      0.0000
   2013.62500000      0.0000
   2013.62502854      0.0000
   2013.62505708      0.0000
   2013.62508562      0.0000
   2013.62511416      0.0000
   2013.62514269      0.0000
   2013.62517123      0.0000
   2013.62519977      0.0000
   2013.62522831      0.0000
   2013.62525685      0.0000
   2013.62528539      0.0000
   2013.62531393      0.0000
   2013.62534247      0.0000
   2013.62537100      0.0000
   2013.62539954      0.0000
   2013.62542808      0.0000
   2013.62545662      0.0000
   2013.62548516      0.0000
   2013.62551370      0.0000
   2013.62554224      0.0000
   2013.62557078      0.0000
   2013.62559932      0.0000
   2013.62562785      0.0000
   2013.62565639      0.0000
   2013.62568493      0.0000
   2013.62571347      0.0000
   2013.62574201      0.0000
   2013.62577055      0.0000
   2013.62579909      0.0000
   2013.62582763      0.0000
   2013.62585616      0.0002
   2013.62588470      0.0007
   2013.62591324      0.0011
   2013.62594178      0.0016
   2013.62597032      0.0019
   2013.62599886      0.0023
   2013.62602740      0.0026
   2013.62605594      0.0031
   2013.62608447      0.0302
   2013.62611301      0.0647
   2013.62614155      0.1054
   2013.62617009      0.1788
   2013.62619863      0.2900
   2013.62622717      0.4660
   2013.62625571      0.7252
   2013.62628425      1.0835
   2013.62631279      1.5798
   2013.62634132      2.2482
   2013.62636986      3.1052
   2013.62639840      3.9807
   2013.62642694      4.6804
   2013.62645548      5.1111
   2013.62648402      5.3716
   2013.62651256      5.5422
   2013.62654110      5.6583
   2013.62656963      5.6304
   2013.62659817      5.5213
   2013.62662671      5.3040
   2013.62665525      5.0882
   2013.62668379      4.9034
   2013.62671233      4.4389
   2013.62674087      4.2643
   2013.62676941      3.9683
   2013.62679795      3.5983
   2013.62682648      3.3386
   2013.62685502      3.0611
   2013.62688356      2.7750
   2013.62691210      2.5477
   2013.62694064      2.2228
   2013.62696918      1.9978
   2013.62699772      1.8507
   2013.62702626      1.6696
   2013.62705479      1.4998
   2013.62708333      1.3460
   2013.62711187      1.2246
   2013.62714041      1.0987
   2013.62716895      0.9856
   2013.62719749      0.8968
   2013.62722603      0.8109
   2013.62725457      0.7327
   2013.62728311      0.6625
   2013.62731164      0.6005
   2013.62734018      0.5452
   2013.62736872      0.4961
   2013.62739726      0.4526
   2013.62742580      0.4139
   2013.62745434      0.3792
   2013.62748288      0.3480
   2013.62751142      0.3198
   2013.62753995      0.2943
   2013.62756849      0.2712
   2013.62759703      0.2502
   2013.62762557      0.2308
   2013.62765411      0.2131
   2013.62768265      0.1969
   2013.62771119      0.1822
   2013.62773973      0.1687
   2013.62776826      0.1563
   2013.62779680      0.1450
   2013.62782534      0.1346
   2013.62785388      0.1251
   2013.62788242      0.1163
   2013.62791096      0.1083
   2013.62793950      0.1008
