   2013.62465753      0.0000
   2013.62468607      0.0000
   2013.62471461      0.0000
   2013.62474315      0.0000
   2013.62477169      0.0000
   2013.62480023      0.0000
   2013.62482877      0.0000
   2013.62485731      0.0000
   2013.62488584      0.0000
   2013.62491438      0.0000
   2013.62494292      0.0000
   2013.62497146      0.0000
   2013.62500000      0.0000
   2013.62502854      0.0000
   2013.62505708      0.0000
   2013.62508562      0.0000
   2013.62511416      0.0000
   2013.62514269      0.0000
   2013.62517123      0.0000
   2013.62519977      0.0000
   2013.62522831      0.0000
   2013.62525685      0.0000
   2013.62528539      0.0000
   2013.62531393      0.0000
   2013.62534247      0.0000
   2013.62537100      0.0000
   2013.62539954      0.0000
   2013.62542808      0.0000
   2013.62545662      0.0000
   2013.62548516      0.0000
   2013.62551370      0.0000
   2013.62554224      0.0000
   2013.62557078      0.0000
   2013.62559932      0.0000
   2013.62562785      0.0000
   2013.62565639      0.0000
   2013.62568493      0.0000
   2013.62571347      0.0000
   2013.62574201      0.0000
   2013.62577055      0.0000
   2013.62579909      0.0000
   2013.62582763      0.0000
   2013.62585616      0.0000
   2013.62588470      0.0000
   2013.62591324      0.0000
   2013.62594178      0.0000
   2013.62597032      0.0000
   2013.62599886      0.0000
   2013.62602740      0.0000
   2013.62605594      0.0000
   2013.62608447      0.0000
   2013.62611301      0.0000
   2013.62614155      0.0000
   2013.62617009      0.0000
   2013.62619863      0.0000
   2013.62622717      0.0000
   2013.62625571      0.0000
   2013.62628425      0.0000
   2013.62631279      0.0000
   2013.62634132      0.0000
   2013.62636986      0.0000
   2013.62639840      0.0000
   2013.62642694      0.0000
   2013.62645548      0.0000
   2013.62648402      0.0000
   2013.62651256      0.0000
   2013.62654110      0.0000
   2013.62656963      0.0000
   2013.62659817      0.0000
   2013.62662671      0.0641
   2013.62665525      0.1242
   2013.62668379      0.3005
   2013.62671233      0.9573
   2013.62674087      2.9246
   2013.62676941      9.6490
   2013.62679795     17.1672
   2013.62682648     17.8445
   2013.62685502     16.1846
   2013.62688356     14.1221
   2013.62691210     12.4581
   2013.62694064     11.1814
   2013.62696918     10.1637
   2013.62699772      9.3801
   2013.62702626      8.8500
   2013.62705479      8.4194
   2013.62708333      8.0446
   2013.62711187      7.8228
   2013.62714041      7.7913
   2013.62716895      7.6303
   2013.62719749      7.6971
   2013.62722603      7.6033
   2013.62725457      7.7097
   2013.62728311      7.6409
   2013.62731164      7.6398
   2013.62734018      7.3836
   2013.62736872      7.1575
   2013.62739726      6.7741
   2013.62742580      6.3786
   2013.62745434      6.4247
   2013.62748288      5.8088
   2013.62751142      4.9368
   2013.62753995      4.5294
   2013.62756849      4.3525
   2013.62759703      3.7019
   2013.62762557      3.2908
   2013.62765411      2.9661
   2013.62768265      2.7629
   2013.62771119      2.4182
   2013.62773973      2.0382
   2013.62776826      1.8455
   2013.62779680      1.6490
   2013.62782534      1.4726
   2013.62785388      1.3654
   2013.62788242      1.1873
   2013.62791096      1.0430
   2013.62793950      0.9591
   2013.62796804      0.8674
   2013.62799658      0.7822
   2013.62802511      0.7054
   2013.62805365      0.6373
   2013.62808219      0.5772
   2013.62811073      0.5237
   2013.62813927      0.4764
   2013.62816781      0.4346
   2013.62819635      0.3972
   2013.62822489      0.3638
   2013.62825342      0.3337
   2013.62828196      0.3065
   2013.62831050      0.2819
   2013.62833904      0.2596
   2013.62836758      0.2392
   2013.62839612      0.2205
   2013.62842466      0.2034
   2013.62845320      0.1877
   2013.62848174      0.1734
   2013.62851027      0.1604
   2013.62853881      0.1485
   2013.62856735      0.1375
   2013.62859589      0.1275
   2013.62862443      0.1183
   2013.62865297      0.1098
   2013.62868151      0.1019
