   2013.62465753      0.0000
   2013.62468607      0.0000
   2013.62471461      0.0000
   2013.62474315      0.0000
   2013.62477169      0.0000
   2013.62480023      0.0000
   2013.62482877      0.0000
   2013.62485731      0.0000
   2013.62488584      0.0000
   2013.62491438      0.0000
   2013.62494292      0.0000
   2013.62497146      0.0000
   2013.62500000      0.0000
   2013.62502854      0.0000
   2013.62505708      0.0000
   2013.62508562      0.0000
   2013.62511416      0.0000
   2013.62514269      0.0000
   2013.62517123      0.0000
   2013.62519977      0.0000
   2013.62522831      0.0000
   2013.62525685      0.0000
   2013.62528539      0.0000
   2013.62531393      0.0000
   2013.62534247      0.0000
   2013.62537100      0.0000
   2013.62539954      0.0000
   2013.62542808      0.0000
   2013.62545662      0.0000
   2013.62548516      0.0000
   2013.62551370      0.0000
   2013.62554224      0.0000
   2013.62557078      0.0000
   2013.62559932      0.0000
   2013.62562785      0.0000
   2013.62565639      0.0000
   2013.62568493      0.0000
   2013.62571347      0.0000
   2013.62574201      0.0000
   2013.62577055      0.0000
   2013.62579909      0.0000
   2013.62582763      0.0000
   2013.62585616      0.0000
   2013.62588470      0.0000
   2013.62591324      0.0000
   2013.62594178      0.0000
   2013.62597032      0.0000
   2013.62599886      0.0000
   2013.62602740      0.0000
   2013.62605594      0.0000
   2013.62608447      0.0000
   2013.62611301      0.0000
   2013.62614155      0.0000
   2013.62617009      0.0000
   2013.62619863      0.0000
   2013.62622717      0.0000
   2013.62625571      0.0000
   2013.62628425      0.0000
   2013.62631279      0.0000
   2013.62634132      0.0000
   2013.62636986      0.0000
   2013.62639840      0.0000
   2013.62642694      0.0000
   2013.62645548      0.0000
   2013.62648402      0.0000
   2013.62651256      0.0000
   2013.62654110      0.0000
   2013.62656963      0.0000
   2013.62659817      0.0000
   2013.62662671      0.0000
   2013.62665525      0.0000
   2013.62668379      0.0000
   2013.62671233      0.0000
   2013.62674087      0.0000
   2013.62676941      0.0000
   2013.62679795      0.0000
   2013.62682648      0.0000
   2013.62685502      0.0000
   2013.62688356      0.0000
   2013.62691210      0.0000
   2013.62694064      0.0000
   2013.62696918      0.0026
   2013.62699772      0.0016
   2013.62702626      0.0012
   2013.62705479      0.0012
   2013.62708333      0.0010
   2013.62711187      0.0035
   2013.62714041      0.0214
   2013.62716895      0.0404
   2013.62719749      0.0551
   2013.62722603      0.0741
   2013.62725457      0.0965
   2013.62728311      0.1230
   2013.62731164      0.1535
   2013.62734018      0.1812
   2013.62736872      0.2112
   2013.62739726      0.2465
   2013.62742580      0.2910
   2013.62745434      0.3494
   2013.62748288      0.4203
   2013.62751142      0.5304
   2013.62753995      0.6503
   2013.62756849      0.7828
   2013.62759703      0.8459
   2013.62762557      0.8827
   2013.62765411      0.8721
   2013.62768265      0.8752
   2013.62771119      0.8504
   2013.62773973      0.8136
   2013.62776826      0.7717
   2013.62779680      0.7280
   2013.62782534      0.6852
   2013.62785388      0.6452
   2013.62788242      0.6080
   2013.62791096      0.5731
   2013.62793950      0.5404
   2013.62796804      0.5100
   2013.62799658      0.4817
   2013.62802511      0.4553
   2013.62805365      0.4305
   2013.62808219      0.4074
   2013.62811073      0.3857
   2013.62813927      0.3654
   2013.62816781      0.3466
   2013.62819635      0.3289
   2013.62822489      0.3125
   2013.62825342      0.2972
   2013.62828196      0.2829
   2013.62831050      0.2695
   2013.62833904      0.2571
   2013.62836758      0.2453
   2013.62839612      0.2342
   2013.62842466      0.2236
   2013.62845320      0.2137
   2013.62848174      0.2043
   2013.62851027      0.1956
   2013.62853881      0.1873
   2013.62856735      0.1795
   2013.62859589      0.1721
   2013.62862443      0.1652
   2013.62865297      0.1586
   2013.62868151      0.1524
   2013.62871005      0.1464
   2013.62873858      0.1408
   2013.62876712      0.1355
   2013.62879566      0.1305
   2013.62882420      0.1257
   2013.62885274      0.1212
   2013.62888128      0.1169
   2013.62890982      0.1128
   2013.62893836      0.1089
   2013.62896689      0.1052
   2013.62899543      0.1017
