   2013.62465753      0.0000
   2013.62468607      0.0000
   2013.62471461      0.0000
   2013.62474315      0.0000
   2013.62477169      0.0000
   2013.62480023      0.0000
   2013.62482877      0.0000
   2013.62485731      0.0000
   2013.62488584      0.0000
   2013.62491438      0.0000
   2013.62494292      0.0000
   2013.62497146      0.0000
   2013.62500000      0.0000
   2013.62502854      0.0000
   2013.62505708      0.0000
   2013.62508562      0.0000
   2013.62511416      0.0000
   2013.62514269      0.0000
   2013.62517123      0.0000
   2013.62519977      0.0000
   2013.62522831      0.0000
   2013.62525685      0.0000
   2013.62528539      0.0000
   2013.62531393      0.0000
   2013.62534247      0.0000
   2013.62537100      0.0000
   2013.62539954      0.0000
   2013.62542808      0.0000
   2013.62545662      0.0000
   2013.62548516      0.0000
   2013.62551370      0.0000
   2013.62554224      0.0000
   2013.62557078      0.0000
   2013.62559932      0.1724
   2013.62562785      0.3453
   2013.62565639      1.0064
   2013.62568493      2.3006
   2013.62571347      3.9460
   2013.62574201      7.1792
   2013.62577055     11.7821
   2013.62579909     13.2535
   2013.62582763     12.3946
   2013.62585616     10.8548
   2013.62588470      9.1945
   2013.62591324      8.1498
   2013.62594178      6.8832
   2013.62597032      5.8976
   2013.62599886      5.0108
   2013.62602740      4.7717
   2013.62605594      3.9297
   2013.62608447      3.5277
   2013.62611301      3.1806
   2013.62614155      2.8722
   2013.62617009      2.6101
   2013.62619863      2.3889
   2013.62622717      2.2035
   2013.62625571      2.0485
   2013.62628425      1.9141
   2013.62631279      1.8074
   2013.62634132      1.7190
   2013.62636986      1.6460
   2013.62639840      1.5860
   2013.62642694      1.5376
   2013.62645548      1.4821
   2013.62648402      1.4357
   2013.62651256      1.3892
   2013.62654110      1.3567
   2013.62656963      1.2856
   2013.62659817      1.2406
   2013.62662671      1.1952
   2013.62665525      1.1503
   2013.62668379      1.0870
   2013.62671233      1.0782
   2013.62674087      1.0046
   2013.62676941      0.9262
   2013.62679795      0.8986
   2013.62682648      0.8530
   2013.62685502      0.8044
   2013.62688356      0.7562
   2013.62691210      0.7084
   2013.62694064      0.6623
   2013.62696918      0.6190
   2013.62699772      0.5780
   2013.62702626      0.5393
   2013.62705479      0.5030
   2013.62708333      0.4691
   2013.62711187      0.4374
   2013.62714041      0.4077
   2013.62716895      0.3798
   2013.62719749      0.3537
   2013.62722603      0.3293
   2013.62725457      0.3065
   2013.62728311      0.2853
   2013.62731164      0.2657
   2013.62734018      0.2474
   2013.62736872      0.2303
   2013.62739726      0.2143
   2013.62742580      0.1995
   2013.62745434      0.1857
   2013.62748288      0.1729
   2013.62751142      0.1611
   2013.62753995      0.1502
   2013.62756849      0.1401
   2013.62759703      0.1307
   2013.62762557      0.1220
   2013.62765411      0.1139
   2013.62768265      0.1064
