   2013.62465753      0.0000
   2013.62468607      0.0000
   2013.62471461      0.0000
   2013.62474315      0.0000
   2013.62477169      0.0000
   2013.62480023      0.0000
   2013.62482877      0.0000
   2013.62485731      0.0000
   2013.62488584      0.0000
   2013.62491438      0.0000
   2013.62494292      0.0000
   2013.62497146      0.0000
   2013.62500000      0.0000
   2013.62502854      0.0000
   2013.62505708      0.0000
   2013.62508562      0.0000
   2013.62511416      0.0000
   2013.62514269      0.0000
   2013.62517123      0.0000
   2013.62519977      0.0000
   2013.62522831      0.0000
   2013.62525685      0.0000
   2013.62528539      0.0000
   2013.62531393      0.0000
   2013.62534247      0.0000
   2013.62537100      0.0000
   2013.62539954      0.0000
   2013.62542808      0.0000
   2013.62545662      0.0000
   2013.62548516      0.0000
   2013.62551370      0.0000
   2013.62554224      0.0000
   2013.62557078      0.0000
   2013.62559932      0.0000
   2013.62562785      0.0000
   2013.62565639      0.0000
   2013.62568493      0.0000
   2013.62571347      0.0007
   2013.62574201      0.0014
   2013.62577055      0.0020
   2013.62579909      0.0025
   2013.62582763      0.0029
   2013.62585616      0.0034
   2013.62588470      0.0200
   2013.62591324      0.0613
   2013.62594178      0.1054
   2013.62597032      0.1941
   2013.62599886      0.3255
   2013.62602740      0.5314
   2013.62605594      0.8455
   2013.62608447      1.2787
   2013.62611301      1.8961
   2013.62614155      2.6550
   2013.62617009      3.6659
   2013.62619863      4.4048
   2013.62622717      4.9999
   2013.62625571      4.7401
   2013.62628425      4.5322
   2013.62631279      4.4184
   2013.62634132      4.3571
   2013.62636986      3.6740
   2013.62639840      3.4714
   2013.62642694      3.1453
   2013.62645548      2.8774
   2013.62648402      2.6262
   2013.62651256      2.3898
   2013.62654110      2.1751
   2013.62656963      1.9705
   2013.62659817      1.8157
   2013.62662671      1.6740
   2013.62665525      1.5444
   2013.62668379      1.4257
   2013.62671233      1.3429
   2013.62674087      1.2579
   2013.62676941      1.2266
   2013.62679795      1.1223
   2013.62682648      1.0140
   2013.62685502      1.0308
   2013.62688356      1.0014
   2013.62691210      0.9645
   2013.62694064      0.9719
   2013.62696918      1.0017
   2013.62699772      0.9625
   2013.62702626      0.9695
   2013.62705479      1.0152
   2013.62708333      1.0836
   2013.62711187      1.0914
   2013.62714041      1.1427
   2013.62716895      1.2552
   2013.62719749      1.3722
   2013.62722603      1.5050
   2013.62725457      1.6476
   2013.62728311      1.8592
   2013.62731164      2.0214
   2013.62734018      2.2296
   2013.62736872      2.3564
   2013.62739726      2.4282
   2013.62742580      2.6165
   2013.62745434      2.7078
   2013.62748288      2.7333
   2013.62751142      2.7880
   2013.62753995      2.7967
   2013.62756849      2.7637
   2013.62759703      2.7144
   2013.62762557      2.6871
   2013.62765411      2.6308
   2013.62768265      2.5603
   2013.62771119      2.4810
   2013.62773973      2.4196
   2013.62776826      2.3375
   2013.62779680      2.2500
   2013.62782534      2.1664
   2013.62785388      2.0559
   2013.62788242      2.0084
   2013.62791096      1.9287
   2013.62793950      1.8061
   2013.62796804      1.7473
   2013.62799658      1.7000
   2013.62802511      1.6274
   2013.62805365      1.5604
   2013.62808219      1.3922
   2013.62811073      1.4301
   2013.62813927      1.3743
   2013.62816781      1.3012
   2013.62819635      1.2526
   2013.62822489      1.2030
   2013.62825342      1.1311
   2013.62828196      1.0992
   2013.62831050      1.0259
   2013.62833904      1.0222
   2013.62836758      0.9812
   2013.62839612      0.9064
   2013.62842466      0.9029
   2013.62845320      0.8737
   2013.62848174      0.8403
   2013.62851027      0.8077
   2013.62853881      0.7775
   2013.62856735      0.7477
   2013.62859589      0.7196
   2013.62862443      0.6937
   2013.62865297      0.6710
   2013.62868151      0.6479
   2013.62871005      0.6252
   2013.62873858      0.6033
   2013.62876712      0.5842
   2013.62879566      0.5643
   2013.62882420      0.5449
   2013.62885274      0.5265
   2013.62888128      0.5110
   2013.62890982      0.4946
   2013.62893836      0.4785
   2013.62896689      0.4631
   2013.62899543      0.4522
   2013.62902397      0.4389
   2013.62905251      0.4254
   2013.62908105      0.4126
   2013.62910959      0.4067
   2013.62913813      0.3967
   2013.62916667      0.3863
   2013.62919521      0.3768
   2013.62922374      0.3777
   2013.62925228      0.3722
   2013.62928082      0.3657
   2013.62930936      0.3601
   2013.62933790      0.3699
   2013.62936644      0.3703
   2013.62939498      0.3691
   2013.62942352      0.3696
   2013.62945205      0.3928
   2013.62948059      0.4031
   2013.62950913      0.4117
   2013.62953767      0.4242
   2013.62956621      0.4691
   2013.62959475      0.5144
   2013.62962329      0.5420
   2013.62965183      0.5822
   2013.62968037      0.6675
   2013.62970890      0.7381
   2013.62973744      0.7952
   2013.62976598      0.8858
   2013.62979452      1.0250
   2013.62982306      1.1714
   2013.62985160      1.3511
   2013.62988014      1.5502
   2013.62990868      1.8235
   2013.62993721      2.0362
   2013.62996575      2.2502
   2013.62999429      2.4464
   2013.63002283      2.5198
   2013.63005137      2.7774
   2013.63007991      2.8844
   2013.63010845      3.1185
   2013.63013699      2.8609
   2013.63016553      3.0721
   2013.63019406      3.0831
   2013.63022260      3.2295
   2013.63025114      3.0070
   2013.63027968      2.9669
   2013.63030822      2.8822
   2013.63033676      2.7783
   2013.63036530      2.6751
   2013.63039384      2.5071
   2013.63042237      2.4020
   2013.63045091      2.2774
   2013.63047945      2.1565
   2013.63050799      2.0352
   2013.63053653      1.9171
   2013.63056507      1.8014
   2013.63059361      1.6815
   2013.63062215      1.5778
   2013.63065068      1.4792
   2013.63067922      1.3849
   2013.63070776      1.2939
   2013.63073630      1.2065
   2013.63076484      1.1386
   2013.63079338      1.0562
   2013.63082192      0.9711
   2013.63085046      0.9178
   2013.63087900      0.8565
   2013.63090753      0.7977
   2013.63093607      0.7424
   2013.63096461      0.6912
   2013.63099315      0.6450
   2013.63102169      0.6035
   2013.63105023      0.5656
   2013.63107877      0.5311
   2013.63110731      0.4996
   2013.63113584      0.4706
   2013.63116438      0.4438
   2013.63119292      0.4189
   2013.63122146      0.3957
   2013.63125000      0.3741
   2013.63127854      0.3541
   2013.63130708      0.3354
   2013.63133562      0.3181
   2013.63136416      0.3021
   2013.63139269      0.2871
   2013.63142123      0.2731
   2013.63144977      0.2602
   2013.63147831      0.2480
   2013.63150685      0.2365
   2013.63153539      0.2256
   2013.63156393      0.2154
   2013.63159247      0.2057
   2013.63162100      0.1967
   2013.63164954      0.1883
   2013.63167808      0.1803
   2013.63170662      0.1728
   2013.63173516      0.1656
   2013.63176370      0.1589
   2013.63179224      0.1526
   2013.63182078      0.1466
   2013.63184932      0.1409
   2013.63187785      0.1355
   2013.63190639      0.1304
   2013.63193493      0.1256
   2013.63196347      0.1210
   2013.63199201      0.1166
   2013.63202055      0.1125
   2013.63204909      0.1086
   2013.63207763      0.1048
   2013.63210616      0.1013
