   2013.62465753      0.0000
   2013.62468607      0.0000
   2013.62471461      0.0001
   2013.62474315      0.0004
   2013.62477169      0.0007
   2013.62480023      0.0011
   2013.62482877      0.0014
   2013.62485731      0.0016
   2013.62488584      0.0020
   2013.62491438      0.0035
   2013.62494292      0.0058
   2013.62497146      0.0465
   2013.62500000      0.1000
   2013.62502854      0.1861
   2013.62505708      0.3429
   2013.62508562      0.6236
   2013.62511416      1.1569
   2013.62514269      1.9544
   2013.62517123      3.0514
   2013.62519977      4.6339
   2013.62522831      6.6985
   2013.62525685      8.3192
   2013.62528539      9.4115
   2013.62531393      9.9971
   2013.62534247     10.4053
   2013.62537100     10.5552
   2013.62539954     10.6809
   2013.62542808     10.6656
   2013.62545662     10.8164
   2013.62548516     10.7914
   2013.62551370     10.6615
   2013.62554224     10.3344
   2013.62557078      9.8883
   2013.62559932      9.6776
   2013.62562785      9.1096
   2013.62565639      8.6161
   2013.62568493      8.0415
   2013.62571347      7.7659
   2013.62574201      7.2039
   2013.62577055      6.7542
   2013.62579909      6.1199
   2013.62582763      6.0625
   2013.62585616      5.7110
   2013.62588470      5.4433
   2013.62591324      5.1959
   2013.62594178      5.4045
   2013.62597032      5.2481
   2013.62599886      5.2413
   2013.62602740      5.2757
   2013.62605594      5.5638
   2013.62608447      5.7009
   2013.62611301      5.7988
   2013.62614155      5.9335
   2013.62617009      6.2259
   2013.62619863      6.3704
   2013.62622717      6.4154
   2013.62625571      6.5399
   2013.62628425      6.7870
   2013.62631279      6.9284
   2013.62634132      6.9283
   2013.62636986      7.1232
   2013.62639840      7.3197
   2013.62642694      7.4240
   2013.62645548      7.4420
   2013.62648402      7.6201
   2013.62651256      7.8543
   2013.62654110      7.9283
   2013.62656963      7.9814
   2013.62659817      8.0815
   2013.62662671      8.2647
   2013.62665525      8.3484
   2013.62668379      8.3240
   2013.62671233      8.3816
   2013.62674087      8.5533
   2013.62676941      8.5943
   2013.62679795      8.4738
   2013.62682648      8.4846
   2013.62685502      8.6131
   2013.62688356      8.6074
   2013.62691210      8.4695
   2013.62694064      8.4430
   2013.62696918      8.5116
   2013.62699772      8.4674
   2013.62702626      8.3525
   2013.62705479      8.2774
   2013.62708333      8.2770
   2013.62711187      8.1756
   2013.62714041      8.0316
   2013.62716895      7.8842
   2013.62719749      7.9174
   2013.62722603      7.7989
   2013.62725457      7.5527
   2013.62728311      7.4798
   2013.62731164      7.4653
   2013.62734018      7.3137
   2013.62736872      7.1644
   2013.62739726      6.9869
   2013.62742580      7.0299
   2013.62745434      6.8751
   2013.62748288      6.7553
   2013.62751142      6.5257
   2013.62753995      6.7101
   2013.62756849      6.4595
   2013.62759703      6.3533
   2013.62762557      6.1159
   2013.62765411      6.1779
   2013.62768265      6.0584
   2013.62771119      5.9607
   2013.62773973      5.6972
   2013.62776826      5.7821
   2013.62779680      5.6914
   2013.62782534      5.5798
   2013.62785388      5.3637
   2013.62788242      5.4477
   2013.62791096      5.3784
   2013.62793950      5.2540
   2013.62796804      5.1742
   2013.62799658      5.1776
   2013.62802511      5.1300
   2013.62805365      5.0670
   2013.62808219      5.0007
   2013.62811073      4.9899
   2013.62813927      4.9578
   2013.62816781      4.9152
   2013.62819635      4.7750
   2013.62822489      4.9408
   2013.62825342      4.8795
   2013.62828196      4.8217
   2013.62831050      4.7650
   2013.62833904      4.9551
   2013.62836758      4.9152
   2013.62839612      4.9005
   2013.62842466      4.8618
   2013.62845320      5.1067
   2013.62848174      5.1099
   2013.62851027      5.1266
   2013.62853881      5.0840
   2013.62856735      5.3318
   2013.62859589      5.3678
   2013.62862443      5.3842
   2013.62865297      5.3880
   2013.62868151      5.6476
   2013.62871005      5.7248
   2013.62873858      5.7556
   2013.62876712      5.8048
   2013.62879566      6.0600
   2013.62882420      6.1621
   2013.62885274      6.1868
   2013.62888128      6.2244
   2013.62890982      6.5161
   2013.62893836      6.6289
   2013.62896689      6.6378
   2013.62899543      6.8238
   2013.62902397      7.0154
   2013.62905251      7.1331
   2013.62908105      7.1142
   2013.62910959      7.2990
   2013.62913813      7.4712
   2013.62916667      7.5924
   2013.62919521      7.6113
   2013.62922374      7.7764
   2013.62925228      7.9745
   2013.62928082      8.0634
   2013.62930936      8.1202
   2013.62933790      8.2611
   2013.62936644      8.4364
   2013.62939498      8.5188
   2013.62942352      8.4616
   2013.62945205      8.5137
   2013.62948059      8.6399
   2013.62950913      8.6775
   2013.62953767      8.6368
   2013.62956621      8.6126
   2013.62959475      8.7188
   2013.62962329      8.6830
   2013.62965183      8.5953
   2013.62968037      8.5553
   2013.62970890      8.6072
   2013.62973744      8.5989
   2013.62976598      8.4422
   2013.62979452      8.3561
   2013.62982306      8.3748
   2013.62985160      8.2519
   2013.62988014      8.0935
   2013.62990868      7.9822
   2013.62993721      7.9842
   2013.62996575      7.8736
   2013.62999429      7.6540
   2013.63002283      7.5584
   2013.63005137      7.5580
   2013.63007991      7.4074
   2013.63010845      7.2470
   2013.63013699      7.1074
   2013.63016553      7.1176
   2013.63019406      6.9616
   2013.63022260      6.8352
   2013.63025114      6.5720
   2013.63027968      6.1919
   2013.63030822      5.8830
   2013.63033676      5.5914
   2013.63036530      4.9572
   2013.63039384      4.6739
   2013.63042237      4.3225
   2013.63045091      3.9373
   2013.63047945      3.6304
   2013.63050799      3.2810
   2013.63053653      3.0078
   2013.63056507      2.7016
   2013.63059361      2.4129
   2013.63062215      2.1416
   2013.63065068      1.9683
   2013.63067922      1.7808
   2013.63070776      1.5998
   2013.63073630      1.4360
   2013.63076484      1.2842
   2013.63079338      1.1624
   2013.63082192      1.0502
   2013.63085046      0.9540
   2013.63087900      0.8668
   2013.63090753      0.7856
   2013.63093607      0.7116
   2013.63096461      0.6459
   2013.63099315      0.5880
   2013.63102169      0.5363
   2013.63105023      0.4902
   2013.63107877      0.4491
   2013.63110731      0.4122
   2013.63113584      0.3790
   2013.63116438      0.3490
   2013.63119292      0.3218
   2013.63122146      0.2972
   2013.63125000      0.2748
   2013.63127854      0.2544
   2013.63130708      0.2356
   2013.63133562      0.2183
   2013.63136416      0.2025
   2013.63139269      0.1880
   2013.63142123      0.1747
   2013.63144977      0.1625
   2013.63147831      0.1513
   2013.63150685      0.1410
   2013.63153539      0.1315
   2013.63156393      0.1227
   2013.63159247      0.1146
   2013.63162100      0.1072
   2013.63164954      0.1002
