   2013.62465753      0.0000
   2013.62468607      0.0000
   2013.62471461      0.0000
   2013.62474315      0.0000
   2013.62477169      0.0000
   2013.62480023      0.0000
   2013.62482877      0.0000
   2013.62485731      0.0000
   2013.62488584      0.0000
   2013.62491438      0.0000
   2013.62494292      0.0005
   2013.62497146      0.0010
   2013.62500000      0.0031
   2013.62502854      0.0029
   2013.62505708      0.0031
   2013.62508562      0.0033
   2013.62511416      0.0229
   2013.62514269      0.0683
   2013.62517123      0.1145
   2013.62519977      0.2073
   2013.62522831      0.3631
   2013.62525685      0.6226
   2013.62528539      1.0113
   2013.62531393      1.5704
   2013.62534247      2.3733
   2013.62537100      3.4939
   2013.62539954      4.8628
   2013.62542808      5.9989
   2013.62545662      6.5500
   2013.62548516      6.6999
   2013.62551370      6.7260
   2013.62554224      6.4841
   2013.62557078      6.0591
   2013.62559932      6.0039
   2013.62562785      5.6969
   2013.62565639      5.5774
   2013.62568493      4.6517
   2013.62571347      4.6497
   2013.62574201      4.2911
   2013.62577055      4.2899
   2013.62579909      3.5818
   2013.62582763      3.5667
   2013.62585616      3.3730
   2013.62588470      3.1940
   2013.62591324      3.1313
   2013.62594178      3.0467
   2013.62597032      2.8945
   2013.62599886      2.8366
   2013.62602740      2.8892
   2013.62605594      2.9098
   2013.62608447      2.8549
   2013.62611301      2.8599
   2013.62614155      2.8723
   2013.62617009      3.1016
   2013.62619863      3.0922
   2013.62622717      3.1393
   2013.62625571      3.1366
   2013.62628425      3.4072
   2013.62631279      3.3998
   2013.62634132      3.4552
   2013.62636986      3.5668
   2013.62639840      3.7056
   2013.62642694      3.7612
   2013.62645548      3.7885
   2013.62648402      3.9477
   2013.62651256      4.0138
   2013.62654110      3.9766
   2013.62656963      4.0729
   2013.62659817      4.2108
   2013.62662671      4.2660
   2013.62665525      4.2136
   2013.62668379      4.2972
   2013.62671233      4.2308
   2013.62674087      4.4550
   2013.62676941      4.3867
   2013.62679795      4.4571
   2013.62682648      4.3606
   2013.62685502      4.5766
   2013.62688356      4.4805
   2013.62691210      4.5258
   2013.62694064      4.4019
   2013.62696918      4.6003
   2013.62699772      4.4800
   2013.62702626      4.5004
   2013.62705479      4.5433
   2013.62708333      4.5374
   2013.62711187      4.5093
   2013.62714041      4.4003
   2013.62716895      4.4246
   2013.62719749      4.4044
   2013.62722603      4.3273
   2013.62725457      4.2328
   2013.62728311      4.0762
   2013.62731164      4.2205
   2013.62734018      4.1247
   2013.62736872      4.0363
   2013.62739726      3.9768
   2013.62742580      4.0119
   2013.62745434      3.9180
   2013.62748288      3.7699
   2013.62751142      3.6587
   2013.62753995      3.6966
   2013.62756849      3.6271
   2013.62759703      3.5214
   2013.62762557      3.2954
   2013.62765411      3.4835
   2013.62768265      3.4287
   2013.62771119      3.5290
   2013.62773973      3.1441
   2013.62776826      3.2858
   2013.62779680      3.2323
   2013.62782534      3.1001
   2013.62785388      3.0326
   2013.62788242      3.0985
   2013.62791096      3.3284
   2013.62793950      2.9773
   2013.62796804      2.8984
   2013.62799658      2.9382
   2013.62802511      2.9313
   2013.62805365      2.8472
   2013.62808219      2.8747
   2013.62811073      2.8129
   2013.62813927      2.8117
   2013.62816781      2.7390
   2013.62819635      2.7769
   2013.62822489      2.7907
   2013.62825342      2.7357
   2013.62828196      2.6741
   2013.62831050      2.7272
   2013.62833904      2.6807
   2013.62836758      2.7186
   2013.62839612      2.6672
   2013.62842466      2.7380
   2013.62845320      2.7061
   2013.62848174      2.7152
   2013.62851027      2.7221
   2013.62853881      2.8103
   2013.62856735      2.7907
   2013.62859589      2.8135
   2013.62862443      2.8243
   2013.62865297      2.8335
   2013.62868151      3.0061
   2013.62871005      2.9698
   2013.62873858      3.0038
   2013.62876712      2.9511
   2013.62879566      3.1990
   2013.62882420      3.1711
   2013.62885274      3.1505
   2013.62888128      3.1530
   2013.62890982      3.4172
   2013.62893836      3.3950
   2013.62896689      3.4373
   2013.62899543      3.5055
   2013.62902397      3.6658
   2013.62905251      3.7125
   2013.62908105      3.7410
   2013.62910959      3.9150
   2013.62913813      3.9544
   2013.62916667      3.9152
   2013.62919521      4.0074
   2013.62922374      3.9789
   2013.62925228      4.4143
   2013.62928082      4.5170
   2013.62930936      4.5972
   2013.62933790      4.1475
   2013.62936644      4.2691
   2013.62939498      4.0950
   2013.62942352      4.1197
   2013.62945205      4.4402
   2013.62948059      4.6147
   2013.62950913      4.6653
   2013.62953767      4.5359
   2013.62956621      4.2960
   2013.62959475      4.0351
   2013.62962329      3.7379
   2013.62965183      3.5128
   2013.62968037      3.3312
   2013.62970890      3.2836
   2013.62973744      3.4624
   2013.62976598      3.2183
   2013.62979452      3.1562
   2013.62982306      2.9281
   2013.62985160      2.7102
   2013.62988014      2.4843
   2013.62990868      2.2778
   2013.62993721      2.1081
   2013.62996575      1.9161
   2013.62999429      1.7822
   2013.63002283      1.6674
   2013.63005137      1.5627
   2013.63007991      1.4610
   2013.63010845      1.3603
   2013.63013699      1.2621
   2013.63016553      1.1642
   2013.63019406      1.0776
   2013.63022260      0.9922
   2013.63025114      0.9148
   2013.63027968      0.8406
   2013.63030822      0.7692
   2013.63033676      0.7028
   2013.63036530      0.6428
   2013.63039384      0.5890
   2013.63042237      0.5402
   2013.63045091      0.4964
   2013.63047945      0.4569
   2013.63050799      0.4213
   2013.63053653      0.3890
   2013.63056507      0.3596
   2013.63059361      0.3328
   2013.63062215      0.3084
   2013.63065068      0.2861
   2013.63067922      0.2657
   2013.63070776      0.2469
   2013.63073630      0.2296
   2013.63076484      0.2135
   2013.63079338      0.1987
   2013.63082192      0.1851
   2013.63085046      0.1725
   2013.63087900      0.1610
   2013.63090753      0.1503
   2013.63093607      0.1404
   2013.63096461      0.1313
   2013.63099315      0.1228
   2013.63102169      0.1150
   2013.63105023      0.1077
   2013.63107877      0.1009
