   2013.62465753      0.0000
   2013.62468607      0.0000
   2013.62471461      0.0000
   2013.62474315      0.0000
   2013.62477169      0.0000
   2013.62480023      0.0000
   2013.62482877      0.0002
   2013.62485731      0.0007
   2013.62488584      0.0012
   2013.62491438      0.0021
   2013.62494292      0.0027
   2013.62497146      0.0032
   2013.62500000      0.0053
   2013.62502854      0.0374
   2013.62505708      0.0812
   2013.62508562      0.1423
   2013.62511416      0.2706
   2013.62514269      0.4830
   2013.62517123      0.8257
   2013.62519977      1.3573
   2013.62522831      2.1104
   2013.62525685      3.1857
   2013.62528539      4.6959
   2013.62531393      6.2292
   2013.62534247      7.2766
   2013.62537100      7.8579
   2013.62539954      8.2725
   2013.62542808      8.4919
   2013.62545662      8.6490
   2013.62548516      8.7405
   2013.62551370      8.8110
   2013.62554224      8.8570
   2013.62557078      8.8949
   2013.62559932      8.9227
   2013.62562785      8.9569
   2013.62565639      8.9815
   2013.62568493      9.1104
   2013.62571347      9.1082
   2013.62574201      9.1607
   2013.62577055      8.8008
   2013.62579909      8.3533
   2013.62582763      8.5104
   2013.62585616      7.9970
   2013.62588470      7.4975
   2013.62591324      6.7110
   2013.62594178      6.4168
   2013.62597032      6.0496
   2013.62599886      5.6321
   2013.62602740      5.1624
   2013.62605594      4.6862
   2013.62608447      4.6555
   2013.62611301      4.0487
   2013.62614155      3.5108
   2013.62617009      3.2365
   2013.62619863      2.9068
   2013.62622717      2.6632
   2013.62625571      2.4467
   2013.62628425      2.2582
   2013.62631279      2.1486
   2013.62634132      1.9751
   2013.62636986      1.7502
   2013.62639840      1.6154
   2013.62642694      1.4818
   2013.62645548      1.3529
   2013.62648402      1.2266
   2013.62651256      1.1230
   2013.62654110      1.0242
   2013.62656963      0.9357
   2013.62659817      0.8536
   2013.62662671      0.7759
   2013.62665525      0.7039
   2013.62668379      0.6395
   2013.62671233      0.5821
   2013.62674087      0.5305
   2013.62676941      0.4844
   2013.62679795      0.4431
   2013.62682648      0.4061
   2013.62685502      0.3727
   2013.62688356      0.3425
   2013.62691210      0.3151
   2013.62694064      0.2904
   2013.62696918      0.2679
   2013.62699772      0.2474
   2013.62702626      0.2285
   2013.62705479      0.2112
   2013.62708333      0.1953
   2013.62711187      0.1808
   2013.62714041      0.1676
   2013.62716895      0.1555
   2013.62719749      0.1444
   2013.62722603      0.1342
   2013.62725457      0.1248
   2013.62728311      0.1162
   2013.62731164      0.1082
   2013.62734018      0.1009
