   2013.62465753      0.0000
   2013.62468607      0.0000
   2013.62471461      0.0000
   2013.62474315      0.0000
   2013.62477169      0.0000
   2013.62480023      0.0000
   2013.62482877      0.0000
   2013.62485731      0.0000
   2013.62488584      0.0000
   2013.62491438      0.0000
   2013.62494292      0.0000
   2013.62497146      0.0000
   2013.62500000      0.0000
   2013.62502854      0.0000
   2013.62505708      0.0000
   2013.62508562      0.0000
   2013.62511416      0.0000
   2013.62514269      0.0000
   2013.62517123      0.0000
   2013.62519977      0.0000
   2013.62522831      0.0000
   2013.62525685      0.0000
   2013.62528539      0.0000
   2013.62531393      0.0000
   2013.62534247      0.0000
   2013.62537100      0.0000
   2013.62539954      0.0000
   2013.62542808      0.0000
   2013.62545662      0.0000
   2013.62548516      0.0000
   2013.62551370      0.0000
   2013.62554224      0.0000
   2013.62557078      0.0000
   2013.62559932      0.0000
   2013.62562785      0.0000
   2013.62565639      0.0000
   2013.62568493      0.0000
   2013.62571347      0.0000
   2013.62574201      0.0000
   2013.62577055      0.0000
   2013.62579909      0.0000
   2013.62582763      0.0000
   2013.62585616      0.0000
   2013.62588470      0.0000
   2013.62591324      0.0000
   2013.62594178      0.0000
   2013.62597032      0.0000
   2013.62599886      0.0000
   2013.62602740      0.0000
   2013.62605594      0.0000
   2013.62608447      0.0000
   2013.62611301      0.0000
   2013.62614155      0.0000
   2013.62617009      0.0000
   2013.62619863      0.0000
   2013.62622717      0.0000
   2013.62625571      0.0000
   2013.62628425      0.0000
   2013.62631279      0.0000
   2013.62634132      0.0000
   2013.62636986      0.0000
   2013.62639840      0.0000
   2013.62642694      0.0000
   2013.62645548      0.0000
   2013.62648402      0.0000
   2013.62651256      0.0000
   2013.62654110      0.0000
   2013.62656963      0.0000
   2013.62659817      0.0000
   2013.62662671      0.0000
   2013.62665525      0.0000
   2013.62668379      0.0000
   2013.62671233      0.0000
   2013.62674087      0.0000
   2013.62676941      0.0000
   2013.62679795      0.0000
   2013.62682648      0.0000
   2013.62685502      0.0000
   2013.62688356      0.0000
   2013.62691210      0.0000
   2013.62694064      0.0000
   2013.62696918      0.0000
   2013.62699772      0.0000
   2013.62702626      0.0000
   2013.62705479      0.0000
   2013.62708333      0.0000
   2013.62711187      0.0000
   2013.62714041      0.0000
   2013.62716895      0.0000
   2013.62719749      0.5376
   2013.62722603      2.2070
   2013.62725457      5.9887
   2013.62728311     11.1011
   2013.62731164     21.7782
   2013.62734018     28.3330
   2013.62736872     24.9551
   2013.62739726     20.8721
   2013.62742580     17.2722
   2013.62745434     14.6600
   2013.62748288     12.5503
   2013.62751142     10.9660
   2013.62753995      9.9718
   2013.62756849      9.0032
   2013.62759703      8.2488
   2013.62762557      7.8063
   2013.62765411      7.3495
   2013.62768265      7.0184
   2013.62771119      6.7684
   2013.62773973      6.5986
   2013.62776826      6.4450
   2013.62779680      6.3337
   2013.62782534      6.2428
   2013.62785388      6.1916
   2013.62788242      6.1205
   2013.62791096      6.0629
   2013.62793950      6.0099
   2013.62796804      5.9814
   2013.62799658      5.9365
   2013.62802511      5.8346
   2013.62805365      5.7914
   2013.62808219      5.5708
   2013.62811073      5.3233
   2013.62813927      5.3171
   2013.62816781      4.9746
   2013.62819635      4.4498
   2013.62822489      4.1384
   2013.62825342      4.0027
   2013.62828196      3.5162
   2013.62831050      3.3329
   2013.62833904      3.0023
   2013.62836758      2.7519
   2013.62839612      2.5050
   2013.62842466      2.2242
   2013.62845320      2.1200
   2013.62848174      1.9396
   2013.62851027      1.7568
   2013.62853881      1.6453
   2013.62856735      1.6148
   2013.62859589      1.4271
   2013.62862443      1.3154
   2013.62865297      1.2995
   2013.62868151      1.1860
   2013.62871005      1.1073
   2013.62873858      1.0420
   2013.62876712      1.0239
   2013.62879566      1.0231
   2013.62882420      0.9487
   2013.62885274      0.9152
   2013.62888128      0.9288
   2013.62890982      0.9576
   2013.62893836      0.9202
   2013.62896689      0.9192
   2013.62899543      0.9682
   2013.62902397      1.0297
   2013.62905251      1.0236
   2013.62908105      1.0631
   2013.62910959      1.1641
   2013.62913813      1.2532
   2013.62916667      1.3572
   2013.62919521      1.4569
   2013.62922374      1.6411
   2013.62925228      1.8048
   2013.62928082      1.9369
   2013.62930936      2.0389
   2013.62933790      2.2362
   2013.62936644      2.3890
   2013.62939498      2.4464
   2013.62942352      2.5395
   2013.62945205      2.7008
   2013.62948059      2.7432
   2013.62950913      2.8123
   2013.62953767      2.8214
   2013.62956621      2.8617
   2013.62959475      3.1059
   2013.62962329      3.1931
   2013.62965183      3.0834
   2013.62968037      2.9084
   2013.62970890      3.0056
   2013.62973744      2.8974
   2013.62976598      2.9592
   2013.62979452      3.2138
   2013.62982306      3.1115
   2013.62985160      3.0818
   2013.62988014      2.9703
   2013.62990868      2.8030
   2013.62993721      2.6301
   2013.62996575      2.4881
   2013.62999429      2.3770
   2013.63002283      2.2531
   2013.63005137      2.2083
   2013.63007991      2.1540
   2013.63010845      2.0790
   2013.63013699      1.9846
   2013.63016553      1.8815
   2013.63019406      1.7491
   2013.63022260      1.6354
   2013.63025114      1.5281
   2013.63027968      1.4291
   2013.63030822      1.3381
   2013.63033676      1.2549
   2013.63036530      1.1787
   2013.63039384      1.1492
   2013.63042237      1.0495
   2013.63045091      0.9576
   2013.63047945      0.9176
   2013.63050799      0.8602
   2013.63053653      0.8005
   2013.63056507      0.7423
   2013.63059361      0.6866
   2013.63062215      0.6350
   2013.63065068      0.5877
   2013.63067922      0.5443
   2013.63070776      0.5048
   2013.63073630      0.4689
   2013.63076484      0.4360
   2013.63079338      0.4058
   2013.63082192      0.3780
   2013.63085046      0.3522
   2013.63087900      0.3283
   2013.63090753      0.3062
   2013.63093607      0.2858
   2013.63096461      0.2669
   2013.63099315      0.2493
   2013.63102169      0.2330
   2013.63105023      0.2176
   2013.63107877      0.2034
   2013.63110731      0.1901
   2013.63113584      0.1778
   2013.63116438      0.1664
   2013.63119292      0.1557
   2013.63122146      0.1459
   2013.63125000      0.1367
   2013.63127854      0.1281
   2013.63130708      0.1202
   2013.63133562      0.1127
   2013.63136416      0.1057
