   2013.62465753      0.0000
   2013.62468607      0.0000
   2013.62471461      0.0000
   2013.62474315      0.0000
   2013.62477169      0.0000
   2013.62480023      0.0000
   2013.62482877      0.0000
   2013.62485731      0.0000
   2013.62488584      0.0000
   2013.62491438      0.0000
   2013.62494292      0.0000
   2013.62497146      0.0000
   2013.62500000      0.0000
   2013.62502854      0.0041
   2013.62505708      0.0038
   2013.62508562      0.0039
   2013.62511416      0.0458
   2013.62514269      0.0984
   2013.62517123      0.1770
   2013.62519977      0.3267
   2013.62522831      0.6132
   2013.62525685      1.0741
   2013.62528539      1.7702
   2013.62531393      2.7941
   2013.62534247      4.4595
   2013.62537100      6.3987
   2013.62539954      7.8709
   2013.62542808      8.7782
   2013.62545662      9.5059
   2013.62548516      9.6462
   2013.62551370      9.8818
   2013.62554224     10.0106
   2013.62557078     10.1444
   2013.62559932     10.2128
   2013.62562785     10.3327
   2013.62565639     10.3876
   2013.62568493     10.4733
   2013.62571347     10.5584
   2013.62574201     10.7042
   2013.62577055     10.7596
   2013.62579909     10.8182
   2013.62582763     11.8094
   2013.62585616     12.1434
   2013.62588470     12.1325
   2013.62591324     12.2528
   2013.62594178     13.6226
   2013.62597032     12.9473
   2013.62599886     12.6630
   2013.62602740     11.4629
   2013.62605594     11.2142
   2013.62608447     11.4653
   2013.62611301     11.4625
   2013.62614155     11.3590
   2013.62617009     11.0432
   2013.62619863     10.0935
   2013.62622717      9.1375
   2013.62625571      8.1382
   2013.62628425      7.2222
   2013.62631279      6.4915
   2013.62634132      6.1550
   2013.62636986      6.3365
   2013.62639840      6.5619
   2013.62642694      6.9614
   2013.62645548      5.8987
   2013.62648402      5.3207
   2013.62651256      4.8212
   2013.62654110      4.1076
   2013.62656963      3.5751
   2013.62659817      3.1244
   2013.62662671      2.8743
   2013.62665525      2.4933
   2013.62668379      2.0988
   2013.62671233      1.8607
   2013.62674087      1.6493
   2013.62676941      1.4648
   2013.62679795      1.3500
   2013.62682648      1.1776
   2013.62685502      1.0370
   2013.62688356      0.9550
   2013.62691210      0.8662
   2013.62694064      0.7840
   2013.62696918      0.7099
   2013.62699772      0.6441
   2013.62702626      0.5859
   2013.62705479      0.5340
   2013.62708333      0.4881
   2013.62711187      0.4473
   2013.62714041      0.4108
   2013.62716895      0.3780
   2013.62719749      0.3483
   2013.62722603      0.3214
   2013.62725457      0.2969
   2013.62728311      0.2746
   2013.62731164      0.2543
   2013.62734018      0.2355
   2013.62736872      0.2182
   2013.62739726      0.2023
   2013.62742580      0.1878
   2013.62745434      0.1744
   2013.62748288      0.1621
   2013.62751142      0.1509
   2013.62753995      0.1405
   2013.62756849      0.1309
   2013.62759703      0.1221
   2013.62762557      0.1139
   2013.62765411      0.1064
