   2013.62465753      0.0000
   2013.62468607      0.0000
   2013.62471461      0.0000
   2013.62474315      0.0000
   2013.62477169      0.0000
   2013.62480023      0.0000
   2013.62482877      0.0000
   2013.62485731      0.0000
   2013.62488584      0.0000
   2013.62491438      0.0000
   2013.62494292      0.0000
   2013.62497146      0.0000
   2013.62500000      0.0000
   2013.62502854      0.0031
   2013.62505708      0.0037
   2013.62508562      0.0044
   2013.62511416      0.0211
   2013.62514269      0.0782
   2013.62517123      0.1458
   2013.62519977      0.2899
   2013.62522831      0.5817
   2013.62525685      1.1008
   2013.62528539      1.9680
   2013.62531393      3.2121
   2013.62534247      5.2194
   2013.62537100      7.6500
   2013.62539954      9.6522
   2013.62542808     10.8566
   2013.62545662     11.2501
   2013.62548516     11.1917
   2013.62551370     10.9992
   2013.62554224     10.5088
   2013.62557078      9.5699
   2013.62559932      9.3187
   2013.62562785      8.6455
   2013.62565639      8.2998
   2013.62568493      7.0204
   2013.62571347      6.7811
   2013.62574201      6.1915
   2013.62577055      5.7348
   2013.62579909      5.0383
   2013.62582763      5.0679
   2013.62585616      4.6784
   2013.62588470      4.5121
   2013.62591324      4.1695
   2013.62594178      4.3719
   2013.62597032      4.2218
   2013.62599886      4.2886
   2013.62602740      4.1606
   2013.62605594      4.5687
   2013.62608447      4.5542
   2013.62611301      4.8078
   2013.62614155      4.6919
   2013.62617009      5.2884
   2013.62619863      5.2307
   2013.62622717      5.4217
   2013.62625571      5.3638
   2013.62628425      5.7838
   2013.62631279      5.9487
   2013.62634132      6.1395
   2013.62636986      6.0300
   2013.62639840      6.4680
   2013.62642694      6.6415
   2013.62645548      6.7981
   2013.62648402      6.6870
   2013.62651256      7.0908
   2013.62654110      7.2824
   2013.62656963      7.3861
   2013.62659817      7.2510
   2013.62662671      7.6036
   2013.62665525      7.8389
   2013.62668379      7.8007
   2013.62671233      7.5857
   2013.62674087      7.9285
   2013.62676941      7.8923
   2013.62679795      8.0119
   2013.62682648      7.7302
   2013.62685502      7.9965
   2013.62688356      7.9717
   2013.62691210      8.0378
   2013.62694064      7.6969
   2013.62696918      7.9886
   2013.62699772      8.0146
   2013.62702626      7.8994
   2013.62705479      7.5317
   2013.62708333      7.7289
   2013.62711187      7.6667
   2013.62714041      7.4384
   2013.62716895      7.0904
   2013.62719749      7.3140
   2013.62722603      7.2095
   2013.62725457      6.9906
   2013.62728311      6.5954
   2013.62731164      6.9099
   2013.62734018      6.6904
   2013.62736872      6.4777
   2013.62739726      6.0904
   2013.62742580      6.5019
   2013.62745434      6.1629
   2013.62748288      6.1980
   2013.62751142      5.6942
   2013.62753995      5.9319
   2013.62756849      5.6338
   2013.62759703      5.5775
   2013.62762557      5.1708
   2013.62765411      5.3883
   2013.62768265      5.1226
   2013.62771119      5.0410
   2013.62773973      4.7572
   2013.62776826      4.8894
   2013.62779680      4.7485
   2013.62782534      4.5771
   2013.62785388      4.3460
   2013.62788242      4.4636
   2013.62791096      4.3271
   2013.62793950      4.1988
   2013.62796804      4.1849
   2013.62799658      4.1254
   2013.62802511      4.0014
   2013.62805365      3.8402
   2013.62808219      3.8358
   2013.62811073      3.8681
   2013.62813927      3.7193
   2013.62816781      3.6252
   2013.62819635      3.5540
   2013.62822489      3.6307
   2013.62825342      3.6140
   2013.62828196      3.5884
   2013.62831050      3.5040
   2013.62833904      3.6913
   2013.62836758      3.6048
   2013.62839612      3.6124
   2013.62842466      3.6827
   2013.62845320      3.7798
   2013.62848174      3.8078
   2013.62851027      3.8092
   2013.62853881      3.9637
   2013.62856735      4.0296
   2013.62859589      3.9979
   2013.62862443      4.1188
   2013.62865297      4.0295
   2013.62868151      4.4135
   2013.62871005      4.3962
   2013.62873858      4.5835
   2013.62876712      4.4634
   2013.62879566      4.9607
   2013.62882420      4.9294
   2013.62885274      5.0940
   2013.62888128      5.0289
   2013.62890982      5.4992
   2013.62893836      5.5612
   2013.62896689      5.7409
   2013.62899543      5.6508
   2013.62902397      6.0719
   2013.62905251      6.2365
   2013.62908105      6.4087
   2013.62910959      6.3036
   2013.62913813      6.7139
   2013.62916667      6.8849
   2013.62919521      7.0171
   2013.62922374      7.1346
   2013.62925228      7.9986
   2013.62928082      8.1512
   2013.62930936      7.8259
   2013.62933790      7.4326
   2013.62936644      7.1594
   2013.62939498      7.4230
   2013.62942352      8.1511
   2013.62945205      8.6006
   2013.62948059      8.7555
   2013.62950913      8.3790
   2013.62953767      7.8750
   2013.62956621      7.1632
   2013.62959475      6.4697
   2013.62962329      5.8994
   2013.62965183      5.6509
   2013.62968037      6.2898
   2013.62970890      5.6578
   2013.62973744      5.9946
   2013.62976598      5.1565
   2013.62979452      4.6643
   2013.62982306      4.4714
   2013.62985160      3.7605
   2013.62988014      3.3134
   2013.62990868      2.9758
   2013.62993721      2.6415
   2013.62996575      2.4831
   2013.62999429      2.2307
   2013.63002283      2.0302
   2013.63005137      1.8566
   2013.63007991      1.6351
   2013.63010845      1.4952
   2013.63013699      1.3642
   2013.63016553      1.2965
   2013.63019406      1.1447
   2013.63022260      1.0186
   2013.63025114      0.9515
   2013.63027968      0.8719
   2013.63030822      0.7951
   2013.63033676      0.7241
   2013.63036530      0.6595
   2013.63039384      0.6018
   2013.63042237      0.5498
   2013.63045091      0.5034
   2013.63047945      0.4619
   2013.63050799      0.4247
   2013.63053653      0.3911
   2013.63056507      0.3606
   2013.63059361      0.3328
   2013.63062215      0.3076
   2013.63065068      0.2846
   2013.63067922      0.2636
   2013.63070776      0.2442
   2013.63073630      0.2264
   2013.63076484      0.2100
   2013.63079338      0.1949
   2013.63082192      0.1810
   2013.63085046      0.1683
   2013.63087900      0.1567
   2013.63090753      0.1459
   2013.63093607      0.1360
   2013.63096461      0.1269
   2013.63099315      0.1185
   2013.63102169      0.1107
   2013.63105023      0.1034
