   2013.62465753      0.0000
   2013.62468607      0.0000
   2013.62471461      0.0000
   2013.62474315      0.0000
   2013.62477169      0.0000
   2013.62480023      0.0000
   2013.62482877      0.0000
   2013.62485731      0.0000
   2013.62488584      0.0000
   2013.62491438      0.0000
   2013.62494292      0.0000
   2013.62497146      0.0000
   2013.62500000      0.0000
   2013.62502854      0.0000
   2013.62505708      0.0000
   2013.62508562      0.0000
   2013.62511416      0.0000
   2013.62514269      0.0000
   2013.62517123      0.0000
   2013.62519977      0.0000
   2013.62522831      0.0000
   2013.62525685      0.0000
   2013.62528539      0.0000
   2013.62531393      0.0000
   2013.62534247      0.0000
   2013.62537100      0.0000
   2013.62539954      0.0000
   2013.62542808      0.0000
   2013.62545662      0.0000
   2013.62548516      0.0000
   2013.62551370      0.0000
   2013.62554224      0.0000
   2013.62557078      0.0000
   2013.62559932      0.0000
   2013.62562785      0.0000
   2013.62565639      0.0000
   2013.62568493      0.0000
   2013.62571347      0.0000
   2013.62574201      0.0000
   2013.62577055      0.0000
   2013.62579909      0.0000
   2013.62582763      0.0000
   2013.62585616      0.0000
   2013.62588470      0.0000
   2013.62591324      0.0000
   2013.62594178      0.0000
   2013.62597032      0.0000
   2013.62599886      0.0000
   2013.62602740      0.0000
   2013.62605594      0.0124
   2013.62608447      0.0833
   2013.62611301      0.1719
   2013.62614155      0.4257
   2013.62617009      1.0587
   2013.62619863      2.2818
   2013.62622717      4.2949
   2013.62625571      7.6268
   2013.62628425     12.6303
   2013.62631279     16.0324
   2013.62634132     18.4374
   2013.62636986     18.2738
   2013.62639840     17.7573
   2013.62642694     16.7601
   2013.62645548     15.6337
   2013.62648402     13.4929
   2013.62651256     12.7596
   2013.62654110     11.2331
   2013.62656963      9.6695
   2013.62659817      8.3510
   2013.62662671      7.6772
   2013.62665525      6.5701
   2013.62668379      6.1412
   2013.62671233      4.9783
   2013.62674087      4.4406
   2013.62676941      3.9185
   2013.62679795      3.5342
   2013.62682648      3.1734
   2013.62685502      2.9244
   2013.62688356      2.5988
   2013.62691210      2.3578
   2013.62694064      2.2056
   2013.62696918      2.0698
   2013.62699772      1.9246
   2013.62702626      1.7559
   2013.62705479      1.6819
   2013.62708333      1.6147
   2013.62711187      1.5338
   2013.62714041      1.4527
   2013.62716895      1.3008
   2013.62719749      1.3582
   2013.62722603      1.3155
   2013.62725457      1.2659
   2013.62728311      1.1541
   2013.62731164      1.2145
   2013.62734018      1.2082
   2013.62736872      1.1467
   2013.62739726      1.0608
   2013.62742580      1.1154
   2013.62745434      1.0806
   2013.62748288      1.0489
   2013.62751142      1.0808
   2013.62753995      1.0492
   2013.62756849      1.0090
   2013.62759703      0.9693
   2013.62762557      0.9587
   2013.62765411      0.9368
   2013.62768265      0.8931
   2013.62771119      0.8761
   2013.62773973      0.8627
   2013.62776826      0.8366
   2013.62779680      0.8063
   2013.62782534      0.7771
   2013.62785388      0.7640
   2013.62788242      0.7412
   2013.62791096      0.7150
   2013.62793950      0.6900
   2013.62796804      0.6783
   2013.62799658      0.6562
   2013.62802511      0.6318
   2013.62805365      0.6086
   2013.62808219      0.6002
   2013.62811073      0.5801
   2013.62813927      0.5578
   2013.62816781      0.5369
   2013.62819635      0.5309
   2013.62822489      0.5138
   2013.62825342      0.4946
   2013.62828196      0.4768
   2013.62831050      0.4747
   2013.62833904      0.4610
   2013.62836758      0.4445
   2013.62839612      0.4290
   2013.62842466      0.4303
   2013.62845320      0.4196
   2013.62848174      0.4062
   2013.62851027      0.3938
   2013.62853881      0.3991
   2013.62856735      0.3921
   2013.62859589      0.3821
   2013.62862443      0.3730
   2013.62865297      0.3839
   2013.62868151      0.3810
   2013.62871005      0.3748
   2013.62873858      0.3695
   2013.62876712      0.3857
   2013.62879566      0.3875
   2013.62882420      0.3858
   2013.62885274      0.3857
   2013.62888128      0.4090
   2013.62890982      0.4168
   2013.62893836      0.4213
   2013.62896689      0.4279
   2013.62899543      0.4602
   2013.62902397      0.4873
   2013.62905251      0.4930
   2013.62908105      0.5086
   2013.62910959      0.5332
   2013.62913813      0.5938
   2013.62916667      0.6058
   2013.62919521      0.6350
   2013.62922374      0.6935
   2013.62925228      0.7315
   2013.62928082      0.7783
   2013.62930936      0.8182
   2013.62933790      0.8850
   2013.62936644      0.9305
   2013.62939498      0.9780
   2013.62942352      1.0203
   2013.62945205      1.0928
   2013.62948059      1.1447
   2013.62950913      1.1897
   2013.62953767      1.2212
   2013.62956621      1.2837
   2013.62959475      1.3215
   2013.62962329      1.3501
   2013.62965183      1.3655
   2013.62968037      1.4120
   2013.62970890      1.4341
   2013.62973744      1.4457
   2013.62976598      1.4468
   2013.62979452      1.4765
   2013.62982306      1.4827
   2013.62985160      1.4813
   2013.62988014      1.4672
   2013.62990868      1.4818
   2013.62993721      1.4745
   2013.62996575      1.4625
   2013.62999429      1.4380
   2013.63002283      1.4435
   2013.63005137      1.4224
   2013.63007991      1.4017
   2013.63010845      1.3707
   2013.63013699      1.2545
   2013.63016553      1.3327
   2013.63019406      1.3110
   2013.63022260      1.2733
   2013.63025114      1.2256
   2013.63027968      1.1897
   2013.63030822      1.1522
   2013.63033676      1.0952
   2013.63036530      1.0946
   2013.63039384      1.0170
   2013.63042237      0.9677
   2013.63045091      0.9102
   2013.63047945      0.8726
   2013.63050799      0.8279
   2013.63053653      0.7833
   2013.63056507      0.7385
   2013.63059361      0.6947
   2013.63062215      0.6532
   2013.63065068      0.6144
   2013.63067922      0.5776
   2013.63070776      0.5427
   2013.63073630      0.5099
   2013.63076484      0.4789
   2013.63079338      0.4498
   2013.63082192      0.4223
   2013.63085046      0.3964
   2013.63087900      0.3718
   2013.63090753      0.3487
   2013.63093607      0.3268
   2013.63096461      0.3063
   2013.63099315      0.2871
   2013.63102169      0.2691
   2013.63105023      0.2522
   2013.63107877      0.2363
   2013.63110731      0.2213
   2013.63113584      0.2072
   2013.63116438      0.1940
   2013.63119292      0.1817
   2013.63122146      0.1702
   2013.63125000      0.1595
   2013.63127854      0.1495
   2013.63130708      0.1401
   2013.63133562      0.1314
   2013.63136416      0.1233
   2013.63139269      0.1157
   2013.63142123      0.1086
   2013.63144977      0.1019
