   2013.62465753      0.0000
   2013.62468607      0.0000
   2013.62471461      0.0000
   2013.62474315      0.0000
   2013.62477169      0.0000
   2013.62480023      0.0000
   2013.62482877      0.0000
   2013.62485731      0.0000
   2013.62488584      0.0000
   2013.62491438      0.0000
   2013.62494292      0.0000
   2013.62497146      0.0000
   2013.62500000      0.0000
   2013.62502854      0.0000
   2013.62505708      0.0000
   2013.62508562      0.0000
   2013.62511416      0.0000
   2013.62514269      0.0000
   2013.62517123      0.0000
   2013.62519977      0.0000
   2013.62522831      0.0000
   2013.62525685      0.0000
   2013.62528539      0.0000
   2013.62531393      0.0000
   2013.62534247      0.0000
   2013.62537100      0.0000
   2013.62539954      0.0000
   2013.62542808      0.0000
   2013.62545662      0.0000
   2013.62548516      0.0000
   2013.62551370      0.0000
   2013.62554224      0.0000
   2013.62557078      0.0000
   2013.62559932      0.0000
   2013.62562785      0.0000
   2013.62565639      0.0000
   2013.62568493      0.0000
   2013.62571347      0.0000
   2013.62574201      0.0000
   2013.62577055      0.0000
   2013.62579909      0.0000
   2013.62582763      0.0000
   2013.62585616      0.0000
   2013.62588470      0.0000
   2013.62591324      0.0000
   2013.62594178      0.0000
   2013.62597032      0.0000
   2013.62599886      0.0000
   2013.62602740      0.0000
   2013.62605594      0.0000
   2013.62608447      0.0000
   2013.62611301      0.0000
   2013.62614155      0.0000
   2013.62617009      0.0000
   2013.62619863      0.0000
   2013.62622717      0.0000
   2013.62625571      0.0000
   2013.62628425      0.0000
   2013.62631279      0.0000
   2013.62634132      0.0000
   2013.62636986      0.0000
   2013.62639840      0.0000
   2013.62642694      0.0000
   2013.62645548      0.0000
   2013.62648402      0.0000
   2013.62651256      0.0000
   2013.62654110      0.0000
   2013.62656963      0.0000
   2013.62659817      0.0000
   2013.62662671      0.0000
   2013.62665525      0.0000
   2013.62668379      0.0000
   2013.62671233      0.0000
   2013.62674087      0.0000
   2013.62676941      0.0000
   2013.62679795      0.0000
   2013.62682648      0.0000
   2013.62685502      0.0000
   2013.62688356      0.0000
   2013.62691210      0.0000
   2013.62694064      0.0000
   2013.62696918      0.1525
   2013.62699772      0.3409
   2013.62702626      1.1018
   2013.62705479      3.0790
   2013.62708333      6.2515
   2013.62711187     12.3190
   2013.62714041     20.7856
   2013.62716895     23.8746
   2013.62719749     24.8766
   2013.62722603     22.6615
   2013.62725457     20.0866
   2013.62728311     16.9188
   2013.62731164     15.3262
   2013.62734018     13.1735
   2013.62736872     10.9991
   2013.62739726      9.4467
   2013.62742580      8.1601
   2013.62745434      7.5093
   2013.62748288      5.8670
   2013.62751142      5.0652
   2013.62753995      4.6728
   2013.62756849      3.7332
   2013.62759703      3.2939
   2013.62762557      2.8797
   2013.62765411      2.5418
   2013.62768265      2.2185
   2013.62771119      1.9566
   2013.62773973      1.7426
   2013.62776826      1.5558
   2013.62779680      1.3903
   2013.62782534      1.2432
   2013.62785388      1.1226
   2013.62788242      1.0124
   2013.62791096      0.9176
   2013.62793950      0.8307
   2013.62796804      0.7537
   2013.62799658      0.6825
   2013.62802511      0.6192
   2013.62805365      0.5633
   2013.62808219      0.5161
   2013.62811073      0.4721
   2013.62813927      0.4323
   2013.62816781      0.3965
   2013.62819635      0.3677
   2013.62822489      0.3390
   2013.62825342      0.3125
   2013.62828196      0.2882
   2013.62831050      0.2710
   2013.62833904      0.2515
   2013.62836758      0.2327
   2013.62839612      0.2153
   2013.62842466      0.2109
   2013.62845320      0.1930
   2013.62848174      0.1782
   2013.62851027      0.1649
   2013.62853881      0.1529
   2013.62856735      0.1510
   2013.62859589      0.1441
   2013.62862443      0.1360
   2013.62865297      0.1270
   2013.62868151      0.1179
   2013.62871005      0.1094
   2013.62873858      0.1021
