   2013.62465753      0.0000
   2013.62468607      0.0000
   2013.62471461      0.0000
   2013.62474315      0.0000
   2013.62477169      0.0000
   2013.62480023      0.0000
   2013.62482877      0.0000
   2013.62485731      0.0000
   2013.62488584      0.0000
   2013.62491438      0.0000
   2013.62494292      0.0000
   2013.62497146      0.0000
   2013.62500000      0.0000
   2013.62502854      0.0000
   2013.62505708      0.0000
   2013.62508562      0.0000
   2013.62511416      0.0000
   2013.62514269      0.0000
   2013.62517123      0.0000
   2013.62519977      0.0000
   2013.62522831      0.0000
   2013.62525685      0.0000
   2013.62528539      0.0000
   2013.62531393      0.0000
   2013.62534247      0.0000
   2013.62537100      0.0000
   2013.62539954      0.0000
   2013.62542808      0.0000
   2013.62545662      0.0000
   2013.62548516      0.0000
   2013.62551370      0.0000
   2013.62554224      0.0000
   2013.62557078      0.0000
   2013.62559932      0.0000
   2013.62562785      0.0000
   2013.62565639      0.0000
   2013.62568493      0.0000
   2013.62571347      0.0000
   2013.62574201      0.0000
   2013.62577055      0.0000
   2013.62579909      0.0000
   2013.62582763      0.0000
   2013.62585616      0.0000
   2013.62588470      0.0000
   2013.62591324      0.0000
   2013.62594178      0.0000
   2013.62597032      0.0000
   2013.62599886      0.0000
   2013.62602740      0.0000
   2013.62605594      0.0000
   2013.62608447      0.0000
   2013.62611301      0.0000
   2013.62614155      0.0000
   2013.62617009      0.0000
   2013.62619863      0.0000
   2013.62622717      0.0000
   2013.62625571      0.0000
   2013.62628425      0.0000
   2013.62631279      0.0000
   2013.62634132      0.0000
   2013.62636986      0.0000
   2013.62639840      0.0000
   2013.62642694      0.0000
   2013.62645548      0.0000
   2013.62648402      0.0000
   2013.62651256      0.0000
   2013.62654110      0.0000
   2013.62656963      0.0000
   2013.62659817      0.0000
   2013.62662671      0.0000
   2013.62665525      0.0000
   2013.62668379      0.0000
   2013.62671233      0.0000
   2013.62674087      0.0000
   2013.62676941      0.0000
   2013.62679795      0.0000
   2013.62682648      0.0000
   2013.62685502      0.0000
   2013.62688356      0.0000
   2013.62691210      0.0000
   2013.62694064      0.0000
   2013.62696918      0.0892
   2013.62699772      0.2046
   2013.62702626      0.4620
   2013.62705479      1.1935
   2013.62708333      2.2784
   2013.62711187      3.6062
   2013.62714041      5.7684
   2013.62716895      8.4522
   2013.62719749     10.5902
   2013.62722603     10.5184
   2013.62725457      9.5656
   2013.62728311      8.4543
   2013.62731164      7.6726
   2013.62734018      6.6156
   2013.62736872      5.7612
   2013.62739726      5.1009
   2013.62742580      4.7881
   2013.62745434      3.9107
   2013.62748288      3.5457
   2013.62751142      3.1396
   2013.62753995      2.8281
   2013.62756849      2.5560
   2013.62759703      2.3153
   2013.62762557      2.1072
   2013.62765411      1.9308
   2013.62768265      1.7557
   2013.62771119      1.6175
   2013.62773973      1.4953
   2013.62776826      1.3861
   2013.62779680      1.2864
   2013.62782534      1.2465
   2013.62785388      1.1227
   2013.62788242      1.0439
   2013.62791096      0.9626
   2013.62793950      0.9107
   2013.62796804      0.8526
   2013.62799658      0.7973
   2013.62802511      0.7455
   2013.62805365      0.6975
   2013.62808219      0.6541
   2013.62811073      0.6152
   2013.62813927      0.5795
   2013.62816781      0.5468
   2013.62819635      0.5167
   2013.62822489      0.4888
   2013.62825342      0.4629
   2013.62828196      0.4387
   2013.62831050      0.4161
   2013.62833904      0.3949
   2013.62836758      0.3749
   2013.62839612      0.3563
   2013.62842466      0.3399
   2013.62845320      0.3237
   2013.62848174      0.3085
   2013.62851027      0.2942
   2013.62853881      0.2847
   2013.62856735      0.2730
   2013.62859589      0.2614
   2013.62862443      0.2505
   2013.62865297      0.2478
   2013.62868151      0.2399
   2013.62871005      0.2313
   2013.62873858      0.2233
   2013.62876712      0.2274
   2013.62879566      0.2241
   2013.62882420      0.2196
   2013.62885274      0.2162
   2013.62888128      0.2283
   2013.62890982      0.2314
   2013.62893836      0.2334
   2013.62896689      0.2369
   2013.62899543      0.2608
   2013.62902397      0.2742
   2013.62905251      0.2864
   2013.62908105      0.3015
   2013.62910959      0.3426
   2013.62913813      0.3719
   2013.62916667      0.4123
   2013.62919521      0.4503
   2013.62922374      0.5313
   2013.62925228      0.6027
   2013.62928082      0.6689
   2013.62930936      0.7711
   2013.62933790      0.9171
   2013.62936644      1.0761
   2013.62939498      1.2778
   2013.62942352      1.5058
   2013.62945205      1.7760
   2013.62948059      2.0053
   2013.62950913      2.1478
   2013.62953767      2.2543
   2013.62956621      2.3218
   2013.62959475      2.4648
   2013.62962329      2.5507
   2013.62965183      2.5702
   2013.62968037      2.5337
   2013.62970890      2.6440
   2013.62973744      2.6702
   2013.62976598      2.6466
   2013.62979452      2.6692
   2013.62982306      2.6624
   2013.62985160      2.6195
   2013.62988014      2.5697
   2013.62990868      2.5590
   2013.62993721      2.5115
   2013.62996575      2.4493
   2013.62999429      2.3890
   2013.63002283      2.3456
   2013.63005137      2.2796
   2013.63007991      2.2101
   2013.63010845      2.1331
   2013.63013699      2.0285
   2013.63016553      1.9972
   2013.63019406      1.8849
   2013.63022260      1.8159
   2013.63025114      1.7413
   2013.63027968      1.6671
   2013.63030822      1.5927
   2013.63033676      1.5173
   2013.63036530      1.4405
   2013.63039384      1.3725
   2013.63042237      1.3068
   2013.63045091      1.2427
   2013.63047945      1.1779
   2013.63050799      1.1600
   2013.63053653      1.0673
   2013.63056507      1.0083
   2013.63059361      0.9406
   2013.63062215      0.9015
   2013.63065068      0.8531
   2013.63067922      0.8053
   2013.63070776      0.7592
   2013.63073630      0.7152
   2013.63076484      0.6746
   2013.63079338      0.6375
   2013.63082192      0.6033
   2013.63085046      0.5713
   2013.63087900      0.5414
   2013.63090753      0.5134
   2013.63093607      0.4871
   2013.63096461      0.4625
   2013.63099315      0.4393
   2013.63102169      0.4174
   2013.63105023      0.3967
   2013.63107877      0.3772
   2013.63110731      0.3589
   2013.63113584      0.3416
   2013.63116438      0.3255
   2013.63119292      0.3102
   2013.63122146      0.2960
   2013.63125000      0.2825
   2013.63127854      0.2699
   2013.63130708      0.2580
   2013.63133562      0.2468
   2013.63136416      0.2361
   2013.63139269      0.2259
   2013.63142123      0.2162
   2013.63144977      0.2071
   2013.63147831      0.1984
   2013.63150685      0.1903
   2013.63153539      0.1826
   2013.63156393      0.1753
   2013.63159247      0.1684
   2013.63162100      0.1618
   2013.63164954      0.1555
   2013.63167808      0.1496
   2013.63170662      0.1440
   2013.63173516      0.1386
   2013.63176370      0.1335
   2013.63179224      0.1287
   2013.63182078      0.1241
   2013.63184932      0.1197
   2013.63187785      0.1155
   2013.63190639      0.1116
   2013.63193493      0.1078
   2013.63196347      0.1042
   2013.63199201      0.1007
