   2013.62465753      0.0000
   2013.62468607      0.0000
   2013.62471461      0.0000
   2013.62474315      0.0000
   2013.62477169      0.0000
   2013.62480023      0.0000
   2013.62482877      0.0000
   2013.62485731      0.0000
   2013.62488584      0.0000
   2013.62491438      0.0000
   2013.62494292      0.0000
   2013.62497146      0.0000
   2013.62500000      0.0000
   2013.62502854      0.0064
   2013.62505708      0.0070
   2013.62508562      0.0512
   2013.62511416      0.1206
   2013.62514269      0.2536
   2013.62517123      0.5262
   2013.62519977      1.0459
   2013.62522831      2.0043
   2013.62525685      3.4643
   2013.62528539      5.8020
   2013.62531393      8.8942
   2013.62534247     11.4117
   2013.62537100     12.8391
   2013.62539954     13.3853
   2013.62542808     13.7652
   2013.62545662     14.3255
   2013.62548516     14.1830
   2013.62551370     14.3742
   2013.62554224     14.4182
   2013.62557078     14.9234
   2013.62559932     14.6205
   2013.62562785     14.7848
   2013.62565639     14.8599
   2013.62568493     15.1609
   2013.62571347     15.6488
   2013.62574201     16.2860
   2013.62577055     16.9609
   2013.62579909     17.2401
   2013.62582763     18.2342
   2013.62585616     18.4105
   2013.62588470     17.2473
   2013.62591324     15.7703
   2013.62594178     14.1921
   2013.62597032     12.5189
   2013.62599886     10.6177
   2013.62602740      9.2144
   2013.62605594      8.1954
   2013.62608447      7.4430
   2013.62611301      5.8283
   2013.62614155      5.0277
   2013.62617009      4.3288
   2013.62619863      3.7124
   2013.62622717      3.2651
   2013.62625571      2.9685
   2013.62628425      2.5487
   2013.62631279      2.1354
   2013.62634132      1.8826
   2013.62636986      1.6600
   2013.62639840      1.4658
   2013.62642694      1.3202
   2013.62645548      1.1616
   2013.62648402      1.0273
   2013.62651256      0.9300
   2013.62654110      0.8346
   2013.62656963      0.7487
   2013.62659817      0.6725
   2013.62662671      0.6061
   2013.62665525      0.5475
   2013.62668379      0.4958
   2013.62671233      0.4503
   2013.62674087      0.4102
   2013.62676941      0.3745
   2013.62679795      0.3427
   2013.62682648      0.3141
   2013.62685502      0.2885
   2013.62688356      0.2654
   2013.62691210      0.2443
   2013.62694064      0.2251
   2013.62696918      0.2075
   2013.62699772      0.1916
   2013.62702626      0.1770
   2013.62705479      0.1638
   2013.62708333      0.1517
   2013.62711187      0.1406
   2013.62714041      0.1305
   2013.62716895      0.1213
   2013.62719749      0.1127
   2013.62722603      0.1049
