   2013.62465753      0.0000
   2013.62468607      0.0000
   2013.62471461      0.0000
   2013.62474315      0.0000
   2013.62477169      0.0000
   2013.62480023      0.0000
   2013.62482877      0.0000
   2013.62485731      0.0000
   2013.62488584      0.0000
   2013.62491438      0.0000
   2013.62494292      0.0000
   2013.62497146      0.0000
   2013.62500000      0.0000
   2013.62502854      0.0000
   2013.62505708      0.0000
   2013.62508562      0.0000
   2013.62511416      0.0000
   2013.62514269      0.0000
   2013.62517123      0.0000
   2013.62519977      0.0000
   2013.62522831      0.0000
   2013.62525685      0.0000
   2013.62528539      0.0000
   2013.62531393      0.0000
   2013.62534247      0.0000
   2013.62537100      0.0000
   2013.62539954      0.0000
   2013.62542808      0.0000
   2013.62545662      0.0000
   2013.62548516      0.0000
   2013.62551370      0.0000
   2013.62554224      0.0000
   2013.62557078      0.0000
   2013.62559932      0.0000
   2013.62562785      0.0000
   2013.62565639      0.0000
   2013.62568493      0.0000
   2013.62571347      0.0000
   2013.62574201      0.0000
   2013.62577055      0.0000
   2013.62579909      0.0000
   2013.62582763      0.0000
   2013.62585616      0.0000
   2013.62588470      0.0000
   2013.62591324      0.0000
   2013.62594178      0.0000
   2013.62597032      0.0000
   2013.62599886      0.0000
   2013.62602740      0.0000
   2013.62605594      0.0000
   2013.62608447      0.0000
   2013.62611301      0.0000
   2013.62614155      0.0000
   2013.62617009      0.0000
   2013.62619863      0.0000
   2013.62622717      0.0000
   2013.62625571      0.0000
   2013.62628425      0.0000
   2013.62631279      0.0000
   2013.62634132      0.0000
   2013.62636986      0.0000
   2013.62639840      0.0450
   2013.62642694      0.1276
   2013.62645548      0.2868
   2013.62648402      0.7667
   2013.62651256      1.8619
   2013.62654110      3.5902
   2013.62656963      6.3635
   2013.62659817     10.2298
   2013.62662671     13.1821
   2013.62665525     14.3634
   2013.62668379     13.5818
   2013.62671233     11.9486
   2013.62674087     11.2076
   2013.62676941      9.7736
   2013.62679795      8.4959
   2013.62682648      7.2574
   2013.62685502      7.2171
   2013.62688356      5.6935
   2013.62691210      4.9497
   2013.62694064      4.1371
   2013.62696918      3.9607
   2013.62699772      3.5638
   2013.62702626      3.1464
   2013.62705479      2.8981
   2013.62708333      2.6786
   2013.62711187      2.3926
   2013.62714041      2.1805
   2013.62716895      2.0459
   2013.62719749      1.9302
   2013.62722603      1.7656
   2013.62725457      1.6516
   2013.62728311      1.4488
   2013.62731164      1.5072
   2013.62734018      1.4732
   2013.62736872      1.3462
   2013.62739726      1.1950
   2013.62742580      1.3079
   2013.62745434      1.1932
   2013.62748288      1.1049
   2013.62751142      1.0948
   2013.62753995      1.0903
   2013.62756849      1.0204
   2013.62759703      0.9779
   2013.62762557      0.9257
   2013.62765411      0.9065
   2013.62768265      0.8704
   2013.62771119      0.8324
   2013.62773973      0.8047
   2013.62776826      0.7688
   2013.62779680      0.7310
   2013.62782534      0.6958
   2013.62785388      0.6715
   2013.62788242      0.6410
   2013.62791096      0.6093
   2013.62793950      0.5791
   2013.62796804      0.5588
   2013.62799658      0.5318
   2013.62802511      0.5041
   2013.62805365      0.4779
   2013.62808219      0.4616
   2013.62811073      0.4392
   2013.62813927      0.4159
   2013.62816781      0.3935
   2013.62819635      0.3816
   2013.62822489      0.3632
   2013.62825342      0.3438
   2013.62828196      0.3250
   2013.62831050      0.3169
   2013.62833904      0.3022
   2013.62836758      0.2864
   2013.62839612      0.2710
   2013.62842466      0.2675
   2013.62845320      0.2562
   2013.62848174      0.2434
   2013.62851027      0.2307
   2013.62853881      0.2311
   2013.62856735      0.2226
   2013.62859589      0.2123
   2013.62862443      0.2023
   2013.62865297      0.2066
   2013.62868151      0.2010
   2013.62871005      0.1935
   2013.62873858      0.1863
   2013.62876712      0.1950
   2013.62879566      0.1927
   2013.62882420      0.1884
   2013.62885274      0.1845
   2013.62888128      0.1987
   2013.62890982      0.2008
   2013.62893836      0.2007
   2013.62896689      0.2014
   2013.62899543      0.2231
   2013.62902397      0.2312
   2013.62905251      0.2367
   2013.62908105      0.2437
   2013.62910959      0.2760
   2013.62913813      0.2939
   2013.62916667      0.3148
   2013.62919521      0.3322
   2013.62922374      0.3725
   2013.62925228      0.4312
   2013.62928082      0.4771
   2013.62930936      0.5135
   2013.62933790      0.6037
   2013.62936644      0.6792
   2013.62939498      0.7691
   2013.62942352      0.8605
   2013.62945205      0.9889
   2013.62948059      1.1050
   2013.62950913      1.2152
   2013.62953767      1.3029
   2013.62956621      1.4188
   2013.62959475      1.4962
   2013.62962329      1.5486
   2013.62965183      1.5778
   2013.62968037      1.6438
   2013.62970890      1.6766
   2013.62973744      1.6910
   2013.62976598      1.6916
   2013.62979452      1.7286
   2013.62982306      1.7353
   2013.62985160      1.7303
   2013.62988014      1.7075
   2013.62990868      1.7244
   2013.62993721      1.7063
   2013.62996575      1.6859
   2013.62999429      1.6486
   2013.63002283      1.6180
   2013.63005137      1.6129
   2013.63007991      1.5821
   2013.63010845      1.5093
   2013.63013699      1.4952
   2013.63016553      1.4762
   2013.63019406      1.4391
   2013.63022260      1.3879
   2013.63025114      1.3233
   2013.63027968      1.2774
   2013.63030822      1.2289
   2013.63033676      1.1253
   2013.63036530      1.1079
   2013.63039384      1.0661
   2013.63042237      1.0019
   2013.63045091      0.9317
   2013.63047945      0.8920
   2013.63050799      0.8419
   2013.63053653      0.7919
   2013.63056507      0.7428
   2013.63059361      0.6953
   2013.63062215      0.6505
   2013.63065068      0.6090
   2013.63067922      0.5701
   2013.63070776      0.5336
   2013.63073630      0.4997
   2013.63076484      0.4680
   2013.63079338      0.4384
   2013.63082192      0.4106
   2013.63085046      0.3845
   2013.63087900      0.3600
   2013.63090753      0.3370
   2013.63093607      0.3154
   2013.63096461      0.2952
   2013.63099315      0.2764
   2013.63102169      0.2589
   2013.63105023      0.2424
   2013.63107877      0.2269
   2013.63110731      0.2123
   2013.63113584      0.1986
   2013.63116438      0.1859
   2013.63119292      0.1741
   2013.63122146      0.1630
   2013.63125000      0.1527
   2013.63127854      0.1431
   2013.63130708      0.1342
   2013.63133562      0.1258
   2013.63136416      0.1180
   2013.63139269      0.1107
   2013.63142123      0.1039
