   2013.62465753      0.0000
   2013.62468607      0.0000
   2013.62471461      0.0000
   2013.62474315      0.0000
   2013.62477169      0.0000
   2013.62480023      0.0000
   2013.62482877      0.0000
   2013.62485731      0.0000
   2013.62488584      0.0000
   2013.62491438      0.0000
   2013.62494292      0.0000
   2013.62497146      0.0000
   2013.62500000      0.0000
   2013.62502854      0.0000
   2013.62505708      0.0000
   2013.62508562      0.0000
   2013.62511416      0.0000
   2013.62514269      0.0000
   2013.62517123      0.0000
   2013.62519977      0.0000
   2013.62522831      0.0000
   2013.62525685      0.0000
   2013.62528539      0.0000
   2013.62531393      0.0000
   2013.62534247      0.0000
   2013.62537100      0.0000
   2013.62539954      0.0000
   2013.62542808      0.0000
   2013.62545662      0.0000
   2013.62548516      0.0000
   2013.62551370      0.0000
   2013.62554224      0.0000
   2013.62557078      0.0000
   2013.62559932      0.0000
   2013.62562785      0.0000
   2013.62565639      0.0000
   2013.62568493      0.0000
   2013.62571347      0.0000
   2013.62574201      0.0000
   2013.62577055      0.0000
   2013.62579909      0.0000
   2013.62582763      0.0000
   2013.62585616      0.0000
   2013.62588470      0.0000
   2013.62591324      0.0000
   2013.62594178      0.0000
   2013.62597032      0.0000
   2013.62599886      0.0000
   2013.62602740      0.0000
   2013.62605594      0.0000
   2013.62608447      0.0000
   2013.62611301      0.0000
   2013.62614155      0.0000
   2013.62617009      0.0000
   2013.62619863      0.0000
   2013.62622717      0.0000
   2013.62625571      0.0000
   2013.62628425      0.0000
   2013.62631279      0.0000
   2013.62634132      0.0000
   2013.62636986      0.0000
   2013.62639840      0.0000
   2013.62642694      0.0000
   2013.62645548      0.0000
   2013.62648402      0.0000
   2013.62651256      0.0000
   2013.62654110      0.0000
   2013.62656963      0.0000
   2013.62659817      0.0000
   2013.62662671     10.5390
   2013.62665525     43.0841
   2013.62668379     95.2891
   2013.62671233    105.4776
   2013.62674087     80.3832
   2013.62676941     55.7502
   2013.62679795     40.9362
   2013.62682648     30.4558
   2013.62685502     26.4866
   2013.62688356     23.3040
   2013.62691210     20.8548
   2013.62694064     19.5030
   2013.62696918     18.8694
   2013.62699772     18.9070
   2013.62702626     18.6502
   2013.62705479     17.6046
   2013.62708333     18.1113
   2013.62711187     18.4615
   2013.62714041     19.5265
   2013.62716895     20.0970
   2013.62719749     19.0816
   2013.62722603     17.7694
   2013.62725457     15.4897
   2013.62728311     13.3148
   2013.62731164     11.6172
   2013.62734018     10.6358
   2013.62736872      9.6948
   2013.62739726      8.8648
   2013.62742580      8.1719
   2013.62745434      6.9739
   2013.62748288      6.5263
   2013.62751142      5.6811
   2013.62753995      5.0653
   2013.62756849      4.3373
   2013.62759703      4.2610
   2013.62762557      3.8793
   2013.62765411      3.4092
   2013.62768265      3.0903
   2013.62771119      2.7838
   2013.62773973      2.6993
   2013.62776826      2.3572
   2013.62779680      2.1293
   2013.62782534      1.9358
   2013.62785388      1.7668
   2013.62788242      1.5525
   2013.62791096      1.4256
   2013.62793950      1.3059
   2013.62796804      1.2289
   2013.62799658      1.1060
   2013.62802511      0.9953
   2013.62805365      0.9285
   2013.62808219      0.8524
   2013.62811073      0.7794
   2013.62813927      0.7115
   2013.62816781      0.6496
   2013.62819635      0.5939
   2013.62822489      0.5436
   2013.62825342      0.4985
   2013.62828196      0.4582
   2013.62831050      0.4220
   2013.62833904      0.3891
   2013.62836758      0.3593
   2013.62839612      0.3321
   2013.62842466      0.3073
   2013.62845320      0.2846
   2013.62848174      0.2638
   2013.62851027      0.2447
   2013.62853881      0.2270
   2013.62856735      0.2106
   2013.62859589      0.1955
   2013.62862443      0.1816
   2013.62865297      0.1688
   2013.62868151      0.1570
   2013.62871005      0.1461
   2013.62873858      0.1361
   2013.62876712      0.1268
   2013.62879566      0.1182
   2013.62882420      0.1102
   2013.62885274      0.1027
