   2013.62465753      0.0000
   2013.62468607      0.0000
   2013.62471461      0.0000
   2013.62474315      0.0000
   2013.62477169      0.0000
   2013.62480023      0.0000
   2013.62482877      0.0000
   2013.62485731      0.0000
   2013.62488584      0.0000
   2013.62491438      0.0000
   2013.62494292      0.0000
   2013.62497146      0.0000
   2013.62500000      0.0000
   2013.62502854      0.0000
   2013.62505708      0.0000
   2013.62508562      0.0000
   2013.62511416      0.0000
   2013.62514269      0.0000
   2013.62517123      0.0000
   2013.62519977      0.0000
   2013.62522831      0.0000
   2013.62525685      0.0000
   2013.62528539      0.0000
   2013.62531393      0.0000
   2013.62534247      0.0000
   2013.62537100      0.0000
   2013.62539954      0.0000
   2013.62542808      0.0000
   2013.62545662      0.0000
   2013.62548516      0.0000
   2013.62551370      0.0000
   2013.62554224      0.0000
   2013.62557078      0.0000
   2013.62559932      0.0000
   2013.62562785      0.0000
   2013.62565639      0.0000
   2013.62568493      0.0000
   2013.62571347      0.0000
   2013.62574201      0.0000
   2013.62577055      0.0000
   2013.62579909      0.0000
   2013.62582763      0.0000
   2013.62585616      0.0000
   2013.62588470      0.0000
   2013.62591324      0.0000
   2013.62594178      0.0000
   2013.62597032      0.0000
   2013.62599886      0.0000
   2013.62602740      0.0000
   2013.62605594      0.0000
   2013.62608447      0.0000
   2013.62611301      0.0000
   2013.62614155      0.0000
   2013.62617009      0.0000
   2013.62619863      0.0000
   2013.62622717      0.0000
   2013.62625571      0.0000
   2013.62628425      0.0171
   2013.62631279      0.0722
   2013.62634132      0.1278
   2013.62636986      0.2806
   2013.62639840      0.5989
   2013.62642694      1.1212
   2013.62645548      1.9099
   2013.62648402      3.1408
   2013.62651256      5.1131
   2013.62654110      7.5056
   2013.62656963      9.1893
   2013.62659817      9.1841
   2013.62662671      9.3825
   2013.62665525      8.9649
   2013.62668379      8.3989
   2013.62671233      7.7277
   2013.62674087      7.5504
   2013.62676941      6.9147
   2013.62679795      6.4260
   2013.62682648      5.5187
   2013.62685502      5.5091
   2013.62688356      4.8858
   2013.62691210      4.4454
   2013.62694064      3.8693
   2013.62696918      3.8309
   2013.62699772      3.5715
   2013.62702626      3.3037
   2013.62705479      3.0157
   2013.62708333      3.0120
   2013.62711187      2.7986
   2013.62714041      2.6464
   2013.62716895      2.5817
   2013.62719749      2.4759
   2013.62722603      2.3782
   2013.62725457      2.2781
   2013.62728311      2.2023
   2013.62731164      2.1676
   2013.62734018      2.0974
   2013.62736872      1.9810
   2013.62739726      1.9420
   2013.62742580      1.9085
   2013.62745434      1.8064
   2013.62748288      1.7307
   2013.62751142      1.6798
   2013.62753995      1.6425
   2013.62756849      1.5500
   2013.62759703      1.4715
   2013.62762557      1.4143
   2013.62765411      1.3545
   2013.62768265      1.2906
   2013.62771119      1.2241
   2013.62773973      1.1661
   2013.62776826      1.1502
   2013.62779680      1.0579
   2013.62782534      0.9983
   2013.62785388      0.9393
   2013.62788242      0.8969
   2013.62791096      0.8447
   2013.62793950      0.7939
   2013.62796804      0.7511
   2013.62799658      0.7051
   2013.62802511      0.6603
   2013.62805365      0.6196
   2013.62808219      0.5895
   2013.62811073      0.5550
   2013.62813927      0.5209
   2013.62816781      0.4891
   2013.62819635      0.4680
   2013.62822489      0.4415
   2013.62825342      0.4146
   2013.62828196      0.3893
   2013.62831050      0.3759
   2013.62833904      0.3557
   2013.62836758      0.3346
   2013.62839612      0.3144
   2013.62842466      0.3084
   2013.62845320      0.2936
   2013.62848174      0.2774
   2013.62851027      0.2617
   2013.62853881      0.2621
   2013.62856735      0.2518
   2013.62859589      0.2394
   2013.62862443      0.2274
   2013.62865297      0.2340
   2013.62868151      0.2283
   2013.62871005      0.2201
   2013.62873858      0.2126
   2013.62876712      0.2266
   2013.62879566      0.2265
   2013.62882420      0.2239
   2013.62885274      0.2223
   2013.62888128      0.2466
   2013.62890982      0.2549
   2013.62893836      0.2602
   2013.62896689      0.2678
   2013.62899543      0.3085
   2013.62902397      0.3306
   2013.62905251      0.3595
   2013.62908105      0.3850
   2013.62910959      0.4605
   2013.62913813      0.5180
   2013.62916667      0.5628
   2013.62919521      0.6453
   2013.62922374      0.7819
   2013.62925228      0.9057
   2013.62928082      1.0507
   2013.62930936      1.2222
   2013.62933790      1.4855
   2013.62936644      1.7266
   2013.62939498      1.9108
   2013.62942352      2.0406
   2013.62945205      2.2426
   2013.62948059      2.3951
   2013.62950913      2.4818
   2013.62953767      2.5200
   2013.62956621      2.6550
   2013.62959475      2.6765
   2013.62962329      2.7771
   2013.62965183      2.7527
   2013.62968037      2.7391
   2013.62970890      2.8257
   2013.62973744      2.8544
   2013.62976598      2.8096
   2013.62979452      2.7524
   2013.62982306      2.8047
   2013.62985160      2.7888
   2013.62988014      2.7202
   2013.62990868      2.7291
   2013.62993721      2.6937
   2013.62996575      2.6099
   2013.62999429      2.5357
   2013.63002283      2.5141
   2013.63005137      2.4413
   2013.63007991      2.3666
   2013.63010845      2.2819
   2013.63013699      2.1972
   2013.63016553      2.1579
   2013.63019406      2.0814
   2013.63022260      1.9550
   2013.63025114      1.8717
   2013.63027968      1.7909
   2013.63030822      1.7127
   2013.63033676      1.6008
   2013.63036530      1.5111
   2013.63039384      1.4265
   2013.63042237      1.3455
   2013.63045091      1.2657
   2013.63047945      1.1861
   2013.63050799      1.1300
   2013.63053653      1.0447
   2013.63056507      0.9582
   2013.63059361      0.9086
   2013.63062215      0.8481
   2013.63065068      0.7885
   2013.63067922      0.7314
   2013.63070776      0.6775
   2013.63073630      0.6281
   2013.63076484      0.5828
   2013.63079338      0.5410
   2013.63082192      0.5028
   2013.63085046      0.4677
   2013.63087900      0.4354
   2013.63090753      0.4054
   2013.63093607      0.3776
   2013.63096461      0.3517
   2013.63099315      0.3276
   2013.63102169      0.3053
   2013.63105023      0.2846
   2013.63107877      0.2655
   2013.63110731      0.2477
   2013.63113584      0.2311
   2013.63116438      0.2155
   2013.63119292      0.2011
   2013.63122146      0.1877
   2013.63125000      0.1753
   2013.63127854      0.1638
   2013.63130708      0.1531
   2013.63133562      0.1432
   2013.63136416      0.1340
   2013.63139269      0.1255
   2013.63142123      0.1175
   2013.63144977      0.1101
   2013.63147831      0.1032
