   2013.62465753      0.0000
   2013.62468607      0.0000
   2013.62471461      0.0000
   2013.62474315      0.0000
   2013.62477169      0.0000
   2013.62480023      0.0000
   2013.62482877      0.0000
   2013.62485731      0.0000
   2013.62488584      0.0000
   2013.62491438      0.0000
   2013.62494292      0.0000
   2013.62497146      0.0000
   2013.62500000      0.0000
   2013.62502854      0.0000
   2013.62505708      0.0000
   2013.62508562      0.0000
   2013.62511416      0.0000
   2013.62514269      0.0000
   2013.62517123      0.0000
   2013.62519977      0.0000
   2013.62522831      0.0000
   2013.62525685      0.0000
   2013.62528539      0.0000
   2013.62531393      0.0000
   2013.62534247      0.0000
   2013.62537100      0.0000
   2013.62539954      0.0000
   2013.62542808      0.0000
   2013.62545662      0.0001
   2013.62548516      0.0002
   2013.62551370      0.0004
   2013.62554224      0.0005
   2013.62557078      0.0006
   2013.62559932      0.0008
   2013.62562785      0.0009
   2013.62565639      0.0010
   2013.62568493      0.0011
   2013.62571347      0.0012
   2013.62574201      0.0013
   2013.62577055      0.0014
   2013.62579909      0.0030
   2013.62582763      0.0262
   2013.62585616      0.0500
   2013.62588470      0.0708
   2013.62591324      0.1005
   2013.62594178      0.1445
   2013.62597032      0.2020
   2013.62599886      0.2753
   2013.62602740      0.3716
   2013.62605594      0.4932
   2013.62608447      0.6363
   2013.62611301      0.7863
   2013.62614155      0.9622
   2013.62617009      1.1748
   2013.62619863      1.3782
   2013.62622717      1.5155
   2013.62625571      1.5870
   2013.62628425      1.6407
   2013.62631279      1.6024
   2013.62634132      1.5503
   2013.62636986      1.4821
   2013.62639840      1.4036
   2013.62642694      1.3184
   2013.62645548      1.2305
   2013.62648402      1.1400
   2013.62651256      1.0596
   2013.62654110      0.9788
   2013.62656963      0.9052
   2013.62659817      0.8338
   2013.62662671      0.7645
   2013.62665525      0.6993
   2013.62668379      0.6399
   2013.62671233      0.5861
   2013.62674087      0.5371
   2013.62676941      0.4927
   2013.62679795      0.4526
   2013.62682648      0.4163
   2013.62685502      0.3834
   2013.62688356      0.3533
   2013.62691210      0.3259
   2013.62694064      0.3009
   2013.62696918      0.2780
   2013.62699772      0.2572
   2013.62702626      0.2379
   2013.62705479      0.2201
   2013.62708333      0.2038
   2013.62711187      0.1888
   2013.62714041      0.1750
   2013.62716895      0.1624
   2013.62719749      0.1509
   2013.62722603      0.1402
   2013.62725457      0.1304
   2013.62728311      0.1214
   2013.62731164      0.1130
   2013.62734018      0.1053
