   2013.62465753      0.0000
   2013.62468607      0.0000
   2013.62471461      0.0000
   2013.62474315      0.0000
   2013.62477169      0.0000
   2013.62480023      0.0000
   2013.62482877      0.0000
   2013.62485731      0.0000
   2013.62488584      0.0000
   2013.62491438      0.0000
   2013.62494292      0.0000
   2013.62497146      0.0000
   2013.62500000      0.0000
   2013.62502854      0.0000
   2013.62505708      0.0000
   2013.62508562      0.0000
   2013.62511416      0.0000
   2013.62514269      0.0000
   2013.62517123      0.0000
   2013.62519977      0.0000
   2013.62522831      0.0000
   2013.62525685      0.0000
   2013.62528539      0.0000
   2013.62531393      0.0000
   2013.62534247      0.0000
   2013.62537100      0.0000
   2013.62539954      0.0000
   2013.62542808      0.0000
   2013.62545662      0.0000
   2013.62548516      0.0000
   2013.62551370      0.0000
   2013.62554224      0.0000
   2013.62557078      0.0000
   2013.62559932      0.0000
   2013.62562785      0.0000
   2013.62565639      0.0000
   2013.62568493      0.0000
   2013.62571347      0.0000
   2013.62574201      0.0000
   2013.62577055      0.0000
   2013.62579909      0.0000
   2013.62582763      0.0000
   2013.62585616      0.0000
   2013.62588470      0.0000
   2013.62591324      0.0000
   2013.62594178      0.0000
   2013.62597032      0.0000
   2013.62599886      0.0000
   2013.62602740      0.0000
   2013.62605594      0.0000
   2013.62608447      0.0000
   2013.62611301      0.0000
   2013.62614155      0.0000
   2013.62617009      0.2483
   2013.62619863      0.6043
   2013.62622717      1.9098
   2013.62625571      3.7141
   2013.62628425      6.5046
   2013.62631279     11.3716
   2013.62634132     15.7263
   2013.62636986     16.3517
   2013.62639840     14.8543
   2013.62642694     13.1823
   2013.62645548     11.9225
   2013.62648402     10.5692
   2013.62651256      9.7115
   2013.62654110      8.9344
   2013.62656963      8.4726
   2013.62659817      8.1210
   2013.62662671      7.9313
   2013.62665525      7.8555
   2013.62668379      7.9275
   2013.62671233      7.8527
   2013.62674087      7.9283
   2013.62676941      8.0157
   2013.62679795      8.0822
   2013.62682648      8.2774
   2013.62685502      8.3396
   2013.62688356      8.4323
   2013.62691210      8.3644
   2013.62694064      8.4897
   2013.62696918      8.4775
   2013.62699772      8.5087
   2013.62702626      8.3473
   2013.62705479      8.3904
   2013.62708333      8.3202
   2013.62711187      8.1806
   2013.62714041      8.1485
   2013.62716895      7.8401
   2013.62719749      7.6744
   2013.62722603      7.2561
   2013.62725457      7.0094
   2013.62728311      6.4523
   2013.62731164      6.4413
   2013.62734018      6.1633
   2013.62736872      5.9686
   2013.62739726      5.3773
   2013.62742580      5.3175
   2013.62745434      5.1472
   2013.62748288      4.8439
   2013.62751142      4.4332
   2013.62753995      4.3968
   2013.62756849      4.2623
   2013.62759703      4.0967
   2013.62762557      3.9067
   2013.62765411      3.8147
   2013.62768265      3.6794
   2013.62771119      3.6847
   2013.62773973      3.2215
   2013.62776826      3.3132
   2013.62779680      3.1828
   2013.62782534      3.0239
   2013.62785388      2.9503
   2013.62788242      2.8214
   2013.62791096      2.6931
   2013.62793950      2.5625
   2013.62796804      2.4517
   2013.62799658      2.3857
   2013.62802511      2.2837
   2013.62805365      2.1810
   2013.62808219      2.0984
   2013.62811073      2.0544
   2013.62813927      1.9795
   2013.62816781      1.8949
   2013.62819635      1.8449
   2013.62822489      1.8257
   2013.62825342      1.7736
   2013.62828196      1.7132
   2013.62831050      1.7174
   2013.62833904      1.6928
   2013.62836758      1.6646
   2013.62839612      1.6281
   2013.62842466      1.6661
   2013.62845320      1.6724
   2013.62848174      1.6724
   2013.62851027      1.6599
   2013.62853881      1.7375
   2013.62856735      1.7873
   2013.62859589      1.8245
   2013.62862443      1.8466
   2013.62865297      1.9840
   2013.62868151      2.0871
   2013.62871005      2.1404
   2013.62873858      2.2415
   2013.62876712      2.4660
   2013.62879566      2.6385
   2013.62882420      2.7380
   2013.62885274      2.8926
   2013.62888128      3.0843
   2013.62890982      3.4606
   2013.62893836      3.6722
   2013.62896689      3.8682
   2013.62899543      3.9593
   2013.62902397      4.4913
   2013.62905251      4.5783
   2013.62908105      4.8408
   2013.62910959      4.8925
   2013.62913813      5.3556
   2013.62916667      5.5715
   2013.62919521      5.8177
   2013.62922374      5.7575
   2013.62925228      6.2432
   2013.62928082      6.4468
   2013.62930936      6.6375
   2013.62933790      6.5378
   2013.62936644      6.9448
   2013.62939498      7.1071
   2013.62942352      7.2210
   2013.62945205      7.0787
   2013.62948059      7.4047
   2013.62950913      7.5310
   2013.62953767      7.5532
   2013.62956621      7.2999
   2013.62959475      7.5795
   2013.62962329      7.6105
   2013.62965183      7.5850
   2013.62968037      7.2650
   2013.62970890      7.4733
   2013.62973744      7.4255
   2013.62976598      7.2352
   2013.62979452      6.8913
   2013.62982306      7.1207
   2013.62985160      7.0135
   2013.62988014      6.7995
   2013.62990868      6.3821
   2013.62993721      6.8327
   2013.62996575      6.4467
   2013.62999429      6.2172
   2013.63002283      5.9148
   2013.63005137      5.9592
   2013.63007991      5.7956
   2013.63010845      5.7046
   2013.63013699      5.2396
   2013.63016553      5.2826
   2013.63019406      5.2177
   2013.63022260      4.9711
   2013.63025114      4.7367
   2013.63027968      4.4297
   2013.63030822      4.1221
   2013.63033676      4.1255
   2013.63036530      3.8152
   2013.63039384      3.3921
   2013.63042237      3.1853
   2013.63045091      2.8884
   2013.63047945      2.6553
   2013.63050799      2.4394
   2013.63053653      2.2247
   2013.63056507      2.0209
   2013.63059361      1.8460
   2013.63062215      1.6861
   2013.63065068      1.5386
   2013.63067922      1.4019
   2013.63070776      1.3371
   2013.63073630      1.1626
   2013.63076484      1.0617
   2013.63079338      0.9692
   2013.63082192      0.8865
   2013.63085046      0.8085
   2013.63087900      0.7357
   2013.63090753      0.6698
   2013.63093607      0.6114
   2013.63096461      0.5589
   2013.63099315      0.5117
   2013.63102169      0.4695
   2013.63105023      0.4315
   2013.63107877      0.3972
   2013.63110731      0.3661
   2013.63113584      0.3378
   2013.63116438      0.3121
   2013.63119292      0.2886
   2013.63122146      0.2673
   2013.63125000      0.2477
   2013.63127854      0.2296
   2013.63130708      0.2129
   2013.63133562      0.1976
   2013.63136416      0.1836
   2013.63139269      0.1707
   2013.63142123      0.1588
   2013.63144977      0.1479
   2013.63147831      0.1379
   2013.63150685      0.1286
   2013.63153539      0.1200
   2013.63156393      0.1121
   2013.63159247      0.1048
