   2013.62465753      0.0000
   2013.62468607      0.0000
   2013.62471461      0.0000
   2013.62474315      0.0000
   2013.62477169      0.0000
   2013.62480023      0.0000
   2013.62482877      0.0000
   2013.62485731      0.0000
   2013.62488584      0.0000
   2013.62491438      0.0000
   2013.62494292      0.0000
   2013.62497146      0.0000
   2013.62500000      0.0000
   2013.62502854      0.0000
   2013.62505708      0.0000
   2013.62508562      0.0000
   2013.62511416      0.0000
   2013.62514269      0.0000
   2013.62517123      0.0000
   2013.62519977      0.0000
   2013.62522831      0.0000
   2013.62525685      0.0000
   2013.62528539      0.0000
   2013.62531393      0.0000
   2013.62534247      0.0000
   2013.62537100      0.0000
   2013.62539954      0.0000
   2013.62542808      0.0000
   2013.62545662      0.0000
   2013.62548516      0.0000
   2013.62551370      0.0000
   2013.62554224      0.0000
   2013.62557078      0.0000
   2013.62559932      0.0000
   2013.62562785      0.0000
   2013.62565639      0.0000
   2013.62568493      0.0000
   2013.62571347      0.0000
   2013.62574201      0.0000
   2013.62577055      0.0000
   2013.62579909      0.0000
   2013.62582763      0.0000
   2013.62585616      0.0000
   2013.62588470      0.0000
   2013.62591324      0.0000
   2013.62594178      0.0000
   2013.62597032      0.0000
   2013.62599886      0.0000
   2013.62602740      0.0000
   2013.62605594      0.0000
   2013.62608447      0.0000
   2013.62611301      0.0000
   2013.62614155      0.0000
   2013.62617009      0.0000
   2013.62619863      0.0000
   2013.62622717      0.0000
   2013.62625571      0.0000
   2013.62628425      1.4184
   2013.62631279      8.0696
   2013.62634132     19.6585
   2013.62636986     46.2534
   2013.62639840     49.2554
   2013.62642694     39.8431
   2013.62645548     29.8108
   2013.62648402     22.1220
   2013.62651256     17.4765
   2013.62654110     14.2104
   2013.62656963     11.7103
   2013.62659817      9.9339
   2013.62662671      8.4715
   2013.62665525      7.4240
   2013.62668379      6.5337
   2013.62671233      5.7530
   2013.62674087      5.1856
   2013.62676941      4.7341
   2013.62679795      4.3098
   2013.62682648      4.0385
   2013.62685502      3.8089
   2013.62688356      3.6330
   2013.62691210      3.5046
   2013.62694064      3.4120
   2013.62696918      3.3482
   2013.62699772      3.3089
   2013.62702626      3.2896
   2013.62705479      3.2852
   2013.62708333      3.2915
   2013.62711187      3.3045
   2013.62714041      3.3215
   2013.62716895      3.3405
   2013.62719749      3.3603
   2013.62722603      3.3801
   2013.62725457      3.3990
   2013.62728311      3.3808
   2013.62731164      3.4920
   2013.62734018      3.4170
   2013.62736872      3.1240
   2013.62739726      3.0726
   2013.62742580      2.9441
   2013.62745434      2.7319
   2013.62748288      2.5959
   2013.62751142      2.4442
   2013.62753995      2.2872
   2013.62756849      2.1296
   2013.62759703      1.9551
   2013.62762557      1.8074
   2013.62765411      1.6678
   2013.62768265      1.5354
   2013.62771119      1.4092
   2013.62773973      1.2906
   2013.62776826      1.1785
   2013.62779680      1.0807
   2013.62782534      0.9884
   2013.62785388      0.9059
   2013.62788242      0.8279
   2013.62791096      0.7541
   2013.62793950      0.6862
   2013.62796804      0.6257
   2013.62799658      0.5713
   2013.62802511      0.5222
   2013.62805365      0.4782
   2013.62808219      0.4387
   2013.62811073      0.4030
   2013.62813927      0.3706
   2013.62816781      0.3412
   2013.62819635      0.3145
   2013.62822489      0.2902
   2013.62825342      0.2680
   2013.62828196      0.2477
   2013.62831050      0.2290
   2013.62833904      0.2117
   2013.62836758      0.1958
   2013.62839612      0.1813
   2013.62842466      0.1680
   2013.62845320      0.1558
   2013.62848174      0.1445
   2013.62851027      0.1342
   2013.62853881      0.1247
   2013.62856735      0.1159
   2013.62859589      0.1077
   2013.62862443      0.1002
