   2013.62465753      0.0000
   2013.62468607      0.0000
   2013.62471461      0.0000
   2013.62474315      0.0000
   2013.62477169      0.0000
   2013.62480023      0.0000
   2013.62482877      0.0000
   2013.62485731      0.0000
   2013.62488584      0.0000
   2013.62491438      0.0000
   2013.62494292      0.0000
   2013.62497146      0.0000
   2013.62500000      0.0000
   2013.62502854      0.0000
   2013.62505708      0.0000
   2013.62508562      0.0000
   2013.62511416      0.0000
   2013.62514269      0.0000
   2013.62517123      0.0000
   2013.62519977      0.0000
   2013.62522831      0.0000
   2013.62525685      0.0000
   2013.62528539      0.0000
   2013.62531393      0.0000
   2013.62534247      0.0000
   2013.62537100      0.0000
   2013.62539954      0.0000
   2013.62542808      0.0000
   2013.62545662      0.0000
   2013.62548516      0.0000
   2013.62551370      0.0000
   2013.62554224      0.0000
   2013.62557078      0.0000
   2013.62559932      0.0000
   2013.62562785      0.0000
   2013.62565639      0.0000
   2013.62568493      0.0000
   2013.62571347      0.0000
   2013.62574201      0.0000
   2013.62577055      0.0000
   2013.62579909      0.0000
   2013.62582763      0.0000
   2013.62585616      0.0000
   2013.62588470      0.0000
   2013.62591324      0.0000
   2013.62594178      0.0003
   2013.62597032      0.0007
   2013.62599886      0.0011
   2013.62602740      0.0013
   2013.62605594      0.0016
   2013.62608447      0.0018
   2013.62611301      0.0020
   2013.62614155      0.0022
   2013.62617009      0.0075
   2013.62619863      0.0388
   2013.62622717      0.0677
   2013.62625571      0.0999
   2013.62628425      0.1542
   2013.62631279      0.2204
   2013.62634132      0.2988
   2013.62636986      0.4017
   2013.62639840      0.5163
   2013.62642694      0.6651
   2013.62645548      0.8364
   2013.62648402      1.0721
   2013.62651256      1.3703
   2013.62654110      1.6731
   2013.62656963      1.8712
   2013.62659817      1.9508
   2013.62662671      1.9411
   2013.62665525      1.8790
   2013.62668379      1.7785
   2013.62671233      1.6810
   2013.62674087      1.5791
   2013.62676941      1.4769
   2013.62679795      1.3765
   2013.62682648      1.2885
   2013.62685502      1.2503
   2013.62688356      1.1289
   2013.62691210      1.0512
   2013.62694064      0.9789
   2013.62696918      0.9297
   2013.62699772      0.8718
   2013.62702626      0.8180
   2013.62705479      0.7803
   2013.62708333      0.7388
   2013.62711187      0.6995
   2013.62714041      0.6662
   2013.62716895      0.6506
   2013.62719749      0.6283
   2013.62722603      0.6067
   2013.62725457      0.5889
   2013.62728311      0.5862
   2013.62731164      0.5756
   2013.62734018      0.5653
   2013.62736872      0.5581
   2013.62739726      0.5653
   2013.62742580      0.5648
   2013.62745434      0.5647
   2013.62748288      0.5679
   2013.62751142      0.5857
   2013.62753995      0.6143
   2013.62756849      0.6143
   2013.62759703      0.6285
   2013.62762557      0.6221
   2013.62765411      0.6821
   2013.62768265      0.7104
   2013.62771119      0.7379
   2013.62773973      0.7644
   2013.62776826      0.8136
   2013.62779680      0.8609
   2013.62782534      0.8547
   2013.62785388      0.9265
   2013.62788242      0.9337
   2013.62791096      0.9478
   2013.62793950      0.9562
   2013.62796804      0.9100
   2013.62799658      0.9414
   2013.62802511      0.9316
   2013.62805365      0.9214
   2013.62808219      0.9104
   2013.62811073      0.8788
   2013.62813927      0.8697
   2013.62816781      0.8498
   2013.62819635      0.8297
   2013.62822489      0.8066
   2013.62825342      0.7822
   2013.62828196      0.7587
   2013.62831050      0.7374
   2013.62833904      0.7154
   2013.62836758      0.6932
   2013.62839612      0.6711
   2013.62842466      0.6507
   2013.62845320      0.6294
   2013.62848174      0.6079
   2013.62851027      0.5871
   2013.62853881      0.5681
   2013.62856735      0.5488
   2013.62859589      0.5299
   2013.62862443      0.5119
   2013.62865297      0.4951
   2013.62868151      0.4784
   2013.62871005      0.4621
   2013.62873858      0.4464
   2013.62876712      0.4319
   2013.62879566      0.4174
   2013.62882420      0.4032
   2013.62885274      0.3896
   2013.62888128      0.3770
   2013.62890982      0.3647
   2013.62893836      0.3527
   2013.62896689      0.3412
   2013.62899543      0.3306
   2013.62902397      0.3201
   2013.62905251      0.3099
   2013.62908105      0.3000
   2013.62910959      0.2914
   2013.62913813      0.2825
   2013.62916667      0.2739
   2013.62919521      0.2655
   2013.62922374      0.2591
   2013.62925228      0.2518
   2013.62928082      0.2445
   2013.62930936      0.2375
   2013.62933790      0.2335
   2013.62936644      0.2275
   2013.62939498      0.2214
   2013.62942352      0.2155
   2013.62945205      0.2144
   2013.62948059      0.2103
   2013.62950913      0.2058
   2013.62953767      0.2016
   2013.62956621      0.2040
   2013.62959475      0.2021
   2013.62962329      0.1996
   2013.62965183      0.1975
   2013.62968037      0.2042
   2013.62970890      0.2054
   2013.62973744      0.2058
   2013.62976598      0.2068
   2013.62979452      0.2190
   2013.62982306      0.2245
   2013.62985160      0.2290
   2013.62988014      0.2347
   2013.62990868      0.2537
   2013.62993721      0.2658
   2013.62996575      0.2768
   2013.62999429      0.2895
   2013.63002283      0.3172
   2013.63005137      0.3384
   2013.63007991      0.3641
   2013.63010845      0.3875
   2013.63013699      0.4142
   2013.63016553      0.4745
   2013.63019406      0.5038
   2013.63022260      0.5515
   2013.63025114      0.6037
   2013.63027968      0.6594
   2013.63030822      0.7195
   2013.63033676      0.7787
   2013.63036530      0.8262
   2013.63039384      0.8720
   2013.63042237      0.9142
   2013.63045091      0.9478
   2013.63047945      0.9704
   2013.63050799      0.9799
   2013.63053653      0.9792
   2013.63056507      0.9976
   2013.63059361      0.9606
   2013.63062215      0.9379
   2013.63065068      0.8972
   2013.63067922      0.8783
   2013.63070776      0.8468
   2013.63073630      0.8118
   2013.63076484      0.7753
   2013.63079338      0.7382
   2013.63082192      0.7022
   2013.63085046      0.6679
   2013.63087900      0.6353
   2013.63090753      0.6041
   2013.63093607      0.5740
   2013.63096461      0.5451
   2013.63099315      0.5176
   2013.63102169      0.4916
   2013.63105023      0.4669
   2013.63107877      0.4436
   2013.63110731      0.4215
   2013.63113584      0.4005
   2013.63116438      0.3807
   2013.63119292      0.3620
   2013.63122146      0.3443
   2013.63125000      0.3277
   2013.63127854      0.3122
   2013.63130708      0.2975
   2013.63133562      0.2837
   2013.63136416      0.2708
   2013.63139269      0.2586
   2013.63142123      0.2471
   2013.63144977      0.2362
   2013.63147831      0.2258
   2013.63150685      0.2160
   2013.63153539      0.2067
   2013.63156393      0.1979
   2013.63159247      0.1896
   2013.63162100      0.1818
   2013.63164954      0.1744
   2013.63167808      0.1674
   2013.63170662      0.1608
   2013.63173516      0.1545
   2013.63176370      0.1485
   2013.63179224      0.1428
   2013.63182078      0.1375
   2013.63184932      0.1324
   2013.63187785      0.1275
   2013.63190639      0.1229
   2013.63193493      0.1185
   2013.63196347      0.1144
   2013.63199201      0.1104
   2013.63202055      0.1066
   2013.63204909      0.1030
