   2013.62465753      0.0000
   2013.62468607      0.0000
   2013.62471461      0.0000
   2013.62474315      0.0000
   2013.62477169      0.0000
   2013.62480023      0.0000
   2013.62482877      0.0000
   2013.62485731      0.0000
   2013.62488584      0.0000
   2013.62491438      0.0000
   2013.62494292      0.0000
   2013.62497146      0.0000
   2013.62500000      0.0000
   2013.62502854      0.0000
   2013.62505708      0.0000
   2013.62508562      0.0000
   2013.62511416      0.0000
   2013.62514269      0.0000
   2013.62517123      0.0000
   2013.62519977      0.0000
   2013.62522831      0.0000
   2013.62525685      0.0000
   2013.62528539      0.0000
   2013.62531393      0.0000
   2013.62534247      0.0000
   2013.62537100      0.0000
   2013.62539954      0.0000
   2013.62542808      0.0000
   2013.62545662      0.0000
   2013.62548516      0.0000
   2013.62551370      0.0000
   2013.62554224      0.0000
   2013.62557078      0.0000
   2013.62559932      0.0000
   2013.62562785      0.0000
   2013.62565639      0.0000
   2013.62568493      0.0000
   2013.62571347      0.0000
   2013.62574201      0.0000
   2013.62577055      0.0000
   2013.62579909      0.0000
   2013.62582763      0.0000
   2013.62585616      0.0000
   2013.62588470      0.0000
   2013.62591324      0.0000
   2013.62594178      0.0000
   2013.62597032      0.0000
   2013.62599886      0.0000
   2013.62602740      0.0000
   2013.62605594      0.0000
   2013.62608447      0.0000
   2013.62611301      0.0000
   2013.62614155      0.0000
   2013.62617009      0.0000
   2013.62619863      0.0000
   2013.62622717      0.0000
   2013.62625571      0.0000
   2013.62628425      0.0000
   2013.62631279      0.0000
   2013.62634132      0.0000
   2013.62636986      0.0000
   2013.62639840      0.0000
   2013.62642694      0.0000
   2013.62645548      0.0000
   2013.62648402      0.0000
   2013.62651256      0.0000
   2013.62654110      0.0000
   2013.62656963      0.0000
   2013.62659817      0.0000
   2013.62662671      0.0000
   2013.62665525      0.0000
   2013.62668379      0.0000
   2013.62671233      0.0000
   2013.62674087      0.0000
   2013.62676941      0.0000
   2013.62679795      0.0000
   2013.62682648      0.0000
   2013.62685502      0.0000
   2013.62688356      0.0000
   2013.62691210      0.0000
   2013.62694064      0.0000
   2013.62696918      0.2474
   2013.62699772      0.5877
   2013.62702626      1.8366
   2013.62705479      3.5671
   2013.62708333      5.8234
   2013.62711187     10.0544
   2013.62714041     14.0514
   2013.62716895     14.5784
   2013.62719749     13.4388
   2013.62722603     11.5491
   2013.62725457      9.8285
   2013.62728311      8.4832
   2013.62731164      7.6957
   2013.62734018      7.0925
   2013.62736872      6.0302
   2013.62739726      5.0928
   2013.62742580      4.5264
   2013.62745434      4.1023
   2013.62748288      3.6935
   2013.62751142      3.4578
   2013.62753995      3.2173
   2013.62756849      2.9963
   2013.62759703      2.8052
   2013.62762557      2.6520
   2013.62765411      2.5167
   2013.62768265      2.3947
   2013.62771119      2.2842
   2013.62773973      2.1401
   2013.62776826      2.0423
   2013.62779680      1.9542
   2013.62782534      1.8575
   2013.62785388      1.7771
   2013.62788242      1.6866
   2013.62791096      1.5949
   2013.62793950      1.5007
   2013.62796804      1.4255
   2013.62799658      1.3491
   2013.62802511      1.2712
   2013.62805365      1.1928
   2013.62808219      1.1521
   2013.62811073      1.0635
   2013.62813927      0.9668
   2013.62816781      0.9253
   2013.62819635      0.8770
   2013.62822489      0.8198
   2013.62825342      0.7614
   2013.62828196      0.7063
   2013.62831050      0.6676
   2013.62833904      0.6235
   2013.62836758      0.5799
   2013.62839612      0.5401
   2013.62842466      0.5177
   2013.62845320      0.4866
   2013.62848174      0.4547
   2013.62851027      0.4252
   2013.62853881      0.4162
   2013.62856735      0.3947
   2013.62859589      0.3709
   2013.62862443      0.3485
   2013.62865297      0.3491
   2013.62868151      0.3353
   2013.62871005      0.3188
   2013.62873858      0.3035
   2013.62876712      0.3136
   2013.62879566      0.3078
   2013.62882420      0.2988
   2013.62885274      0.2912
   2013.62888128      0.3128
   2013.62890982      0.3165
   2013.62893836      0.3166
   2013.62896689      0.3191
   2013.62899543      0.3569
   2013.62902397      0.3743
   2013.62905251      0.3987
   2013.62908105      0.4173
   2013.62910959      0.4851
   2013.62913813      0.5321
   2013.62916667      0.5817
   2013.62919521      0.6287
   2013.62922374      0.7478
   2013.62925228      0.8499
   2013.62928082      0.9685
   2013.62930936      1.1059
   2013.62933790      1.3376
   2013.62936644      1.5749
   2013.62939498      1.7730
   2013.62942352      1.9197
   2013.62945205      2.1281
   2013.62948059      2.2854
   2013.62950913      2.3755
   2013.62953767      2.4255
   2013.62956621      2.5642
   2013.62959475      2.5902
   2013.62962329      2.6792
   2013.62965183      2.6667
   2013.62968037      2.7510
   2013.62970890      2.7392
   2013.62973744      2.7706
   2013.62976598      2.7278
   2013.62979452      2.6736
   2013.62982306      2.7285
   2013.62985160      2.7159
   2013.62988014      2.6538
   2013.62990868      2.6699
   2013.62993721      2.6342
   2013.62996575      2.5592
   2013.62999429      2.4897
   2013.63002283      2.4710
   2013.63005137      2.4020
   2013.63007991      2.3306
   2013.63010845      2.2498
   2013.63013699      2.1661
   2013.63016553      2.1279
   2013.63019406      2.0533
   2013.63022260      1.9283
   2013.63025114      1.8457
   2013.63027968      1.7667
   2013.63030822      1.6853
   2013.63033676      1.5781
   2013.63036530      1.4902
   2013.63039384      1.4067
   2013.63042237      1.3265
   2013.63045091      1.2474
   2013.63047945      1.1681
   2013.63050799      1.1080
   2013.63053653      1.0289
   2013.63056507      0.9490
   2013.63059361      0.8954
   2013.63062215      0.8346
   2013.63065068      0.7755
   2013.63067922      0.7191
   2013.63070776      0.6661
   2013.63073630      0.6177
   2013.63076484      0.5731
   2013.63079338      0.5321
   2013.63082192      0.4945
   2013.63085046      0.4601
   2013.63087900      0.4283
   2013.63090753      0.3988
   2013.63093607      0.3714
   2013.63096461      0.3459
   2013.63099315      0.3222
   2013.63102169      0.3002
   2013.63105023      0.2798
   2013.63107877      0.2610
   2013.63110731      0.2435
   2013.63113584      0.2271
   2013.63116438      0.2117
   2013.63119292      0.1975
   2013.63122146      0.1844
   2013.63125000      0.1721
   2013.63127854      0.1608
   2013.63130708      0.1503
   2013.63133562      0.1406
   2013.63136416      0.1315
   2013.63139269      0.1231
   2013.63142123      0.1153
   2013.63144977      0.1080
   2013.63147831      0.1012
