   2013.62465753      0.0000
   2013.62468607      0.0000
   2013.62471461      0.0000
   2013.62474315      0.0000
   2013.62477169      0.0000
   2013.62480023      0.0000
   2013.62482877      0.0000
   2013.62485731      0.0000
   2013.62488584      0.0000
   2013.62491438      0.0000
   2013.62494292      0.0000
   2013.62497146      0.0000
   2013.62500000      0.0000
   2013.62502854      0.0000
   2013.62505708      0.0000
   2013.62508562      0.0000
   2013.62511416      0.0000
   2013.62514269      0.0000
   2013.62517123      0.0000
   2013.62519977      0.0000
   2013.62522831      0.0000
   2013.62525685      0.0000
   2013.62528539      0.0000
   2013.62531393      0.0000
   2013.62534247      0.0000
   2013.62537100      0.1634
   2013.62539954      0.3274
   2013.62542808      0.9516
   2013.62545662      2.3295
   2013.62548516      4.3010
   2013.62551370      7.7849
   2013.62554224     13.2089
   2013.62557078     16.4216
   2013.62559932     16.9802
   2013.62562785     16.3879
   2013.62565639     15.5567
   2013.62568493     14.6187
   2013.62571347     13.7578
   2013.62574201     13.0779
   2013.62577055     12.2408
   2013.62579909     10.8375
   2013.62582763     10.7683
   2013.62585616     10.2749
   2013.62588470      9.5502
   2013.62591324      8.5979
   2013.62594178      8.4523
   2013.62597032      7.9904
   2013.62599886      7.6293
   2013.62602740      7.1347
   2013.62605594      7.3168
   2013.62608447      7.4300
   2013.62611301      7.4468
   2013.62614155      7.3916
   2013.62617009      7.9766
   2013.62619863      8.1296
   2013.62622717      8.2058
   2013.62625571      8.4707
   2013.62628425      8.9558
   2013.62631279      8.9475
   2013.62634132      9.2272
   2013.62636986      8.9870
   2013.62639840      9.6621
   2013.62642694      9.6290
   2013.62645548      9.6962
   2013.62648402      9.4598
   2013.62651256     10.2270
   2013.62654110     10.1414
   2013.62656963     10.1981
   2013.62659817      9.8647
   2013.62662671     10.6223
   2013.62665525     10.4829
   2013.62668379     10.5104
   2013.62671233     10.1169
   2013.62674087     10.8630
   2013.62676941     10.6776
   2013.62679795     10.6837
   2013.62682648     10.2175
   2013.62685502     10.6989
   2013.62688356     10.6941
   2013.62691210     10.6305
   2013.62694064     10.1741
   2013.62696918     10.6349
   2013.62699772     10.5797
   2013.62702626     10.4534
   2013.62705479      9.9560
   2013.62708333     10.3958
   2013.62711187     10.3045
   2013.62714041     10.1239
   2013.62716895      9.6420
   2013.62719749     10.0342
   2013.62722603      9.9127
   2013.62725457      9.6951
   2013.62728311      9.2327
   2013.62731164      9.5478
   2013.62734018      9.5502
   2013.62736872      9.1533
   2013.62739726      8.7785
   2013.62742580      8.9732
   2013.62745434      8.8497
   2013.62748288      8.6297
   2013.62751142      8.2573
   2013.62753995      8.4245
   2013.62756849      8.2099
   2013.62759703      8.2346
   2013.62762557      7.7179
   2013.62765411      7.9035
   2013.62768265      7.8178
   2013.62771119      7.6942
   2013.62773973      7.2425
   2013.62776826      7.4454
   2013.62779680      7.3581
   2013.62782534      7.1478
   2013.62785388      6.8235
   2013.62788242      7.2427
   2013.62791096      7.4989
   2013.62793950      7.6067
   2013.62796804      6.6670
   2013.62799658      6.4465
   2013.62802511      6.1080
   2013.62805365      5.9071
   2013.62808219      6.0423
   2013.62811073      6.5580
   2013.62813927      6.4952
   2013.62816781      6.3315
   2013.62819635      5.9035
   2013.62822489      5.4009
   2013.62825342      4.9215
   2013.62828196      4.5347
   2013.62831050      4.5485
   2013.62833904      4.4595
   2013.62836758      4.1772
   2013.62839612      4.0559
   2013.62842466      4.0344
   2013.62845320      3.5389
   2013.62848174      3.2020
   2013.62851027      2.9198
   2013.62853881      2.6472
   2013.62856735      2.5525
   2013.62859589      2.2393
   2013.62862443      2.0507
   2013.62865297      1.8911
   2013.62868151      1.6647
   2013.62871005      1.5540
   2013.62873858      1.4286
   2013.62876712      1.3106
   2013.62879566      1.2262
   2013.62882420      1.1057
   2013.62885274      0.9961
   2013.62888128      0.9237
   2013.62890982      0.8442
   2013.62893836      0.7688
   2013.62896689      0.6991
   2013.62899543      0.6362
   2013.62902397      0.5797
   2013.62905251      0.5289
   2013.62908105      0.4836
   2013.62910959      0.4431
   2013.62913813      0.4068
   2013.62916667      0.3741
   2013.62919521      0.3444
   2013.62922374      0.3174
   2013.62925228      0.2929
   2013.62928082      0.2707
   2013.62930936      0.2503
   2013.62933790      0.2316
   2013.62936644      0.2144
   2013.62939498      0.1986
   2013.62942352      0.1842
   2013.62945205      0.1709
   2013.62948059      0.1589
   2013.62950913      0.1478
   2013.62953767      0.1376
   2013.62956621      0.1282
   2013.62959475      0.1196
   2013.62962329      0.1116
   2013.62965183      0.1042
