   2013.62465753      0.0000
   2013.62468607      0.0000
   2013.62471461      0.0000
   2013.62474315      0.0000
   2013.62477169      0.0000
   2013.62480023      0.0000
   2013.62482877      0.0000
   2013.62485731      0.0000
   2013.62488584      0.0000
   2013.62491438      0.0000
   2013.62494292      0.0000
   2013.62497146      0.0000
   2013.62500000      0.0000
   2013.62502854      0.0000
   2013.62505708      0.0000
   2013.62508562      0.0000
   2013.62511416      0.0000
   2013.62514269      0.0000
   2013.62517123      0.0000
   2013.62519977      0.0000
   2013.62522831      0.0000
   2013.62525685      0.0000
   2013.62528539      0.0000
   2013.62531393      0.0000
   2013.62534247      0.0000
   2013.62537100      0.0000
   2013.62539954      0.0000
   2013.62542808      0.0000
   2013.62545662      0.0000
   2013.62548516      0.0000
   2013.62551370      0.0000
   2013.62554224      0.0000
   2013.62557078      0.0000
   2013.62559932      0.0000
   2013.62562785      0.0000
   2013.62565639      0.0000
   2013.62568493      0.0000
   2013.62571347      0.0000
   2013.62574201      0.0000
   2013.62577055      0.0000
   2013.62579909      0.0000
   2013.62582763      0.0000
   2013.62585616      0.0000
   2013.62588470      0.0000
   2013.62591324      0.0000
   2013.62594178      0.0000
   2013.62597032      0.0000
   2013.62599886      0.0000
   2013.62602740      0.0000
   2013.62605594      0.0000
   2013.62608447      0.0000
   2013.62611301      0.0000
   2013.62614155      0.0000
   2013.62617009      0.0000
   2013.62619863      0.0000
   2013.62622717      0.0000
   2013.62625571      0.0000
   2013.62628425      0.0000
   2013.62631279      0.0000
   2013.62634132      0.0000
   2013.62636986      0.0000
   2013.62639840      0.0000
   2013.62642694      0.0000
   2013.62645548      0.0000
   2013.62648402      0.0000
   2013.62651256      0.0000
   2013.62654110      0.0000
   2013.62656963      0.0000
   2013.62659817      0.0000
   2013.62662671      0.0000
   2013.62665525      0.0000
   2013.62668379      0.0000
   2013.62671233      0.0000
   2013.62674087      0.0000
   2013.62676941      0.0000
   2013.62679795      0.0000
   2013.62682648      0.0000
   2013.62685502      0.0000
   2013.62688356      0.0000
   2013.62691210      0.0000
   2013.62694064      0.0000
   2013.62696918      0.0000
   2013.62699772      0.0000
   2013.62702626      0.0000
   2013.62705479      0.0001
   2013.62708333      0.0003
   2013.62711187      0.0005
   2013.62714041      0.0006
   2013.62716895      0.0008
   2013.62719749      0.0009
   2013.62722603      0.0011
   2013.62725457      0.0012
   2013.62728311      0.0013
   2013.62731164      0.0014
   2013.62734018      0.0016
   2013.62736872      0.0030
   2013.62739726      0.0265
   2013.62742580      0.0509
   2013.62745434      0.0727
   2013.62748288      0.1051
   2013.62751142      0.1539
   2013.62753995      0.2176
   2013.62756849      0.3015
   2013.62759703      0.4208
   2013.62762557      0.5840
   2013.62765411      0.7784
   2013.62768265      1.0181
   2013.62771119      1.3506
   2013.62773973      1.7402
   2013.62776826      2.1097
   2013.62779680      2.3947
   2013.62782534      2.5999
   2013.62785388      2.7468
   2013.62788242      2.8519
   2013.62791096      2.9278
   2013.62793950      2.9990
   2013.62796804      2.8934
   2013.62799658      2.8988
   2013.62802511      2.8198
   2013.62805365      2.7071
   2013.62808219      2.6035
   2013.62811073      2.5006
   2013.62813927      2.3655
   2013.62816781      2.2299
   2013.62819635      2.0838
   2013.62822489      1.9865
   2013.62825342      1.8430
   2013.62828196      1.7093
   2013.62831050      1.5816
   2013.62833904      1.4586
   2013.62836758      1.3406
   2013.62839612      1.2112
   2013.62842466      1.1265
   2013.62845320      1.0331
   2013.62848174      0.9463
   2013.62851027      0.8668
   2013.62853881      0.7910
   2013.62856735      0.7198
   2013.62859589      0.6552
   2013.62862443      0.5976
   2013.62865297      0.5454
   2013.62868151      0.4984
   2013.62871005      0.4563
   2013.62873858      0.4183
   2013.62876712      0.3839
   2013.62879566      0.3528
   2013.62882420      0.3245
   2013.62885274      0.2988
   2013.62888128      0.2754
   2013.62890982      0.2541
   2013.62893836      0.2345
   2013.62896689      0.2164
   2013.62899543      0.1998
   2013.62902397      0.1847
   2013.62905251      0.1709
   2013.62908105      0.1582
   2013.62910959      0.1466
   2013.62913813      0.1360
   2013.62916667      0.1263
   2013.62919521      0.1173
   2013.62922374      0.1090
   2013.62925228      0.1014
