   2013.62465753      0.0000
   2013.62468607      0.0000
   2013.62471461      0.0000
   2013.62474315      0.0000
   2013.62477169      0.0000
   2013.62480023      0.0000
   2013.62482877      0.0000
   2013.62485731      0.0000
   2013.62488584      0.0000
   2013.62491438      0.0000
   2013.62494292      0.0000
   2013.62497146      0.0000
   2013.62500000      0.0000
   2013.62502854      0.0000
   2013.62505708      0.0000
   2013.62508562      0.0000
   2013.62511416      0.0000
   2013.62514269      0.0000
   2013.62517123      0.0000
   2013.62519977      0.0000
   2013.62522831      0.0000
   2013.62525685      0.0000
   2013.62528539      0.0000
   2013.62531393      0.0000
   2013.62534247      0.0000
   2013.62537100      0.0000
   2013.62539954      0.0000
   2013.62542808      0.0000
   2013.62545662      0.0000
   2013.62548516      0.0000
   2013.62551370      0.0000
   2013.62554224      0.0000
   2013.62557078      0.0000
   2013.62559932      0.0000
   2013.62562785      0.0000
   2013.62565639      0.0000
   2013.62568493      0.0000
   2013.62571347      0.0000
   2013.62574201      0.0000
   2013.62577055      0.0000
   2013.62579909      0.0000
   2013.62582763      0.0000
   2013.62585616      0.0000
   2013.62588470      0.0000
   2013.62591324      0.0000
   2013.62594178      0.0000
   2013.62597032      0.0000
   2013.62599886      0.0000
   2013.62602740      0.0000
   2013.62605594      0.0000
   2013.62608447      0.0000
   2013.62611301      0.0000
   2013.62614155      0.0000
   2013.62617009      0.0000
   2013.62619863      0.0000
   2013.62622717      0.0000
   2013.62625571      0.0000
   2013.62628425      0.0000
   2013.62631279      0.0000
   2013.62634132      0.0000
   2013.62636986      0.0000
   2013.62639840      0.0000
   2013.62642694      0.0000
   2013.62645548      0.0000
   2013.62648402      0.0000
   2013.62651256      0.0000
   2013.62654110      0.0000
   2013.62656963      0.0000
   2013.62659817      0.0000
   2013.62662671      0.0000
   2013.62665525      0.0000
   2013.62668379      0.0000
   2013.62671233      0.0000
   2013.62674087      0.0000
   2013.62676941      0.0000
   2013.62679795      0.0000
   2013.62682648      0.0000
   2013.62685502      0.0683
   2013.62688356      0.1205
   2013.62691210      0.2394
   2013.62694064      0.5360
   2013.62696918      1.0428
   2013.62699772      1.6874
   2013.62702626      2.5367
   2013.62705479      3.9597
   2013.62708333      6.0029
   2013.62711187      7.4546
   2013.62714041      7.8014
   2013.62716895      7.5996
   2013.62719749      7.1447
   2013.62722603      6.6395
   2013.62725457      6.1735
   2013.62728311      5.7834
   2013.62731164      5.4519
   2013.62734018      5.2052
   2013.62736872      5.0047
   2013.62739726      4.8525
   2013.62742580      4.7199
   2013.62745434      4.6237
   2013.62748288      4.5646
   2013.62751142      4.5126
   2013.62753995      4.4548
   2013.62756849      4.4180
   2013.62759703      4.3834
   2013.62762557      4.3376
   2013.62765411      4.3167
   2013.62768265      4.2061
   2013.62771119      4.0776
   2013.62773973      3.8753
   2013.62776826      3.8786
   2013.62779680      3.6779
   2013.62782534      3.3178
   2013.62785388      3.1569
   2013.62788242      2.8894
   2013.62791096      2.6807
   2013.62793950      2.4794
   2013.62796804      2.4170
   2013.62799658      2.1567
   2013.62802511      1.8689
   2013.62805365      1.7369
   2013.62808219      1.5878
   2013.62811073      1.4467
   2013.62813927      1.3148
   2013.62816781      1.1931
   2013.62819635      1.0891
   2013.62822489      0.9930
   2013.62825342      0.9081
   2013.62828196      0.8283
   2013.62831050      0.7533
   2013.62833904      0.6846
   2013.62836758      0.6235
   2013.62839612      0.5688
   2013.62842466      0.5197
   2013.62845320      0.4757
   2013.62848174      0.4362
   2013.62851027      0.4006
   2013.62853881      0.3685
   2013.62856735      0.3393
   2013.62859589      0.3128
   2013.62862443      0.2887
   2013.62865297      0.2669
   2013.62868151      0.2468
   2013.62871005      0.2283
   2013.62873858      0.2113
   2013.62876712      0.1958
   2013.62879566      0.1816
   2013.62882420      0.1685
   2013.62885274      0.1565
   2013.62888128      0.1457
   2013.62890982      0.1356
   2013.62893836      0.1263
   2013.62896689      0.1176
   2013.62899543      0.1100
   2013.62902397      0.1026
