   2013.62465753      0.0000
   2013.62468607      0.0000
   2013.62471461      0.0000
   2013.62474315      0.0000
   2013.62477169      0.0000
   2013.62480023      0.0000
   2013.62482877      0.0000
   2013.62485731      0.0000
   2013.62488584      0.0000
   2013.62491438      0.0000
   2013.62494292      0.0000
   2013.62497146      0.0000
   2013.62500000      0.0000
   2013.62502854      0.0000
   2013.62505708      0.0000
   2013.62508562      0.0000
   2013.62511416      0.0000
   2013.62514269      0.0000
   2013.62517123      0.0000
   2013.62519977      0.0000
   2013.62522831      0.0000
   2013.62525685      0.0000
   2013.62528539      0.0000
   2013.62531393      0.0000
   2013.62534247      0.0000
   2013.62537100      0.0000
   2013.62539954      0.0000
   2013.62542808      0.0000
   2013.62545662      0.0000
   2013.62548516      0.0012
   2013.62551370      0.0008
   2013.62554224      0.0007
   2013.62557078      0.0009
   2013.62559932      0.0009
   2013.62562785      0.0009
   2013.62565639      0.0009
   2013.62568493      0.0011
   2013.62571347      0.0011
   2013.62574201      0.0010
   2013.62577055      0.0010
   2013.62579909      0.0013
   2013.62582763      0.0002
   2013.62585616      0.0001
   2013.62588470      0.0001
   2013.62591324      0.0003
   2013.62594178      0.0004
   2013.62597032      0.0004
   2013.62599886      0.0003
   2013.62602740      0.0009
   2013.62605594      0.0071
   2013.62608447      0.0260
   2013.62611301      0.0395
   2013.62614155      0.0511
   2013.62617009      0.0618
   2013.62619863      0.0733
   2013.62622717      0.0875
   2013.62625571      0.1141
   2013.62628425      0.1431
   2013.62631279      0.1840
   2013.62634132      0.2431
   2013.62636986      0.3336
   2013.62639840      0.4516
   2013.62642694      0.5933
   2013.62645548      0.7841
   2013.62648402      1.1046
   2013.62651256      1.4548
   2013.62654110      1.8594
   2013.62656963      2.2808
   2013.62659817      2.6594
   2013.62662671      3.0621
   2013.62665525      3.2841
   2013.62668379      3.4732
   2013.62671233      3.7135
   2013.62674087      3.7845
   2013.62676941      3.9353
   2013.62679795      3.9830
   2013.62682648      3.9171
   2013.62685502      4.0017
   2013.62688356      3.8904
   2013.62691210      3.7786
   2013.62694064      3.5362
   2013.62696918      3.6307
   2013.62699772      3.5137
   2013.62702626      3.5474
   2013.62705479      3.1445
   2013.62708333      3.2081
   2013.62711187      3.1189
   2013.62714041      2.9916
   2013.62716895      2.8237
   2013.62719749      2.9070
   2013.62722603      2.7758
   2013.62725457      2.6751
   2013.62728311      2.6383
   2013.62731164      2.5479
   2013.62734018      2.4564
   2013.62736872      2.3021
   2013.62739726      2.2583
   2013.62742580      2.2085
   2013.62745434      2.0723
   2013.62748288      1.9839
   2013.62751142      1.9167
   2013.62753995      1.8669
   2013.62756849      1.7521
   2013.62759703      1.6627
   2013.62762557      1.5266
   2013.62765411      1.5278
   2013.62768265      1.4359
   2013.62771119      1.3573
   2013.62773973      1.2911
   2013.62776826      1.2223
   2013.62779680      1.1511
   2013.62782534      1.1013
   2013.62785388      1.0342
   2013.62788242      0.9511
   2013.62791096      0.9115
   2013.62793950      0.8579
   2013.62796804      0.8086
   2013.62799658      0.7570
   2013.62802511      0.7060
   2013.62805365      0.6590
   2013.62808219      0.6227
   2013.62811073      0.5839
   2013.62813927      0.5461
   2013.62816781      0.5113
   2013.62819635      0.4864
   2013.62822489      0.4574
   2013.62825342      0.4287
   2013.62828196      0.4017
   2013.62831050      0.3857
   2013.62833904      0.3638
   2013.62836758      0.3414
   2013.62839612      0.3201
   2013.62842466      0.3121
   2013.62845320      0.2962
   2013.62848174      0.2792
   2013.62851027      0.2627
   2013.62853881      0.2625
   2013.62856735      0.2516
   2013.62859589      0.2386
   2013.62862443      0.2261
   2013.62865297      0.2321
   2013.62868151      0.2258
   2013.62871005      0.2172
   2013.62873858      0.2093
   2013.62876712      0.2239
   2013.62879566      0.2238
   2013.62882420      0.2211
   2013.62885274      0.2198
   2013.62888128      0.2457
   2013.62890982      0.2550
   2013.62893836      0.2614
   2013.62896689      0.2706
   2013.62899543      0.3149
   2013.62902397      0.3401
   2013.62905251      0.3728
   2013.62908105      0.4032
   2013.62910959      0.4893
   2013.62913813      0.5575
   2013.62916667      0.6172
   2013.62919521      0.7140
   2013.62922374      0.8735
   2013.62925228      1.0257
   2013.62928082      1.2176
   2013.62930936      1.4419
   2013.62933790      1.7594
   2013.62936644      2.0303
   2013.62939498      2.1934
   2013.62942352      2.3637
   2013.62945205      2.5874
   2013.62948059      2.7531
   2013.62950913      2.7937
   2013.62953767      3.0554
   2013.62956621      2.8650
   2013.62959475      3.0608
   2013.62962329      3.1041
   2013.62965183      3.2922
   2013.62968037      3.0094
   2013.62970890      3.1845
   2013.62973744      3.1812
   2013.62976598      3.2943
   2013.62979452      2.9869
   2013.62982306      3.1230
   2013.62985160      3.3180
   2013.62988014      2.9961
   2013.62990868      2.8701
   2013.62993721      2.9193
   2013.62996575      2.8632
   2013.62999429      2.7640
   2013.63002283      2.7391
   2013.63005137      2.6553
   2013.63007991      2.5649
   2013.63010845      2.4629
   2013.63013699      2.3627
   2013.63016553      2.3152
   2013.63019406      2.2254
   2013.63022260      2.0848
   2013.63025114      1.9920
   2013.63027968      1.9007
   2013.63030822      1.8016
   2013.63033676      1.6972
   2013.63036530      1.5924
   2013.63039384      1.5007
   2013.63042237      1.4128
   2013.63045091      1.3275
   2013.63047945      1.2435
   2013.63050799      1.2114
   2013.63053653      1.0942
   2013.63056507      1.0176
   2013.63059361      0.9411
   2013.63062215      0.8820
   2013.63065068      0.8197
   2013.63067922      0.7600
   2013.63070776      0.7033
   2013.63073630      0.6507
   2013.63076484      0.6028
   2013.63079338      0.5587
   2013.63082192      0.5184
   2013.63085046      0.4815
   2013.63087900      0.4478
   2013.63090753      0.4166
   2013.63093607      0.3877
   2013.63096461      0.3609
   2013.63099315      0.3360
   2013.63102169      0.3129
   2013.63105023      0.2916
   2013.63107877      0.2719
   2013.63110731      0.2536
   2013.63113584      0.2365
   2013.63116438      0.2206
   2013.63119292      0.2057
   2013.63122146      0.1920
   2013.63125000      0.1793
   2013.63127854      0.1675
   2013.63130708      0.1565
   2013.63133562      0.1464
   2013.63136416      0.1370
   2013.63139269      0.1282
   2013.63142123      0.1201
   2013.63144977      0.1125
   2013.63147831      0.1055
