   2013.62465753      0.0000
   2013.62468607      0.0000
   2013.62471461      0.0000
   2013.62474315      0.0000
   2013.62477169      0.0000
   2013.62480023      0.0000
   2013.62482877      0.0000
   2013.62485731      0.0000
   2013.62488584      0.0000
   2013.62491438      0.0000
   2013.62494292      0.0000
   2013.62497146      0.0000
   2013.62500000      0.0000
   2013.62502854      0.0000
   2013.62505708      0.0000
   2013.62508562      0.0000
   2013.62511416      0.0000
   2013.62514269      0.0005
   2013.62517123      0.0016
   2013.62519977      0.0024
   2013.62522831      0.0030
   2013.62525685      0.0036
   2013.62528539      0.0044
   2013.62531393      0.0413
   2013.62534247      0.0827
   2013.62537100      0.1540
   2013.62539954      0.2950
   2013.62542808      0.5069
   2013.62545662      0.8580
   2013.62548516      1.4074
   2013.62551370      2.1885
   2013.62554224      3.1209
   2013.62557078      3.9902
   2013.62559932      4.7697
   2013.62562785      5.5443
   2013.62565639      6.1472
   2013.62568493      6.5104
   2013.62571347      6.6736
   2013.62574201      6.7041
   2013.62577055      6.4819
   2013.62579909      6.2912
   2013.62582763      5.9742
   2013.62585616      5.6053
   2013.62588470      5.5685
   2013.62591324      5.1456
   2013.62594178      4.5182
   2013.62597032      4.4709
   2013.62599886      3.6920
   2013.62602740      3.4588
   2013.62605594      3.1100
   2013.62608447      2.7959
   2013.62611301      2.6476
   2013.62614155      2.3440
   2013.62617009      2.0956
   2013.62619863      1.8782
   2013.62622717      1.6804
   2013.62625571      1.4814
   2013.62628425      1.3422
   2013.62631279      1.1766
   2013.62634132      1.0357
   2013.62636986      0.9502
   2013.62639840      0.8580
   2013.62642694      0.7725
   2013.62645548      0.6958
   2013.62648402      0.6282
   2013.62651256      0.5684
   2013.62654110      0.5154
   2013.62656963      0.4685
   2013.62659817      0.4270
   2013.62662671      0.3901
   2013.62665525      0.3570
   2013.62668379      0.3273
   2013.62671233      0.3005
   2013.62674087      0.2764
   2013.62676941      0.2545
   2013.62679795      0.2345
   2013.62682648      0.2162
   2013.62685502      0.1995
   2013.62688356      0.1843
   2013.62691210      0.1704
   2013.62694064      0.1578
   2013.62696918      0.1462
   2013.62699772      0.1356
   2013.62702626      0.1259
   2013.62705479      0.1170
   2013.62708333      0.1087
   2013.62711187      0.1011
