   2013.62465753      0.0000
   2013.62468607      0.0000
   2013.62471461      0.0000
   2013.62474315      0.0000
   2013.62477169      0.0000
   2013.62480023      0.0000
   2013.62482877      0.0000
   2013.62485731      0.0000
   2013.62488584      0.0000
   2013.62491438      0.0000
   2013.62494292      0.0000
   2013.62497146      0.0000
   2013.62500000      0.0000
   2013.62502854      0.0000
   2013.62505708      0.0000
   2013.62508562      0.0000
   2013.62511416      0.0000
   2013.62514269      0.0000
   2013.62517123      0.0000
   2013.62519977      0.0000
   2013.62522831      0.0000
   2013.62525685      0.0000
   2013.62528539      0.0000
   2013.62531393      0.0000
   2013.62534247      0.0000
   2013.62537100      0.0000
   2013.62539954      0.0000
   2013.62542808      0.0000
   2013.62545662      0.0000
   2013.62548516      0.0000
   2013.62551370      0.0000
   2013.62554224      0.0000
   2013.62557078      0.0000
   2013.62559932      0.0000
   2013.62562785      0.0000
   2013.62565639      0.0000
   2013.62568493      0.0000
   2013.62571347      0.0000
   2013.62574201      0.0000
   2013.62577055      0.0000
   2013.62579909      0.0000
   2013.62582763      0.0000
   2013.62585616      0.0000
   2013.62588470      0.0000
   2013.62591324      0.0000
   2013.62594178      0.0000
   2013.62597032      0.0000
   2013.62599886      0.0000
   2013.62602740      0.0000
   2013.62605594      0.0000
   2013.62608447      0.0000
   2013.62611301      0.0000
   2013.62614155      0.0000
   2013.62617009      0.0000
   2013.62619863      0.0000
   2013.62622717      0.0000
   2013.62625571      0.0000
   2013.62628425      0.0000
   2013.62631279      0.0000
   2013.62634132      0.0000
   2013.62636986      0.0000
   2013.62639840      0.0000
   2013.62642694      0.0000
   2013.62645548      0.0000
   2013.62648402      0.0000
   2013.62651256      0.0000
   2013.62654110      0.0000
   2013.62656963      0.0000
   2013.62659817      0.0000
   2013.62662671      0.0000
   2013.62665525      0.0000
   2013.62668379      0.0000
   2013.62671233      0.0000
   2013.62674087      0.0000
   2013.62676941      0.0000
   2013.62679795      0.0000
   2013.62682648      0.0000
   2013.62685502      0.0000
   2013.62688356      0.0000
   2013.62691210      0.0000
   2013.62694064      0.0000
   2013.62696918      0.0000
   2013.62699772      0.0000
   2013.62702626      0.0000
   2013.62705479      0.0000
   2013.62708333      0.0000
   2013.62711187      0.0000
   2013.62714041      0.0000
   2013.62716895      0.0000
   2013.62719749      0.0000
   2013.62722603      0.0000
   2013.62725457      0.0000
   2013.62728311      0.0000
   2013.62731164     74.6856
   2013.62734018    247.9827
   2013.62736872    234.9621
   2013.62739726    180.2919
   2013.62742580    126.2474
   2013.62745434     68.0429
   2013.62748288     38.7647
   2013.62751142     26.2223
   2013.62753995     19.1882
   2013.62756849     15.3820
   2013.62759703     12.2770
   2013.62762557     10.1179
   2013.62765411      8.5367
   2013.62768265      7.5039
   2013.62771119      6.7843
   2013.62773973      5.4751
   2013.62776826      4.8560
   2013.62779680      4.4002
   2013.62782534      3.9753
   2013.62785388      3.6282
   2013.62788242      3.3892
   2013.62791096      3.1748
   2013.62793950      3.0005
   2013.62796804      2.8576
   2013.62799658      2.7437
   2013.62802511      2.6579
   2013.62805365      2.5966
   2013.62808219      2.5554
   2013.62811073      2.5306
   2013.62813927      2.4875
   2013.62816781      2.4441
   2013.62819635      2.4002
   2013.62822489      2.2878
   2013.62825342      2.2258
   2013.62828196      2.1410
   2013.62831050      2.0537
   2013.62833904      1.9580
   2013.62836758      1.8708
   2013.62839612      1.7435
   2013.62842466      1.6410
   2013.62845320      1.5405
   2013.62848174      1.4416
   2013.62851027      1.3435
   2013.62853881      1.2475
   2013.62856735      1.1514
   2013.62859589      1.0676
   2013.62862443      0.9843
   2013.62865297      0.9098
   2013.62868151      0.8376
   2013.62871005      0.7678
   2013.62873858      0.7020
   2013.62876712      0.6421
   2013.62879566      0.5878
   2013.62882420      0.5384
   2013.62885274      0.4936
   2013.62888128      0.4532
   2013.62890982      0.4165
   2013.62893836      0.3832
   2013.62896689      0.3528
   2013.62899543      0.3251
   2013.62902397      0.2999
   2013.62905251      0.2769
   2013.62908105      0.2558
   2013.62910959      0.2364
   2013.62913813      0.2185
   2013.62916667      0.2020
   2013.62919521      0.1869
   2013.62922374      0.1731
   2013.62925228      0.1605
   2013.62928082      0.1489
   2013.62930936      0.1383
   2013.62933790      0.1285
   2013.62936644      0.1195
   2013.62939498      0.1112
   2013.62942352      0.1035
