   2013.62465753      0.0000
   2013.62468607      0.0000
   2013.62471461      0.0000
   2013.62474315      0.0000
   2013.62477169      0.0000
   2013.62480023      0.0000
   2013.62482877      0.0000
   2013.62485731      0.0000
   2013.62488584      0.0000
   2013.62491438      0.0000
   2013.62494292      0.0000
   2013.62497146      0.0000
   2013.62500000      0.0000
   2013.62502854      0.0000
   2013.62505708      0.0000
   2013.62508562      0.0000
   2013.62511416      0.0000
   2013.62514269      0.0000
   2013.62517123      0.0000
   2013.62519977      0.0000
   2013.62522831      0.0000
   2013.62525685      0.0000
   2013.62528539      0.0000
   2013.62531393      0.0000
   2013.62534247      0.0000
   2013.62537100      0.0000
   2013.62539954      0.0000
   2013.62542808      0.0000
   2013.62545662      0.0000
   2013.62548516      0.0000
   2013.62551370      0.0000
   2013.62554224      0.0000
   2013.62557078      0.0000
   2013.62559932      0.0000
   2013.62562785      0.0000
   2013.62565639      0.0000
   2013.62568493      0.0000
   2013.62571347      0.0000
   2013.62574201      0.0000
   2013.62577055      0.0000
   2013.62579909      0.0000
   2013.62582763      0.0005
   2013.62585616      0.0020
   2013.62588470      0.0034
   2013.62591324      0.0046
   2013.62594178      0.0059
   2013.62597032      0.0481
   2013.62599886      0.1018
   2013.62602740      0.1739
   2013.62605594      0.3044
   2013.62608447      0.5114
   2013.62611301      0.8211
   2013.62614155      1.3652
   2013.62617009      2.5134
   2013.62619863      3.7437
   2013.62622717      5.0823
   2013.62625571      4.8105
   2013.62628425      4.5205
   2013.62631279      4.1412
   2013.62634132      3.7559
   2013.62636986      3.3052
   2013.62639840      3.2149
   2013.62642694      2.6874
   2013.62645548      2.3527
   2013.62648402      2.0734
   2013.62651256      1.7616
   2013.62654110      1.5650
   2013.62656963      1.4674
   2013.62659817      1.2450
   2013.62662671      1.0736
   2013.62665525      0.9865
   2013.62668379      0.8884
   2013.62671233      0.7970
   2013.62674087      0.7153
   2013.62676941      0.6433
   2013.62679795      0.5802
   2013.62682648      0.5243
   2013.62685502      0.4751
   2013.62688356      0.4317
   2013.62691210      0.3933
   2013.62694064      0.3591
   2013.62696918      0.3285
   2013.62699772      0.3010
   2013.62702626      0.2764
   2013.62705479      0.2540
   2013.62708333      0.2336
   2013.62711187      0.2150
   2013.62714041      0.1981
   2013.62716895      0.1827
   2013.62719749      0.1687
   2013.62722603      0.1560
   2013.62725457      0.1444
   2013.62728311      0.1337
   2013.62731164      0.1240
   2013.62734018      0.1151
   2013.62736872      0.1068
