   2013.62465753      0.0000
   2013.62468607      0.0000
   2013.62471461      0.0000
   2013.62474315      0.0000
   2013.62477169      0.0000
   2013.62480023      0.0000
   2013.62482877      0.0000
   2013.62485731      0.0000
   2013.62488584      0.0000
   2013.62491438      0.0000
   2013.62494292      0.0000
   2013.62497146      0.0000
   2013.62500000      0.0000
   2013.62502854      0.0000
   2013.62505708      0.0000
   2013.62508562      0.0000
   2013.62511416      0.0000
   2013.62514269      0.0000
   2013.62517123      0.0000
   2013.62519977      0.0000
   2013.62522831      0.0000
   2013.62525685      0.0000
   2013.62528539      0.0000
   2013.62531393      0.0000
   2013.62534247      0.0000
   2013.62537100      0.0000
   2013.62539954      0.0000
   2013.62542808      0.0000
   2013.62545662      0.0000
   2013.62548516      0.0000
   2013.62551370      0.0000
   2013.62554224      0.0000
   2013.62557078      0.0000
   2013.62559932      0.0000
   2013.62562785      0.0000
   2013.62565639      0.0000
   2013.62568493      0.0000
   2013.62571347      0.0000
   2013.62574201      0.0000
   2013.62577055      0.0000
   2013.62579909      0.0000
   2013.62582763      0.0000
   2013.62585616      0.0000
   2013.62588470      0.0000
   2013.62591324      0.0000
   2013.62594178      0.0000
   2013.62597032      0.0000
   2013.62599886      0.0000
   2013.62602740      0.0000
   2013.62605594      0.0000
   2013.62608447      0.0000
   2013.62611301      0.0000
   2013.62614155      0.0000
   2013.62617009      0.0000
   2013.62619863      0.0000
   2013.62622717      0.0000
   2013.62625571      0.0000
   2013.62628425      0.0000
   2013.62631279      0.0000
   2013.62634132      0.0000
   2013.62636986      0.0000
   2013.62639840      0.0086
   2013.62642694      0.0298
   2013.62645548      0.1003
   2013.62648402      0.2182
   2013.62651256      0.5304
   2013.62654110      1.2401
   2013.62656963      2.5416
   2013.62659817      4.6941
   2013.62662671      8.3302
   2013.62665525     13.2788
   2013.62668379     16.2544
   2013.62671233     17.7764
   2013.62674087     18.8273
   2013.62676941     18.5173
   2013.62679795     17.8327
   2013.62682648     16.8426
   2013.62685502     15.6414
   2013.62688356     14.4361
   2013.62691210     13.2366
   2013.62694064     11.1563
   2013.62696918     10.6445
   2013.62699772      9.2486
   2013.62702626      8.5742
   2013.62705479      6.9336
   2013.62708333      6.6879
   2013.62711187      6.2368
   2013.62714041      5.1106
   2013.62716895      4.6636
   2013.62719749      4.3155
   2013.62722603      4.3171
   2013.62725457      3.8479
   2013.62728311      3.4113
   2013.62731164      3.2067
   2013.62734018      2.9965
   2013.62736872      2.8134
   2013.62739726      2.6711
   2013.62742580      2.5271
   2013.62745434      2.3908
   2013.62748288      2.2717
   2013.62751142      2.1207
   2013.62753995      2.0557
   2013.62756849      1.9142
   2013.62759703      1.8151
   2013.62762557      1.7228
   2013.62765411      1.6359
   2013.62768265      1.5488
   2013.62771119      1.4648
   2013.62773973      1.3890
   2013.62776826      1.3170
   2013.62779680      1.2478
   2013.62782534      1.1788
   2013.62785388      1.1559
   2013.62788242      1.0628
   2013.62791096      1.0040
   2013.62793950      0.9379
   2013.62796804      0.8961
   2013.62799658      0.8470
   2013.62802511      0.7992
   2013.62805365      0.7532
   2013.62808219      0.7097
   2013.62811073      0.6403
   2013.62813927      0.5918
   2013.62816781      0.5495
   2013.62819635      0.5110
   2013.62822489      0.4763
   2013.62825342      0.4452
   2013.62828196      0.4172
   2013.62831050      0.3923
   2013.62833904      0.3699
   2013.62836758      0.3495
   2013.62839612      0.3303
   2013.62842466      0.3146
   2013.62845320      0.2964
   2013.62848174      0.2777
   2013.62851027      0.2594
   2013.62853881      0.2484
   2013.62856735      0.2327
   2013.62859589      0.2166
   2013.62862443      0.2014
   2013.62865297      0.1959
   2013.62868151      0.1843
   2013.62871005      0.1720
   2013.62873858      0.1603
   2013.62876712      0.1606
   2013.62879566      0.1522
   2013.62882420      0.1424
   2013.62885274      0.1331
   2013.62888128      0.1382
   2013.62890982      0.1322
   2013.62893836      0.1243
   2013.62896689      0.1169
   2013.62899543      0.1257
   2013.62902397      0.1220
   2013.62905251      0.1159
   2013.62908105      0.1106
   2013.62910959      0.1231
   2013.62913813      0.1223
   2013.62916667      0.1190
   2013.62919521      0.1168
   2013.62922374      0.1350
   2013.62925228      0.1390
   2013.62928082      0.1408
   2013.62930936      0.1442
   2013.62933790      0.1705
   2013.62936644      0.1827
   2013.62939498      0.1929
   2013.62942352      0.2044
   2013.62945205      0.2433
   2013.62948059      0.2685
   2013.62950913      0.2998
   2013.62953767      0.3320
   2013.62956621      0.3911
   2013.62959475      0.4648
   2013.62962329      0.5197
   2013.62965183      0.5995
   2013.62968037      0.7136
   2013.62970890      0.8204
   2013.62973744      0.9367
   2013.62976598      1.0640
   2013.62979452      1.2197
   2013.62982306      1.3381
   2013.62985160      1.4190
   2013.62988014      1.4568
   2013.62990868      1.4762
   2013.62993721      1.5054
   2013.62996575      1.5015
   2013.62999429      1.4543
   2013.63002283      1.3932
   2013.63005137      1.4255
   2013.63007991      1.3908
   2013.63010845      1.3236
   2013.63013699      1.2854
   2013.63016553      1.2384
   2013.63019406      1.1871
   2013.63022260      1.1183
   2013.63025114      1.0815
   2013.63027968      1.0121
   2013.63030822      0.9380
   2013.63033676      0.8993
   2013.63036530      0.8479
   2013.63039384      0.7958
   2013.63042237      0.7451
   2013.63045091      0.6962
   2013.63047945      0.6504
   2013.63050799      0.6078
   2013.63053653      0.5679
   2013.63056507      0.5305
   2013.63059361      0.4957
   2013.63062215      0.4632
   2013.63065068      0.4328
   2013.63067922      0.4044
   2013.63070776      0.3778
   2013.63073630      0.3529
   2013.63076484      0.3296
   2013.63079338      0.3079
   2013.63082192      0.2877
   2013.63085046      0.2689
   2013.63087900      0.2514
   2013.63090753      0.2350
   2013.63093607      0.2196
   2013.63096461      0.2052
   2013.63099315      0.1918
   2013.63102169      0.1793
   2013.63105023      0.1677
   2013.63107877      0.1569
   2013.63110731      0.1469
   2013.63113584      0.1375
   2013.63116438      0.1288
   2013.63119292      0.1207
   2013.63122146      0.1131
   2013.63125000      0.1060
