   2013.62465753      0.0000
   2013.62468607      0.0000
   2013.62471461      0.0000
   2013.62474315      0.0000
   2013.62477169      0.0000
   2013.62480023      0.0000
   2013.62482877      0.0000
   2013.62485731      0.0000
   2013.62488584      0.0000
   2013.62491438      0.0000
   2013.62494292      0.0000
   2013.62497146      0.0000
   2013.62500000      0.0000
   2013.62502854      0.0000
   2013.62505708      0.0000
   2013.62508562      0.0000
   2013.62511416      0.0000
   2013.62514269      0.0000
   2013.62517123      0.0000
   2013.62519977      0.0000
   2013.62522831      0.0000
   2013.62525685      0.0000
   2013.62528539      0.0000
   2013.62531393      0.0000
   2013.62534247      0.0000
   2013.62537100      0.0000
   2013.62539954      0.0000
   2013.62542808      0.0000
   2013.62545662      0.0000
   2013.62548516      0.0000
   2013.62551370      0.0000
   2013.62554224      0.0000
   2013.62557078      0.0000
   2013.62559932      0.0000
   2013.62562785      0.0000
   2013.62565639      0.0000
   2013.62568493      0.0000
   2013.62571347      0.0000
   2013.62574201      0.0000
   2013.62577055      0.0003
   2013.62579909      0.0006
   2013.62582763      0.0009
   2013.62585616      0.0012
   2013.62588470      0.0015
   2013.62591324      0.0017
   2013.62594178      0.0019
   2013.62597032      0.0021
   2013.62599886      0.0025
   2013.62602740      0.0286
   2013.62605594      0.0588
   2013.62608447      0.0911
   2013.62611301      0.1459
   2013.62614155      0.2239
   2013.62617009      0.3377
   2013.62619863      0.5098
   2013.62622717      0.7435
   2013.62625571      1.0422
   2013.62628425      1.4525
   2013.62631279      1.9944
   2013.62634132      2.6169
   2013.62636986      3.1613
   2013.62639840      3.4977
   2013.62642694      3.6491
   2013.62645548      3.6272
   2013.62648402      3.6012
   2013.62651256      3.4222
   2013.62654110      3.2531
   2013.62656963      3.1115
   2013.62659817      2.9282
   2013.62662671      2.7091
   2013.62665525      2.4870
   2013.62668379      2.2906
   2013.62671233      2.0596
   2013.62674087      1.8785
   2013.62676941      1.7582
   2013.62679795      1.6041
   2013.62682648      1.4530
   2013.62685502      1.3136
   2013.62688356      1.1875
   2013.62691210      1.0783
   2013.62694064      0.9797
   2013.62696918      0.8920
   2013.62699772      0.8102
   2013.62702626      0.7341
   2013.62705479      0.6654
   2013.62708333      0.6047
   2013.62711187      0.5503
   2013.62714041      0.5017
   2013.62716895      0.4583
   2013.62719749      0.4194
   2013.62722603      0.3845
   2013.62725457      0.3529
   2013.62728311      0.3244
   2013.62731164      0.2986
   2013.62734018      0.2752
   2013.62736872      0.2539
   2013.62739726      0.2344
   2013.62742580      0.2164
   2013.62745434      0.2000
   2013.62748288      0.1850
   2013.62751142      0.1713
   2013.62753995      0.1588
   2013.62756849      0.1473
   2013.62759703      0.1368
   2013.62762557      0.1271
   2013.62765411      0.1182
   2013.62768265      0.1100
   2013.62771119      0.1024
