   2013.62465753      0.0000
   2013.62468607      0.0000
   2013.62471461      0.0000
   2013.62474315      0.0000
   2013.62477169      0.0000
   2013.62480023      0.0000
   2013.62482877      0.0000
   2013.62485731      0.0000
   2013.62488584      0.0000
   2013.62491438      0.0008
   2013.62494292      0.0016
   2013.62497146      0.0018
   2013.62500000      0.0083
   2013.62502854      0.0036
   2013.62505708      0.0128
   2013.62508562      0.0454
   2013.62511416      0.0815
   2013.62514269      0.1476
   2013.62517123      0.2329
   2013.62519977      0.3195
   2013.62522831      0.4029
   2013.62525685      0.4994
   2013.62528539      0.7231
   2013.62531393      1.3810
   2013.62534247      2.5302
   2013.62537100      3.5835
   2013.62539954      4.3706
   2013.62542808      4.5408
   2013.62545662      4.5548
   2013.62548516      4.1346
   2013.62551370      4.0763
   2013.62554224      3.9000
   2013.62557078      3.8695
   2013.62559932      3.4679
   2013.62562785      3.2045
   2013.62565639      2.9654
   2013.62568493      2.7006
   2013.62571347      2.4379
   2013.62574201      2.1758
   2013.62577055      1.9616
   2013.62579909      1.7702
   2013.62582763      1.5979
   2013.62585616      1.4418
   2013.62588470      1.3652
   2013.62591324      1.1760
   2013.62594178      1.0666
   2013.62597032      0.9680
   2013.62599886      0.8807
   2013.62602740      0.7991
   2013.62605594      0.7238
   2013.62608447      0.6564
   2013.62611301      0.5967
   2013.62614155      0.5433
   2013.62617009      0.4956
   2013.62619863      0.4530
   2013.62622717      0.4148
   2013.62625571      0.3805
   2013.62628425      0.3494
   2013.62631279      0.3213
   2013.62634132      0.2959
   2013.62636986      0.2728
   2013.62639840      0.2517
   2013.62642694      0.2324
   2013.62645548      0.2146
   2013.62648402      0.1983
   2013.62651256      0.1834
   2013.62654110      0.1698
   2013.62656963      0.1574
   2013.62659817      0.1460
   2013.62662671      0.1356
   2013.62665525      0.1260
   2013.62668379      0.1171
   2013.62671233      0.1090
   2013.62674087      0.1015
   2013.62676941      0.0946
   2013.62679795      0.0882
   2013.62682648      0.0823
