   2013.62465753      0.0000
   2013.62468607      0.0000
   2013.62471461      0.0000
   2013.62474315      0.0000
   2013.62477169      0.0000
   2013.62480023      0.0000
   2013.62482877      0.0000
   2013.62485731      0.0000
   2013.62488584      0.0000
   2013.62491438      0.0000
   2013.62494292      0.0000
   2013.62497146      0.0000
   2013.62500000      0.0000
   2013.62502854      0.0000
   2013.62505708      0.0000
   2013.62508562      0.0000
   2013.62511416      0.0000
   2013.62514269      0.0000
   2013.62517123      0.0000
   2013.62519977      0.0000
   2013.62522831      0.0000
   2013.62525685      0.0000
   2013.62528539      0.0000
   2013.62531393      0.0000
   2013.62534247      0.0000
   2013.62537100      0.0000
   2013.62539954      0.0000
   2013.62542808      0.0000
   2013.62545662      0.0000
   2013.62548516      0.3981
   2013.62551370      1.4049
   2013.62554224      4.5898
   2013.62557078      9.1061
   2013.62559932     19.0886
   2013.62562785     28.6203
   2013.62565639     29.3861
   2013.62568493     26.3845
   2013.62571347     25.1506
   2013.62574201     23.4834
   2013.62577055     22.3285
   2013.62579909     20.9816
   2013.62582763     21.6863
   2013.62585616     21.7134
   2013.62588470     21.6100
   2013.62591324     21.0992
   2013.62594178     21.2794
   2013.62597032     21.6802
   2013.62599886     20.8721
   2013.62602740     18.6391
   2013.62605594     17.9871
   2013.62608447     17.4714
   2013.62611301     16.3385
   2013.62614155     14.6212
   2013.62617009     12.4729
   2013.62619863     10.5920
   2013.62622717      9.1901
   2013.62625571      8.2810
   2013.62628425      7.8636
   2013.62631279      7.9839
   2013.62634132      8.1164
   2013.62636986      7.8244
   2013.62639840      7.2725
   2013.62642694      6.9799
   2013.62645548      6.1600
   2013.62648402      5.4951
   2013.62651256      5.0436
   2013.62654110      4.8040
   2013.62656963      4.3722
   2013.62659817      4.2516
   2013.62662671      3.7790
   2013.62665525      3.4535
   2013.62668379      3.1612
   2013.62671233      3.0124
   2013.62674087      2.5864
   2013.62676941      2.2877
   2013.62679795      1.9521
   2013.62682648      1.7389
   2013.62685502      1.5476
   2013.62688356      1.3786
   2013.62691210      1.2465
   2013.62694064      1.1125
   2013.62696918      0.9955
   2013.62699772      0.9053
   2013.62702626      0.8180
   2013.62705479      0.7392
   2013.62708333      0.6688
   2013.62711187      0.6069
   2013.62714041      0.5519
   2013.62716895      0.5032
   2013.62719749      0.4601
   2013.62722603      0.4218
   2013.62725457      0.3875
   2013.62728311      0.3566
   2013.62731164      0.3287
   2013.62734018      0.3034
   2013.62736872      0.2804
   2013.62739726      0.2594
   2013.62742580      0.2402
   2013.62745434      0.2224
   2013.62748288      0.2061
   2013.62751142      0.1911
   2013.62753995      0.1774
   2013.62756849      0.1649
   2013.62759703      0.1533
   2013.62762557      0.1427
   2013.62765411      0.1329
   2013.62768265      0.1239
   2013.62771119      0.1156
   2013.62773973      0.1078
   2013.62776826      0.1007
