   2013.62465753      0.0000
   2013.62468607      0.0000
   2013.62471461      0.0000
   2013.62474315      0.0000
   2013.62477169      0.0000
   2013.62480023      0.0000
   2013.62482877      0.0000
   2013.62485731      0.0000
   2013.62488584      0.0000
   2013.62491438      0.0000
   2013.62494292      0.0000
   2013.62497146      0.0000
   2013.62500000      0.0000
   2013.62502854      0.0000
   2013.62505708      0.0000
   2013.62508562      0.0000
   2013.62511416      0.0000
   2013.62514269      0.0000
   2013.62517123      0.0000
   2013.62519977      0.0000
   2013.62522831      0.0000
   2013.62525685      0.0000
   2013.62528539      0.0000
   2013.62531393      0.0000
   2013.62534247      0.0000
   2013.62537100      0.0000
   2013.62539954      0.0000
   2013.62542808      0.0000
   2013.62545662      0.0000
   2013.62548516      0.0000
   2013.62551370      0.0000
   2013.62554224      0.0000
   2013.62557078      0.0000
   2013.62559932      0.0000
   2013.62562785      0.0000
   2013.62565639      0.0000
   2013.62568493      0.0000
   2013.62571347      0.0000
   2013.62574201      0.0000
   2013.62577055      0.0000
   2013.62579909      0.0000
   2013.62582763      0.0000
   2013.62585616      0.0000
   2013.62588470      0.0000
   2013.62591324      0.0000
   2013.62594178      0.0000
   2013.62597032      0.0000
   2013.62599886      0.0000
   2013.62602740      0.0000
   2013.62605594      0.0023
   2013.62608447      0.0022
   2013.62611301      0.0023
   2013.62614155      0.0032
   2013.62617009      0.0077
   2013.62619863      0.0408
   2013.62622717      0.0718
   2013.62625571      0.1234
   2013.62628425      0.2107
   2013.62631279      0.3244
   2013.62634132      0.4972
   2013.62636986      0.7555
   2013.62639840      1.1215
   2013.62642694      1.6577
   2013.62645548      2.4507
   2013.62648402      3.4414
   2013.62651256      4.3259
   2013.62654110      4.8544
   2013.62656963      5.2373
   2013.62659817      5.6831
   2013.62662671      5.6594
   2013.62665525      5.7812
   2013.62668379      5.8697
   2013.62671233      5.9750
   2013.62674087      6.0230
   2013.62676941      6.0674
   2013.62679795      6.1164
   2013.62682648      6.1709
   2013.62685502      6.1820
   2013.62688356      6.1940
   2013.62691210      6.1624
   2013.62694064      5.8664
   2013.62696918      5.8861
   2013.62699772      5.8901
   2013.62702626      5.6580
   2013.62705479      5.4725
   2013.62708333      5.2193
   2013.62711187      5.2631
   2013.62714041      4.5696
   2013.62716895      4.3547
   2013.62719749      4.1492
   2013.62722603      4.2832
   2013.62725457      3.8349
   2013.62728311      3.4334
   2013.62731164      3.2364
   2013.62734018      3.0206
   2013.62736872      2.8258
   2013.62739726      2.6733
   2013.62742580      2.5152
   2013.62745434      2.3716
   2013.62748288      2.2370
   2013.62751142      2.0930
   2013.62753995      2.0317
   2013.62756849      1.9341
   2013.62759703      1.8073
   2013.62762557      1.7715
   2013.62765411      1.6883
   2013.62768265      1.6188
   2013.62771119      1.5162
   2013.62773973      1.3572
   2013.62776826      1.4000
   2013.62779680      1.3391
   2013.62782534      1.2809
   2013.62785388      1.2263
   2013.62788242      1.1476
   2013.62791096      1.1543
   2013.62793950      1.0667
   2013.62796804      1.0123
   2013.62799658      0.9662
   2013.62802511      0.9132
   2013.62805365      0.8748
   2013.62808219      0.8347
   2013.62811073      0.7946
   2013.62813927      0.7554
   2013.62816781      0.7183
   2013.62819635      0.6866
   2013.62822489      0.6554
   2013.62825342      0.6258
   2013.62828196      0.5979
   2013.62831050      0.5766
   2013.62833904      0.5528
   2013.62836758      0.5295
   2013.62839612      0.5078
   2013.62842466      0.4950
   2013.62845320      0.4777
   2013.62848174      0.4602
   2013.62851027      0.4441
   2013.62853881      0.4401
   2013.62856735      0.4290
   2013.62859589      0.4171
   2013.62862443      0.4067
   2013.62865297      0.4109
   2013.62868151      0.4066
   2013.62871005      0.4012
   2013.62873858      0.3978
   2013.62876712      0.4129
   2013.62879566      0.4173
   2013.62882420      0.4201
   2013.62885274      0.4257
   2013.62888128      0.4534
   2013.62890982      0.4838
   2013.62893836      0.4961
   2013.62896689      0.5181
   2013.62899543      0.5685
   2013.62902397      0.5746
   2013.62905251      0.6073
   2013.62908105      0.6364
   2013.62910959      0.7230
   2013.62913813      0.8004
   2013.62916667      0.8722
   2013.62919521      0.9344
   2013.62922374      1.0520
   2013.62925228      1.1902
   2013.62928082      1.3336
   2013.62930936      1.4493
   2013.62933790      1.5755
   2013.62936644      1.6702
   2013.62939498      1.7497
   2013.62942352      1.8206
   2013.62945205      1.9288
   2013.62948059      1.9731
   2013.62950913      1.9873
   2013.62953767      2.0015
   2013.62956621      2.0775
   2013.62959475      2.1124
   2013.62962329      2.1140
   2013.62965183      2.0958
   2013.62968037      2.1203
   2013.62970890      2.1091
   2013.62973744      2.0935
   2013.62976598      2.0583
   2013.62979452      2.0182
   2013.62982306      2.0210
   2013.62985160      1.9758
   2013.62988014      1.8860
   2013.62990868      1.8617
   2013.62993721      1.8441
   2013.62996575      1.7573
   2013.62999429      1.6903
   2013.63002283      1.6450
   2013.63005137      1.6100
   2013.63007991      1.6272
   2013.63010845      1.4461
   2013.63013699      1.3928
   2013.63016553      1.3346
   2013.63019406      1.2714
   2013.63022260      1.2051
   2013.63025114      1.1341
   2013.63027968      1.0835
   2013.63030822      1.0134
   2013.63033676      0.9396
   2013.63036530      0.8900
   2013.63039384      0.8320
   2013.63042237      0.7753
   2013.63045091      0.7208
   2013.63047945      0.6696
   2013.63050799      0.6225
   2013.63053653      0.5790
   2013.63056507      0.5387
   2013.63059361      0.5015
   2013.63062215      0.4672
   2013.63065068      0.4354
   2013.63067922      0.4059
   2013.63070776      0.3784
   2013.63073630      0.3527
   2013.63076484      0.3287
   2013.63079338      0.3065
   2013.63082192      0.2858
   2013.63085046      0.2667
   2013.63087900      0.2489
   2013.63090753      0.2322
   2013.63093607      0.2166
   2013.63096461      0.2020
   2013.63099315      0.1884
   2013.63102169      0.1759
   2013.63105023      0.1642
   2013.63107877      0.1533
   2013.63110731      0.1432
   2013.63113584      0.1339
   2013.63116438      0.1251
   2013.63119292      0.1170
   2013.63122146      0.1094
   2013.63125000      0.1023
