   2013.62465753      0.0000
   2013.62468607      0.0000
   2013.62471461      0.0000
   2013.62474315      0.0000
   2013.62477169      0.0000
   2013.62480023      0.0000
   2013.62482877      0.0000
   2013.62485731      0.0000
   2013.62488584      0.0000
   2013.62491438      0.0000
   2013.62494292      0.0000
   2013.62497146      0.0000
   2013.62500000      0.0000
   2013.62502854      0.0000
   2013.62505708      0.0000
   2013.62508562      0.0000
   2013.62511416      0.0000
   2013.62514269      0.0000
   2013.62517123      0.0000
   2013.62519977      0.0000
   2013.62522831      0.0000
   2013.62525685      0.0000
   2013.62528539      0.0000
   2013.62531393      0.0000
   2013.62534247      0.0000
   2013.62537100      0.0000
   2013.62539954      0.0000
   2013.62542808      0.0000
   2013.62545662      0.0000
   2013.62548516      0.0000
   2013.62551370      0.0000
   2013.62554224      0.0000
   2013.62557078      0.0000
   2013.62559932      0.0000
   2013.62562785      0.0000
   2013.62565639      0.0000
   2013.62568493      0.0000
   2013.62571347      0.0000
   2013.62574201      0.0000
   2013.62577055      0.0000
   2013.62579909      0.0000
   2013.62582763      0.0000
   2013.62585616      0.0000
   2013.62588470      0.0000
   2013.62591324      0.0000
   2013.62594178      0.0000
   2013.62597032      0.0000
   2013.62599886      0.0000
   2013.62602740      0.0000
   2013.62605594      0.0000
   2013.62608447      0.0000
   2013.62611301      0.0000
   2013.62614155      0.0000
   2013.62617009      0.0000
   2013.62619863      0.0000
   2013.62622717      0.0000
   2013.62625571      0.0000
   2013.62628425      0.3632
   2013.62631279      1.2522
   2013.62634132      4.4232
   2013.62636986     10.3621
   2013.62639840     25.5443
   2013.62642694     29.5233
   2013.62645548     25.6734
   2013.62648402     20.7373
   2013.62651256     16.7796
   2013.62654110     14.0248
   2013.62656963     11.8226
   2013.62659817     10.3317
   2013.62662671      8.9027
   2013.62665525      7.9966
   2013.62668379      7.1537
   2013.62671233      6.4967
   2013.62674087      5.9752
   2013.62676941      5.5860
   2013.62679795      5.3088
   2013.62682648      5.1074
   2013.62685502      4.9656
   2013.62688356      4.8730
   2013.62691210      4.8186
   2013.62694064      4.7923
   2013.62696918      4.7859
   2013.62699772      4.7926
   2013.62702626      4.8075
   2013.62705479      4.8269
   2013.62708333      4.8484
   2013.62711187      4.8704
   2013.62714041      4.8920
   2013.62716895      4.9122
   2013.62719749      4.9713
   2013.62722603      4.8294
   2013.62725457      4.6915
   2013.62728311      4.7587
   2013.62731164      4.2552
   2013.62734018      4.0192
   2013.62736872      3.9700
   2013.62739726      3.4682
   2013.62742580      3.3133
   2013.62745434      3.0248
   2013.62748288      2.7796
   2013.62751142      2.5462
   2013.62753995      2.3888
   2013.62756849      2.1565
   2013.62759703      1.9532
   2013.62762557      1.7047
   2013.62765411      1.5446
   2013.62768265      1.3954
   2013.62771119      1.2539
   2013.62773973      1.1392
   2013.62776826      1.0326
   2013.62779680      0.9394
   2013.62782534      0.8543
   2013.62785388      0.7747
   2013.62788242      0.7018
   2013.62791096      0.6370
   2013.62793950      0.5794
   2013.62796804      0.5278
   2013.62799658      0.4818
   2013.62802511      0.4407
   2013.62805365      0.4038
   2013.62808219      0.3705
   2013.62811073      0.3405
   2013.62813927      0.3133
   2013.62816781      0.2886
   2013.62819635      0.2662
   2013.62822489      0.2457
   2013.62825342      0.2269
   2013.62828196      0.2096
   2013.62831050      0.1938
   2013.62833904      0.1793
   2013.62836758      0.1660
   2013.62839612      0.1538
   2013.62842466      0.1427
   2013.62845320      0.1324
   2013.62848174      0.1230
   2013.62851027      0.1143
   2013.62853881      0.1062
