   2013.62465753      0.0000
   2013.62468607      0.0000
   2013.62471461      0.0000
   2013.62474315      0.0000
   2013.62477169      0.0000
   2013.62480023      0.0000
   2013.62482877      0.0000
   2013.62485731      0.0000
   2013.62488584      0.0000
   2013.62491438      0.0000
   2013.62494292      0.0000
   2013.62497146      0.0000
   2013.62500000      0.0000
   2013.62502854      0.0000
   2013.62505708      0.0000
   2013.62508562      0.0000
   2013.62511416      0.0000
   2013.62514269      0.0000
   2013.62517123      0.0000
   2013.62519977      0.0000
   2013.62522831      0.0000
   2013.62525685      0.0000
   2013.62528539      0.0000
   2013.62531393      0.0000
   2013.62534247      0.0000
   2013.62537100      0.0000
   2013.62539954      0.0000
   2013.62542808      0.0000
   2013.62545662      0.0000
   2013.62548516      0.0000
   2013.62551370      0.0000
   2013.62554224      0.0000
   2013.62557078      0.0000
   2013.62559932      0.0000
   2013.62562785      0.0000
   2013.62565639      0.0000
   2013.62568493      0.0000
   2013.62571347      0.0000
   2013.62574201      0.0000
   2013.62577055      0.0000
   2013.62579909      0.0000
   2013.62582763      0.0000
   2013.62585616      0.0000
   2013.62588470      0.0000
   2013.62591324      0.0000
   2013.62594178      0.0000
   2013.62597032      0.0000
   2013.62599886      0.0000
   2013.62602740      0.0000
   2013.62605594      0.0000
   2013.62608447      0.0000
   2013.62611301      0.0000
   2013.62614155      0.0000
   2013.62617009      0.0000
   2013.62619863      0.0000
   2013.62622717      0.0000
   2013.62625571      0.0000
   2013.62628425      0.0000
   2013.62631279      0.0000
   2013.62634132      0.0000
   2013.62636986      0.0000
   2013.62639840      0.0000
   2013.62642694      0.0000
   2013.62645548      0.0000
   2013.62648402      0.0000
   2013.62651256      0.0000
   2013.62654110      0.0000
   2013.62656963      0.0000
   2013.62659817      0.0000
   2013.62662671      0.0000
   2013.62665525      0.0000
   2013.62668379      0.0000
   2013.62671233      0.0000
   2013.62674087      0.0000
   2013.62676941      0.0000
   2013.62679795      0.0000
   2013.62682648      0.0000
   2013.62685502     44.2791
   2013.62688356    152.0904
   2013.62691210    197.0954
   2013.62694064    160.1615
   2013.62696918    117.6872
   2013.62699772     76.1056
   2013.62702626     50.4828
   2013.62705479     34.8335
   2013.62708333     26.3721
   2013.62711187     20.7615
   2013.62714041     16.6684
   2013.62716895     13.1190
   2013.62719749     10.6176
   2013.62722603      8.7920
   2013.62725457      7.5082
   2013.62728311      6.2627
   2013.62731164      5.1998
   2013.62734018      4.4075
   2013.62736872      3.7288
   2013.62739726      3.5357
   2013.62742580      2.8874
   2013.62745434      2.4674
   2013.62748288      2.1383
   2013.62751142      1.8637
   2013.62753995      1.6072
   2013.62756849      1.4314
   2013.62759703      1.2307
   2013.62762557      1.0681
   2013.62765411      0.9685
   2013.62768265      0.8656
   2013.62771119      0.7725
   2013.62773973      0.6906
   2013.62776826      0.6198
   2013.62779680      0.5578
   2013.62782534      0.5034
   2013.62785388      0.4557
   2013.62788242      0.4138
   2013.62791096      0.3766
   2013.62793950      0.3436
   2013.62796804      0.3141
   2013.62799658      0.2877
   2013.62802511      0.2639
   2013.62805365      0.2423
   2013.62808219      0.2227
   2013.62811073      0.2048
   2013.62813927      0.1886
   2013.62816781      0.1738
   2013.62819635      0.1605
   2013.62822489      0.1482
   2013.62825342      0.1371
   2013.62828196      0.1269
   2013.62831050      0.1176
   2013.62833904      0.1090
   2013.62836758      0.1011
