   2013.62465753      0.0000
   2013.62468607      0.0000
   2013.62471461      0.0000
   2013.62474315      0.0000
   2013.62477169      0.0000
   2013.62480023      0.0000
   2013.62482877      0.0000
   2013.62485731      0.0000
   2013.62488584      0.0000
   2013.62491438      0.0000
   2013.62494292      0.0000
   2013.62497146      0.0000
   2013.62500000      0.0000
   2013.62502854      0.0000
   2013.62505708      0.0000
   2013.62508562      0.0000
   2013.62511416      0.0000
   2013.62514269      0.0000
   2013.62517123      0.0000
   2013.62519977      0.0000
   2013.62522831      0.0000
   2013.62525685      0.0000
   2013.62528539      0.0000
   2013.62531393      0.0000
   2013.62534247      0.0000
   2013.62537100      0.0000
   2013.62539954      0.0000
   2013.62542808      0.0000
   2013.62545662      0.0000
   2013.62548516      0.0000
   2013.62551370      0.0000
   2013.62554224      0.0000
   2013.62557078      0.0000
   2013.62559932      0.5139
   2013.62562785      2.0981
   2013.62565639      5.9463
   2013.62568493     11.3921
   2013.62571347     23.0685
   2013.62574201     29.5223
   2013.62577055     27.8134
   2013.62579909     24.2969
   2013.62582763     20.7661
   2013.62585616     18.3451
   2013.62588470     16.3329
   2013.62591324     15.4954
   2013.62594178     14.6669
   2013.62597032     14.3514
   2013.62599886     14.0830
   2013.62602740     14.1418
   2013.62605594     14.0499
   2013.62608447     14.2096
   2013.62611301     14.2680
   2013.62614155     14.5456
   2013.62617009     14.5597
   2013.62619863     14.8146
   2013.62622717     14.9138
   2013.62625571     15.2430
   2013.62628425     15.2444
   2013.62631279     15.5031
   2013.62634132     15.5786
   2013.62636986     15.9326
   2013.62639840     15.9388
   2013.62642694     15.9013
   2013.62645548     15.1284
   2013.62648402     15.0360
   2013.62651256     14.2380
   2013.62654110     13.4903
   2013.62656963     12.8263
   2013.62659817     11.2772
   2013.62662671     12.1276
   2013.62665525     12.5746
   2013.62668379     12.2322
   2013.62671233     10.8379
   2013.62674087      9.7082
   2013.62676941      8.8295
   2013.62679795      8.3879
   2013.62682648      9.1051
   2013.62685502     10.1735
   2013.62688356     10.5733
   2013.62691210      9.8355
   2013.62694064      9.0340
   2013.62696918      8.0869
   2013.62699772      7.3374
   2013.62702626      6.9190
   2013.62705479      6.9754
   2013.62708333      6.9563
   2013.62711187      7.0334
   2013.62714041      5.8483
   2013.62716895      5.6445
   2013.62719749      4.5935
   2013.62722603      4.3267
   2013.62725457      3.5907
   2013.62728311      3.3439
   2013.62731164      3.0289
   2013.62734018      2.7587
   2013.62736872      2.6586
   2013.62739726      2.3934
   2013.62742580      2.1762
   2013.62745434      1.9754
   2013.62748288      1.7852
   2013.62751142      1.5344
   2013.62753995      1.3983
   2013.62756849      1.2878
   2013.62759703      1.1453
   2013.62762557      1.0205
   2013.62765411      0.9366
   2013.62768265      0.8490
   2013.62771119      0.7684
   2013.62773973      0.6957
   2013.62776826      0.6310
   2013.62779680      0.5737
   2013.62782534      0.5225
   2013.62785388      0.4771
   2013.62788242      0.4367
   2013.62791096      0.4006
   2013.62793950      0.3681
   2013.62796804      0.3388
   2013.62799658      0.3123
   2013.62802511      0.2882
   2013.62805365      0.2664
   2013.62808219      0.2464
   2013.62811073      0.2279
   2013.62813927      0.2110
   2013.62816781      0.1955
   2013.62819635      0.1814
   2013.62822489      0.1683
   2013.62825342      0.1564
   2013.62828196      0.1454
   2013.62831050      0.1353
   2013.62833904      0.1260
   2013.62836758      0.1174
   2013.62839612      0.1094
   2013.62842466      0.1020
