   2013.62465753      0.0000
   2013.62468607      0.0000
   2013.62471461      0.0000
   2013.62474315      0.0000
   2013.62477169      0.0000
   2013.62480023      0.0000
   2013.62482877      0.0000
   2013.62485731      0.0000
   2013.62488584      0.0000
   2013.62491438      0.0000
   2013.62494292      0.0000
   2013.62497146      0.0000
   2013.62500000      0.0000
   2013.62502854      0.0000
   2013.62505708      0.0000
   2013.62508562      0.0000
   2013.62511416      0.0000
   2013.62514269      0.0000
   2013.62517123      0.0000
   2013.62519977      0.0000
   2013.62522831      0.0000
   2013.62525685      0.0000
   2013.62528539      0.0000
   2013.62531393      0.0000
   2013.62534247      0.0000
   2013.62537100      0.0000
   2013.62539954      0.0000
   2013.62542808      0.0000
   2013.62545662      0.0000
   2013.62548516      0.0000
   2013.62551370      0.0000
   2013.62554224      0.0000
   2013.62557078      0.0000
   2013.62559932      0.1220
   2013.62562785      0.2190
   2013.62565639      0.5742
   2013.62568493      1.5304
   2013.62571347      2.9885
   2013.62574201      5.6556
   2013.62577055     10.3608
   2013.62579909     13.7453
   2013.62582763     14.2100
   2013.62585616     13.3658
   2013.62588470     12.3443
   2013.62591324     11.2205
   2013.62594178     10.1124
   2013.62597032      9.1953
   2013.62599886      8.4324
   2013.62602740      7.5388
   2013.62605594      6.8069
   2013.62608447      6.5833
   2013.62611301      5.4282
   2013.62614155      4.9233
   2013.62617009      4.6728
   2013.62619863      3.8644
   2013.62622717      3.4080
   2013.62625571      3.0163
   2013.62628425      2.8097
   2013.62631279      2.4518
   2013.62634132      2.0808
   2013.62636986      1.8503
   2013.62639840      1.6441
   2013.62642694      1.4605
   2013.62645548      1.3297
   2013.62648402      1.1681
   2013.62651256      1.0322
   2013.62654110      0.9399
   2013.62656963      0.8459
   2013.62659817      0.7601
   2013.62662671      0.6835
   2013.62665525      0.6162
   2013.62668379      0.5567
   2013.62671233      0.5041
   2013.62674087      0.4579
   2013.62676941      0.4170
   2013.62679795      0.3806
   2013.62682648      0.3481
   2013.62685502      0.3190
   2013.62688356      0.2928
   2013.62691210      0.2692
   2013.62694064      0.2477
   2013.62696918      0.2281
   2013.62699772      0.2102
   2013.62702626      0.1939
   2013.62705479      0.1790
   2013.62708333      0.1655
   2013.62711187      0.1532
   2013.62714041      0.1419
   2013.62716895      0.1316
   2013.62719749      0.1221
   2013.62722603      0.1134
   2013.62725457      0.1054
