   2013.62465753      0.0000
   2013.62468607      0.0000
   2013.62471461      0.0000
   2013.62474315      0.0000
   2013.62477169      0.0000
   2013.62480023      0.0000
   2013.62482877      0.0000
   2013.62485731      0.0000
   2013.62488584      0.0000
   2013.62491438      0.0000
   2013.62494292      0.0000
   2013.62497146      0.0000
   2013.62500000      0.0000
   2013.62502854      0.0000
   2013.62505708      0.0000
   2013.62508562      0.0000
   2013.62511416      0.0000
   2013.62514269      0.0000
   2013.62517123      0.0000
   2013.62519977      0.0000
   2013.62522831      0.0000
   2013.62525685      0.0000
   2013.62528539      0.0000
   2013.62531393      0.0000
   2013.62534247      0.0000
   2013.62537100      0.0000
   2013.62539954      0.0000
   2013.62542808      0.0000
   2013.62545662      0.0000
   2013.62548516      0.0000
   2013.62551370      0.0000
   2013.62554224      0.0000
   2013.62557078      0.0000
   2013.62559932      0.0000
   2013.62562785      0.0000
   2013.62565639      0.0000
   2013.62568493      0.0000
   2013.62571347      0.0000
   2013.62574201      0.0000
   2013.62577055      0.0000
   2013.62579909      0.0000
   2013.62582763      0.0000
   2013.62585616      0.0000
   2013.62588470      0.0000
   2013.62591324      0.0000
   2013.62594178      0.0000
   2013.62597032      0.0000
   2013.62599886      0.0000
   2013.62602740      0.0000
   2013.62605594      0.0000
   2013.62608447      0.0000
   2013.62611301      0.0000
   2013.62614155      0.0000
   2013.62617009      0.0000
   2013.62619863      0.0000
   2013.62622717      0.0000
   2013.62625571      0.0000
   2013.62628425      0.0000
   2013.62631279      0.0000
   2013.62634132      0.0000
   2013.62636986      0.0000
   2013.62639840      0.0000
   2013.62642694      0.0000
   2013.62645548      0.0000
   2013.62648402      0.0000
   2013.62651256      0.0000
   2013.62654110      0.0000
   2013.62656963      0.0000
   2013.62659817      0.0000
   2013.62662671      0.0000
   2013.62665525      0.0000
   2013.62668379      0.0000
   2013.62671233      0.0000
   2013.62674087      0.0000
   2013.62676941      0.0000
   2013.62679795      0.0000
   2013.62682648      0.0000
   2013.62685502      0.0000
   2013.62688356      0.0000
   2013.62691210      0.0000
   2013.62694064      0.0000
   2013.62696918      0.0000
   2013.62699772      0.0000
   2013.62702626      0.0000
   2013.62705479      0.0000
   2013.62708333      0.0000
   2013.62711187      0.0000
   2013.62714041      0.0000
   2013.62716895      0.0000
   2013.62719749      0.0054
   2013.62722603      0.0034
   2013.62725457      0.0220
   2013.62728311      0.0481
   2013.62731164      0.0742
   2013.62734018      0.1214
   2013.62736872      0.1930
   2013.62739726      0.2731
   2013.62742580      0.3626
   2013.62745434      0.4517
   2013.62748288      0.5722
   2013.62751142      0.7199
   2013.62753995      0.9077
   2013.62756849      1.2054
   2013.62759703      1.5739
   2013.62762557      1.8503
   2013.62765411      1.9647
   2013.62768265      1.9699
   2013.62771119      1.8616
   2013.62773973      1.7513
   2013.62776826      1.6323
   2013.62779680      1.5135
   2013.62782534      1.3979
   2013.62785388      1.2884
   2013.62788242      1.2064
   2013.62791096      1.1015
   2013.62793950      0.9986
   2013.62796804      0.9381
   2013.62799658      0.8687
   2013.62802511      0.8028
   2013.62805365      0.7420
   2013.62808219      0.6866
   2013.62811073      0.6373
   2013.62813927      0.5932
   2013.62816781      0.5536
   2013.62819635      0.5178
   2013.62822489      0.4855
   2013.62825342      0.4560
   2013.62828196      0.4289
   2013.62831050      0.4039
   2013.62833904      0.3809
   2013.62836758      0.3595
   2013.62839612      0.3398
   2013.62842466      0.3216
   2013.62845320      0.3047
   2013.62848174      0.2891
   2013.62851027      0.2747
   2013.62853881      0.2612
   2013.62856735      0.2487
   2013.62859589      0.2368
   2013.62862443      0.2257
   2013.62865297      0.2152
   2013.62868151      0.2055
   2013.62871005      0.1963
   2013.62873858      0.1877
   2013.62876712      0.1796
   2013.62879566      0.1720
   2013.62882420      0.1649
   2013.62885274      0.1581
   2013.62888128      0.1517
   2013.62890982      0.1457
   2013.62893836      0.1400
   2013.62896689      0.1346
   2013.62899543      0.1295
   2013.62902397      0.1247
   2013.62905251      0.1201
   2013.62908105      0.1158
   2013.62910959      0.1117
   2013.62913813      0.1078
   2013.62916667      0.1040
   2013.62919521      0.1005
