   2013.62465753      0.0000
   2013.62468607      0.0000
   2013.62471461      0.0000
   2013.62474315      0.0000
   2013.62477169      0.0000
   2013.62480023      0.0000
   2013.62482877      0.0000
   2013.62485731      0.0000
   2013.62488584      0.0000
   2013.62491438      0.0000
   2013.62494292      0.0000
   2013.62497146      0.0000
   2013.62500000      0.0000
   2013.62502854      0.0000
   2013.62505708      0.0000
   2013.62508562      0.0000
   2013.62511416      0.0000
   2013.62514269      0.0000
   2013.62517123      0.0000
   2013.62519977      0.0000
   2013.62522831      0.0000
   2013.62525685      0.0000
   2013.62528539      0.0000
   2013.62531393      0.0000
   2013.62534247      0.0000
   2013.62537100      0.0000
   2013.62539954      0.0000
   2013.62542808      0.0000
   2013.62545662      0.0000
   2013.62548516      0.0000
   2013.62551370      0.0000
   2013.62554224      0.0000
   2013.62557078      0.0000
   2013.62559932      0.0000
   2013.62562785      0.0000
   2013.62565639      0.0000
   2013.62568493      0.0000
   2013.62571347      0.0000
   2013.62574201      0.0000
   2013.62577055      0.0000
   2013.62579909      0.0000
   2013.62582763      0.0000
   2013.62585616      0.0000
   2013.62588470      0.0000
   2013.62591324      0.0000
   2013.62594178      0.0000
   2013.62597032      0.0000
   2013.62599886      0.0000
   2013.62602740      0.0000
   2013.62605594      0.0000
   2013.62608447      0.0000
   2013.62611301      0.0000
   2013.62614155      0.0000
   2013.62617009      0.0000
   2013.62619863      0.0000
   2013.62622717      0.0000
   2013.62625571      0.0000
   2013.62628425      0.0000
   2013.62631279      0.0000
   2013.62634132      0.0000
   2013.62636986      0.0000
   2013.62639840      0.0000
   2013.62642694      0.0000
   2013.62645548      0.0000
   2013.62648402      0.0000
   2013.62651256      0.0000
   2013.62654110      0.0000
   2013.62656963      0.0000
   2013.62659817      0.0000
   2013.62662671      0.1216
   2013.62665525      0.2128
   2013.62668379      0.5646
   2013.62671233      1.6308
   2013.62674087      3.6330
   2013.62676941      8.6655
   2013.62679795     14.9693
   2013.62682648     16.0262
   2013.62685502     14.8760
   2013.62688356     12.8770
   2013.62691210     11.4333
   2013.62694064      9.9927
   2013.62696918      8.7939
   2013.62699772      8.0055
   2013.62702626      7.2650
   2013.62705479      6.6797
   2013.62708333      6.2395
   2013.62711187      5.9220
   2013.62714041      5.6985
   2013.62716895      5.5469
   2013.62719749      5.4504
   2013.62722603      5.3945
   2013.62725457      5.2994
   2013.62728311      5.2429
   2013.62731164      5.0737
   2013.62734018      5.2007
   2013.62736872      4.8301
   2013.62739726      4.3205
   2013.62742580      4.4472
   2013.62745434      3.9421
   2013.62748288      3.4665
   2013.62751142      3.1695
   2013.62753995      2.9207
   2013.62756849      2.6308
   2013.62759703      2.5007
   2013.62762557      2.2393
   2013.62765411      2.0196
   2013.62768265      1.7560
   2013.62771119      1.5859
   2013.62773973      1.4283
   2013.62776826      1.2750
   2013.62779680      1.1593
   2013.62782534      1.0493
   2013.62785388      0.9518
   2013.62788242      0.8642
   2013.62791096      0.7826
   2013.62793950      0.7078
   2013.62796804      0.6413
   2013.62799658      0.5824
   2013.62802511      0.5298
   2013.62805365      0.4829
   2013.62808219      0.4411
   2013.62811073      0.4036
   2013.62813927      0.3699
   2013.62816781      0.3395
   2013.62819635      0.3120
   2013.62822489      0.2872
   2013.62825342      0.2646
   2013.62828196      0.2440
   2013.62831050      0.2250
   2013.62833904      0.2076
   2013.62836758      0.1918
   2013.62839612      0.1773
   2013.62842466      0.1640
   2013.62845320      0.1519
   2013.62848174      0.1407
   2013.62851027      0.1305
   2013.62853881      0.1211
   2013.62856735      0.1124
   2013.62859589      0.1044
