   2013.62465753      0.0000
   2013.62468607      0.0000
   2013.62471461      0.0000
   2013.62474315      0.0000
   2013.62477169      0.0000
   2013.62480023      0.0000
   2013.62482877      0.0000
   2013.62485731      0.0000
   2013.62488584      0.0000
   2013.62491438      0.0000
   2013.62494292      0.0000
   2013.62497146      0.0000
   2013.62500000      0.0000
   2013.62502854      0.0000
   2013.62505708      0.0000
   2013.62508562      0.0000
   2013.62511416      0.0000
   2013.62514269      0.0000
   2013.62517123      0.0000
   2013.62519977      0.0000
   2013.62522831      0.0000
   2013.62525685      0.0526
   2013.62528539      0.1149
   2013.62531393      0.2328
   2013.62534247      0.5712
   2013.62537100      1.2381
   2013.62539954      2.2532
   2013.62542808      3.8424
   2013.62545662      6.5031
   2013.62548516      9.7453
   2013.62551370     11.7887
   2013.62554224     12.4529
   2013.62557078     12.6359
   2013.62559932     12.6033
   2013.62562785     12.6466
   2013.62565639     12.6433
   2013.62568493     12.9942
   2013.62571347     12.8643
   2013.62574201     13.0512
   2013.62577055     13.1945
   2013.62579909     13.6581
   2013.62582763     13.5807
   2013.62585616     13.8627
   2013.62588470     14.0285
   2013.62591324     14.3338
   2013.62594178     14.4868
   2013.62597032     14.9023
   2013.62599886     15.0919
   2013.62602740     14.3968
   2013.62605594     14.7527
   2013.62608447     14.2925
   2013.62611301     13.5766
   2013.62614155     12.5296
   2013.62617009     12.6868
   2013.62619863     11.9437
   2013.62622717     11.2378
   2013.62625571     10.4760
   2013.62628425     10.7763
   2013.62631279     10.5552
   2013.62634132     10.3442
   2013.62636986     10.3831
   2013.62639840     11.3711
   2013.62642694     11.9002
   2013.62645548     12.1665
   2013.62648402     12.6911
   2013.62651256     13.6133
   2013.62654110     14.0114
   2013.62656963     13.9441
   2013.62659817     14.1622
   2013.62662671     15.7131
   2013.62665525     17.3894
   2013.62668379     18.4493
   2013.62671233     18.4527
   2013.62674087     17.1046
   2013.62676941     15.3793
   2013.62679795     13.2910
   2013.62682648     11.4766
   2013.62685502     10.1061
   2013.62688356      9.5291
   2013.62691210      9.7168
   2013.62694064     10.0948
   2013.62696918      9.6963
   2013.62699772      8.5256
   2013.62702626      7.5802
   2013.62705479      7.0536
   2013.62708333      5.5856
   2013.62711187      5.2101
   2013.62714041      4.1219
   2013.62716895      3.5249
   2013.62719749      3.0469
   2013.62722603      2.7632
   2013.62725457      2.2650
   2013.62728311      2.0229
   2013.62731164      1.7825
   2013.62734018      1.5739
   2013.62736872      1.4722
   2013.62739726      1.2480
   2013.62742580      1.0760
   2013.62745434      0.9911
   2013.62748288      0.8942
   2013.62751142      0.8035
   2013.62753995      0.7224
   2013.62756849      0.6508
   2013.62759703      0.5881
   2013.62762557      0.5326
   2013.62765411      0.4837
   2013.62768265      0.4406
   2013.62771119      0.4023
   2013.62773973      0.3682
   2013.62776826      0.3376
   2013.62779680      0.3100
   2013.62782534      0.2852
   2013.62785388      0.2627
   2013.62788242      0.2423
   2013.62791096      0.2235
   2013.62793950      0.2063
   2013.62796804      0.1907
   2013.62799658      0.1764
   2013.62802511      0.1634
   2013.62805365      0.1515
   2013.62808219      0.1407
   2013.62811073      0.1307
   2013.62813927      0.1215
   2013.62816781      0.1130
   2013.62819635      0.1052
