   2013.62465753      0.0000
   2013.62468607      0.0000
   2013.62471461      0.0000
   2013.62474315      0.0000
   2013.62477169      0.0000
   2013.62480023      0.0000
   2013.62482877      0.0000
   2013.62485731      0.0000
   2013.62488584      0.0000
   2013.62491438      0.0000
   2013.62494292      0.0000
   2013.62497146      0.0000
   2013.62500000      0.0000
   2013.62502854      0.0000
   2013.62505708      0.0000
   2013.62508562      0.0000
   2013.62511416      0.0000
   2013.62514269      0.0000
   2013.62517123      0.0000
   2013.62519977      0.0000
   2013.62522831      0.0000
   2013.62525685      0.0000
   2013.62528539      0.0000
   2013.62531393      0.0000
   2013.62534247      0.0000
   2013.62537100      0.0000
   2013.62539954      0.0000
   2013.62542808      0.0000
   2013.62545662      0.0000
   2013.62548516      0.0000
   2013.62551370      0.0000
   2013.62554224      0.0000
   2013.62557078      0.0000
   2013.62559932      0.0000
   2013.62562785      0.0000
   2013.62565639      0.0000
   2013.62568493      0.0000
   2013.62571347      0.0007
   2013.62574201      0.0020
   2013.62577055      0.0030
   2013.62579909      0.0039
   2013.62582763      0.0047
   2013.62585616      0.0295
   2013.62588470      0.0777
   2013.62591324      0.1443
   2013.62594178      0.2895
   2013.62597032      0.5036
   2013.62599886      0.8330
   2013.62602740      1.2775
   2013.62605594      1.8926
   2013.62608447      2.6802
   2013.62611301      3.7098
   2013.62614155      4.7129
   2013.62617009      5.2980
   2013.62619863      5.2290
   2013.62622717      5.0514
   2013.62625571      4.7469
   2013.62628425      4.3461
   2013.62631279      4.2768
   2013.62634132      3.6612
   2013.62636986      3.4395
   2013.62639840      3.1763
   2013.62642694      2.9351
   2013.62645548      2.7136
   2013.62648402      2.5773
   2013.62651256      2.4207
   2013.62654110      2.2836
   2013.62656963      2.1622
   2013.62659817      2.1199
   2013.62662671      2.0700
   2013.62665525      2.0201
   2013.62668379      1.9765
   2013.62671233      2.0018
   2013.62674087      2.0207
   2013.62676941      2.0308
   2013.62679795      2.0413
   2013.62682648      2.1106
   2013.62685502      2.1641
   2013.62688356      2.1896
   2013.62691210      2.2071
   2013.62694064      2.2686
   2013.62696918      2.2995
   2013.62699772      2.3043
   2013.62702626      2.2950
   2013.62705479      2.3244
   2013.62708333      2.3148
   2013.62711187      2.2880
   2013.62714041      2.2566
   2013.62716895      2.2469
   2013.62719749      2.2062
   2013.62722603      2.1650
   2013.62725457      2.1104
   2013.62728311      2.0735
   2013.62731164      2.0222
   2013.62734018      1.9639
   2013.62736872      1.8616
   2013.62739726      1.8528
   2013.62742580      1.7852
   2013.62745434      1.6905
   2013.62748288      1.6319
   2013.62751142      1.5707
   2013.62753995      1.5087
   2013.62756849      1.4556
   2013.62759703      1.3846
   2013.62762557      1.3249
   2013.62765411      1.2671
   2013.62768265      1.2099
   2013.62771119      1.1380
   2013.62773973      1.1079
   2013.62776826      1.0363
   2013.62779680      0.9841
   2013.62782534      0.9247
   2013.62785388      0.8840
   2013.62788242      0.8387
   2013.62791096      0.7948
   2013.62793950      0.7523
   2013.62796804      0.7118
   2013.62799658      0.6742
   2013.62802511      0.6396
   2013.62805365      0.6075
   2013.62808219      0.5771
   2013.62811073      0.5485
   2013.62813927      0.5215
   2013.62816781      0.4961
   2013.62819635      0.4722
   2013.62822489      0.4496
   2013.62825342      0.4282
   2013.62828196      0.4079
   2013.62831050      0.3886
   2013.62833904      0.3705
   2013.62836758      0.3533
   2013.62839612      0.3370
   2013.62842466      0.3227
   2013.62845320      0.3084
   2013.62848174      0.2948
   2013.62851027      0.2820
   2013.62853881      0.2738
   2013.62856735      0.2632
   2013.62859589      0.2526
   2013.62862443      0.2424
   2013.62865297      0.2394
   2013.62868151      0.2319
   2013.62871005      0.2238
   2013.62873858      0.2163
   2013.62876712      0.2187
   2013.62879566      0.2149
   2013.62882420      0.2104
   2013.62885274      0.2066
   2013.62888128      0.2157
   2013.62890982      0.2171
   2013.62893836      0.2176
   2013.62896689      0.2192
   2013.62899543      0.2376
   2013.62902397      0.2467
   2013.62905251      0.2546
   2013.62908105      0.2648
   2013.62910959      0.2964
   2013.62913813      0.3172
   2013.62916667      0.3375
   2013.62919521      0.3711
   2013.62922374      0.4263
   2013.62925228      0.4749
   2013.62928082      0.5290
   2013.62930936      0.5805
   2013.62933790      0.6868
   2013.62936644      0.7896
   2013.62939498      0.9084
   2013.62942352      1.0490
   2013.62945205      1.2589
   2013.62948059      1.4789
   2013.62950913      1.6669
   2013.62953767      1.8061
   2013.62956621      1.9598
   2013.62959475      2.0713
   2013.62962329      2.1359
   2013.62965183      2.1770
   2013.62968037      2.2521
   2013.62970890      2.2906
   2013.62973744      2.2995
   2013.62976598      2.2922
   2013.62979452      2.3226
   2013.62982306      2.3135
   2013.62985160      2.2869
   2013.62988014      2.2556
   2013.62990868      2.2460
   2013.62993721      2.2054
   2013.62996575      2.1644
   2013.62999429      2.1098
   2013.63002283      2.0730
   2013.63005137      2.0218
   2013.63007991      1.9636
   2013.63010845      1.9013
   2013.63013699      1.8113
   2013.63016553      1.7850
   2013.63019406      1.6903
   2013.63022260      1.6317
   2013.63025114      1.5684
   2013.63027968      1.5835
   2013.63030822      1.4456
   2013.63033676      1.3811
   2013.63036530      1.3207
   2013.63039384      1.2622
   2013.63042237      1.2036
   2013.63045091      1.1325
   2013.63047945      1.0950
   2013.63050799      1.0282
   2013.63053653      0.9766
   2013.63056507      0.9193
   2013.63059361      0.8763
   2013.63062215      0.8307
   2013.63065068      0.7867
   2013.63067922      0.7441
   2013.63070776      0.7038
   2013.63073630      0.6665
   2013.63076484      0.6322
   2013.63079338      0.6002
   2013.63082192      0.5699
   2013.63085046      0.5414
   2013.63087900      0.5146
   2013.63090753      0.4894
   2013.63093607      0.4656
   2013.63096461      0.4431
   2013.63099315      0.4219
   2013.63102169      0.4017
   2013.63105023      0.3826
   2013.63107877      0.3646
   2013.63110731      0.3475
   2013.63113584      0.3315
   2013.63116438      0.3163
   2013.63119292      0.3021
   2013.63122146      0.2886
   2013.63125000      0.2759
   2013.63127854      0.2639
   2013.63130708      0.2526
   2013.63133562      0.2419
   2013.63136416      0.2316
   2013.63139269      0.2218
   2013.63142123      0.2125
   2013.63144977      0.2037
   2013.63147831      0.1954
   2013.63150685      0.1875
   2013.63153539      0.1801
   2013.63156393      0.1730
   2013.63159247      0.1663
   2013.63162100      0.1599
   2013.63164954      0.1538
   2013.63167808      0.1480
   2013.63170662      0.1425
   2013.63173516      0.1373
   2013.63176370      0.1323
   2013.63179224      0.1276
   2013.63182078      0.1231
   2013.63184932      0.1188
   2013.63187785      0.1147
   2013.63190639      0.1108
   2013.63193493      0.1071
   2013.63196347      0.1035
   2013.63199201      0.1001
   2013.63202055      0.0969
   2013.63204909      0.0938
   2013.63207763      0.0908
   2013.63210616      0.0880
   2013.63213470      0.0853
   2013.63216324      0.0827
   2013.63219178      0.0803
   2013.63222032      0.0779
   2013.63224886      0.0755
   2013.63227740      0.0733
   2013.63230594      0.0712
   2013.63233447      0.0691
