   2013.62465753      0.0000
   2013.62468607      0.0000
   2013.62471461      0.0000
   2013.62474315      0.0000
   2013.62477169      0.0000
   2013.62480023      0.0000
   2013.62482877      0.0000
   2013.62485731      0.0000
   2013.62488584      0.0000
   2013.62491438      0.0007
   2013.62494292      0.0013
   2013.62497146      0.0015
   2013.62500000      0.0056
   2013.62502854      0.0044
   2013.62505708      0.0049
   2013.62508562      0.0380
   2013.62511416      0.0876
   2013.62514269      0.1574
   2013.62517123      0.2845
   2013.62519977      0.4942
   2013.62522831      0.8680
   2013.62525685      1.3997
   2013.62528539      2.1658
   2013.62531393      3.2350
   2013.62534247      4.7324
   2013.62537100      6.1990
   2013.62539954      7.1500
   2013.62542808      7.6011
   2013.62545662      7.6174
   2013.62548516      7.9898
   2013.62551370      7.6826
   2013.62554224      7.5800
   2013.62557078      6.9850
   2013.62559932      7.1532
   2013.62562785      6.9244
   2013.62565639      6.5884
   2013.62568493      6.1276
   2013.62571347      6.2594
   2013.62574201      6.1036
   2013.62577055      6.0155
   2013.62579909      5.7393
   2013.62582763      6.0219
   2013.62585616      6.1534
   2013.62588470      6.3548
   2013.62591324      6.4458
   2013.62594178      6.9633
   2013.62597032      7.2832
   2013.62599886      7.6888
   2013.62602740      7.8104
   2013.62605594      8.4457
   2013.62608447      8.7831
   2013.62611301      9.1303
   2013.62614155      9.0650
   2013.62617009      9.8755
   2013.62619863     10.1387
   2013.62622717     10.2480
   2013.62625571     10.2521
   2013.62628425     11.2069
   2013.62631279     11.4895
   2013.62634132     11.5238
   2013.62636986     11.8216
   2013.62639840     12.4582
   2013.62642694     12.7039
   2013.62645548     12.6282
   2013.62648402     12.9178
   2013.62651256     13.4793
   2013.62654110     13.6802
   2013.62656963     13.5040
   2013.62659817     13.5735
   2013.62662671     14.2953
   2013.62665525     14.4394
   2013.62668379     14.1962
   2013.62671233     14.1798
   2013.62674087     14.8351
   2013.62676941     14.8452
   2013.62679795     14.4965
   2013.62682648     14.3484
   2013.62685502     14.8559
   2013.62688356     14.7266
   2013.62691210     14.2580
   2013.62694064     14.0141
   2013.62696918     14.1021
   2013.62699772     14.1936
   2013.62702626     13.6975
   2013.62705479     13.5690
   2013.62708333     13.4428
   2013.62711187     13.3064
   2013.62714041     12.8714
   2013.62716895     12.4396
   2013.62719749     12.6515
   2013.62722603     12.4326
   2013.62725457     11.9882
   2013.62728311     11.3442
   2013.62731164     11.6915
   2013.62734018     11.4103
   2013.62736872     11.0618
   2013.62739726     10.3112
   2013.62742580     10.6298
   2013.62745434     10.4561
   2013.62748288      9.9680
   2013.62751142      9.3455
   2013.62753995      9.5837
   2013.62756849      9.4446
   2013.62759703      8.9343
   2013.62762557      8.4866
   2013.62765411      8.6069
   2013.62768265      8.3944
   2013.62771119      8.2493
   2013.62773973      7.6350
   2013.62776826      7.7396
   2013.62779680      7.5613
   2013.62782534      7.2651
   2013.62785388      6.8106
   2013.62788242      7.0094
   2013.62791096      6.8611
   2013.62793950      6.6269
   2013.62796804      6.2450
   2013.62799658      6.7539
   2013.62802511      6.3620
   2013.62805365      6.1902
   2013.62808219      5.8979
   2013.62811073      6.3683
   2013.62813927      6.0561
   2013.62816781      5.9349
   2013.62819635      5.6968
   2013.62822489      6.2372
   2013.62825342      5.9535
   2013.62828196      5.9829
   2013.62831050      5.7269
   2013.62833904      6.0247
   2013.62836758      6.0590
   2013.62839612      6.1395
   2013.62842466      5.9182
   2013.62845320      6.3080
   2013.62848174      6.4247
   2013.62851027      6.5576
   2013.62853881      6.4399
   2013.62856735      6.8649
   2013.62859589      7.1059
   2013.62862443      7.2401
   2013.62865297      7.2667
   2013.62868151      7.8322
   2013.62871005      7.9076
   2013.62873858      8.1134
   2013.62876712      8.6806
   2013.62879566      9.0729
   2013.62882420      9.1385
   2013.62885274      9.4380
   2013.62888128      9.2435
   2013.62890982     10.3473
   2013.62893836     11.8704
   2013.62896689     12.7017
   2013.62899543     11.7806
   2013.62902397     10.8945
   2013.62905251      9.8606
   2013.62908105      9.3746
   2013.62910959     10.0725
   2013.62913813     11.7307
   2013.62916667     12.1280
   2013.62919521     11.6376
   2013.62922374     10.4256
   2013.62925228      9.2631
   2013.62928082      8.2331
   2013.62930936      7.5519
   2013.62933790      7.4454
   2013.62936644      8.1279
   2013.62939498      7.1619
   2013.62942352      6.4597
   2013.62945205      6.1952
   2013.62948059      4.9629
   2013.62950913      4.3359
   2013.62953767      3.8391
   2013.62956621      3.3182
   2013.62959475      2.9062
   2013.62962329      2.7036
   2013.62965183      2.3868
   2013.62968037      1.9985
   2013.62970890      1.8206
   2013.62973744      1.6389
   2013.62976598      1.4773
   2013.62979452      1.3339
   2013.62982306      1.2254
   2013.62985160      1.1036
   2013.62988014      0.9945
   2013.62990868      0.9144
   2013.62993721      0.8328
   2013.62996575      0.7572
   2013.62999429      0.6883
   2013.63002283      0.6269
   2013.63005137      0.5719
   2013.63007991      0.5227
   2013.63010845      0.4790
   2013.63013699      0.4399
   2013.63016553      0.4047
   2013.63019406      0.3730
   2013.63022260      0.3441
   2013.63025114      0.3179
   2013.63027968      0.2940
   2013.63030822      0.2723
   2013.63033676      0.2523
   2013.63036530      0.2339
   2013.63039384      0.2170
   2013.63042237      0.2014
   2013.63045091      0.1871
   2013.63047945      0.1739
   2013.63050799      0.1619
   2013.63053653      0.1508
   2013.63056507      0.1406
   2013.63059361      0.1312
   2013.63062215      0.1225
   2013.63065068      0.1144
   2013.63067922      0.1069
   2013.63070776      0.1000
