   2013.62465753      0.0000
   2013.62468607      0.0000
   2013.62471461      0.0000
   2013.62474315      0.0000
   2013.62477169      0.0000
   2013.62480023      0.0000
   2013.62482877      0.0000
   2013.62485731      0.0000
   2013.62488584      0.0000
   2013.62491438      0.0000
   2013.62494292      0.0000
   2013.62497146      0.0000
   2013.62500000      0.0000
   2013.62502854      0.0000
   2013.62505708      0.0000
   2013.62508562      0.0000
   2013.62511416      0.0000
   2013.62514269      0.0000
   2013.62517123      0.0000
   2013.62519977      0.0000
   2013.62522831      0.0000
   2013.62525685      0.0000
   2013.62528539      0.0000
   2013.62531393      0.0000
   2013.62534247      0.0000
   2013.62537100      0.0000
   2013.62539954      0.0000
   2013.62542808      0.0000
   2013.62545662      0.0000
   2013.62548516      0.0000
   2013.62551370      0.0000
   2013.62554224      0.0000
   2013.62557078      0.0000
   2013.62559932      0.0000
   2013.62562785      0.0000
   2013.62565639      0.0000
   2013.62568493      0.0000
   2013.62571347      0.0000
   2013.62574201      0.0000
   2013.62577055      0.0000
   2013.62579909      0.0000
   2013.62582763      0.1300
   2013.62585616      0.2465
   2013.62588470      0.6613
   2013.62591324      1.7591
   2013.62594178      3.3685
   2013.62597032      6.0527
   2013.62599886     10.2818
   2013.62602740     13.9122
   2013.62605594     14.7198
   2013.62608447     14.1498
   2013.62611301     12.8379
   2013.62614155     10.9081
   2013.62617009     10.2538
   2013.62619863      9.1110
   2013.62622717      8.4599
   2013.62625571      6.9767
   2013.62628425      6.6392
   2013.62631279      5.9933
   2013.62634132      5.4961
   2013.62636986      4.8379
   2013.62639840      4.8021
   2013.62642694      4.5305
   2013.62645548      4.2531
   2013.62648402      4.1286
   2013.62651256      4.1056
   2013.62654110      3.9589
   2013.62656963      3.9990
   2013.62659817      4.1269
   2013.62662671      4.1903
   2013.62665525      4.1572
   2013.62668379      4.2814
   2013.62671233      4.4397
   2013.62674087      4.5175
   2013.62676941      4.4724
   2013.62679795      4.5733
   2013.62682648      4.6843
   2013.62685502      4.7250
   2013.62688356      4.6406
   2013.62691210      4.7049
   2013.62694064      4.5739
   2013.62696918      4.7952
   2013.62699772      4.6745
   2013.62702626      4.7083
   2013.62705479      4.5541
   2013.62708333      4.7455
   2013.62711187      4.6000
   2013.62714041      4.5996
   2013.62716895      4.6162
   2013.62719749      4.5929
   2013.62722603      4.5139
   2013.62725457      4.4019
   2013.62728311      4.2190
   2013.62731164      4.3580
   2013.62734018      4.2344
   2013.62736872      4.1242
   2013.62739726      4.0191
   2013.62742580      3.9539
   2013.62745434      3.9497
   2013.62748288      3.7761
   2013.62751142      3.5859
   2013.62753995      3.6379
   2013.62756849      3.5512
   2013.62759703      3.6106
   2013.62762557      3.2255
   2013.62765411      3.3281
   2013.62768265      3.5484
   2013.62771119      3.1202
   2013.62773973      3.0052
   2013.62776826      3.0176
   2013.62779680      2.9631
   2013.62782534      2.8521
   2013.62785388      2.8841
   2013.62788242      2.8429
   2013.62791096      2.7732
   2013.62793950      2.6404
   2013.62796804      2.5586
   2013.62799658      2.4572
   2013.62802511      2.3896
   2013.62805365      2.4261
   2013.62808219      2.4714
   2013.62811073      2.4682
   2013.62813927      2.3243
   2013.62816781      2.2429
   2013.62819635      2.1069
   2013.62822489      1.9835
   2013.62825342      1.8893
   2013.62828196      1.8346
   2013.62831050      1.7857
   2013.62833904      1.7757
   2013.62836758      1.7589
   2013.62839612      1.7173
   2013.62842466      1.6483
   2013.62845320      1.5665
   2013.62848174      1.4828
   2013.62851027      1.3988
   2013.62853881      1.3198
   2013.62856735      1.2485
   2013.62859589      1.1872
   2013.62862443      1.1356
   2013.62865297      1.0913
   2013.62868151      1.0974
   2013.62871005      1.0062
   2013.62873858      0.9646
   2013.62876712      0.9156
   2013.62879566      0.8669
   2013.62882420      0.8147
   2013.62885274      0.7604
   2013.62888128      0.7070
   2013.62890982      0.6566
   2013.62893836      0.6101
   2013.62896689      0.5671
   2013.62899543      0.5274
   2013.62902397      0.4912
   2013.62905251      0.4581
   2013.62908105      0.4277
   2013.62910959      0.3996
   2013.62913813      0.3735
   2013.62916667      0.3491
   2013.62919521      0.3264
   2013.62922374      0.3051
   2013.62925228      0.2853
   2013.62928082      0.2668
   2013.62930936      0.2495
   2013.62933790      0.2332
   2013.62936644      0.2179
   2013.62939498      0.2036
   2013.62942352      0.1902
   2013.62945205      0.1777
   2013.62948059      0.1662
   2013.62950913      0.1554
   2013.62953767      0.1454
   2013.62956621      0.1361
   2013.62959475      0.1274
   2013.62962329      0.1193
   2013.62965183      0.1117
   2013.62968037      0.1047
