   2013.62465753      0.0000
   2013.62468607      0.0000
   2013.62471461      0.0000
   2013.62474315      0.0000
   2013.62477169      0.0000
   2013.62480023      0.0000
   2013.62482877      0.0000
   2013.62485731      0.0000
   2013.62488584      0.0000
   2013.62491438      0.0000
   2013.62494292      0.0000
   2013.62497146      0.0000
   2013.62500000      0.0000
   2013.62502854      0.0000
   2013.62505708      0.0000
   2013.62508562      0.0000
   2013.62511416      0.0000
   2013.62514269      0.0000
   2013.62517123      0.0000
   2013.62519977      0.0000
   2013.62522831      0.0000
   2013.62525685      0.0000
   2013.62528539      0.0000
   2013.62531393      0.0000
   2013.62534247      0.0000
   2013.62537100      0.0000
   2013.62539954      0.0000
   2013.62542808      0.0000
   2013.62545662      0.0000
   2013.62548516      0.0000
   2013.62551370      0.0000
   2013.62554224      0.0000
   2013.62557078      0.0000
   2013.62559932      0.0000
   2013.62562785      0.0000
   2013.62565639      0.0000
   2013.62568493      0.0000
   2013.62571347      0.0000
   2013.62574201      0.0000
   2013.62577055      0.0000
   2013.62579909      0.0000
   2013.62582763      0.0000
   2013.62585616      0.0000
   2013.62588470      0.0000
   2013.62591324      0.0000
   2013.62594178      0.0000
   2013.62597032      0.0000
   2013.62599886      0.0000
   2013.62602740      0.0000
   2013.62605594      0.0000
   2013.62608447      0.0000
   2013.62611301      0.0000
   2013.62614155      0.0000
   2013.62617009      0.0000
   2013.62619863      0.0000
   2013.62622717      0.0000
   2013.62625571      0.0000
   2013.62628425      0.0000
   2013.62631279      0.0000
   2013.62634132      0.0000
   2013.62636986      0.0000
   2013.62639840      1.5482
   2013.62642694      8.6373
   2013.62645548     19.7478
   2013.62648402     44.1463
   2013.62651256     52.0192
   2013.62654110     44.8633
   2013.62656963     33.9070
   2013.62659817     26.1847
   2013.62662671     22.2451
   2013.62665525     18.7897
   2013.62668379     16.2243
   2013.62671233     13.5931
   2013.62674087     12.6462
   2013.62676941     11.5074
   2013.62679795     10.3028
   2013.62682648      8.9928
   2013.62685502      8.6840
   2013.62688356      8.2159
   2013.62691210      7.5888
   2013.62694064      6.9970
   2013.62696918      7.1118
   2013.62699772      6.9317
   2013.62702626      6.7085
   2013.62705479      6.3543
   2013.62708333      6.6207
   2013.62711187      6.5672
   2013.62714041      6.4293
   2013.62716895      6.1419
   2013.62719749      6.6858
   2013.62722603      6.3326
   2013.62725457      6.1957
   2013.62728311      5.9014
   2013.62731164      6.3571
   2013.62734018      6.0661
   2013.62736872      6.1963
   2013.62739726      5.5960
   2013.62742580      6.0254
   2013.62745434      5.7573
   2013.62748288      5.8004
   2013.62751142      5.4105
   2013.62753995      5.6636
   2013.62756849      5.4169
   2013.62759703      5.4023
   2013.62762557      5.0606
   2013.62765411      5.2988
   2013.62768265      5.0735
   2013.62771119      5.0318
   2013.62773973      4.7455
   2013.62776826      4.9486
   2013.62779680      4.7465
   2013.62782534      4.7049
   2013.62785388      4.6904
   2013.62788242      4.6413
   2013.62791096      4.5609
   2013.62793950      4.4250
   2013.62796804      4.4317
   2013.62799658      4.3921
   2013.62802511      4.3211
   2013.62805365      4.2184
   2013.62808219      4.2488
   2013.62811073      4.2229
   2013.62813927      4.1667
   2013.62816781      4.0883
   2013.62819635      4.1437
   2013.62822489      4.1298
   2013.62825342      4.1058
   2013.62828196      4.0436
   2013.62831050      3.9566
   2013.62833904      4.1304
   2013.62836758      4.1487
   2013.62839612      4.0854
   2013.62842466      4.1900
   2013.62845320      4.2214
   2013.62848174      4.1493
   2013.62851027      4.2279
   2013.62853881      4.0739
   2013.62856735      4.4183
   2013.62859589      4.3615
   2013.62862443      4.4787
   2013.62865297      4.3199
   2013.62868151      4.7226
   2013.62871005      4.6738
   2013.62873858      4.8588
   2013.62876712      4.6589
   2013.62879566      5.1408
   2013.62882420      5.0717
   2013.62885274      5.3215
   2013.62888128      5.0730
   2013.62890982      5.6550
   2013.62893836      5.5163
   2013.62896689      5.6523
   2013.62899543      5.5132
   2013.62902397      5.8705
   2013.62905251      5.9669
   2013.62908105      6.0981
   2013.62910959      5.9040
   2013.62913813      6.2978
   2013.62916667      6.4011
   2013.62919521      6.5164
   2013.62922374      6.3035
   2013.62925228      6.6736
   2013.62928082      6.7556
   2013.62930936      6.8434
   2013.62933790      6.6160
   2013.62936644      6.9736
   2013.62939498      7.0523
   2013.62942352      7.1146
   2013.62945205      6.8804
   2013.62948059      7.1754
   2013.62950913      7.2154
   2013.62953767      7.2447
   2013.62956621      6.9757
   2013.62959475      7.2539
   2013.62962329      7.2754
   2013.62965183      7.2817
   2013.62968037      6.9590
   2013.62970890      7.2169
   2013.62973744      7.1980
   2013.62976598      7.0446
   2013.62979452      6.7901
   2013.62982306      7.0611
   2013.62985160      7.0212
   2013.62988014      6.8671
   2013.62990868      6.5497
   2013.62993721      6.8172
   2013.62996575      6.7504
   2013.62999429      6.5861
   2013.63002283      6.2536
   2013.63005137      6.7922
   2013.63007991      6.4266
   2013.63010845      6.2638
   2013.63013699      5.9424
   2013.63016553      6.3720
   2013.63019406      6.0661
   2013.63022260      6.1692
   2013.63025114      5.8413
   2013.63027968      5.5551
   2013.63030822      5.2733
   2013.63033676      5.2379
   2013.63036530      4.5109
   2013.63039384      4.2283
   2013.63042237      4.1669
   2013.63045091      3.5946
   2013.63047945      3.3670
   2013.63050799      3.0404
   2013.63053653      2.7715
   2013.63056507      2.6738
   2013.63059361      2.3320
   2013.63062215      1.9801
   2013.63065068      1.8239
   2013.63067922      1.6481
   2013.63070776      1.4864
   2013.63073630      1.3392
   2013.63076484      1.2072
   2013.63079338      1.0946
   2013.63082192      0.9932
   2013.63085046      0.9044
   2013.63087900      0.8218
   2013.63090753      0.7452
   2013.63093607      0.6760
   2013.63096461      0.6151
   2013.63099315      0.5608
   2013.63102169      0.5122
   2013.63105023      0.4688
   2013.63107877      0.4300
   2013.63110731      0.3951
   2013.63113584      0.3636
   2013.63116438      0.3350
   2013.63119292      0.3092
   2013.63122146      0.2857
   2013.63125000      0.2643
   2013.63127854      0.2447
   2013.63130708      0.2266
   2013.63133562      0.2100
   2013.63136416      0.1948
   2013.63139269      0.1809
   2013.63142123      0.1681
   2013.63144977      0.1564
   2013.63147831      0.1456
   2013.63150685      0.1357
   2013.63153539      0.1266
   2013.63156393      0.1181
   2013.63159247      0.1103
   2013.63162100      0.1031
