   2013.62465753      0.0000
   2013.62468607      0.0000
   2013.62471461      0.0000
   2013.62474315      0.0000
   2013.62477169      0.0000
   2013.62480023      0.0000
   2013.62482877      0.0000
   2013.62485731      0.0000
   2013.62488584      0.0000
   2013.62491438      0.0000
   2013.62494292      0.0000
   2013.62497146      0.0000
   2013.62500000      0.0000
   2013.62502854      0.0000
   2013.62505708      0.0000
   2013.62508562      0.0000
   2013.62511416      0.0000
   2013.62514269      0.0000
   2013.62517123      0.0000
   2013.62519977      0.0000
   2013.62522831      0.0000
   2013.62525685      0.0000
   2013.62528539      0.0000
   2013.62531393      0.0000
   2013.62534247      0.0000
   2013.62537100      0.0000
   2013.62539954      0.0000
   2013.62542808      0.0000
   2013.62545662      0.0000
   2013.62548516      0.0000
   2013.62551370      0.0000
   2013.62554224      0.0000
   2013.62557078      0.0000
   2013.62559932      0.0000
   2013.62562785      0.0000
   2013.62565639      0.0000
   2013.62568493      0.0000
   2013.62571347      0.0000
   2013.62574201      0.0000
   2013.62577055      0.0000
   2013.62579909      0.0000
   2013.62582763      0.0011
   2013.62585616      0.0022
   2013.62588470      0.0031
   2013.62591324      0.0038
   2013.62594178      0.0046
   2013.62597032      0.0337
   2013.62599886      0.0812
   2013.62602740      0.1513
   2013.62605594      0.2934
   2013.62608447      0.5345
   2013.62611301      0.9274
   2013.62614155      1.5258
   2013.62617009      2.4748
   2013.62619863      3.8871
   2013.62622717      5.8212
   2013.62625571      7.2751
   2013.62628425      7.8631
   2013.62631279      8.0517
   2013.62634132      7.8890
   2013.62636986      7.6558
   2013.62639840      7.2123
   2013.62642694      6.8303
   2013.62645548      6.7093
   2013.62648402      5.9538
   2013.62651256      5.0516
   2013.62654110      4.5705
   2013.62656963      4.3270
   2013.62659817      3.6930
   2013.62662671      3.2792
   2013.62665525      2.9624
   2013.62668379      2.6601
   2013.62671233      2.3968
   2013.62674087      2.1682
   2013.62676941      1.9397
   2013.62679795      1.7595
   2013.62682648      1.6120
   2013.62685502      1.4777
   2013.62688356      1.3556
   2013.62691210      1.3010
   2013.62694064      1.1690
   2013.62696918      1.0825
   2013.62699772      0.9882
   2013.62702626      0.9364
   2013.62705479      0.8879
   2013.62708333      0.8351
   2013.62711187      0.7846
   2013.62714041      0.7401
   2013.62716895      0.7143
   2013.62719749      0.6844
   2013.62722603      0.6565
   2013.62725457      0.6338
   2013.62728311      0.6277
   2013.62731164      0.6137
   2013.62734018      0.6004
   2013.62736872      0.5906
   2013.62739726      0.5963
   2013.62742580      0.5941
   2013.62745434      0.5925
   2013.62748288      0.5947
   2013.62751142      0.6127
   2013.62753995      0.6423
   2013.62756849      0.6349
   2013.62759703      0.6515
   2013.62762557      0.6700
   2013.62765411      0.7128
   2013.62768265      0.7433
   2013.62771119      0.7727
   2013.62773973      0.7860
   2013.62776826      0.8481
   2013.62779680      0.8813
   2013.62782534      0.9047
   2013.62785388      0.9099
   2013.62788242      0.9686
   2013.62791096      0.9790
   2013.62793950      0.9886
   2013.62796804      0.9978
   2013.62799658      0.9984
   2013.62802511      0.9933
   2013.62805365      1.0242
   2013.62808219      1.0036
   2013.62811073      0.9702
   2013.62813927      0.9487
   2013.62816781      0.9295
   2013.62819635      0.8931
   2013.62822489      0.8841
   2013.62825342      0.8612
   2013.62828196      0.8351
   2013.62831050      0.8101
   2013.62833904      0.7836
   2013.62836758      0.7576
   2013.62839612      0.7330
   2013.62842466      0.7116
   2013.62845320      0.6886
   2013.62848174      0.6651
   2013.62851027      0.6424
   2013.62853881      0.6223
   2013.62856735      0.6010
   2013.62859589      0.5800
   2013.62862443      0.5600
   2013.62865297      0.5417
   2013.62868151      0.5231
   2013.62871005      0.5051
   2013.62873858      0.4879
   2013.62876712      0.4726
   2013.62879566      0.4568
   2013.62882420      0.4414
   2013.62885274      0.4265
   2013.62888128      0.4133
   2013.62890982      0.3998
   2013.62893836      0.3866
   2013.62896689      0.3741
   2013.62899543      0.3634
   2013.62902397      0.3522
   2013.62905251      0.3413
   2013.62908105      0.3309
   2013.62910959      0.3224
   2013.62913813      0.3132
   2013.62916667      0.3041
   2013.62919521      0.2955
   2013.62922374      0.2900
   2013.62925228      0.2828
   2013.62928082      0.2755
   2013.62930936      0.2684
   2013.62933790      0.2656
   2013.62936644      0.2602
   2013.62939498      0.2544
   2013.62942352      0.2489
   2013.62945205      0.2495
   2013.62948059      0.2461
   2013.62950913      0.2421
   2013.62953767      0.2385
   2013.62956621      0.2430
   2013.62959475      0.2424
   2013.62962329      0.2410
   2013.62965183      0.2401
   2013.62968037      0.2499
   2013.62970890      0.2532
   2013.62973744      0.2555
   2013.62976598      0.2586
   2013.62979452      0.2754
   2013.62982306      0.2845
   2013.62985160      0.2925
   2013.62988014      0.3022
   2013.62990868      0.3278
   2013.62993721      0.3456
   2013.62996575      0.3630
   2013.62999429      0.3834
   2013.63002283      0.4216
   2013.63005137      0.4641
   2013.63007991      0.4983
   2013.63010845      0.5242
   2013.63013699      0.5815
   2013.63016553      0.6318
   2013.63019406      0.6888
   2013.63022260      0.7495
   2013.63025114      0.8061
   2013.63027968      0.8601
   2013.63030822      0.9141
   2013.63033676      0.9646
   2013.63036530      1.0091
   2013.63039384      1.0457
   2013.63042237      1.0580
   2013.63045091      1.0714
   2013.63047945      1.0739
   2013.63050799      1.0676
   2013.63053653      1.0407
   2013.63056507      1.0594
   2013.63059361      1.0046
   2013.63062215      0.9690
   2013.63065068      0.9372
   2013.63067922      0.8954
   2013.63070776      0.8651
   2013.63073630      0.8290
   2013.63076484      0.7915
   2013.63079338      0.7532
   2013.63082192      0.7155
   2013.63085046      0.6795
   2013.63087900      0.6455
   2013.63090753      0.6134
   2013.63093607      0.5825
   2013.63096461      0.5529
   2013.63099315      0.5248
   2013.63102169      0.4982
   2013.63105023      0.4730
   2013.63107877      0.4493
   2013.63110731      0.4267
   2013.63113584      0.4054
   2013.63116438      0.3852
   2013.63119292      0.3661
   2013.63122146      0.3482
   2013.63125000      0.3313
   2013.63127854      0.3154
   2013.63130708      0.3005
   2013.63133562      0.2865
   2013.63136416      0.2734
   2013.63139269      0.2610
   2013.63142123      0.2493
   2013.63144977      0.2383
   2013.63147831      0.2278
   2013.63150685      0.2178
   2013.63153539      0.2083
   2013.63156393      0.1995
   2013.63159247      0.1911
   2013.63162100      0.1832
   2013.63164954      0.1757
   2013.63167808      0.1686
   2013.63170662      0.1619
   2013.63173516      0.1555
   2013.63176370      0.1495
   2013.63179224      0.1438
   2013.63182078      0.1383
   2013.63184932      0.1332
   2013.63187785      0.1283
   2013.63190639      0.1236
   2013.63193493      0.1192
   2013.63196347      0.1150
   2013.63199201      0.1110
   2013.63202055      0.1072
   2013.63204909      0.1036
   2013.63207763      0.1001
