   2013.62465753      0.0000
   2013.62468607      0.0000
   2013.62471461      0.0000
   2013.62474315      0.0000
   2013.62477169      0.0000
   2013.62480023      0.0000
   2013.62482877      0.0000
   2013.62485731      0.0000
   2013.62488584      0.0000
   2013.62491438      0.0000
   2013.62494292      0.0000
   2013.62497146      0.0000
   2013.62500000      0.0000
   2013.62502854      0.0000
   2013.62505708      0.0000
   2013.62508562      0.0000
   2013.62511416      0.0000
   2013.62514269      0.0000
   2013.62517123      0.0000
   2013.62519977      0.0000
   2013.62522831      0.0000
   2013.62525685      0.0000
   2013.62528539      0.0000
   2013.62531393      0.0000
   2013.62534247      0.0000
   2013.62537100      0.0000
   2013.62539954      0.0000
   2013.62542808      0.0000
   2013.62545662      0.0000
   2013.62548516      0.0000
   2013.62551370      0.0000
   2013.62554224      0.0000
   2013.62557078      0.0000
   2013.62559932      0.0000
   2013.62562785      0.0000
   2013.62565639      0.0000
   2013.62568493      0.0000
   2013.62571347      0.0000
   2013.62574201      0.0000
   2013.62577055      0.0000
   2013.62579909      0.0000
   2013.62582763      0.0000
   2013.62585616      0.0000
   2013.62588470      0.0000
   2013.62591324      0.0000
   2013.62594178      0.0000
   2013.62597032      0.0000
   2013.62599886      0.0000
   2013.62602740      0.0000
   2013.62605594      0.0012
   2013.62608447      0.0028
   2013.62611301      0.0040
   2013.62614155      0.0056
   2013.62617009      0.0220
   2013.62619863      0.0771
   2013.62622717      0.1444
   2013.62625571      0.3055
   2013.62628425      0.6179
   2013.62631279      1.1619
   2013.62634132      1.9588
   2013.62636986      3.0508
   2013.62639840      4.7517
   2013.62642694      6.5887
   2013.62645548      7.7514
   2013.62648402      8.0699
   2013.62651256      7.9598
   2013.62654110      7.7813
   2013.62656963      7.0814
   2013.62659817      6.0990
   2013.62662671      6.2824
   2013.62665525      5.5617
   2013.62668379      4.6632
   2013.62671233      4.1118
   2013.62674087      3.9483
   2013.62676941      3.6309
   2013.62679795      3.3577
   2013.62682648      3.1666
   2013.62685502      2.9690
   2013.62688356      2.7816
   2013.62691210      2.6191
   2013.62694064      2.5331
   2013.62696918      2.4276
   2013.62699772      2.3331
   2013.62702626      2.2532
   2013.62705479      2.2193
   2013.62708333      2.1662
   2013.62711187      2.1193
   2013.62714041      2.0683
   2013.62716895      2.0413
   2013.62719749      1.9993
   2013.62722603      1.9548
   2013.62725457      1.9015
   2013.62728311      1.8212
   2013.62731164      1.8075
   2013.62734018      1.7560
   2013.62736872      1.6611
   2013.62739726      1.6085
   2013.62742580      1.5494
   2013.62745434      1.5351
   2013.62748288      1.4288
   2013.62751142      1.3685
   2013.62753995      1.3101
   2013.62756849      1.2532
   2013.62759703      1.1576
   2013.62762557      1.1855
   2013.62765411      1.0837
   2013.62768265      1.0206
   2013.62771119      0.9440
   2013.62773973      0.9137
   2013.62776826      0.8691
   2013.62779680      0.8233
   2013.62782534      0.7790
   2013.62785388      0.7362
   2013.62788242      0.6959
   2013.62791096      0.6585
   2013.62793950      0.6242
   2013.62796804      0.5920
   2013.62799658      0.5617
   2013.62802511      0.5332
   2013.62805365      0.5064
   2013.62808219      0.4812
   2013.62811073      0.4574
   2013.62813927      0.4350
   2013.62816781      0.4138
   2013.62819635      0.3937
   2013.62822489      0.3748
   2013.62825342      0.3569
   2013.62828196      0.3400
   2013.62831050      0.3242
   2013.62833904      0.3092
   2013.62836758      0.2952
   2013.62839612      0.2820
   2013.62842466      0.2695
   2013.62845320      0.2577
   2013.62848174      0.2466
   2013.62851027      0.2360
   2013.62853881      0.2259
   2013.62856735      0.2163
   2013.62859589      0.2072
   2013.62862443      0.1987
   2013.62865297      0.1920
   2013.62868151      0.1845
   2013.62871005      0.1773
   2013.62873858      0.1704
   2013.62876712      0.1703
   2013.62879566      0.1654
   2013.62882420      0.1599
   2013.62885274      0.1547
   2013.62888128      0.1586
   2013.62890982      0.1562
   2013.62893836      0.1530
   2013.62896689      0.1503
   2013.62899543      0.1595
   2013.62902397      0.1612
   2013.62905251      0.1621
   2013.62908105      0.1645
   2013.62910959      0.1823
   2013.62913813      0.1921
   2013.62916667      0.2015
   2013.62919521      0.2126
   2013.62922374      0.2435
   2013.62925228      0.2649
   2013.62928082      0.2856
   2013.62930936      0.3181
   2013.62933790      0.3666
   2013.62936644      0.4112
   2013.62939498      0.4611
   2013.62942352      0.5299
   2013.62945205      0.6153
   2013.62948059      0.7170
   2013.62950913      0.8347
   2013.62953767      0.9698
   2013.62956621      1.1671
   2013.62959475      1.3869
   2013.62962329      1.5821
   2013.62965183      1.7235
   2013.62968037      1.8599
   2013.62970890      1.9463
   2013.62973744      1.9946
   2013.62976598      2.0187
   2013.62979452      2.0598
   2013.62982306      2.0631
   2013.62985160      2.0546
   2013.62988014      2.0292
   2013.62990868      2.0186
   2013.62993721      1.9872
   2013.62996575      1.9487
   2013.62999429      1.8988
   2013.63002283      1.8601
   2013.63005137      1.8075
   2013.63007991      1.7563
   2013.63010845      1.6615
   2013.63013699      1.6091
   2013.63016553      1.5498
   2013.63019406      1.5354
   2013.63022260      1.4290
   2013.63025114      1.3687
   2013.63027968      1.3103
   2013.63030822      1.2533
   2013.63033676      1.1549
   2013.63036530      1.1855
   2013.63039384      1.0839
   2013.63042237      1.0207
   2013.63045091      0.9441
   2013.63047945      0.9138
   2013.63050799      0.8692
   2013.63053653      0.8234
   2013.63056507      0.7791
   2013.63059361      0.7363
   2013.63062215      0.6960
   2013.63065068      0.6586
   2013.63067922      0.6243
   2013.63070776      0.5922
   2013.63073630      0.5618
   2013.63076484      0.5333
   2013.63079338      0.5065
   2013.63082192      0.4813
   2013.63085046      0.4575
   2013.63087900      0.4351
   2013.63090753      0.4139
   2013.63093607      0.3938
   2013.63096461      0.3749
   2013.63099315      0.3570
   2013.63102169      0.3401
   2013.63105023      0.3243
   2013.63107877      0.3093
   2013.63110731      0.2953
   2013.63113584      0.2820
   2013.63116438      0.2696
   2013.63119292      0.2578
   2013.63122146      0.2467
   2013.63125000      0.2361
   2013.63127854      0.2260
   2013.63130708      0.2164
   2013.63133562      0.2073
   2013.63136416      0.1987
   2013.63139269      0.1906
   2013.63142123      0.1829
   2013.63144977      0.1757
   2013.63147831      0.1688
   2013.63150685      0.1622
   2013.63153539      0.1560
   2013.63156393      0.1500
   2013.63159247      0.1444
   2013.63162100      0.1391
   2013.63164954      0.1340
   2013.63167808      0.1291
   2013.63170662      0.1245
   2013.63173516      0.1202
   2013.63176370      0.1160
   2013.63179224      0.1120
   2013.63182078      0.1082
   2013.63184932      0.1046
   2013.63187785      0.1012
