   2013.62465753      0.0000
   2013.62468607      0.0000
   2013.62471461      0.0000
   2013.62474315      0.0000
   2013.62477169      0.0000
   2013.62480023      0.0000
   2013.62482877      0.0000
   2013.62485731      0.0000
   2013.62488584      0.0000
   2013.62491438      0.0000
   2013.62494292      0.0000
   2013.62497146      0.0000
   2013.62500000      0.0000
   2013.62502854      0.0000
   2013.62505708      0.0000
   2013.62508562      0.0000
   2013.62511416      0.0000
   2013.62514269      0.0000
   2013.62517123      0.0000
   2013.62519977      0.0000
   2013.62522831      0.0000
   2013.62525685      0.0000
   2013.62528539      0.0000
   2013.62531393      0.0000
   2013.62534247      0.0000
   2013.62537100      0.0000
   2013.62539954      0.0000
   2013.62542808      0.0000
   2013.62545662      0.0000
   2013.62548516      0.0000
   2013.62551370      0.0000
   2013.62554224      0.0000
   2013.62557078      0.0000
   2013.62559932      0.0000
   2013.62562785      0.0000
   2013.62565639      0.0000
   2013.62568493      0.0000
   2013.62571347      0.0000
   2013.62574201      0.0000
   2013.62577055      0.0000
   2013.62579909      0.0000
   2013.62582763      0.0000
   2013.62585616      0.0000
   2013.62588470      0.0000
   2013.62591324      0.0000
   2013.62594178      0.0009
   2013.62597032      0.0024
   2013.62599886      0.0036
   2013.62602740      0.0046
   2013.62605594      0.0072
   2013.62608447      0.0540
   2013.62611301      0.1080
   2013.62614155      0.1895
   2013.62617009      0.3381
   2013.62619863      0.5634
   2013.62622717      0.8477
   2013.62625571      1.2117
   2013.62628425      1.6953
   2013.62631279      2.5400
   2013.62634132      3.3759
   2013.62636986      4.1491
   2013.62639840      4.2151
   2013.62642694      4.0772
   2013.62645548      4.0881
   2013.62648402      3.5834
   2013.62651256      3.2377
   2013.62654110      2.9518
   2013.62656963      2.6636
   2013.62659817      2.4018
   2013.62662671      2.1478
   2013.62665525      1.9382
   2013.62668379      1.7567
   2013.62671233      1.5976
   2013.62674087      1.4551
   2013.62676941      1.3273
   2013.62679795      1.2350
   2013.62682648      1.1199
   2013.62685502      1.0096
   2013.62688356      0.9464
   2013.62691210      0.8746
   2013.62694064      0.8076
   2013.62696918      0.7458
   2013.62699772      0.6896
   2013.62702626      0.6397
   2013.62705479      0.5963
   2013.62708333      0.5567
   2013.62711187      0.5209
   2013.62714041      0.4887
   2013.62716895      0.4603
   2013.62719749      0.4336
   2013.62722603      0.4089
   2013.62725457      0.3861
   2013.62728311      0.3661
   2013.62731164      0.3468
   2013.62734018      0.3289
   2013.62736872      0.3123
   2013.62739726      0.2981
   2013.62742580      0.2841
   2013.62745434      0.2710
   2013.62748288      0.2588
   2013.62751142      0.2486
   2013.62753995      0.2381
   2013.62756849      0.2280
   2013.62759703      0.2186
   2013.62762557      0.2110
   2013.62765411      0.2030
   2013.62768265      0.1954
   2013.62771119      0.1882
   2013.62773973      0.1827
   2013.62776826      0.1767
   2013.62779680      0.1708
   2013.62782534      0.1653
   2013.62785388      0.1614
   2013.62788242      0.1567
   2013.62791096      0.1522
   2013.62793950      0.1479
   2013.62796804      0.1452
   2013.62799658      0.1417
   2013.62802511      0.1383
   2013.62805365      0.1350
   2013.62808219      0.1334
   2013.62811073      0.1308
   2013.62813927      0.1282
   2013.62816781      0.1258
   2013.62819635      0.1250
   2013.62822489      0.1232
   2013.62825342      0.1213
   2013.62828196      0.1196
   2013.62831050      0.1196
   2013.62833904      0.1185
   2013.62836758      0.1173
   2013.62839612      0.1163
   2013.62842466      0.1170
   2013.62845320      0.1166
   2013.62848174      0.1160
   2013.62851027      0.1156
   2013.62853881      0.1171
   2013.62856735      0.1173
   2013.62859589      0.1175
   2013.62862443      0.1178
   2013.62865297      0.1201
   2013.62868151      0.1211
   2013.62871005      0.1220
   2013.62873858      0.1231
   2013.62876712      0.1265
   2013.62879566      0.1284
   2013.62882420      0.1303
   2013.62885274      0.1324
   2013.62888128      0.1369
   2013.62890982      0.1399
   2013.62893836      0.1430
   2013.62896689      0.1463
   2013.62899543      0.1520
   2013.62902397      0.1563
   2013.62905251      0.1604
   2013.62908105      0.1647
   2013.62910959      0.1714
   2013.62913813      0.1765
   2013.62916667      0.1811
   2013.62919521      0.1856
   2013.62922374      0.1926
   2013.62925228      0.1980
   2013.62928082      0.2029
   2013.62930936      0.2078
   2013.62933790      0.2151
   2013.62936644      0.2205
   2013.62939498      0.2252
   2013.62942352      0.2296
   2013.62945205      0.2364
   2013.62948059      0.2411
   2013.62950913      0.2451
   2013.62953767      0.2488
   2013.62956621      0.2553
   2013.62959475      0.2595
   2013.62962329      0.2629
   2013.62965183      0.2661
   2013.62968037      0.2722
   2013.62970890      0.2758
   2013.62973744      0.2786
   2013.62976598      0.2812
   2013.62979452      0.2869
   2013.62982306      0.2899
   2013.62985160      0.2922
   2013.62988014      0.2942
   2013.62990868      0.2996
   2013.62993721      0.3022
   2013.62996575      0.3040
   2013.62999429      0.3056
   2013.63002283      0.3107
   2013.63005137      0.3129
   2013.63007991      0.3143
   2013.63010845      0.3155
   2013.63013699      0.3205
   2013.63016553      0.3225
   2013.63019406      0.3237
   2013.63022260      0.3247
   2013.63025114      0.3258
   2013.63027968      0.3267
   2013.63030822      0.3272
   2013.63033676      0.3275
   2013.63036530      0.3275
   2013.63039384      0.3272
   2013.63042237      0.3265
   2013.63045091      0.3252
   2013.63047945      0.3234
   2013.63050799      0.3212
   2013.63053653      0.3187
   2013.63056507      0.3160
   2013.63059361      0.3131
   2013.63062215      0.3100
   2013.63065068      0.3067
   2013.63067922      0.3032
   2013.63070776      0.2994
   2013.63073630      0.2954
   2013.63076484      0.2912
   2013.63079338      0.2868
   2013.63082192      0.2822
   2013.63085046      0.2774
   2013.63087900      0.2725
   2013.63090753      0.2675
   2013.63093607      0.2624
   2013.63096461      0.2573
   2013.63099315      0.2520
   2013.63102169      0.2467
   2013.63105023      0.2413
   2013.63107877      0.2358
   2013.63110731      0.2303
   2013.63113584      0.2247
   2013.63116438      0.2189
   2013.63119292      0.2132
   2013.63122146      0.2075
   2013.63125000      0.2018
   2013.63127854      0.1961
   2013.63130708      0.1906
   2013.63133562      0.1851
   2013.63136416      0.1797
   2013.63139269      0.1744
   2013.63142123      0.1692
   2013.63144977      0.1641
   2013.63147831      0.1591
   2013.63150685      0.1542
   2013.63153539      0.1495
   2013.63156393      0.1448
   2013.63159247      0.1404
   2013.63162100      0.1360
   2013.63164954      0.1318
   2013.63167808      0.1277
   2013.63170662      0.1237
   2013.63173516      0.1199
   2013.63176370      0.1162
   2013.63179224      0.1127
   2013.63182078      0.1093
   2013.63184932      0.1060
   2013.63187785      0.1028
   2013.63190639      0.0997
   2013.63193493      0.0967
   2013.63196347      0.0939
   2013.63199201      0.0911
   2013.63202055      0.0885
   2013.63204909      0.0859
   2013.63207763      0.0835
   2013.63210616      0.0811
   2013.63213470      0.0788
   2013.63216324      0.0766
   2013.63219178      0.0745
   2013.63222032      0.0724
   2013.63224886      0.0704
   2013.63227740      0.0684
   2013.63230594      0.0665
   2013.63233447      0.0647
   2013.63236301      0.0630
   2013.63239155      0.0613
   2013.63242009      0.0597
   2013.63244863      0.0581
   2013.63247717      0.0566
   2013.63250571      0.0551
