   2013.62465753      0.0000
   2013.62468607      0.0000
   2013.62471461      0.0000
   2013.62474315      0.0000
   2013.62477169      0.0000
   2013.62480023      0.0000
   2013.62482877      0.0000
   2013.62485731      0.0000
   2013.62488584      0.0000
   2013.62491438      0.0000
   2013.62494292      0.0000
   2013.62497146      0.0000
   2013.62500000      0.0000
   2013.62502854      0.0000
   2013.62505708      0.0000
   2013.62508562      0.0000
   2013.62511416      0.0000
   2013.62514269      0.0000
   2013.62517123      0.0000
   2013.62519977      0.0000
   2013.62522831      0.0000
   2013.62525685      0.0000
   2013.62528539      0.0000
   2013.62531393      0.0000
   2013.62534247      0.0000
   2013.62537100      0.0000
   2013.62539954      0.0000
   2013.62542808      0.0000
   2013.62545662      0.0000
   2013.62548516      0.0038
   2013.62551370      0.0028
   2013.62554224      0.0025
   2013.62557078      0.0245
   2013.62559932      0.0583
   2013.62562785      0.0929
   2013.62565639      0.1558
   2013.62568493      0.2560
   2013.62571347      0.3818
   2013.62574201      0.5651
   2013.62577055      0.8213
   2013.62579909      1.2023
   2013.62582763      1.7580
   2013.62585616      2.5453
   2013.62588470      3.3915
   2013.62591324      4.0905
   2013.62594178      4.5061
   2013.62597032      4.8173
   2013.62599886      5.0488
   2013.62602740      5.1645
   2013.62605594      5.4884
   2013.62608447      5.7222
   2013.62611301      5.7829
   2013.62614155      6.0167
   2013.62617009      6.2967
   2013.62619863      6.5584
   2013.62622717      6.8228
   2013.62625571      7.0565
   2013.62628425      7.3431
   2013.62631279      7.6137
   2013.62634132      7.7839
   2013.62636986      8.1479
   2013.62639840      8.3906
   2013.62642694      8.6581
   2013.62645548      8.8707
   2013.62648402      8.9596
   2013.62651256      9.1593
   2013.62654110      8.7682
   2013.62656963      8.5192
   2013.62659817      8.0273
   2013.62662671      8.1312
   2013.62665525      7.9415
   2013.62668379      7.5102
   2013.62671233      7.1567
   2013.62674087      7.4609
   2013.62676941      7.4361
   2013.62679795      7.6288
   2013.62682648      7.4353
   2013.62685502      7.3365
   2013.62688356      6.9517
   2013.62691210      6.4373
   2013.62694064      5.8599
   2013.62696918      5.3297
   2013.62699772      4.8780
   2013.62702626      4.9547
   2013.62705479      4.5978
   2013.62708333      4.4932
   2013.62711187      4.1585
   2013.62714041      4.0024
   2013.62716895      3.9886
   2013.62719749      3.5209
   2013.62722603      3.2100
   2013.62725457      2.9362
   2013.62728311      2.7690
   2013.62731164      2.4278
   2013.62734018      2.1647
   2013.62736872      1.8614
   2013.62739726      1.6667
   2013.62742580      1.4899
   2013.62745434      1.3925
   2013.62748288      1.2032
   2013.62751142      1.0519
   2013.62753995      0.9707
   2013.62756849      0.8793
   2013.62759703      0.7934
   2013.62762557      0.7159
   2013.62765411      0.6470
   2013.62768265      0.5863
   2013.62771119      0.5322
   2013.62773973      0.4844
   2013.62776826      0.4420
   2013.62779680      0.4043
   2013.62782534      0.3705
   2013.62785388      0.3402
   2013.62788242      0.3127
   2013.62791096      0.2880
   2013.62793950      0.2655
   2013.62796804      0.2450
   2013.62799658      0.2262
   2013.62802511      0.2089
   2013.62805365      0.1932
   2013.62808219      0.1788
   2013.62811073      0.1657
   2013.62813927      0.1536
   2013.62816781      0.1426
   2013.62819635      0.1325
   2013.62822489      0.1232
   2013.62825342      0.1146
   2013.62828196      0.1067
