   2013.62465753      0.0000
   2013.62468607      0.0000
   2013.62471461      0.0000
   2013.62474315      0.0000
   2013.62477169      0.0000
   2013.62480023      0.0000
   2013.62482877      0.0000
   2013.62485731      0.0001
   2013.62488584      0.0003
   2013.62491438      0.0016
   2013.62494292      0.0023
   2013.62497146      0.0009
   2013.62500000      0.0065
   2013.62502854      0.0024
   2013.62505708      0.0013
   2013.62508562      0.0064
   2013.62511416      0.0506
   2013.62514269      0.0838
   2013.62517123      0.1199
   2013.62519977      0.1797
   2013.62522831      0.3093
   2013.62525685      0.4653
   2013.62528539      0.6786
   2013.62531393      0.9644
   2013.62534247      1.3570
   2013.62537100      2.0335
   2013.62539954      2.7163
   2013.62542808      3.5031
   2013.62545662      3.9444
   2013.62548516      4.6809
   2013.62551370      4.8161
   2013.62554224      5.1257
   2013.62557078      5.1497
   2013.62559932      5.8306
   2013.62562785      5.6374
   2013.62565639      5.5780
   2013.62568493      5.1826
   2013.62571347      5.2647
   2013.62574201      5.7146
   2013.62577055      6.2314
   2013.62579909      6.4418
   2013.62582763      6.7355
   2013.62585616      6.9189
   2013.62588470      6.9758
   2013.62591324      6.7777
   2013.62594178      6.7970
   2013.62597032      6.0883
   2013.62599886      5.0828
   2013.62602740      4.4580
   2013.62605594      3.9797
   2013.62608447      3.8706
   2013.62611301      3.5572
   2013.62614155      3.2094
   2013.62617009      3.0364
   2013.62619863      2.8699
   2013.62622717      2.6316
   2013.62625571      2.5033
   2013.62628425      2.2647
   2013.62631279      1.9556
   2013.62634132      1.7753
   2013.62636986      1.5944
   2013.62639840      1.4290
   2013.62642694      1.3118
   2013.62645548      1.1583
   2013.62648402      1.0273
   2013.62651256      0.9406
   2013.62654110      0.8501
   2013.62656963      0.7666
   2013.62659817      0.6914
   2013.62662671      0.6250
   2013.62665525      0.5661
   2013.62668379      0.5138
   2013.62671233      0.4675
   2013.62674087      0.4266
   2013.62676941      0.3902
   2013.62679795      0.3575
   2013.62682648      0.3281
   2013.62685502      0.3017
   2013.62688356      0.2778
   2013.62691210      0.2560
   2013.62694064      0.2362
   2013.62696918      0.2179
   2013.62699772      0.2013
   2013.62702626      0.1861
   2013.62705479      0.1723
   2013.62708333      0.1596
   2013.62711187      0.1480
   2013.62714041      0.1374
   2013.62716895      0.1277
   2013.62719749      0.1188
   2013.62722603      0.1105
   2013.62725457      0.1029
   2013.62728311      0.0959
   2013.62731164      0.0894
   2013.62734018      0.0834
   2013.62736872      0.0778
   2013.62739726      0.0726
   2013.62742580      0.0677
   2013.62745434      0.0630
   2013.62748288      0.0587
   2013.62751142      0.0547
   2013.62753995      0.0510
   2013.62756849      0.0475
   2013.62759703      0.0442
   2013.62762557      0.0411
   2013.62765411      0.0383
