   2013.62465753      0.0000
   2013.62468607      0.0000
   2013.62471461      0.0000
   2013.62474315      0.0000
   2013.62477169      0.0000
   2013.62480023      0.0000
   2013.62482877      0.0000
   2013.62485731      0.0000
   2013.62488584      0.0000
   2013.62491438      0.0000
   2013.62494292      0.0000
   2013.62497146      0.0000
   2013.62500000      0.0000
   2013.62502854      0.0000
   2013.62505708      0.0000
   2013.62508562      0.0000
   2013.62511416      0.0000
   2013.62514269      0.0609
   2013.62517123      0.1143
   2013.62519977      0.2240
   2013.62522831      0.5380
   2013.62525685      1.0969
   2013.62528539      1.8771
   2013.62531393      3.0138
   2013.62534247      5.1142
   2013.62537100      7.7198
   2013.62539954      9.6704
   2013.62542808     10.3461
   2013.62545662     10.4918
   2013.62548516     10.5586
   2013.62551370     10.2960
   2013.62554224      9.9186
   2013.62557078      9.2384
   2013.62559932      8.5595
   2013.62562785      8.1219
   2013.62565639      7.9551
   2013.62568493      7.9504
   2013.62571347      7.9837
   2013.62574201      8.1780
   2013.62577055      7.8510
   2013.62579909      7.5887
   2013.62582763      7.3347
   2013.62585616      6.0328
   2013.62588470      5.3082
   2013.62591324      4.7479
   2013.62594178      4.1160
   2013.62597032      3.7376
   2013.62599886      3.2646
   2013.62602740      2.9034
   2013.62605594      2.6135
   2013.62608447      2.2697
   2013.62611301      2.0155
   2013.62614155      1.7975
   2013.62617009      1.6081
   2013.62619863      1.4414
   2013.62622717      1.3422
   2013.62625571      1.1648
   2013.62628425      1.0502
   2013.62631279      0.9528
   2013.62634132      0.8644
   2013.62636986      0.7825
   2013.62639840      0.7079
   2013.62642694      0.6417
   2013.62645548      0.5833
   2013.62648402      0.5309
   2013.62651256      0.4844
   2013.62654110      0.4429
   2013.62656963      0.4056
   2013.62659817      0.3721
   2013.62662671      0.3418
   2013.62665525      0.3145
   2013.62668379      0.2897
   2013.62671233      0.2672
   2013.62674087      0.2468
   2013.62676941      0.2280
   2013.62679795      0.2107
   2013.62682648      0.1949
   2013.62685502      0.1805
   2013.62688356      0.1673
   2013.62691210      0.1552
   2013.62694064      0.1442
   2013.62696918      0.1340
   2013.62699772      0.1247
   2013.62702626      0.1160
   2013.62705479      0.1080
   2013.62708333      0.1007
