   2013.62465753      0.0000
   2013.62468607      0.0000
   2013.62471461      0.0000
   2013.62474315      0.0000
   2013.62477169      0.0000
   2013.62480023      0.0000
   2013.62482877      0.0000
   2013.62485731      0.0000
   2013.62488584      0.0000
   2013.62491438      0.0000
   2013.62494292      0.0000
   2013.62497146      0.0000
   2013.62500000      0.0000
   2013.62502854      0.0000
   2013.62505708      0.0000
   2013.62508562      0.0000
   2013.62511416      0.0000
   2013.62514269      0.0000
   2013.62517123      0.0000
   2013.62519977      0.0000
   2013.62522831      0.0000
   2013.62525685      0.0000
   2013.62528539      0.0000
   2013.62531393      0.0000
   2013.62534247      0.0000
   2013.62537100      0.1645
   2013.62539954      0.3366
   2013.62542808      0.9766
   2013.62545662      2.3189
   2013.62548516      4.1863
   2013.62551370      7.4541
   2013.62554224     12.3893
   2013.62557078     15.4902
   2013.62559932     15.7409
   2013.62562785     15.0160
   2013.62565639     14.0389
   2013.62568493     13.4529
   2013.62571347     12.8606
   2013.62574201     12.5400
   2013.62577055     12.2824
   2013.62579909     12.4755
   2013.62582763     12.1894
   2013.62585616     12.2847
   2013.62588470     12.3035
   2013.62591324     12.6623
   2013.62594178     12.5183
   2013.62597032     12.6870
   2013.62599886     12.7368
   2013.62602740     13.1249
   2013.62605594     12.9892
   2013.62608447     13.1732
   2013.62611301     13.2175
   2013.62614155     13.6332
   2013.62617009     13.4709
   2013.62619863     13.6547
   2013.62622717     13.6817
   2013.62625571     14.1255
   2013.62628425     13.9316
   2013.62631279     14.1240
   2013.62634132     14.1416
   2013.62636986     13.9479
   2013.62639840     13.5921
   2013.62642694     13.0153
   2013.62645548     12.3908
   2013.62648402     11.4244
   2013.62651256     11.6129
   2013.62654110     11.2235
   2013.62656963     10.2943
   2013.62659817      9.5451
   2013.62662671      9.6933
   2013.62665525      9.1982
   2013.62668379      8.9726
   2013.62671233      8.9279
   2013.62674087      9.2356
   2013.62676941      9.1682
   2013.62679795      9.2265
   2013.62682648      9.0848
   2013.62685502      9.5386
   2013.62688356      9.6028
   2013.62691210      9.5370
   2013.62694064      9.2181
   2013.62696918      9.6278
   2013.62699772      9.5964
   2013.62702626      9.4729
   2013.62705479      9.1375
   2013.62708333      9.4884
   2013.62711187      9.5041
   2013.62714041      9.2610
   2013.62716895      8.9554
   2013.62719749      9.2168
   2013.62722603      9.3111
   2013.62725457      8.9657
   2013.62728311      8.6483
   2013.62731164      8.8677
   2013.62734018      8.7890
   2013.62736872      8.6335
   2013.62739726      8.3056
   2013.62742580      8.5379
   2013.62745434      8.3712
   2013.62748288      8.2250
   2013.62751142      7.9514
   2013.62753995      8.1293
   2013.62756849      8.0302
   2013.62759703      8.0187
   2013.62762557      7.6191
   2013.62765411      7.8304
   2013.62768265      7.7757
   2013.62771119      7.6841
   2013.62773973      7.3151
   2013.62776826      7.4953
   2013.62779680      7.4341
   2013.62782534      7.3753
   2013.62785388      6.9471
   2013.62788242      7.2056
   2013.62791096      7.1534
   2013.62793950      6.9814
   2013.62796804      6.7097
   2013.62799658      6.9811
   2013.62802511      6.9433
   2013.62805365      6.7945
   2013.62808219      6.5530
   2013.62811073      6.8240
   2013.62813927      6.8005
   2013.62816781      6.8012
   2013.62819635      6.4598
   2013.62822489      6.7590
   2013.62825342      6.7603
   2013.62828196      6.7871
   2013.62831050      6.4739
   2013.62833904      6.8067
   2013.62836758      6.8363
   2013.62839612      6.8827
   2013.62842466      6.6212
   2013.62845320      6.9546
   2013.62848174      7.0135
   2013.62851027      7.0714
   2013.62853881      6.8649
   2013.62856735      7.1857
   2013.62859589      7.2946
   2013.62862443      7.3466
   2013.62865297      7.1751
   2013.62868151      7.4908
   2013.62871005      7.6713
   2013.62873858      7.6714
   2013.62876712      7.5188
   2013.62879566      7.8502
   2013.62882420      7.8955
   2013.62885274      8.1063
   2013.62888128      7.8816
   2013.62890982      8.2836
   2013.62893836      8.3661
   2013.62896689      8.4001
   2013.62899543      8.8060
   2013.62902397      8.7510
   2013.62905251      8.8122
   2013.62908105      8.7770
   2013.62910959      8.3137
   2013.62913813      9.4226
   2013.62916667     10.2017
   2013.62919521      9.7676
   2013.62922374      8.8786
   2013.62925228      8.6381
   2013.62928082      8.3802
   2013.62930936      9.2093
   2013.62933790      9.8745
   2013.62936644      9.8655
   2013.62939498      9.0439
   2013.62942352      8.2748
   2013.62945205      7.6723
   2013.62948059      7.3409
   2013.62950913      7.5364
   2013.62953767      7.8338
   2013.62956621      7.6335
   2013.62959475      7.3024
   2013.62962329      6.9999
   2013.62965183      6.2645
   2013.62968037      5.7082
   2013.62970890      5.3435
   2013.62973744      5.0984
   2013.62976598      4.5557
   2013.62979452      4.2088
   2013.62982306      4.1161
   2013.62985160      3.5467
   2013.62988014      3.1858
   2013.62990868      2.9111
   2013.62993721      2.6294
   2013.62996575      2.5540
   2013.62999429      2.2966
   2013.63002283      2.1130
   2013.63005137      1.9457
   2013.63007991      1.7190
   2013.63010845      1.5732
   2013.63013699      1.4335
   2013.63016553      1.3046
   2013.63019406      1.2025
   2013.63022260      1.0887
   2013.63025114      0.9848
   2013.63027968      0.9053
   2013.63030822      0.8249
   2013.63033676      0.7505
   2013.63036530      0.6826
   2013.63039384      0.6220
   2013.63042237      0.5677
   2013.63045091      0.5193
   2013.63047945      0.4761
   2013.63050799      0.4376
   2013.63053653      0.4030
   2013.63056507      0.3717
   2013.63059361      0.3433
   2013.63062215      0.3175
   2013.63065068      0.2939
   2013.63067922      0.2724
   2013.63070776      0.2528
   2013.63073630      0.2347
   2013.63076484      0.2179
   2013.63079338      0.2025
   2013.63082192      0.1883
   2013.63085046      0.1753
   2013.63087900      0.1633
   2013.63090753      0.1523
   2013.63093607      0.1422
   2013.63096461      0.1328
   2013.63099315      0.1241
   2013.63102169      0.1161
   2013.63105023      0.1086
   2013.63107877      0.1017
