   2013.62465753      0.0000
   2013.62468607      0.0000
   2013.62471461      0.0000
   2013.62474315      0.0000
   2013.62477169      0.0000
   2013.62480023      0.0000
   2013.62482877      0.0000
   2013.62485731      0.0000
   2013.62488584      0.0000
   2013.62491438      0.0000
   2013.62494292      0.0000
   2013.62497146      0.0000
   2013.62500000      0.0000
   2013.62502854      0.0000
   2013.62505708      0.0000
   2013.62508562      0.0000
   2013.62511416      0.0000
   2013.62514269      0.0000
   2013.62517123      0.0000
   2013.62519977      0.0000
   2013.62522831      0.0000
   2013.62525685      0.0010
   2013.62528539      0.0015
   2013.62531393      0.0019
   2013.62534247      0.0024
   2013.62537100      0.0027
   2013.62539954      0.0030
   2013.62542808      0.0204
   2013.62545662      0.0573
   2013.62548516      0.0934
   2013.62551370      0.1597
   2013.62554224      0.2640
   2013.62557078      0.4226
   2013.62559932      0.6396
   2013.62562785      0.9044
   2013.62565639      1.2458
   2013.62568493      1.6113
   2013.62571347      1.9453
   2013.62574201      2.2554
   2013.62577055      2.5684
   2013.62579909      2.8735
   2013.62582763      3.1967
   2013.62585616      3.5621
   2013.62588470      3.9105
   2013.62591324      4.1740
   2013.62594178      4.2338
   2013.62597032      4.1649
   2013.62599886      4.1535
   2013.62602740      3.9747
   2013.62605594      3.8192
   2013.62608447      3.8326
   2013.62611301      3.4395
   2013.62614155      3.3031
   2013.62617009      3.1010
   2013.62619863      2.8901
   2013.62622717      2.6257
   2013.62625571      2.4533
   2013.62628425      2.3089
   2013.62631279      2.1419
   2013.62634132      1.9408
   2013.62636986      1.8364
   2013.62639840      1.7365
   2013.62642694      1.6222
   2013.62645548      1.5151
   2013.62648402      1.4180
   2013.62651256      1.4792
   2013.62654110      1.3695
   2013.62656963      1.3206
   2013.62659817      1.3652
   2013.62662671      1.4259
   2013.62665525      1.4634
   2013.62668379      1.4058
   2013.62671233      1.5022
   2013.62674087      1.6602
   2013.62676941      1.8308
   2013.62679795      1.9798
   2013.62682648      2.1903
   2013.62685502      2.5249
   2013.62688356      2.7720
   2013.62691210      3.0025
   2013.62694064      3.2120
   2013.62696918      3.7877
   2013.62699772      4.0721
   2013.62702626      4.4626
   2013.62705479      4.6276
   2013.62708333      5.1120
   2013.62711187      5.1150
   2013.62714041      5.2760
   2013.62716895      4.9844
   2013.62719749      5.1201
   2013.62722603      5.0520
   2013.62725457      4.9884
   2013.62728311      4.5103
   2013.62731164      4.6762
   2013.62734018      4.5757
   2013.62736872      4.3745
   2013.62739726      4.3184
   2013.62742580      4.1705
   2013.62745434      3.9174
   2013.62748288      3.7749
   2013.62751142      3.4308
   2013.62753995      3.5226
   2013.62756849      3.3983
   2013.62759703      3.2668
   2013.62762557      3.0579
   2013.62765411      3.0639
   2013.62768265      2.9701
   2013.62771119      2.8343
   2013.62773973      2.7520
   2013.62776826      2.6517
   2013.62779680      2.5369
   2013.62782534      2.4189
   2013.62785388      2.3408
   2013.62788242      2.2493
   2013.62791096      2.1502
   2013.62793950      2.0491
   2013.62796804      1.9768
   2013.62799658      1.8985
   2013.62802511      1.8145
   2013.62805365      1.7284
   2013.62808219      1.6631
   2013.62811073      1.5944
   2013.62813927      1.5235
   2013.62816781      1.4518
   2013.62819635      1.3929
   2013.62822489      1.3332
   2013.62825342      1.2743
   2013.62828196      1.2095
   2013.62831050      1.1351
   2013.62833904      1.1578
   2013.62836758      1.0675
   2013.62839612      1.0187
   2013.62842466      0.9829
   2013.62845320      0.9296
   2013.62848174      0.8970
   2013.62851027      0.8565
   2013.62853881      0.8221
   2013.62856735      0.7853
   2013.62859589      0.7493
   2013.62862443      0.7163
   2013.62865297      0.6930
   2013.62868151      0.6663
   2013.62871005      0.6398
   2013.62873858      0.6154
   2013.62876712      0.6020
   2013.62879566      0.5820
   2013.62882420      0.5616
   2013.62885274      0.5432
   2013.62888128      0.5402
   2013.62890982      0.5278
   2013.62893836      0.5144
   2013.62896689      0.5032
   2013.62899543      0.5157
   2013.62902397      0.5134
   2013.62905251      0.5092
   2013.62908105      0.5086
   2013.62910959      0.5454
   2013.62913813      0.5607
   2013.62916667      0.5912
   2013.62919521      0.6118
   2013.62922374      0.6968
   2013.62925228      0.7578
   2013.62928082      0.8209
   2013.62930936      0.9046
   2013.62933790      1.0721
   2013.62936644      1.2160
   2013.62939498      1.3343
   2013.62942352      1.5118
   2013.62945205      1.7253
   2013.62948059      2.0975
   2013.62950913      2.3853
   2013.62953767      2.6031
   2013.62956621      2.9186
   2013.62959475      3.5210
   2013.62962329      3.9848
   2013.62965183      4.3902
   2013.62968037      4.6150
   2013.62970890      5.3420
   2013.62973744      5.4099
   2013.62976598      5.6135
   2013.62979452      5.5183
   2013.62982306      5.8979
   2013.62985160      5.7332
   2013.62988014      5.8449
   2013.62990868      5.3781
   2013.62993721      5.4850
   2013.62996575      5.3610
   2013.62999429      5.2603
   2013.63002283      4.6813
   2013.63005137      4.8708
   2013.63007991      4.7634
   2013.63010845      4.8259
   2013.63013699      4.1733
   2013.63016553      4.2373
   2013.63019406      3.9754
   2013.63022260      3.8158
   2013.63025114      3.8244
   2013.63027968      3.3838
   2013.63030822      3.2704
   2013.63033676      3.0971
   2013.63036530      2.9014
   2013.63039384      2.7212
   2013.63042237      2.5452
   2013.63045091      2.3840
   2013.63047945      2.1771
   2013.63050799      2.0249
   2013.63053653      1.8806
   2013.63056507      1.7931
   2013.63059361      1.6216
   2013.63062215      1.5059
   2013.63065068      1.3989
   2013.63067922      1.2698
   2013.63070776      1.2200
   2013.63073630      1.1124
   2013.63076484      1.0049
   2013.63079338      0.9479
   2013.63082192      0.8789
   2013.63085046      0.8129
   2013.63087900      0.7521
   2013.63090753      0.6964
   2013.63093607      0.6462
   2013.63096461      0.6011
   2013.63099315      0.5600
   2013.63102169      0.5226
   2013.63105023      0.4884
   2013.63107877      0.4572
   2013.63110731      0.4284
   2013.63113584      0.4018
   2013.63116438      0.3772
   2013.63119292      0.3545
   2013.63122146      0.3335
   2013.63125000      0.3141
   2013.63127854      0.2962
   2013.63130708      0.2797
   2013.63133562      0.2643
   2013.63136416      0.2500
   2013.63139269      0.2366
   2013.63142123      0.2240
   2013.63144977      0.2122
   2013.63147831      0.2012
   2013.63150685      0.1910
   2013.63153539      0.1814
   2013.63156393      0.1725
   2013.63159247      0.1641
   2013.63162100      0.1563
   2013.63164954      0.1489
   2013.63167808      0.1420
   2013.63170662      0.1355
   2013.63173516      0.1294
   2013.63176370      0.1237
   2013.63179224      0.1183
   2013.63182078      0.1132
   2013.63184932      0.1084
   2013.63187785      0.1039
