   2013.62465753      0.0000
   2013.62468607      0.0000
   2013.62471461      0.0000
   2013.62474315      0.0000
   2013.62477169      0.0000
   2013.62480023      0.0000
   2013.62482877      0.0000
   2013.62485731      0.0000
   2013.62488584      0.0000
   2013.62491438      0.0000
   2013.62494292      0.0000
   2013.62497146      0.0000
   2013.62500000      0.0000
   2013.62502854      0.0000
   2013.62505708      0.0000
   2013.62508562      0.0000
   2013.62511416      0.0000
   2013.62514269      0.0000
   2013.62517123      0.0000
   2013.62519977      0.0000
   2013.62522831      0.0000
   2013.62525685      0.0000
   2013.62528539      0.0000
   2013.62531393      0.0000
   2013.62534247      0.0000
   2013.62537100      0.0000
   2013.62539954      0.0000
   2013.62542808      0.0000
   2013.62545662      0.0000
   2013.62548516      0.0000
   2013.62551370      0.0000
   2013.62554224      0.0000
   2013.62557078      0.0000
   2013.62559932      0.0000
   2013.62562785      0.0000
   2013.62565639      0.0000
   2013.62568493      0.0000
   2013.62571347      0.0000
   2013.62574201      0.0000
   2013.62577055      0.0000
   2013.62579909      0.0000
   2013.62582763      0.0002
   2013.62585616      0.0006
   2013.62588470      0.0009
   2013.62591324      0.0011
   2013.62594178      0.0013
   2013.62597032      0.0015
   2013.62599886      0.0016
   2013.62602740      0.0017
   2013.62605594      0.0019
   2013.62608447      0.0093
   2013.62611301      0.0391
   2013.62614155      0.0651
   2013.62617009      0.1013
   2013.62619863      0.1583
   2013.62622717      0.2327
   2013.62625571      0.3237
   2013.62628425      0.4587
   2013.62631279      0.6489
   2013.62634132      0.8915
   2013.62636986      1.2413
   2013.62639840      1.7416
   2013.62642694      2.3121
   2013.62645548      2.7933
   2013.62648402      3.1437
   2013.62651256      3.4592
   2013.62654110      3.5860
   2013.62656963      3.6679
   2013.62659817      3.7158
   2013.62662671      3.6197
   2013.62665525      3.5525
   2013.62668379      3.4983
   2013.62671233      3.5652
   2013.62674087      3.5007
   2013.62676941      3.1852
   2013.62679795      3.1204
   2013.62682648      3.0000
   2013.62685502      2.8585
   2013.62688356      2.6523
   2013.62691210      2.5203
   2013.62694064      2.3977
   2013.62696918      2.2574
   2013.62699772      2.1197
   2013.62702626      1.9839
   2013.62705479      1.8859
   2013.62708333      1.8079
   2013.62711187      1.7045
   2013.62714041      1.6530
   2013.62716895      1.3953
   2013.62719749      1.4584
   2013.62722603      1.3930
   2013.62725457      1.3267
   2013.62728311      1.1930
   2013.62731164      1.2389
   2013.62734018      1.2045
   2013.62736872      1.1690
   2013.62739726      1.1577
   2013.62742580      1.1369
   2013.62745434      1.1261
   2013.62748288      1.1165
   2013.62751142      1.1271
   2013.62753995      1.1338
   2013.62756849      1.1444
   2013.62759703      1.1558
   2013.62762557      1.1828
   2013.62765411      1.2063
   2013.62768265      1.2275
   2013.62771119      1.2447
   2013.62773973      1.2689
   2013.62776826      1.2823
   2013.62779680      1.2909
   2013.62782534      1.2946
   2013.62785388      1.2977
   2013.62788242      1.2891
   2013.62791096      1.2806
   2013.62793950      1.2969
   2013.62796804      1.2370
   2013.62799658      1.2200
   2013.62802511      1.1884
   2013.62805365      1.1607
   2013.62808219      1.1339
   2013.62811073      1.0873
   2013.62813927      1.1037
   2013.62816781      1.0416
   2013.62819635      0.9973
   2013.62822489      0.9631
   2013.62825342      0.9080
   2013.62828196      0.8914
   2013.62831050      0.8637
   2013.62833904      0.8310
   2013.62836758      0.7975
   2013.62839612      0.7647
   2013.62842466      0.7349
   2013.62845320      0.7059
   2013.62848174      0.6783
   2013.62851027      0.6522
   2013.62853881      0.6284
   2013.62856735      0.6043
   2013.62859589      0.5806
   2013.62862443      0.5580
   2013.62865297      0.5374
   2013.62868151      0.5170
   2013.62871005      0.4974
   2013.62873858      0.4788
   2013.62876712      0.4619
   2013.62879566      0.4450
   2013.62882420      0.4287
   2013.62885274      0.4131
   2013.62888128      0.3988
   2013.62890982      0.3847
   2013.62893836      0.3710
   2013.62896689      0.3580
   2013.62899543      0.3466
   2013.62902397      0.3349
   2013.62905251      0.3237
   2013.62908105      0.3129
   2013.62910959      0.3045
   2013.62913813      0.2951
   2013.62916667      0.2858
   2013.62919521      0.2770
   2013.62922374      0.2717
   2013.62925228      0.2644
   2013.62928082      0.2570
   2013.62930936      0.2499
   2013.62933790      0.2482
   2013.62936644      0.2430
   2013.62939498      0.2373
   2013.62942352      0.2319
   2013.62945205      0.2344
   2013.62948059      0.2319
   2013.62950913      0.2286
   2013.62953767      0.2259
   2013.62956621      0.2340
   2013.62959475      0.2353
   2013.62962329      0.2356
   2013.62965183      0.2366
   2013.62968037      0.2522
   2013.62970890      0.2594
   2013.62973744      0.2654
   2013.62976598      0.2728
   2013.62979452      0.2977
   2013.62982306      0.3137
   2013.62985160      0.3289
   2013.62988014      0.3473
   2013.62990868      0.3862
   2013.62993721      0.4280
   2013.62996575      0.4603
   2013.62999429      0.5007
   2013.63002283      0.5509
   2013.63005137      0.6043
   2013.63007991      0.6748
   2013.63010845      0.7528
   2013.63013699      0.8497
   2013.63016553      0.9447
   2013.63019406      1.0498
   2013.63022260      1.1587
   2013.63025114      1.2584
   2013.63027968      1.3455
   2013.63030822      1.4033
   2013.63033676      1.4328
   2013.63036530      1.4420
   2013.63039384      1.4425
   2013.63042237      1.4036
   2013.63045091      1.3899
   2013.63047945      1.3425
   2013.63050799      1.3048
   2013.63053653      1.2636
   2013.63056507      1.2195
   2013.63059361      1.1724
   2013.63062215      1.1206
   2013.63065068      1.0958
   2013.63067922      1.0286
   2013.63070776      0.9794
   2013.63073630      0.9226
   2013.63076484      0.8802
   2013.63079338      0.8328
   2013.63082192      0.7859
   2013.63085046      0.7401
   2013.63087900      0.6967
   2013.63090753      0.6565
   2013.63093607      0.6196
   2013.63096461      0.5852
   2013.63099315      0.5530
   2013.63102169      0.5229
   2013.63105023      0.4948
   2013.63107877      0.4685
   2013.63110731      0.4438
   2013.63113584      0.4205
   2013.63116438      0.3987
   2013.63119292      0.3781
   2013.63122146      0.3589
   2013.63125000      0.3408
   2013.63127854      0.3240
   2013.63130708      0.3082
   2013.63133562      0.2934
   2013.63136416      0.2796
   2013.63139269      0.2666
   2013.63142123      0.2545
   2013.63144977      0.2430
   2013.63147831      0.2321
   2013.63150685      0.2218
   2013.63153539      0.2120
   2013.63156393      0.2028
   2013.63159247      0.1942
   2013.63162100      0.1860
   2013.63164954      0.1783
   2013.63167808      0.1711
   2013.63170662      0.1642
   2013.63173516      0.1576
   2013.63176370      0.1515
   2013.63179224      0.1456
   2013.63182078      0.1400
   2013.63184932      0.1348
   2013.63187785      0.1298
   2013.63190639      0.1250
   2013.63193493      0.1205
   2013.63196347      0.1162
   2013.63199201      0.1122
   2013.63202055      0.1083
   2013.63204909      0.1046
   2013.63207763      0.1011
