   2013.62465753      0.0000
   2013.62468607      0.0000
   2013.62471461      0.0000
   2013.62474315      0.0000
   2013.62477169      0.0000
   2013.62480023      0.0000
   2013.62482877      0.0000
   2013.62485731      0.0000
   2013.62488584      0.0000
   2013.62491438      0.0000
   2013.62494292      0.0000
   2013.62497146      0.0000
   2013.62500000      0.0000
   2013.62502854      0.0033
   2013.62505708      0.0029
   2013.62508562      0.0028
   2013.62511416      0.0164
   2013.62514269      0.0655
   2013.62517123      0.1074
   2013.62519977      0.1885
   2013.62522831      0.3494
   2013.62525685      0.6031
   2013.62528539      0.9558
   2013.62531393      1.4470
   2013.62534247      2.1190
   2013.62537100      3.1053
   2013.62539954      4.2111
   2013.62542808      5.0887
   2013.62545662      5.3823
   2013.62548516      6.0441
   2013.62551370      5.8546
   2013.62554224      5.8995
   2013.62557078      5.3723
   2013.62559932      5.7366
   2013.62562785      5.4303
   2013.62565639      5.4907
   2013.62568493      5.1007
   2013.62571347      5.5849
   2013.62574201      5.3962
   2013.62577055      5.5100
   2013.62579909      5.3856
   2013.62582763      5.7737
   2013.62585616      5.9001
   2013.62588470      5.9599
   2013.62591324      5.9534
   2013.62594178      6.6018
   2013.62597032      7.2216
   2013.62599886      7.4933
   2013.62602740      6.7841
   2013.62605594      6.5191
   2013.62608447      6.0955
   2013.62611301      5.8174
   2013.62614155      5.9790
   2013.62617009      6.5302
   2013.62619863      6.9537
   2013.62622717      7.1175
   2013.62625571      6.8886
   2013.62628425      6.4510
   2013.62631279      6.2218
   2013.62634132      5.5357
   2013.62636986      4.5846
   2013.62639840      4.4865
   2013.62642694      3.9020
   2013.62645548      3.6513
   2013.62648402      3.7340
   2013.62651256      3.3840
   2013.62654110      3.1416
   2013.62656963      2.8686
   2013.62659817      2.7282
   2013.62662671      2.4180
   2013.62665525      2.1612
   2013.62668379      1.8615
   2013.62671233      1.6661
   2013.62674087      1.4886
   2013.62676941      1.3897
   2013.62679795      1.2010
   2013.62682648      1.0508
   2013.62685502      0.9687
   2013.62688356      0.8768
   2013.62691210      0.7908
   2013.62694064      0.7132
   2013.62696918      0.6444
   2013.62699772      0.5837
   2013.62702626      0.5298
   2013.62705479      0.4821
   2013.62708333      0.4399
   2013.62711187      0.4024
   2013.62714041      0.3688
   2013.62716895      0.3386
   2013.62719749      0.3114
   2013.62722603      0.2869
   2013.62725457      0.2646
   2013.62728311      0.2443
   2013.62731164      0.2256
   2013.62734018      0.2085
   2013.62736872      0.1929
   2013.62739726      0.1787
   2013.62742580      0.1657
   2013.62745434      0.1538
   2013.62748288      0.1429
   2013.62751142      0.1329
   2013.62753995      0.1237
   2013.62756849      0.1152
   2013.62759703      0.1074
   2013.62762557      0.1001
