   2013.62465753      0.0000
   2013.62468607      0.0000
   2013.62471461      0.0000
   2013.62474315      0.0000
   2013.62477169      0.0000
   2013.62480023      0.0000
   2013.62482877      0.0000
   2013.62485731      0.0000
   2013.62488584      0.0000
   2013.62491438      0.0000
   2013.62494292      0.0000
   2013.62497146      0.0000
   2013.62500000      0.0000
   2013.62502854      0.0000
   2013.62505708      0.0000
   2013.62508562      0.0000
   2013.62511416      0.0000
   2013.62514269      0.0000
   2013.62517123      0.0000
   2013.62519977      0.0000
   2013.62522831      0.0000
   2013.62525685      0.0084
   2013.62528539      0.0381
   2013.62531393      0.0829
   2013.62534247      0.1641
   2013.62537100      0.3401
   2013.62539954      0.6568
   2013.62542808      1.1572
   2013.62545662      1.9104
   2013.62548516      3.1407
   2013.62551370      4.9859
   2013.62554224      6.9839
   2013.62557078      8.1196
   2013.62559932      8.4439
   2013.62562785      8.2268
   2013.62565639      8.0380
   2013.62568493      7.3500
   2013.62571347      7.2928
   2013.62574201      6.7276
   2013.62577055      6.4136
   2013.62579909      5.3930
   2013.62582763      5.7022
   2013.62585616      5.2296
   2013.62588470      4.9745
   2013.62591324      4.5214
   2013.62594178      4.6723
   2013.62597032      4.4133
   2013.62599886      4.4358
   2013.62602740      4.2719
   2013.62605594      4.7223
   2013.62608447      4.6512
   2013.62611301      4.8962
   2013.62614155      5.0005
   2013.62617009      5.5113
   2013.62619863      5.8302
   2013.62622717      6.1655
   2013.62625571      6.2687
   2013.62628425      6.8232
   2013.62631279      7.2253
   2013.62634132      7.4268
   2013.62636986      7.5068
   2013.62639840      7.9978
   2013.62642694      8.3138
   2013.62645548      8.4613
   2013.62648402      8.7783
   2013.62651256      9.1600
   2013.62654110      9.3174
   2013.62656963      9.3383
   2013.62659817      9.2106
   2013.62662671      9.9754
   2013.62665525      9.9334
   2013.62668379     10.0070
   2013.62671233      9.7223
   2013.62674087     10.4765
   2013.62676941     10.3281
   2013.62679795     10.3126
   2013.62682648      9.9233
   2013.62685502     10.3921
   2013.62688356     10.3616
   2013.62691210     10.2436
   2013.62694064      9.7778
   2013.62696918     10.1978
   2013.62699772     10.0864
   2013.62702626      9.8637
   2013.62705479      9.3591
   2013.62708333      9.6965
   2013.62711187      9.6788
   2013.62714041      9.2487
   2013.62716895      8.8346
   2013.62719749      8.9868
   2013.62722603      8.8297
   2013.62725457      8.5567
   2013.62728311      8.0993
   2013.62731164      8.1591
   2013.62734018      8.0566
   2013.62736872      7.6929
   2013.62739726      7.2094
   2013.62742580      7.3595
   2013.62745434      7.1498
   2013.62748288      6.8443
   2013.62751142      6.5044
   2013.62753995      6.4767
   2013.62756849      6.2770
   2013.62759703      6.2121
   2013.62762557      5.6619
   2013.62765411      5.8573
   2013.62768265      5.5066
   2013.62771119      5.3868
   2013.62773973      5.0324
   2013.62776826      5.0050
   2013.62779680      4.9487
   2013.62782534      4.7360
   2013.62785388      4.4593
   2013.62788242      4.4321
   2013.62791096      4.3604
   2013.62793950      4.2029
   2013.62796804      4.0796
   2013.62799658      4.0733
   2013.62802511      3.8533
   2013.62805365      3.7746
   2013.62808219      3.5783
   2013.62811073      3.6234
   2013.62813927      3.5667
   2013.62816781      3.7881
   2013.62819635      3.2679
   2013.62822489      3.4226
   2013.62825342      3.4005
   2013.62828196      3.3993
   2013.62831050      3.2296
   2013.62833904      3.4519
   2013.62836758      3.3846
   2013.62839612      3.3319
   2013.62842466      3.5177
   2013.62845320      3.5595
   2013.62848174      3.6227
   2013.62851027      3.5575
   2013.62853881      3.6141
   2013.62856735      3.9026
   2013.62859589      3.9030
   2013.62862443      4.0762
   2013.62865297      4.0445
   2013.62868151      4.4943
   2013.62871005      4.5138
   2013.62873858      4.8010
   2013.62876712      4.7265
   2013.62879566      5.1452
   2013.62882420      5.3409
   2013.62885274      5.5925
   2013.62888128      5.6108
   2013.62890982      6.1210
   2013.62893836      6.4206
   2013.62896689      6.6696
   2013.62899543      6.7565
   2013.62902397      7.3649
   2013.62905251      7.4583
   2013.62908105      7.7840
   2013.62910959      7.7949
   2013.62913813      8.3614
   2013.62916667      8.6269
   2013.62919521      8.7461
   2013.62922374      8.7432
   2013.62925228      9.4198
   2013.62928082      9.5773
   2013.62930936      9.8064
   2013.62933790      9.4137
   2013.62936644     10.2124
   2013.62939498     10.1589
   2013.62942352     10.2560
   2013.62945205      9.9265
   2013.62948059     10.6845
   2013.62950913     10.5260
   2013.62953767     10.5350
   2013.62956621     10.0741
   2013.62959475     10.5722
   2013.62962329     10.5385
   2013.62965183     10.4316
   2013.62968037      9.9374
   2013.62970890     10.3606
   2013.62973744     10.2417
   2013.62976598     10.0196
   2013.62979452      9.4856
   2013.62982306      9.8447
   2013.62985160      9.8573
   2013.62988014      9.3908
   2013.62990868      8.9708
   2013.62993721      9.1241
   2013.62996575      8.9378
   2013.62999429      8.6841
   2013.63002283      8.2336
   2013.63005137      8.3566
   2013.63007991      8.0627
   2013.63010845      7.8059
   2013.63013699      7.3398
   2013.63016553      7.4736
   2013.63019406      7.2598
   2013.63022260      6.9520
   2013.63025114      6.6055
   2013.63027968      6.3759
   2013.63030822      5.9664
   2013.63033676      5.4721
   2013.63036530      5.3322
   2013.63039384      4.6350
   2013.63042237      4.2095
   2013.63045091      4.0963
   2013.63047945      3.5520
   2013.63050799      3.1986
   2013.63053653      2.9115
   2013.63056507      2.6030
   2013.63059361      2.4354
   2013.63062215      2.1801
   2013.63065068      1.8836
   2013.63067922      1.6993
   2013.63070776      1.5299
   2013.63073630      1.3760
   2013.63076484      1.2370
   2013.63079338      1.1204
   2013.63082192      1.0147
   2013.63085046      0.9236
   2013.63087900      0.8394
   2013.63090753      0.7610
   2013.63093607      0.6900
   2013.63096461      0.6274
   2013.63099315      0.5717
   2013.63102169      0.5220
   2013.63105023      0.4776
   2013.63107877      0.4380
   2013.63110731      0.4023
   2013.63113584      0.3702
   2013.63116438      0.3411
   2013.63119292      0.3147
   2013.63122146      0.2908
   2013.63125000      0.2690
   2013.63127854      0.2491
   2013.63130708      0.2308
   2013.63133562      0.2139
   2013.63136416      0.1984
   2013.63139269      0.1843
   2013.63142123      0.1713
   2013.63144977      0.1594
   2013.63147831      0.1484
   2013.63150685      0.1383
   2013.63153539      0.1290
   2013.63156393      0.1205
   2013.63159247      0.1125
   2013.63162100      0.1052
