   2013.62465753      0.0000
   2013.62468607      0.0000
   2013.62471461      0.0000
   2013.62474315      0.0000
   2013.62477169      0.0000
   2013.62480023      0.0000
   2013.62482877      0.0000
   2013.62485731      0.0000
   2013.62488584      0.0000
   2013.62491438      0.0000
   2013.62494292      0.0000
   2013.62497146      0.0000
   2013.62500000      0.0000
   2013.62502854      0.0000
   2013.62505708      0.0000
   2013.62508562      0.0000
   2013.62511416      0.0000
   2013.62514269      0.0000
   2013.62517123      0.0000
   2013.62519977      0.0000
   2013.62522831      0.0000
   2013.62525685      0.0000
   2013.62528539      0.0000
   2013.62531393      0.0000
   2013.62534247      0.0000
   2013.62537100      0.0000
   2013.62539954      0.0000
   2013.62542808      0.0000
   2013.62545662      0.0000
   2013.62548516      0.0000
   2013.62551370      0.0000
   2013.62554224      0.0000
   2013.62557078      0.0000
   2013.62559932      0.0000
   2013.62562785      0.0000
   2013.62565639      0.0000
   2013.62568493      0.0000
   2013.62571347      0.0000
   2013.62574201      0.0000
   2013.62577055      0.0000
   2013.62579909      0.0000
   2013.62582763      0.0000
   2013.62585616      0.0000
   2013.62588470      0.0000
   2013.62591324      0.0000
   2013.62594178      0.0000
   2013.62597032      0.0000
   2013.62599886      0.0000
   2013.62602740      0.0000
   2013.62605594      0.0000
   2013.62608447      0.0000
   2013.62611301      0.0000
   2013.62614155      0.0000
   2013.62617009      0.0000
   2013.62619863      0.0000
   2013.62622717      0.0000
   2013.62625571      0.0000
   2013.62628425      0.0000
   2013.62631279      0.0000
   2013.62634132      0.0000
   2013.62636986      0.0000
   2013.62639840      1.1173
   2013.62642694      6.7827
   2013.62645548     16.5375
   2013.62648402     38.2413
   2013.62651256     48.1386
   2013.62654110     42.3647
   2013.62656963     31.7222
   2013.62659817     24.1485
   2013.62662671     19.5982
   2013.62665525     16.0117
   2013.62668379     13.3487
   2013.62671233     10.7534
   2013.62674087      9.8654
   2013.62676941      8.7380
   2013.62679795      7.7507
   2013.62682648      6.6490
   2013.62685502      6.7185
   2013.62688356      6.0536
   2013.62691210      5.8517
   2013.62694064      5.2044
   2013.62696918      5.5100
   2013.62699772      5.2557
   2013.62702626      5.2667
   2013.62705479      4.8791
   2013.62708333      5.2653
   2013.62711187      5.0992
   2013.62714041      5.1425
   2013.62716895      5.1599
   2013.62719749      5.1630
   2013.62722603      4.9944
   2013.62725457      5.0086
   2013.62728311      4.7588
   2013.62731164      5.0009
   2013.62734018      4.8247
   2013.62736872      4.8101
   2013.62739726      4.6136
   2013.62742580      4.7791
   2013.62745434      4.7286
   2013.62748288      4.5732
   2013.62751142      4.5694
   2013.62753995      4.5261
   2013.62756849      4.4273
   2013.62759703      4.3097
   2013.62762557      4.1305
   2013.62765411      4.2623
   2013.62768265      4.1481
   2013.62771119      4.0468
   2013.62773973      3.9811
   2013.62776826      4.0084
   2013.62779680      3.9181
   2013.62782534      3.7651
   2013.62785388      3.6256
   2013.62788242      3.6723
   2013.62791096      3.6247
   2013.62793950      3.5209
   2013.62796804      3.3042
   2013.62799658      3.4949
   2013.62802511      3.4505
   2013.62805365      3.5922
   2013.62808219      3.1874
   2013.62811073      3.4437
   2013.62813927      3.3281
   2013.62816781      3.4637
   2013.62819635      3.1083
   2013.62822489      3.3662
   2013.62825342      3.2683
   2013.62828196      3.4299
   2013.62831050      3.0827
   2013.62833904      3.3444
   2013.62836758      3.2634
   2013.62839612      3.2744
   2013.62842466      3.1539
   2013.62845320      3.3850
   2013.62848174      3.3299
   2013.62851027      3.2834
   2013.62853881      3.2545
   2013.62856735      3.5110
   2013.62859589      3.4713
   2013.62862443      3.5001
   2013.62865297      3.5864
   2013.62868151      3.7116
   2013.62871005      3.7582
   2013.62873858      3.7788
   2013.62876712      3.9420
   2013.62879566      4.0135
   2013.62882420      3.9855
   2013.62885274      4.0995
   2013.62888128      4.0575
   2013.62890982      4.5681
   2013.62893836      4.3984
   2013.62896689      4.4669
   2013.62899543      4.1354
   2013.62902397      4.4688
   2013.62905251      4.7726
   2013.62908105      5.0929
   2013.62910959      4.6483
   2013.62913813      4.6761
   2013.62916667      4.5990
   2013.62919521      4.7426
   2013.62922374      5.2590
   2013.62925228      5.2793
   2013.62928082      5.1093
   2013.62930936      4.8170
   2013.62933790      4.5679
   2013.62936644      4.5693
   2013.62939498      4.6289
   2013.62942352      4.8923
   2013.62945205      4.7596
   2013.62948059      4.5059
   2013.62950913      4.2397
   2013.62953767      4.0239
   2013.62956621      3.8608
   2013.62959475      3.8784
   2013.62962329      3.7253
   2013.62965183      3.7526
   2013.62968037      3.5324
   2013.62970890      3.3662
   2013.62973744      3.0412
   2013.62976598      2.9315
   2013.62979452      2.7620
   2013.62982306      2.6351
   2013.62985160      2.4910
   2013.62988014      2.3369
   2013.62990868      2.1875
   2013.62993721      2.0510
   2013.62996575      1.9131
   2013.62999429      1.7971
   2013.63002283      1.6935
   2013.63005137      1.5933
   2013.63007991      1.4933
   2013.63010845      1.3939
   2013.63013699      1.2987
   2013.63016553      1.2097
   2013.63019406      1.1193
   2013.63022260      1.0511
   2013.63025114      0.9820
   2013.63027968      0.9167
   2013.63030822      0.8559
   2013.63033676      0.7962
   2013.63036530      0.7384
   2013.63039384      0.6839
   2013.63042237      0.6338
   2013.63045091      0.5876
   2013.63047945      0.5448
   2013.63050799      0.5055
   2013.63053653      0.4696
   2013.63056507      0.4367
   2013.63059361      0.4064
   2013.63062215      0.3785
   2013.63065068      0.3527
   2013.63067922      0.3288
   2013.63070776      0.3067
   2013.63073630      0.2862
   2013.63076484      0.2673
   2013.63079338      0.2498
   2013.63082192      0.2334
   2013.63085046      0.2180
   2013.63087900      0.2037
   2013.63090753      0.1904
   2013.63093607      0.1781
   2013.63096461      0.1666
   2013.63099315      0.1560
   2013.63102169      0.1461
   2013.63105023      0.1369
   2013.63107877      0.1283
   2013.63110731      0.1203
   2013.63113584      0.1128
   2013.63116438      0.1058
