   2013.62465753      0.0000
   2013.62468607      0.0000
   2013.62471461      0.0000
   2013.62474315      0.0000
   2013.62477169      0.0000
   2013.62480023      0.0000
   2013.62482877      0.0000
   2013.62485731      0.0000
   2013.62488584      0.0000
   2013.62491438      0.0000
   2013.62494292      0.0000
   2013.62497146      0.0000
   2013.62500000      0.0000
   2013.62502854      0.0000
   2013.62505708      0.0000
   2013.62508562      0.0000
   2013.62511416      0.0000
   2013.62514269      0.0000
   2013.62517123      0.0000
   2013.62519977      0.0000
   2013.62522831      0.0000
   2013.62525685      0.0000
   2013.62528539      0.0000
   2013.62531393      0.0000
   2013.62534247      0.0000
   2013.62537100      0.0000
   2013.62539954      0.0000
   2013.62542808      0.0000
   2013.62545662      0.0000
   2013.62548516      0.0000
   2013.62551370      0.0000
   2013.62554224      0.0000
   2013.62557078      0.0000
   2013.62559932      0.0000
   2013.62562785      0.0000
   2013.62565639      0.0000
   2013.62568493      0.0000
   2013.62571347      0.0000
   2013.62574201      0.0000
   2013.62577055      0.0000
   2013.62579909      0.0000
   2013.62582763      0.0000
   2013.62585616      0.0000
   2013.62588470      0.0000
   2013.62591324      0.0000
   2013.62594178      0.0000
   2013.62597032      0.0000
   2013.62599886      0.0000
   2013.62602740      0.0000
   2013.62605594      0.0000
   2013.62608447      0.0000
   2013.62611301      0.0000
   2013.62614155      0.0000
   2013.62617009      0.0000
   2013.62619863      0.0000
   2013.62622717      0.0000
   2013.62625571      0.0000
   2013.62628425      0.0000
   2013.62631279      0.0001
   2013.62634132      0.0004
   2013.62636986      0.0008
   2013.62639840      0.0011
   2013.62642694      0.0015
   2013.62645548      0.0018
   2013.62648402      0.0020
   2013.62651256      0.0023
   2013.62654110      0.0026
   2013.62656963      0.0225
   2013.62659817      0.0571
   2013.62662671      1.8464
   2013.62665525      5.2252
   2013.62668379      5.7121
   2013.62671233      5.6401
   2013.62674087      5.4941
   2013.62676941      5.3530
   2013.62679795      5.2383
   2013.62682648      5.1561
   2013.62685502      5.1050
   2013.62688356      5.0803
   2013.62691210      5.0760
   2013.62694064      5.0859
   2013.62696918      5.1048
   2013.62699772      5.1287
   2013.62702626      5.1547
   2013.62705479      5.1812
   2013.62708333      5.2071
   2013.62711187      5.2318
   2013.62714041      5.2549
   2013.62716895      5.2766
   2013.62719749      5.2967
   2013.62722603      5.3152
   2013.62725457      5.3319
   2013.62728311      5.2832
   2013.62731164      5.2495
   2013.62734018      5.0918
   2013.62736872      5.2537
   2013.62739726      4.8662
   2013.62742580      4.3354
   2013.62745434      4.0057
   2013.62748288      3.9602
   2013.62751142      3.4759
   2013.62753995      3.1824
   2013.62756849      2.9358
   2013.62759703      2.6779
   2013.62762557      2.5290
   2013.62765411      2.2559
   2013.62768265      2.0358
   2013.62771119      1.7682
   2013.62773973      1.6012
   2013.62776826      1.4436
   2013.62779680      1.3581
   2013.62782534      1.1730
   2013.62785388      1.0624
   2013.62788242      0.9640
   2013.62791096      0.8762
   2013.62793950      0.7944
   2013.62796804      0.7190
   2013.62799658      0.6517
   2013.62802511      0.5922
   2013.62805365      0.5390
   2013.62808219      0.4915
   2013.62811073      0.4492
   2013.62813927      0.4112
   2013.62816781      0.3770
   2013.62819635      0.3462
   2013.62822489      0.3183
   2013.62825342      0.2930
   2013.62828196      0.2701
   2013.62831050      0.2492
   2013.62833904      0.2299
   2013.62836758      0.2123
   2013.62839612      0.1961
   2013.62842466      0.1813
   2013.62845320      0.1678
   2013.62848174      0.1554
   2013.62851027      0.1441
   2013.62853881      0.1336
   2013.62856735      0.1240
   2013.62859589      0.1152
   2013.62862443      0.1070
