   2013.62465753      0.0000
   2013.62468607      0.0000
   2013.62471461      0.0000
   2013.62474315      0.0000
   2013.62477169      0.0000
   2013.62480023      0.0000
   2013.62482877      0.0000
   2013.62485731      0.0000
   2013.62488584      0.0000
   2013.62491438      0.0000
   2013.62494292      0.0000
   2013.62497146      0.0000
   2013.62500000      0.0000
   2013.62502854      0.0000
   2013.62505708      0.0000
   2013.62508562      0.0000
   2013.62511416      0.0000
   2013.62514269      0.0000
   2013.62517123      0.0000
   2013.62519977      0.0000
   2013.62522831      0.0000
   2013.62525685      0.0000
   2013.62528539      0.0000
   2013.62531393      0.0000
   2013.62534247      0.0000
   2013.62537100      0.0000
   2013.62539954      0.0000
   2013.62542808      0.0000
   2013.62545662      0.0000
   2013.62548516      0.0000
   2013.62551370      0.0000
   2013.62554224      0.0000
   2013.62557078      0.0000
   2013.62559932      0.0000
   2013.62562785      0.0000
   2013.62565639      0.0000
   2013.62568493      0.0000
   2013.62571347      0.0000
   2013.62574201      0.0000
   2013.62577055      0.0000
   2013.62579909      0.0000
   2013.62582763      0.0000
   2013.62585616      0.0000
   2013.62588470      0.0000
   2013.62591324      0.0000
   2013.62594178      0.0000
   2013.62597032      0.0000
   2013.62599886      0.0000
   2013.62602740      0.0000
   2013.62605594      0.0000
   2013.62608447      0.0000
   2013.62611301      0.0000
   2013.62614155      0.0000
   2013.62617009      0.0000
   2013.62619863      0.0000
   2013.62622717      0.0000
   2013.62625571      0.0000
   2013.62628425      0.0000
   2013.62631279      0.0000
   2013.62634132      0.0000
   2013.62636986      0.0000
   2013.62639840      0.0000
   2013.62642694      0.0000
   2013.62645548      0.0000
   2013.62648402      0.0000
   2013.62651256      0.0000
   2013.62654110      0.0000
   2013.62656963      0.0000
   2013.62659817      0.0000
   2013.62662671      0.0000
   2013.62665525      0.0000
   2013.62668379      0.0000
   2013.62671233      0.0000
   2013.62674087      0.0000
   2013.62676941      0.0000
   2013.62679795      0.0000
   2013.62682648      0.0000
   2013.62685502     10.7064
   2013.62688356     42.9213
   2013.62691210     97.2817
   2013.62694064    103.4243
   2013.62696918     77.3519
   2013.62699772     54.0822
   2013.62702626     37.0140
   2013.62705479     27.0592
   2013.62708333     22.1305
   2013.62711187     18.5459
   2013.62714041     15.8819
   2013.62716895     14.5581
   2013.62719749     13.3201
   2013.62722603     12.3993
   2013.62725457     11.7561
   2013.62728311     11.4712
   2013.62731164     11.1391
   2013.62734018     10.9748
   2013.62736872     10.6489
   2013.62739726     10.5312
   2013.62742580     11.1733
   2013.62745434     11.2228
   2013.62748288     11.0260
   2013.62751142     10.4397
   2013.62753995     10.8015
   2013.62756849     10.7348
   2013.62759703     10.5959
   2013.62762557      9.6634
   2013.62765411      9.7233
   2013.62768265      9.1769
   2013.62771119      8.5576
   2013.62773973      7.5932
   2013.62776826      7.8323
   2013.62779680      7.0545
   2013.62782534      6.5786
   2013.62785388      5.9738
   2013.62788242      6.2701
   2013.62791096      5.8702
   2013.62793950      5.8255
   2013.62796804      5.2840
   2013.62799658      5.6274
   2013.62802511      5.3773
   2013.62805365      5.4071
   2013.62808219      4.9651
   2013.62811073      5.3338
   2013.62813927      5.1510
   2013.62816781      5.1923
   2013.62819635      4.8450
   2013.62822489      5.2289
   2013.62825342      5.0777
   2013.62828196      5.1772
   2013.62831050      4.8463
   2013.62833904      5.2790
   2013.62836758      5.1384
   2013.62839612      5.2946
   2013.62842466      4.9751
   2013.62845320      5.4614
   2013.62848174      5.3245
   2013.62851027      5.5482
   2013.62853881      5.2324
   2013.62856735      5.6431
   2013.62859589      5.6441
   2013.62862443      5.7637
   2013.62865297      5.6193
   2013.62868151      5.9719
   2013.62871005      6.0773
   2013.62873858      6.2147
   2013.62876712      6.0564
   2013.62879566      6.4627
   2013.62882420      6.6061
   2013.62885274      6.7445
   2013.62888128      6.6147
   2013.62890982      7.0050
   2013.62893836      7.1782
   2013.62896689      7.2820
   2013.62899543      7.1874
   2013.62902397      7.5447
   2013.62905251      7.6254
   2013.62908105      7.8158
   2013.62910959      7.6919
   2013.62913813      8.1585
   2013.62916667      8.2485
   2013.62919521      8.3206
   2013.62922374      8.4127
   2013.62925228      8.6374
   2013.62928082      8.7117
   2013.62930936      8.7904
   2013.62933790      8.8774
   2013.62936644      9.0570
   2013.62939498      9.1334
   2013.62942352      9.2925
   2013.62945205      8.9520
   2013.62948059      9.3214
   2013.62950913      9.3428
   2013.62953767      9.2566
   2013.62956621      9.2562
   2013.62959475      9.6658
   2013.62962329      9.4020
   2013.62965183      9.2417
   2013.62968037      8.6382
   2013.62970890      9.2311
   2013.62973744      9.9486
   2013.62976598     10.0830
   2013.62979452      9.0227
   2013.62982306      8.5274
   2013.62985160      7.9659
   2013.62988014      7.5800
   2013.62990868      7.8460
   2013.62993721      8.3494
   2013.62996575      8.1951
   2013.62999429      7.7892
   2013.63002283      7.1159
   2013.63005137      6.4443
   2013.63007991      5.9091
   2013.63010845      5.6150
   2013.63013699      5.8898
   2013.63016553      5.7022
   2013.63019406      5.4233
   2013.63022260      4.7215
   2013.63025114      4.2677
   2013.63027968      4.1886
   2013.63030822      3.7290
   2013.63033676      3.2912
   2013.63036530      3.1507
   2013.63039384      2.9186
   2013.63042237      2.7210
   2013.63045091      2.4928
   2013.63047945      2.3970
   2013.63050799      2.1708
   2013.63053653      1.9811
   2013.63056507      1.8125
   2013.63059361      1.5903
   2013.63062215      1.4695
   2013.63065068      1.3497
   2013.63067922      1.2426
   2013.63070776      1.1418
   2013.63073630      1.0572
   2013.63076484      0.9767
   2013.63079338      0.9032
   2013.63082192      0.8333
   2013.63085046      0.7657
   2013.63087900      0.7020
   2013.63090753      0.6440
   2013.63093607      0.5915
   2013.63096461      0.5435
   2013.63099315      0.4999
   2013.63102169      0.4604
   2013.63105023      0.4246
   2013.63107877      0.3919
   2013.63110731      0.3621
   2013.63113584      0.3348
   2013.63116438      0.3099
   2013.63119292      0.2870
   2013.63122146      0.2662
   2013.63125000      0.2469
   2013.63127854      0.2291
   2013.63130708      0.2126
   2013.63133562      0.1975
   2013.63136416      0.1836
   2013.63139269      0.1708
   2013.63142123      0.1590
   2013.63144977      0.1481
   2013.63147831      0.1381
   2013.63150685      0.1288
   2013.63153539      0.1203
   2013.63156393      0.1123
   2013.63159247      0.1050
