   2013.62465753      0.0000
   2013.62468607      0.0000
   2013.62471461      0.0000
   2013.62474315      0.0000
   2013.62477169      0.0000
   2013.62480023      0.0000
   2013.62482877      0.0000
   2013.62485731      0.0000
   2013.62488584      0.0000
   2013.62491438      0.0000
   2013.62494292      0.0000
   2013.62497146      0.0000
   2013.62500000      0.0000
   2013.62502854      0.0000
   2013.62505708      0.0000
   2013.62508562      0.0000
   2013.62511416      0.0000
   2013.62514269      0.0000
   2013.62517123      0.0000
   2013.62519977      0.0000
   2013.62522831      0.0000
   2013.62525685      0.0000
   2013.62528539      0.0000
   2013.62531393      0.0000
   2013.62534247      0.0000
   2013.62537100      0.0000
   2013.62539954      0.0000
   2013.62542808      0.0000
   2013.62545662      0.0000
   2013.62548516      0.0000
   2013.62551370      0.0000
   2013.62554224      0.0000
   2013.62557078      0.0000
   2013.62559932      0.0000
   2013.62562785      0.0000
   2013.62565639      0.0000
   2013.62568493      0.0000
   2013.62571347      0.0000
   2013.62574201      0.0000
   2013.62577055      0.0000
   2013.62579909      0.0000
   2013.62582763      0.0006
   2013.62585616      0.0011
   2013.62588470      0.0016
   2013.62591324      0.0021
   2013.62594178      0.0026
   2013.62597032      0.0032
   2013.62599886      0.0605
   2013.62602740      0.3813
   2013.62605594      5.1947
   2013.62608447      9.1499
   2013.62611301      9.7780
   2013.62614155      9.3189
   2013.62617009      8.7705
   2013.62619863      8.1846
   2013.62622717      7.8332
   2013.62625571      7.3677
   2013.62628425      6.9441
   2013.62631279      6.4210
   2013.62634132      6.1979
   2013.62636986      5.6541
   2013.62639840      5.5231
   2013.62642694      4.7371
   2013.62645548      4.3896
   2013.62648402      4.2694
   2013.62651256      3.6532
   2013.62654110      3.2800
   2013.62656963      2.9854
   2013.62659817      2.8621
   2013.62662671      2.4659
   2013.62665525      2.1990
   2013.62668379      1.8925
   2013.62671233      1.6963
   2013.62674087      1.5179
   2013.62676941      1.3576
   2013.62679795      1.2293
   2013.62682648      1.1005
   2013.62685502      0.9865
   2013.62688356      0.8953
   2013.62691210      0.8077
   2013.62694064      0.7282
   2013.62696918      0.6573
   2013.62699772      0.5948
   2013.62702626      0.5392
   2013.62705479      0.4899
   2013.62708333      0.4463
   2013.62711187      0.4076
   2013.62714041      0.3730
   2013.62716895      0.3419
   2013.62719749      0.3139
   2013.62722603      0.2886
   2013.62725457      0.2657
   2013.62728311      0.2449
   2013.62731164      0.2257
   2013.62734018      0.2082
   2013.62736872      0.1923
   2013.62739726      0.1778
   2013.62742580      0.1645
   2013.62745434      0.1524
   2013.62748288      0.1413
   2013.62751142      0.1311
   2013.62753995      0.1218
   2013.62756849      0.1132
   2013.62759703      0.1052
