   2013.62465753      0.0000
   2013.62468607      0.0000
   2013.62471461      0.0000
   2013.62474315      0.0000
   2013.62477169      0.0000
   2013.62480023      0.0000
   2013.62482877      0.0000
   2013.62485731      0.0000
   2013.62488584      0.0000
   2013.62491438      0.0000
   2013.62494292      0.0000
   2013.62497146      0.0000
   2013.62500000      0.0000
   2013.62502854      0.0000
   2013.62505708      0.0000
   2013.62508562      0.0000
   2013.62511416      0.0000
   2013.62514269      0.0000
   2013.62517123      0.0000
   2013.62519977      0.0000
   2013.62522831      0.0000
   2013.62525685      0.0000
   2013.62528539      0.0000
   2013.62531393      0.0000
   2013.62534247      0.0000
   2013.62537100      0.0000
   2013.62539954      0.0000
   2013.62542808      0.0000
   2013.62545662      0.0000
   2013.62548516      0.0000
   2013.62551370      0.0000
   2013.62554224      0.0000
   2013.62557078      0.0000
   2013.62559932      0.0000
   2013.62562785      0.0000
   2013.62565639      0.0000
   2013.62568493      0.0000
   2013.62571347      0.0000
   2013.62574201      0.0000
   2013.62577055      0.0000
   2013.62579909      0.0000
   2013.62582763      0.0000
   2013.62585616      0.0000
   2013.62588470      0.0000
   2013.62591324      0.0000
   2013.62594178      0.0000
   2013.62597032      0.0000
   2013.62599886      0.0000
   2013.62602740      0.0000
   2013.62605594      0.0000
   2013.62608447      0.0000
   2013.62611301      0.0000
   2013.62614155      0.0000
   2013.62617009      0.0000
   2013.62619863      0.0000
   2013.62622717      0.0000
   2013.62625571      0.0000
   2013.62628425      0.1341
   2013.62631279      0.2401
   2013.62634132      0.6112
   2013.62636986      1.5082
   2013.62639840      2.6985
   2013.62642694      4.4326
   2013.62645548      7.4278
   2013.62648402     10.8559
   2013.62651256     12.2412
   2013.62654110     12.1108
   2013.62656963     11.3878
   2013.62659817     10.7486
   2013.62662671     10.0611
   2013.62665525      9.5415
   2013.62668379      9.1274
   2013.62671233      8.8389
   2013.62674087      8.6682
   2013.62676941      8.5812
   2013.62679795      8.5412
   2013.62682648      8.5385
   2013.62685502      8.5599
   2013.62688356      8.5971
   2013.62691210      8.6265
   2013.62694064      8.4172
   2013.62696918      8.8040
   2013.62699772      8.7838
   2013.62702626      8.6551
   2013.62705479      8.3386
   2013.62708333      8.3125
   2013.62711187      7.7605
   2013.62714041      7.4125
   2013.62716895      6.7511
   2013.62719749      6.5572
   2013.62722603      6.1955
   2013.62725457      5.9644
   2013.62728311      5.5669
   2013.62731164      4.7831
   2013.62734018      4.3362
   2013.62736872      4.1560
   2013.62739726      3.6709
   2013.62742580      3.4257
   2013.62745434      3.1492
   2013.62748288      2.9061
   2013.62751142      2.6978
   2013.62753995      2.5583
   2013.62756849      2.3969
   2013.62759703      2.2013
   2013.62762557      2.1173
   2013.62765411      2.0407
   2013.62768265      1.9432
   2013.62771119      1.8128
   2013.62773973      1.7644
   2013.62776826      1.7211
   2013.62779680      1.6569
   2013.62782534      1.5601
   2013.62785388      1.4461
   2013.62788242      1.4943
   2013.62791096      1.4487
   2013.62793950      1.3945
   2013.62796804      1.2448
   2013.62799658      1.3213
   2013.62802511      1.3145
   2013.62805365      1.2292
   2013.62808219      1.1276
   2013.62811073      1.1810
   2013.62813927      1.1569
   2013.62816781      1.1055
   2013.62819635      1.0679
   2013.62822489      1.0761
   2013.62825342      1.0398
   2013.62828196      1.0494
   2013.62831050      0.9623
   2013.62833904      1.0013
   2013.62836758      0.9784
   2013.62839612      0.9568
   2013.62842466      0.9515
   2013.62845320      0.9664
   2013.62848174      0.9514
   2013.62851027      0.9361
   2013.62853881      0.9417
   2013.62856735      0.9646
   2013.62859589      0.9663
   2013.62862443      0.9566
   2013.62865297      0.9730
   2013.62868151      1.0074
   2013.62871005      1.0238
   2013.62873858      1.0342
   2013.62876712      1.0853
   2013.62879566      1.1123
   2013.62882420      1.1444
   2013.62885274      1.1688
   2013.62888128      1.2399
   2013.62890982      1.2879
   2013.62893836      1.3390
   2013.62896689      1.3743
   2013.62899543      1.4683
   2013.62902397      1.5420
   2013.62905251      1.6001
   2013.62908105      1.6409
   2013.62910959      1.7536
   2013.62913813      1.8404
   2013.62916667      1.8983
   2013.62919521      1.9379
   2013.62922374      2.0659
   2013.62925228      2.1579
   2013.62928082      2.2062
   2013.62930936      2.2352
   2013.62933790      2.3604
   2013.62936644      2.4457
   2013.62939498      2.4802
   2013.62942352      2.4876
   2013.62945205      2.6010
   2013.62948059      2.6785
   2013.62950913      2.6991
   2013.62953767      2.6770
   2013.62956621      2.7715
   2013.62959475      2.7682
   2013.62962329      2.8337
   2013.62965183      2.7870
   2013.62968037      2.7584
   2013.62970890      2.8348
   2013.62973744      2.8659
   2013.62976598      2.8121
   2013.62979452      2.7591
   2013.62982306      2.8162
   2013.62985160      2.8185
   2013.62988014      2.7558
   2013.62990868      2.7824
   2013.62993721      2.7253
   2013.62996575      2.7089
   2013.62999429      2.6399
   2013.63002283      2.6580
   2013.63005137      2.6425
   2013.63007991      2.5532
   2013.63010845      2.4860
   2013.63013699      2.4867
   2013.63016553      2.4339
   2013.63019406      2.3707
   2013.63022260      2.3003
   2013.63025114      2.2418
   2013.63027968      2.1307
   2013.63030822      2.0418
   2013.63033676      1.9463
   2013.63036530      1.8562
   2013.63039384      1.7640
   2013.63042237      1.6639
   2013.63045091      1.5696
   2013.63047945      1.4805
   2013.63050799      1.3937
   2013.63053653      1.3090
   2013.63056507      1.2257
   2013.63059361      1.1236
   2013.63062215      1.0759
   2013.63065068      0.9751
   2013.63067922      0.9281
   2013.63070776      0.8651
   2013.63073630      0.8016
   2013.63076484      0.7408
   2013.63079338      0.6833
   2013.63082192      0.6307
   2013.63085046      0.5825
   2013.63087900      0.5384
   2013.63090753      0.4982
   2013.63093607      0.4616
   2013.63096461      0.4281
   2013.63099315      0.3973
   2013.63102169      0.3688
   2013.63105023      0.3424
   2013.63107877      0.3181
   2013.63110731      0.2956
   2013.63113584      0.2750
   2013.63116438      0.2559
   2013.63119292      0.2382
   2013.63122146      0.2216
   2013.63125000      0.2063
   2013.63127854      0.1922
   2013.63130708      0.1791
   2013.63133562      0.1670
   2013.63136416      0.1559
   2013.63139269      0.1455
   2013.63142123      0.1360
   2013.63144977      0.1271
   2013.63147831      0.1189
   2013.63150685      0.1113
   2013.63153539      0.1042
