   2013.62465753      0.0000
   2013.62468607      0.0000
   2013.62471461      0.0000
   2013.62474315      0.0000
   2013.62477169      0.0000
   2013.62480023      0.0000
   2013.62482877      0.0000
   2013.62485731      0.0000
   2013.62488584      0.0000
   2013.62491438      0.0000
   2013.62494292      0.0000
   2013.62497146      0.0000
   2013.62500000      0.0000
   2013.62502854      0.0000
   2013.62505708      0.0000
   2013.62508562      0.0000
   2013.62511416      0.0000
   2013.62514269      0.0000
   2013.62517123      0.0000
   2013.62519977      0.0000
   2013.62522831      0.0000
   2013.62525685      0.0000
   2013.62528539      0.0000
   2013.62531393      0.0000
   2013.62534247      0.0000
   2013.62537100      0.0000
   2013.62539954      0.0000
   2013.62542808      0.0000
   2013.62545662      0.0000
   2013.62548516      0.0000
   2013.62551370      0.0000
   2013.62554224      0.0000
   2013.62557078      0.0000
   2013.62559932      0.0460
   2013.62562785      0.0949
   2013.62565639      0.1730
   2013.62568493      0.3757
   2013.62571347      0.7503
   2013.62574201      1.2754
   2013.62577055      1.9417
   2013.62579909      3.0076
   2013.62582763      4.7138
   2013.62585616      6.5405
   2013.62588470      7.4594
   2013.62591324      7.5637
   2013.62594178      7.3863
   2013.62597032      7.0761
   2013.62599886      6.8274
   2013.62602740      5.8978
   2013.62605594      6.0098
   2013.62608447      5.8096
   2013.62611301      5.4275
   2013.62614155      4.5320
   2013.62617009      4.6830
   2013.62619863      4.3873
   2013.62622717      4.8623
   2013.62625571      4.5276
   2013.62628425      4.2612
   2013.62631279      3.8407
   2013.62634132      3.4764
   2013.62636986      3.2285
   2013.62639840      3.1742
   2013.62642694      3.2733
   2013.62645548      3.3157
   2013.62648402      3.2568
   2013.62651256      3.1194
   2013.62654110      2.9657
   2013.62656963      2.9622
   2013.62659817      2.9814
   2013.62662671      3.0861
   2013.62665525      3.2218
   2013.62668379      3.0169
   2013.62671233      2.9086
   2013.62674087      2.7612
   2013.62676941      2.6267
   2013.62679795      2.4596
   2013.62682648      2.3726
   2013.62685502      2.2894
   2013.62688356      2.1695
   2013.62691210      2.1621
   2013.62694064      2.0051
   2013.62696918      1.8700
   2013.62699772      1.6562
   2013.62702626      1.5689
   2013.62705479      1.4640
   2013.62708333      1.3660
   2013.62711187      1.2747
   2013.62714041      1.1895
   2013.62716895      1.1062
   2013.62719749      1.0331
   2013.62722603      0.9602
   2013.62725457      0.8923
   2013.62728311      0.8264
   2013.62731164      0.7625
   2013.62734018      0.7024
   2013.62736872      0.6476
   2013.62739726      0.5980
   2013.62742580      0.5526
   2013.62745434      0.5112
   2013.62748288      0.4736
   2013.62751142      0.4394
   2013.62753995      0.4080
   2013.62756849      0.3791
   2013.62759703      0.3524
   2013.62762557      0.3277
   2013.62765411      0.3049
   2013.62768265      0.2838
   2013.62771119      0.2644
   2013.62773973      0.2463
   2013.62776826      0.2294
   2013.62779680      0.2137
   2013.62782534      0.1991
   2013.62785388      0.1856
   2013.62788242      0.1730
   2013.62791096      0.1614
   2013.62793950      0.1507
   2013.62796804      0.1408
   2013.62799658      0.1315
   2013.62802511      0.1229
   2013.62805365      0.1149
   2013.62808219      0.1075
   2013.62811073      0.1006
