   2013.62465753      0.0000
   2013.62468607      0.0000
   2013.62471461      0.0000
   2013.62474315      0.0000
   2013.62477169      0.0000
   2013.62480023      0.0000
   2013.62482877      0.0000
   2013.62485731      0.0000
   2013.62488584      0.0000
   2013.62491438      0.0000
   2013.62494292      0.0000
   2013.62497146      0.0000
   2013.62500000      0.0000
   2013.62502854      0.0000
   2013.62505708      0.0000
   2013.62508562      0.0000
   2013.62511416      0.0000
   2013.62514269      0.0000
   2013.62517123      0.0000
   2013.62519977      0.0000
   2013.62522831      0.0000
   2013.62525685      0.0000
   2013.62528539      0.0000
   2013.62531393      0.0000
   2013.62534247      0.0000
   2013.62537100      0.0000
   2013.62539954      0.0000
   2013.62542808      0.0000
   2013.62545662      0.0000
   2013.62548516      0.0000
   2013.62551370      0.0000
   2013.62554224      0.0000
   2013.62557078      0.0000
   2013.62559932      0.0000
   2013.62562785      0.0000
   2013.62565639      0.0000
   2013.62568493      0.0000
   2013.62571347      0.0000
   2013.62574201      0.0000
   2013.62577055      0.0000
   2013.62579909      0.0000
   2013.62582763      0.0000
   2013.62585616      0.0000
   2013.62588470      0.0000
   2013.62591324      0.0000
   2013.62594178      0.0000
   2013.62597032      0.0000
   2013.62599886      0.0000
   2013.62602740      0.0000
   2013.62605594      0.1219
   2013.62608447      0.2067
   2013.62611301      0.4966
   2013.62614155      1.2036
   2013.62617009      2.1828
   2013.62619863      3.4509
   2013.62622717      5.7224
   2013.62625571      8.6940
   2013.62628425     10.5287
   2013.62631279     11.0188
   2013.62634132     10.3066
   2013.62636986      9.5292
   2013.62639840      8.8759
   2013.62642694      8.2579
   2013.62645548      7.9180
   2013.62648402      7.5465
   2013.62651256      7.4079
   2013.62654110      7.3336
   2013.62656963      7.2778
   2013.62659817      7.2594
   2013.62662671      7.3618
   2013.62665525      7.3764
   2013.62668379      7.5745
   2013.62671233      7.5773
   2013.62674087      7.7086
   2013.62676941      7.7157
   2013.62679795      7.7882
   2013.62682648      7.8347
   2013.62685502      7.9280
   2013.62688356      7.9647
   2013.62691210      7.9696
   2013.62694064      8.0784
   2013.62696918      8.0231
   2013.62699772      8.0283
   2013.62702626      7.9997
   2013.62705479      7.9000
   2013.62708333      8.2807
   2013.62711187      8.2224
   2013.62714041      8.1260
   2013.62716895      8.0531
   2013.62719749      7.9743
   2013.62722603      7.5850
   2013.62725457      7.4349
   2013.62728311      6.8717
   2013.62731164      6.8309
   2013.62734018      6.4258
   2013.62736872      6.0563
   2013.62739726      5.1583
   2013.62742580      5.3028
   2013.62745434      5.1784
   2013.62748288      4.3708
   2013.62751142      3.8824
   2013.62753995      3.8558
   2013.62756849      3.8470
   2013.62759703      3.3619
   2013.62762557      3.0887
   2013.62765411      3.0934
   2013.62768265      2.8875
   2013.62771119      2.7309
   2013.62773973      2.5946
   2013.62776826      2.5355
   2013.62779680      2.4251
   2013.62782534      2.2597
   2013.62785388      2.2228
   2013.62788242      2.1738
   2013.62791096      2.0929
   2013.62793950      2.0083
   2013.62796804      1.9370
   2013.62799658      1.9025
   2013.62802511      1.8397
   2013.62805365      1.7322
   2013.62808219      1.7162
   2013.62811073      1.6928
   2013.62813927      1.6439
   2013.62816781      1.5846
   2013.62819635      1.5767
   2013.62822489      1.5367
   2013.62825342      1.4992
   2013.62828196      1.4560
   2013.62831050      1.4573
   2013.62833904      1.4353
   2013.62836758      1.4130
   2013.62839612      1.3838
   2013.62842466      1.4047
   2013.62845320      1.3997
   2013.62848174      1.3955
   2013.62851027      1.3808
   2013.62853881      1.4247
   2013.62856735      1.4427
   2013.62859589      1.4608
   2013.62862443      1.4649
   2013.62865297      1.5358
   2013.62868151      1.5851
   2013.62871005      1.6237
   2013.62873858      1.6468
   2013.62876712      1.7546
   2013.62879566      1.8363
   2013.62882420      1.8985
   2013.62885274      1.9443
   2013.62888128      2.1000
   2013.62890982      2.2170
   2013.62893836      2.2706
   2013.62896689      2.3707
   2013.62899543      2.6349
   2013.62902397      2.8387
   2013.62905251      2.8006
   2013.62908105      2.9135
   2013.62910959      2.8146
   2013.62913813      3.1038
   2013.62916667      3.3959
   2013.62919521      3.5936
   2013.62922374      3.5988
   2013.62925228      3.5474
   2013.62928082      3.4908
   2013.62930936      3.6982
   2013.62933790      4.0429
   2013.62936644      4.1180
   2013.62939498      4.0172
   2013.62942352      3.8486
   2013.62945205      3.7157
   2013.62948059      3.7353
   2013.62950913      3.8492
   2013.62953767      3.8874
   2013.62956621      3.7960
   2013.62959475      3.6399
   2013.62962329      3.5059
   2013.62965183      3.4687
   2013.62968037      3.3612
   2013.62970890      3.5183
   2013.62973744      3.4534
   2013.62976598      3.3511
   2013.62979452      3.0085
   2013.62982306      2.8693
   2013.62985160      2.7594
   2013.62988014      2.6124
   2013.62990868      2.5181
   2013.62993721      2.4042
   2013.62996575      2.2702
   2013.62999429      2.1311
   2013.63002283      1.9969
   2013.63005137      1.8579
   2013.63007991      1.7442
   2013.63010845      1.6455
   2013.63013699      1.5539
   2013.63016553      1.4642
   2013.63019406      1.3749
   2013.63022260      1.2884
   2013.63025114      1.2065
   2013.63027968      1.1779
   2013.63030822      1.0568
   2013.63033676      0.9931
   2013.63036530      0.9300
   2013.63039384      0.8735
   2013.63042237      0.8178
   2013.63045091      0.7630
   2013.63047945      0.7107
   2013.63050799      0.6619
   2013.63053653      0.6170
   2013.63056507      0.5753
   2013.63059361      0.5366
   2013.63062215      0.5009
   2013.63065068      0.4680
   2013.63067922      0.4376
   2013.63070776      0.4095
   2013.63073630      0.3832
   2013.63076484      0.3587
   2013.63079338      0.3358
   2013.63082192      0.3145
   2013.63085046      0.2946
   2013.63087900      0.2761
   2013.63090753      0.2589
   2013.63093607      0.2428
   2013.63096461      0.2277
   2013.63099315      0.2135
   2013.63102169      0.2002
   2013.63105023      0.1879
   2013.63107877      0.1763
   2013.63110731      0.1656
   2013.63113584      0.1555
   2013.63116438      0.1462
   2013.63119292      0.1374
   2013.63122146      0.1292
   2013.63125000      0.1215
   2013.63127854      0.1143
   2013.63130708      0.1076
   2013.63133562      0.1013
