   2013.62465753      0.0000
   2013.62468607      0.0000
   2013.62471461      0.0000
   2013.62474315      0.0000
   2013.62477169      0.0000
   2013.62480023      0.0000
   2013.62482877      0.0000
   2013.62485731      0.0000
   2013.62488584      0.0000
   2013.62491438      0.0000
   2013.62494292      0.0000
   2013.62497146      0.0000
   2013.62500000      0.0000
   2013.62502854      0.0000
   2013.62505708      0.0000
   2013.62508562      0.0000
   2013.62511416      0.0000
   2013.62514269      0.0000
   2013.62517123      0.0000
   2013.62519977      0.0000
   2013.62522831      0.0000
   2013.62525685      0.0000
   2013.62528539      0.0000
   2013.62531393      0.0000
   2013.62534247      0.0000
   2013.62537100      0.0000
   2013.62539954      0.0000
   2013.62542808      0.0000
   2013.62545662      0.0000
   2013.62548516      0.4246
   2013.62551370      1.5870
   2013.62554224      5.0128
   2013.62557078      9.5794
   2013.62559932     19.1110
   2013.62562785     27.4026
   2013.62565639     25.2139
   2013.62568493     21.2236
   2013.62571347     18.3111
   2013.62574201     15.5421
   2013.62577055     13.4825
   2013.62579909     11.5837
   2013.62582763     11.8915
   2013.62585616     10.6973
   2013.62588470      9.4804
   2013.62591324      8.6125
   2013.62594178      7.9748
   2013.62597032      8.1027
   2013.62599886      9.3450
   2013.62602740      9.7789
   2013.62605594      9.4802
   2013.62608447      8.7404
   2013.62611301      8.0336
   2013.62614155      7.3677
   2013.62617009      7.1593
   2013.62619863      7.4655
   2013.62622717      8.0267
   2013.62625571      8.2873
   2013.62628425      7.8697
   2013.62631279      7.4515
   2013.62634132      6.5191
   2013.62636986      5.7404
   2013.62639840      5.1723
   2013.62642694      4.8179
   2013.62645548      4.3290
   2013.62648402      4.4667
   2013.62651256      3.7114
   2013.62654110      3.4133
   2013.62656963      3.1229
   2013.62659817      2.9502
   2013.62662671      2.5573
   2013.62665525      2.2647
   2013.62668379      1.9229
   2013.62671233      1.7223
   2013.62674087      1.5322
   2013.62676941      1.4424
   2013.62679795      1.2299
   2013.62682648      1.0631
   2013.62685502      0.9841
   2013.62688356      0.8914
   2013.62691210      0.8038
   2013.62694064      0.7250
   2013.62696918      0.6550
   2013.62699772      0.5936
   2013.62702626      0.5390
   2013.62705479      0.4908
   2013.62708333      0.4482
   2013.62711187      0.4104
   2013.62714041      0.3766
   2013.62716895      0.3461
   2013.62719749      0.3187
   2013.62722603      0.2939
   2013.62725457      0.2714
   2013.62728311      0.2509
   2013.62731164      0.2321
   2013.62734018      0.2147
   2013.62736872      0.1989
   2013.62739726      0.1844
   2013.62742580      0.1711
   2013.62745434      0.1590
   2013.62748288      0.1478
   2013.62751142      0.1375
   2013.62753995      0.1281
   2013.62756849      0.1194
   2013.62759703      0.1113
   2013.62762557      0.1039
