   2013.62465753      0.0000
   2013.62468607      0.0000
   2013.62471461      0.0000
   2013.62474315      0.0000
   2013.62477169      0.0000
   2013.62480023      0.0000
   2013.62482877      0.0000
   2013.62485731      0.0000
   2013.62488584      0.0000
   2013.62491438      0.0000
   2013.62494292      0.0000
   2013.62497146      0.0000
   2013.62500000      0.0000
   2013.62502854      0.0000
   2013.62505708      0.0000
   2013.62508562      0.0000
   2013.62511416      0.0000
   2013.62514269      0.0000
   2013.62517123      0.0000
   2013.62519977      0.0000
   2013.62522831      0.0000
   2013.62525685      0.0000
   2013.62528539      0.0000
   2013.62531393      0.0000
   2013.62534247      0.0000
   2013.62537100      0.0000
   2013.62539954      0.0000
   2013.62542808      0.0000
   2013.62545662      0.0000
   2013.62548516      0.0035
   2013.62551370      0.0025
   2013.62554224      0.0022
   2013.62557078      0.0141
   2013.62559932      0.0469
   2013.62562785      0.0744
   2013.62565639      0.1207
   2013.62568493      0.1988
   2013.62571347      0.2959
   2013.62574201      0.4304
   2013.62577055      0.6191
   2013.62579909      0.8924
   2013.62582763      1.2538
   2013.62585616      1.8505
   2013.62588470      2.5713
   2013.62591324      3.2890
   2013.62594178      3.7865
   2013.62597032      4.1212
   2013.62599886      4.2295
   2013.62602740      4.5480
   2013.62605594      4.6930
   2013.62608447      4.8685
   2013.62611301      4.9265
   2013.62614155      5.1451
   2013.62617009      5.4343
   2013.62619863      5.6329
   2013.62622717      5.7006
   2013.62625571      5.8488
   2013.62628425      5.8813
   2013.62631279      5.8632
   2013.62634132      5.7087
   2013.62636986      5.5470
   2013.62639840      5.6292
   2013.62642694      5.4899
   2013.62645548      5.3829
   2013.62648402      5.2942
   2013.62651256      5.1552
   2013.62654110      4.8651
   2013.62656963      4.7519
   2013.62659817      4.3818
   2013.62662671      4.5758
   2013.62665525      4.3805
   2013.62668379      4.3872
   2013.62671233      4.4550
   2013.62674087      4.4814
   2013.62676941      4.4226
   2013.62679795      4.5438
   2013.62682648      4.6853
   2013.62685502      4.7699
   2013.62688356      4.7146
   2013.62691210      4.8128
   2013.62694064      4.6419
   2013.62696918      4.9237
   2013.62699772      4.7930
   2013.62702626      4.8153
   2013.62705479      4.8302
   2013.62708333      4.8129
   2013.62711187      4.7494
   2013.62714041      4.6090
   2013.62716895      4.4003
   2013.62719749      4.4262
   2013.62722603      4.3941
   2013.62725457      4.2661
   2013.62728311      4.0124
   2013.62731164      4.1334
   2013.62734018      4.0095
   2013.62736872      3.8115
   2013.62739726      3.5074
   2013.62742580      3.5998
   2013.62745434      3.4360
   2013.62748288      3.2771
   2013.62751142      3.1174
   2013.62753995      3.1443
   2013.62756849      3.0317
   2013.62759703      2.8824
   2013.62762557      2.8174
   2013.62765411      2.6977
   2013.62768265      2.5820
   2013.62771119      2.4027
   2013.62773973      2.3639
   2013.62776826      2.2788
   2013.62779680      2.1282
   2013.62782534      2.0312
   2013.62785388      1.9338
   2013.62788242      1.9321
   2013.62791096      1.8104
   2013.62793950      1.7161
   2013.62796804      1.5893
   2013.62799658      1.5717
   2013.62802511      1.5080
   2013.62805365      1.4686
   2013.62808219      1.2854
   2013.62811073      1.3235
   2013.62813927      1.2752
   2013.62816781      1.2119
   2013.62819635      1.1730
   2013.62822489      1.1264
   2013.62825342      1.0751
   2013.62828196      1.0204
   2013.62831050      0.9990
   2013.62833904      0.9526
   2013.62836758      0.9273
   2013.62839612      0.8872
   2013.62842466      0.8621
   2013.62845320      0.8347
   2013.62848174      0.8192
   2013.62851027      0.8119
   2013.62853881      0.8007
   2013.62856735      0.7815
   2013.62859589      0.7594
   2013.62862443      0.7424
   2013.62865297      0.7353
   2013.62868151      0.7368
   2013.62871005      0.7409
   2013.62873858      0.7427
   2013.62876712      0.7421
   2013.62879566      0.7433
   2013.62882420      0.7500
   2013.62885274      0.7692
   2013.62888128      0.7855
   2013.62890982      0.8032
   2013.62893836      0.8152
   2013.62896689      0.8397
   2013.62899543      0.8887
   2013.62902397      0.9383
   2013.62905251      0.9733
   2013.62908105      1.0169
   2013.62910959      1.0407
   2013.62913813      1.0699
   2013.62916667      1.0993
   2013.62919521      1.1241
   2013.62922374      1.1375
   2013.62925228      1.1364
   2013.62928082      1.1242
   2013.62930936      1.1065
   2013.62933790      1.0867
   2013.62936644      1.0652
   2013.62939498      1.0404
   2013.62942352      1.0493
   2013.62945205      0.9743
   2013.62948059      0.9401
   2013.62950913      0.8999
   2013.62953767      0.8611
   2013.62956621      0.8214
   2013.62959475      0.7800
   2013.62962329      0.7377
   2013.62965183      0.6958
   2013.62968037      0.6551
   2013.62970890      0.6158
   2013.62973744      0.5778
   2013.62976598      0.5414
   2013.62979452      0.5070
   2013.62982306      0.4747
   2013.62985160      0.4446
   2013.62988014      0.4164
   2013.62990868      0.3900
   2013.62993721      0.3653
   2013.62996575      0.3421
   2013.62999429      0.3204
   2013.63002283      0.3001
   2013.63005137      0.2811
   2013.63007991      0.2634
   2013.63010845      0.2468
   2013.63013699      0.2312
   2013.63016553      0.2165
   2013.63019406      0.2027
   2013.63022260      0.1898
   2013.63025114      0.1778
   2013.63027968      0.1666
   2013.63030822      0.1561
   2013.63033676      0.1464
   2013.63036530      0.1373
   2013.63039384      0.1288
   2013.63042237      0.1208
   2013.63045091      0.1134
   2013.63047945      0.1064
