   2013.62465753      0.0000
   2013.62468607      0.0000
   2013.62471461      0.0000
   2013.62474315      0.0000
   2013.62477169      0.0000
   2013.62480023      0.0000
   2013.62482877      0.0000
   2013.62485731      0.0000
   2013.62488584      0.0000
   2013.62491438      0.0000
   2013.62494292      0.0000
   2013.62497146      0.0000
   2013.62500000      0.0000
   2013.62502854      0.0000
   2013.62505708      0.0000
   2013.62508562      0.0000
   2013.62511416      0.0000
   2013.62514269      0.0000
   2013.62517123      0.0000
   2013.62519977      0.0000
   2013.62522831      0.0000
   2013.62525685      0.0000
   2013.62528539      0.0000
   2013.62531393      0.0000
   2013.62534247      0.0000
   2013.62537100      0.0000
   2013.62539954      0.0000
   2013.62542808      0.0000
   2013.62545662      0.0000
   2013.62548516      0.0000
   2013.62551370      0.0000
   2013.62554224      0.0000
   2013.62557078      0.0000
   2013.62559932      0.0000
   2013.62562785      0.0000
   2013.62565639      0.0000
   2013.62568493      0.0000
   2013.62571347      0.0000
   2013.62574201      0.0000
   2013.62577055      0.0000
   2013.62579909      0.0000
   2013.62582763      0.0000
   2013.62585616      0.0000
   2013.62588470      0.0000
   2013.62591324      0.0000
   2013.62594178      0.0000
   2013.62597032      0.0000
   2013.62599886      0.0000
   2013.62602740      0.0000
   2013.62605594      0.0000
   2013.62608447      0.0000
   2013.62611301      0.0000
   2013.62614155      0.0000
   2013.62617009      0.0000
   2013.62619863      0.0000
   2013.62622717      0.0000
   2013.62625571      0.0000
   2013.62628425      0.0000
   2013.62631279      0.0000
   2013.62634132      0.0000
   2013.62636986      0.0000
   2013.62639840      0.8110
   2013.62642694      4.0853
   2013.62645548      9.8971
   2013.62648402     21.2353
   2013.62651256     35.4719
   2013.62654110     36.0698
   2013.62656963     29.3027
   2013.62659817     24.5638
   2013.62662671     20.5666
   2013.62665525     17.8434
   2013.62668379     15.8868
   2013.62671233     14.8499
   2013.62674087     13.8923
   2013.62676941     13.4695
   2013.62679795     13.2639
   2013.62682648     12.9452
   2013.62685502     13.4265
   2013.62688356     13.5831
   2013.62691210     13.2174
   2013.62694064     12.6817
   2013.62696918     12.0362
   2013.62699772     11.4445
   2013.62702626     10.8795
   2013.62705479     10.4885
   2013.62708333     10.2508
   2013.62711187     10.0916
   2013.62714041      9.8702
   2013.62716895      9.4898
   2013.62719749      8.9698
   2013.62722603      8.3106
   2013.62725457      7.6549
   2013.62728311      7.1567
   2013.62731164      6.3689
   2013.62734018      5.6806
   2013.62736872      5.4238
   2013.62739726      4.5161
   2013.62742580      4.3588
   2013.62745434      3.6895
   2013.62748288      3.3083
   2013.62751142      3.0273
   2013.62753995      2.7396
   2013.62756849      2.6210
   2013.62759703      2.2932
   2013.62762557      2.0665
   2013.62765411      1.7833
   2013.62768265      1.6279
   2013.62771119      1.4709
   2013.62773973      1.3280
   2013.62776826      1.1981
   2013.62779680      1.0870
   2013.62782534      0.9869
   2013.62785388      0.8986
   2013.62788242      0.8165
   2013.62791096      0.7402
   2013.62793950      0.6712
   2013.62796804      0.6102
   2013.62799658      0.5556
   2013.62802511      0.5067
   2013.62805365      0.4631
   2013.62808219      0.4240
   2013.62811073      0.3889
   2013.62813927      0.3571
   2013.62816781      0.3284
   2013.62819635      0.3024
   2013.62822489      0.2787
   2013.62825342      0.2572
   2013.62828196      0.2374
   2013.62831050      0.2193
   2013.62833904      0.2026
   2013.62836758      0.1873
   2013.62839612      0.1734
   2013.62842466      0.1606
   2013.62845320      0.1488
   2013.62848174      0.1381
   2013.62851027      0.1282
   2013.62853881      0.1190
   2013.62856735      0.1106
   2013.62859589      0.1028
