   2013.62465753      0.0000
   2013.62468607      0.0000
   2013.62471461      0.0000
   2013.62474315      0.0000
   2013.62477169      0.0000
   2013.62480023      0.0000
   2013.62482877      0.0000
   2013.62485731      0.0000
   2013.62488584      0.0000
   2013.62491438      0.0000
   2013.62494292      0.0000
   2013.62497146      0.0000
   2013.62500000      0.0000
   2013.62502854      0.0000
   2013.62505708      0.0000
   2013.62508562      0.0000
   2013.62511416      0.0000
   2013.62514269      0.0000
   2013.62517123      0.0000
   2013.62519977      0.0000
   2013.62522831      0.0000
   2013.62525685      0.0000
   2013.62528539      0.0000
   2013.62531393      0.0000
   2013.62534247      0.0000
   2013.62537100      0.0000
   2013.62539954      0.0000
   2013.62542808      0.0000
   2013.62545662      0.0000
   2013.62548516      0.0000
   2013.62551370      0.0000
   2013.62554224      0.0000
   2013.62557078      0.0000
   2013.62559932      0.0000
   2013.62562785      0.0000
   2013.62565639      0.0000
   2013.62568493      0.0000
   2013.62571347      0.0000
   2013.62574201      0.0000
   2013.62577055      0.0000
   2013.62579909      0.0000
   2013.62582763      0.0000
   2013.62585616      0.0000
   2013.62588470      0.0000
   2013.62591324      0.0000
   2013.62594178      0.0000
   2013.62597032      0.0000
   2013.62599886      0.0000
   2013.62602740      0.0000
   2013.62605594      0.0000
   2013.62608447      0.0000
   2013.62611301      0.0000
   2013.62614155      0.0000
   2013.62617009      0.0000
   2013.62619863      0.0000
   2013.62622717      0.0000
   2013.62625571      0.0000
   2013.62628425      0.0000
   2013.62631279      0.0000
   2013.62634132      0.0000
   2013.62636986      0.0000
   2013.62639840      0.0000
   2013.62642694      0.0000
   2013.62645548      0.0000
   2013.62648402      0.0000
   2013.62651256      0.0000
   2013.62654110      0.0000
   2013.62656963      0.0000
   2013.62659817      0.0000
   2013.62662671      0.0000
   2013.62665525      0.0000
   2013.62668379      0.0000
   2013.62671233      0.0000
   2013.62674087      0.0000
   2013.62676941      0.0000
   2013.62679795      0.0000
   2013.62682648      0.0000
   2013.62685502      0.0000
   2013.62688356      0.0000
   2013.62691210      0.0000
   2013.62694064      0.0000
   2013.62696918      0.2409
   2013.62699772      0.6326
   2013.62702626      2.2186
   2013.62705479      4.8691
   2013.62708333      9.1420
   2013.62711187     17.0042
   2013.62714041     23.1940
   2013.62716895     23.6600
   2013.62719749     22.2999
   2013.62722603     20.7403
   2013.62725457     19.6626
   2013.62728311     18.8253
   2013.62731164     18.0661
   2013.62734018     17.6767
   2013.62736872     16.9546
   2013.62739726     16.1170
   2013.62742580     15.0127
   2013.62745434     13.8334
   2013.62748288     12.5894
   2013.62751142     11.1317
   2013.62753995      9.6646
   2013.62756849      8.4767
   2013.62759703      7.4595
   2013.62762557      6.9519
   2013.62765411      6.0268
   2013.62768265      4.8621
   2013.62771119      4.1807
   2013.62773973      3.6355
   2013.62776826      3.2079
   2013.62779680      2.7920
   2013.62782534      2.5499
   2013.62785388      2.1483
   2013.62788242      1.9050
   2013.62791096      1.6898
   2013.62793950      1.4997
   2013.62796804      1.3979
   2013.62799658      1.1972
   2013.62802511      1.0744
   2013.62805365      0.9691
   2013.62808219      0.8799
   2013.62811073      0.7947
   2013.62813927      0.7160
   2013.62816781      0.6470
   2013.62819635      0.5920
   2013.62822489      0.5391
   2013.62825342      0.4908
   2013.62828196      0.4479
   2013.62831050      0.4180
   2013.62833904      0.3852
   2013.62836758      0.3538
   2013.62839612      0.3251
   2013.62842466      0.3087
   2013.62845320      0.2871
   2013.62848174      0.2657
   2013.62851027      0.2455
   2013.62853881      0.2394
   2013.62856735      0.2248
   2013.62859589      0.2093
   2013.62862443      0.1946
   2013.62865297      0.1953
   2013.62868151      0.1858
   2013.62871005      0.1746
   2013.62873858      0.1641
   2013.62876712      0.1705
   2013.62879566      0.1650
   2013.62882420      0.1575
   2013.62885274      0.1508
   2013.62888128      0.1644
   2013.62890982      0.1638
   2013.62893836      0.1609
   2013.62896689      0.1591
   2013.62899543      0.1807
   2013.62902397      0.1873
   2013.62905251      0.1916
   2013.62908105      0.1978
   2013.62910959      0.2337
   2013.62913813      0.2523
   2013.62916667      0.2686
   2013.62919521      0.2958
   2013.62922374      0.3534
   2013.62925228      0.4048
   2013.62928082      0.4544
   2013.62930936      0.5080
   2013.62933790      0.6298
   2013.62936644      0.7397
   2013.62939498      0.8689
   2013.62942352      1.0192
   2013.62945205      1.2678
   2013.62948059      1.5337
   2013.62950913      1.7474
   2013.62953767      1.8971
   2013.62956621      2.0943
   2013.62959475      2.1788
   2013.62962329      2.2884
   2013.62965183      2.3221
   2013.62968037      2.4287
   2013.62970890      2.4354
   2013.62973744      2.4675
   2013.62976598      2.4447
   2013.62979452      2.4997
   2013.62982306      2.5017
   2013.62985160      2.4513
   2013.62988014      2.4065
   2013.62990868      2.4159
   2013.62993721      2.3721
   2013.62996575      2.3188
   2013.62999429      2.2481
   2013.63002283      2.1862
   2013.63005137      2.1610
   2013.63007991      2.0479
   2013.63010845      1.9772
   2013.63013699      1.9298
   2013.63016553      1.8935
   2013.63019406      1.7887
   2013.63022260      1.7073
   2013.63025114      1.6424
   2013.63027968      1.5482
   2013.63030822      1.4701
   2013.63033676      1.3908
   2013.63036530      1.3130
   2013.63039384      1.2370
   2013.63042237      1.1609
   2013.63045091      1.1060
   2013.63047945      1.0285
   2013.63050799      0.9491
   2013.63053653      0.8983
   2013.63056507      0.8389
   2013.63059361      0.7808
   2013.63062215      0.7250
   2013.63065068      0.6724
   2013.63067922      0.6243
   2013.63070776      0.5800
   2013.63073630      0.5392
   2013.63076484      0.5018
   2013.63079338      0.4674
   2013.63082192      0.4356
   2013.63085046      0.4062
   2013.63087900      0.3787
   2013.63090753      0.3531
   2013.63093607      0.3293
   2013.63096461      0.3071
   2013.63099315      0.2865
   2013.63102169      0.2674
   2013.63105023      0.2497
   2013.63107877      0.2331
   2013.63110731      0.2176
   2013.63113584      0.2031
   2013.63116438      0.1897
   2013.63119292      0.1772
   2013.63122146      0.1656
   2013.63125000      0.1549
   2013.63127854      0.1449
   2013.63130708      0.1356
   2013.63133562      0.1270
   2013.63136416      0.1189
   2013.63139269      0.1114
   2013.63142123      0.1044
