   2013.62465753      0.0000
   2013.62468607      0.0000
   2013.62471461      0.0000
   2013.62474315      0.0000
   2013.62477169      0.0000
   2013.62480023      0.0000
   2013.62482877      0.0000
   2013.62485731      0.0000
   2013.62488584      0.0000
   2013.62491438      0.0001
   2013.62494292      0.0003
   2013.62497146      0.0007
   2013.62500000      0.0052
   2013.62502854      0.0036
   2013.62505708      0.0033
   2013.62508562      0.0031
   2013.62511416      0.0347
   2013.62514269      0.0809
   2013.62517123      0.1336
   2013.62519977      0.2384
   2013.62522831      0.4340
   2013.62525685      0.7401
   2013.62528539      1.1970
   2013.62531393      1.8217
   2013.62534247      2.7959
   2013.62537100      4.1108
   2013.62539954      5.5181
   2013.62542808      6.5296
   2013.62545662      7.0675
   2013.62548516      7.4284
   2013.62551370      7.5935
   2013.62554224      7.7270
   2013.62557078      7.6653
   2013.62559932      7.7031
   2013.62562785      7.4773
   2013.62565639      7.3054
   2013.62568493      7.1214
   2013.62571347      7.1942
   2013.62574201      7.0522
   2013.62577055      6.8356
   2013.62579909      6.9697
   2013.62582763      7.2416
   2013.62585616      7.5884
   2013.62588470      8.0658
   2013.62591324      8.2797
   2013.62594178      8.6085
   2013.62597032      9.1347
   2013.62599886      9.6515
   2013.62602740      9.5962
   2013.62605594      9.0597
   2013.62608447      8.3886
   2013.62611301      6.8521
   2013.62614155      6.0923
   2013.62617009      5.1534
   2013.62619863      4.4214
   2013.62622717      3.8110
   2013.62625571      3.3274
   2013.62628425      2.8661
   2013.62631279      2.4871
   2013.62634132      2.1869
   2013.62636986      1.9592
   2013.62639840      1.7232
   2013.62642694      1.5184
   2013.62645548      1.3772
   2013.62648402      1.1983
   2013.62651256      1.0497
   2013.62654110      0.9530
   2013.62656963      0.8550
   2013.62659817      0.7662
   2013.62662671      0.6876
   2013.62665525      0.6190
   2013.62668379      0.5586
   2013.62671233      0.5054
   2013.62674087      0.4587
   2013.62676941      0.4174
   2013.62679795      0.3809
   2013.62682648      0.3483
   2013.62685502      0.3191
   2013.62688356      0.2929
   2013.62691210      0.2693
   2013.62694064      0.2479
   2013.62696918      0.2283
   2013.62699772      0.2104
   2013.62702626      0.1942
   2013.62705479      0.1794
   2013.62708333      0.1659
   2013.62711187      0.1537
   2013.62714041      0.1425
   2013.62716895      0.1322
   2013.62719749      0.1228
   2013.62722603      0.1141
   2013.62725457      0.1062
   2013.62728311      0.0988
   2013.62731164      0.0921
   2013.62734018      0.0858
   2013.62736872      0.0800
   2013.62739726      0.0746
   2013.62742580      0.0695
   2013.62745434      0.0647
   2013.62748288      0.0603
   2013.62751142      0.0561
   2013.62753995      0.0522
   2013.62756849      0.0486
   2013.62759703      0.0453
