   2013.62465753      0.0000
   2013.62468607      0.0000
   2013.62471461      0.0000
   2013.62474315      0.0000
   2013.62477169      0.0000
   2013.62480023      0.0000
   2013.62482877      0.0000
   2013.62485731      0.0000
   2013.62488584      0.0000
   2013.62491438      0.0002
   2013.62494292      0.0005
   2013.62497146      0.0007
   2013.62500000      0.0037
   2013.62502854      0.0028
   2013.62505708      0.0025
   2013.62508562      0.0023
   2013.62511416      0.0082
   2013.62514269      0.0486
   2013.62517123      0.0820
   2013.62519977      0.1349
   2013.62522831      0.2395
   2013.62525685      0.3922
   2013.62528539      0.6226
   2013.62531393      0.9539
   2013.62534247      1.4445
   2013.62537100      2.1168
   2013.62539954      2.9265
   2013.62542808      3.9440
   2013.62545662      4.7437
   2013.62548516      5.0505
   2013.62551370      5.2230
   2013.62554224      5.2879
   2013.62557078      4.9487
   2013.62559932      5.2730
   2013.62562785      5.0408
   2013.62565639      5.0035
   2013.62568493      4.6907
   2013.62571347      5.0080
   2013.62574201      4.9376
   2013.62577055      4.9303
   2013.62579909      4.7214
   2013.62582763      5.0512
   2013.62585616      5.3587
   2013.62588470      5.4558
   2013.62591324      5.5540
   2013.62594178      6.1120
   2013.62597032      6.5103
   2013.62599886      6.8215
   2013.62602740      7.1791
   2013.62605594      7.6524
   2013.62608447      7.8268
   2013.62611301      8.1020
   2013.62614155      8.4664
   2013.62617009      9.0498
   2013.62619863      9.3081
   2013.62622717      9.5789
   2013.62625571      9.5101
   2013.62628425     10.4476
   2013.62631279     10.7312
   2013.62634132     10.8140
   2013.62636986     10.8150
   2013.62639840     11.7655
   2013.62642694     12.0269
   2013.62645548     11.9979
   2013.62648402     12.2867
   2013.62651256     12.8892
   2013.62654110     13.1323
   2013.62656963     13.0229
   2013.62659817     13.1210
   2013.62662671     13.8077
   2013.62665525     13.9309
   2013.62668379     13.7027
   2013.62671233     14.0673
   2013.62674087     15.4986
   2013.62676941     14.5906
   2013.62679795     13.9869
   2013.62682648     13.2140
   2013.62685502     12.7085
   2013.62688356     14.6227
   2013.62691210     15.7476
   2013.62694064     15.0064
   2013.62696918     13.8581
   2013.62699772     12.0524
   2013.62702626     10.8033
   2013.62705479     10.3896
   2013.62708333     10.4359
   2013.62711187     11.0869
   2013.62714041     10.9017
   2013.62716895      9.9951
   2013.62719749      8.9931
   2013.62722603      8.4921
   2013.62725457      6.9475
   2013.62728311      6.6934
   2013.62731164      5.6038
   2013.62734018      5.7604
   2013.62736872      4.9818
   2013.62739726      4.5632
   2013.62742580      4.4316
   2013.62745434      3.7549
   2013.62748288      3.3184
   2013.62751142      2.9393
   2013.62753995      2.7646
   2013.62756849      2.4131
   2013.62759703      2.1456
   2013.62762557      1.8552
   2013.62765411      1.6743
   2013.62768265      1.5121
   2013.62771119      1.3679
   2013.62773973      1.2873
   2013.62776826      1.1380
   2013.62779680      1.0145
   2013.62782534      0.9454
   2013.62785388      0.8656
   2013.62788242      0.7894
   2013.62791096      0.7191
   2013.62793950      0.6553
   2013.62796804      0.5983
   2013.62799658      0.5469
   2013.62802511      0.5010
   2013.62805365      0.4600
   2013.62808219      0.4232
   2013.62811073      0.3899
   2013.62813927      0.3596
   2013.62816781      0.3320
   2013.62819635      0.3069
   2013.62822489      0.2839
   2013.62825342      0.2629
   2013.62828196      0.2436
   2013.62831050      0.2257
   2013.62833904      0.2092
   2013.62836758      0.1940
   2013.62839612      0.1801
   2013.62842466      0.1673
   2013.62845320      0.1555
   2013.62848174      0.1446
   2013.62851027      0.1346
   2013.62853881      0.1254
   2013.62856735      0.1168
   2013.62859589      0.1089
   2013.62862443      0.1015
   2013.62865297      0.0947
   2013.62868151      0.0884
   2013.62871005      0.0825
   2013.62873858      0.0770
   2013.62876712      0.0719
   2013.62879566      0.0670
   2013.62882420      0.0624
   2013.62885274      0.0581
   2013.62888128      0.0541
   2013.62890982      0.0503
   2013.62893836      0.0468
