   2013.62465753      0.0000
   2013.62468607      0.0000
   2013.62471461      0.0000
   2013.62474315      0.0000
   2013.62477169      0.0000
   2013.62480023      0.0000
   2013.62482877      0.0000
   2013.62485731      0.0000
   2013.62488584      0.0000
   2013.62491438      0.0000
   2013.62494292      0.0000
   2013.62497146      0.0000
   2013.62500000      0.0000
   2013.62502854      0.0000
   2013.62505708      0.0000
   2013.62508562      0.0000
   2013.62511416      0.0000
   2013.62514269      0.0000
   2013.62517123      0.0000
   2013.62519977      0.0000
   2013.62522831      0.0000
   2013.62525685      0.0000
   2013.62528539      0.0000
   2013.62531393      0.0000
   2013.62534247      0.0000
   2013.62537100      0.0026
   2013.62539954      0.0023
   2013.62542808      0.0025
   2013.62545662      0.0035
   2013.62548516      0.0205
   2013.62551370      0.0583
   2013.62554224      0.0945
   2013.62557078      0.1677
   2013.62559932      0.2831
   2013.62562785      0.4429
   2013.62565639      0.7001
   2013.62568493      1.0837
   2013.62571347      1.6235
   2013.62574201      2.4087
   2013.62577055      3.4484
   2013.62579909      4.5515
   2013.62582763      5.3890
   2013.62585616      5.7645
   2013.62588470      6.0125
   2013.62591324      5.9223
   2013.62594178      6.2603
   2013.62597032      6.0397
   2013.62599886      5.6152
   2013.62602740      5.4832
   2013.62605594      5.6314
   2013.62608447      4.7524
   2013.62611301      4.5521
   2013.62614155      4.0685
   2013.62617009      3.9462
   2013.62619863      3.6058
   2013.62622717      3.3601
   2013.62625571      3.1122
   2013.62628425      2.9251
   2013.62631279      2.6384
   2013.62634132      2.4398
   2013.62636986      2.3200
   2013.62639840      2.2067
   2013.62642694      2.0686
   2013.62645548      1.9343
   2013.62648402      1.8846
   2013.62651256      1.8103
   2013.62654110      1.7398
   2013.62656963      1.6651
   2013.62659817      1.6668
   2013.62662671      1.6450
   2013.62665525      1.6250
   2013.62668379      1.5967
   2013.62671233      1.6389
   2013.62674087      1.6572
   2013.62676941      1.6703
   2013.62679795      1.6699
   2013.62682648      1.7367
   2013.62685502      1.7710
   2013.62688356      1.7890
   2013.62691210      1.7938
   2013.62694064      1.8550
   2013.62696918      1.8792
   2013.62699772      1.8833
   2013.62702626      1.8753
   2013.62705479      1.9194
   2013.62708333      1.9251
   2013.62711187      1.9152
   2013.62714041      1.8898
   2013.62716895      1.9160
   2013.62719749      1.9062
   2013.62722603      1.8849
   2013.62725457      1.8475
   2013.62728311      1.8608
   2013.62731164      1.8350
   2013.62734018      1.8056
   2013.62736872      1.7601
   2013.62739726      1.7248
   2013.62742580      1.7280
   2013.62745434      1.6947
   2013.62748288      1.6470
   2013.62751142      1.6100
   2013.62753995      1.6008
   2013.62756849      1.5658
   2013.62759703      1.4907
   2013.62762557      1.4793
   2013.62765411      1.4625
   2013.62768265      1.4266
   2013.62771119      1.3943
   2013.62773973      1.2375
   2013.62776826      1.3188
   2013.62779680      1.3043
   2013.62782534      1.2320
   2013.62785388      1.1165
   2013.62788242      1.1776
   2013.62791096      1.1390
   2013.62793950      1.0814
   2013.62796804      1.1107
   2013.62799658      1.0127
   2013.62802511      1.0097
   2013.62805365      0.9739
   2013.62808219      0.9599
   2013.62811073      0.9329
   2013.62813927      0.8918
   2013.62816781      0.8667
   2013.62819635      0.8551
   2013.62822489      0.8305
   2013.62825342      0.8016
   2013.62828196      0.7754
   2013.62831050      0.7724
   2013.62833904      0.7564
   2013.62836758      0.7361
   2013.62839612      0.7177
   2013.62842466      0.7220
   2013.62845320      0.7110
   2013.62848174      0.6960
   2013.62851027      0.6832
   2013.62853881      0.6961
   2013.62856735      0.6917
   2013.62859589      0.6837
   2013.62862443      0.6784
   2013.62865297      0.6987
   2013.62868151      0.7273
   2013.62871005      0.7040
   2013.62873858      0.7068
   2013.62876712      0.7394
   2013.62879566      0.7803
   2013.62882420      0.7677
   2013.62885274      0.7768
   2013.62888128      0.8221
   2013.62890982      0.8852
   2013.62893836      0.8776
   2013.62896689      0.9017
   2013.62899543      0.9605
   2013.62902397      0.9979
   2013.62905251      1.0408
   2013.62908105      1.0795
   2013.62910959      1.1823
   2013.62913813      1.2581
   2013.62916667      1.2850
   2013.62919521      1.3158
   2013.62922374      1.3471
   2013.62925228      1.4306
   2013.62928082      1.5458
   2013.62930936      1.5797
   2013.62933790      1.5971
   2013.62936644      1.6089
   2013.62939498      1.6549
   2013.62942352      1.7410
   2013.62945205      1.8132
   2013.62948059      1.8244
   2013.62950913      1.8008
   2013.62953767      1.7855
   2013.62956621      1.8282
   2013.62959475      1.8648
   2013.62962329      1.8649
   2013.62965183      1.8445
   2013.62968037      1.8586
   2013.62970890      1.9074
   2013.62973744      1.9319
   2013.62976598      1.9127
   2013.62979452      1.8685
   2013.62982306      1.7897
   2013.62985160      1.7743
   2013.62988014      1.7605
   2013.62990868      1.7784
   2013.62993721      1.7054
   2013.62996575      1.6647
   2013.62999429      1.6161
   2013.63002283      1.5728
   2013.63005137      1.5323
   2013.63007991      1.4901
   2013.63010845      1.4466
   2013.63013699      1.4062
   2013.63016553      1.3784
   2013.63019406      1.3342
   2013.63022260      1.3015
   2013.63025114      1.2659
   2013.63027968      1.2278
   2013.63030822      1.1883
   2013.63033676      1.1488
   2013.63036530      1.1104
   2013.63039384      1.0724
   2013.63042237      1.0864
   2013.63045091      1.0087
   2013.63047945      0.9605
   2013.63050799      0.9044
   2013.63053653      0.8759
   2013.63056507      0.8371
   2013.63059361      0.7970
   2013.63062215      0.7565
   2013.63065068      0.7158
   2013.63067922      0.6763
   2013.63070776      0.6387
   2013.63073630      0.6026
   2013.63076484      0.5676
   2013.63079338      0.5338
   2013.63082192      0.5015
   2013.63085046      0.4707
   2013.63087900      0.4414
   2013.63090753      0.4136
   2013.63093607      0.3872
   2013.63096461      0.3623
   2013.63099315      0.3387
   2013.63102169      0.3166
   2013.63105023      0.2958
   2013.63107877      0.2764
   2013.63110731      0.2584
   2013.63113584      0.2414
   2013.63116438      0.2254
   2013.63119292      0.2105
   2013.63122146      0.1965
   2013.63125000      0.1836
   2013.63127854      0.1715
   2013.63130708      0.1603
   2013.63133562      0.1499
   2013.63136416      0.1402
   2013.63139269      0.1312
   2013.63142123      0.1228
   2013.63144977      0.1150
   2013.63147831      0.1077
   2013.63150685      0.1010
