   2013.62465753      0.0000
   2013.62468607      0.0000
   2013.62471461      0.0000
   2013.62474315      0.0000
   2013.62477169      0.0000
   2013.62480023      0.0000
   2013.62482877      0.0000
   2013.62485731      0.0000
   2013.62488584      0.0000
   2013.62491438      0.0011
   2013.62494292      0.0019
   2013.62497146      0.0023
   2013.62500000      0.0084
   2013.62502854      0.0067
   2013.62505708      0.0493
   2013.62508562      0.0911
   2013.62511416      0.1945
   2013.62514269      0.3834
   2013.62517123      0.7125
   2013.62519977      1.2527
   2013.62522831      2.1247
   2013.62525685      3.3516
   2013.62528539      5.1697
   2013.62531393      7.1862
   2013.62534247      8.6060
   2013.62537100      9.4018
   2013.62539954      9.8415
   2013.62542808      9.9618
   2013.62545662     10.1885
   2013.62548516     10.2194
   2013.62551370     10.3083
   2013.62554224     10.2611
   2013.62557078     10.3772
   2013.62559932     10.5135
   2013.62562785     10.6030
   2013.62565639     10.5972
   2013.62568493     10.7599
   2013.62571347     10.9647
   2013.62574201     11.1437
   2013.62577055     11.2163
   2013.62579909     11.4124
   2013.62582763     11.6473
   2013.62585616     11.7225
   2013.62588470     11.5246
   2013.62591324     11.1591
   2013.62594178     11.2175
   2013.62597032     11.0897
   2013.62599886     10.5507
   2013.62602740     10.2852
   2013.62605594     10.2895
   2013.62608447     10.2374
   2013.62611301      9.9759
   2013.62614155     10.0678
   2013.62617009     10.5788
   2013.62619863     11.2142
   2013.62622717     11.7113
   2013.62625571     12.6671
   2013.62628425     13.5305
   2013.62631279     14.7346
   2013.62634132     15.1884
   2013.62636986     16.0685
   2013.62639840     16.7303
   2013.62642694     17.4938
   2013.62645548     17.4645
   2013.62648402     17.8903
   2013.62651256     18.3898
   2013.62654110     19.1856
   2013.62656963     18.8398
   2013.62659817     19.0380
   2013.62662671     19.4186
   2013.62665525     19.9743
   2013.62668379     19.5696
   2013.62671233     19.5504
   2013.62674087     19.7665
   2013.62676941     20.1877
   2013.62679795     19.6941
   2013.62682648     19.5957
   2013.62685502     19.6437
   2013.62688356     19.9754
   2013.62691210     19.3951
   2013.62694064     19.0858
   2013.62696918     18.9014
   2013.62699772     19.1405
   2013.62702626     18.4736
   2013.62705479     18.1754
   2013.62708333     17.9109
   2013.62711187     17.8182
   2013.62714041     17.1894
   2013.62716895     16.8510
   2013.62719749     16.4321
   2013.62722603     16.1633
   2013.62725457     15.5939
   2013.62728311     15.3593
   2013.62731164     14.9144
   2013.62734018     14.6532
   2013.62736872     14.0522
   2013.62739726     13.8397
   2013.62742580     13.4168
   2013.62745434     13.1831
   2013.62748288     12.6872
   2013.62751142     12.2635
   2013.62753995     12.0967
   2013.62756849     11.8219
   2013.62759703     11.3774
   2013.62762557     10.8143
   2013.62765411     10.8202
   2013.62768265     10.5336
   2013.62771119     10.1205
   2013.62773973      9.7005
   2013.62776826      9.7299
   2013.62779680      9.5612
   2013.62782534      9.1946
   2013.62785388      8.9991
   2013.62788242      8.8901
   2013.62791096      8.7152
   2013.62793950      8.4983
   2013.62796804      8.3348
   2013.62799658      8.2825
   2013.62802511      8.1478
   2013.62805365      7.9614
   2013.62808219      7.8429
   2013.62811073      7.8955
   2013.62813927      7.9753
   2013.62816781      7.6167
   2013.62819635      7.6547
   2013.62822489      7.7612
   2013.62825342      7.7061
   2013.62828196      7.6286
   2013.62831050      7.7401
   2013.62833904      7.8942
   2013.62836758      7.9505
   2013.62839612      7.9928
   2013.62842466      8.1783
   2013.62845320      8.4180
   2013.62848174      8.5452
   2013.62851027      8.6363
   2013.62853881      8.8393
   2013.62856735      9.1782
   2013.62859589      9.4431
   2013.62862443      9.5636
   2013.62865297      9.7582
   2013.62868151     10.2698
   2013.62871005     10.6724
   2013.62873858     10.8354
   2013.62876712     11.2666
   2013.62879566     11.7507
   2013.62882420     12.2556
   2013.62885274     12.3909
   2013.62888128     13.0476
   2013.62890982     13.3272
   2013.62893836     14.0165
   2013.62896689     14.1019
   2013.62899543     14.7719
   2013.62902397     15.1538
   2013.62905251     15.9173
   2013.62908105     15.9710
   2013.62910959     16.6127
   2013.62913813     16.9718
   2013.62916667     17.7746
   2013.62919521     17.6867
   2013.62922374     18.0781
   2013.62925228     18.5666
   2013.62928082     19.2417
   2013.62930936     18.9998
   2013.62933790     20.1289
   2013.62936644     19.8329
   2013.62939498     20.1345
   2013.62942352     19.6965
   2013.62945205     18.7429
   2013.62948059     20.1597
   2013.62950913     24.0952
   2013.62953767     24.0425
   2013.62956621     21.1781
   2013.62959475     18.3105
   2013.62962329     16.1809
   2013.62965183     14.7156
   2013.62968037     15.1727
   2013.62970890     17.3514
   2013.62973744     17.7009
   2013.62976598     15.8953
   2013.62979452     13.5959
   2013.62982306     11.4400
   2013.62985160      9.6662
   2013.62988014      8.3540
   2013.62990868      7.5244
   2013.62993721      7.0708
   2013.62996575      7.8899
   2013.62999429      6.0183
   2013.63002283      5.4412
   2013.63005137      4.7806
   2013.63007991      4.0931
   2013.63010845      3.6422
   2013.63013699      3.2257
   2013.63016553      2.9125
   2013.63019406      2.4554
   2013.63022260      2.1578
   2013.63025114      1.9632
   2013.63027968      1.7454
   2013.63030822      1.5499
   2013.63033676      1.3792
   2013.63036530      1.2462
   2013.63039384      1.1131
   2013.63042237      0.9953
   2013.63045091      0.9047
   2013.63047945      0.8178
   2013.63050799      0.7395
   2013.63053653      0.6696
   2013.63056507      0.6082
   2013.63059361      0.5536
   2013.63062215      0.5053
   2013.63065068      0.4626
   2013.63067922      0.4245
   2013.63070776      0.3904
   2013.63073630      0.3597
   2013.63076484      0.3319
   2013.63079338      0.3066
   2013.63082192      0.2837
   2013.63085046      0.2628
   2013.63087900      0.2436
   2013.63090753      0.2259
   2013.63093607      0.2096
   2013.63096461      0.1947
   2013.63099315      0.1810
   2013.63102169      0.1684
   2013.63105023      0.1569
   2013.63107877      0.1462
   2013.63110731      0.1364
   2013.63113584      0.1274
   2013.63116438      0.1190
   2013.63119292      0.1112
   2013.63122146      0.1040
