   2013.62465753      0.0000
   2013.62468607      0.0000
   2013.62471461      0.0000
   2013.62474315      0.0000
   2013.62477169      0.0000
   2013.62480023      0.0000
   2013.62482877      0.0005
   2013.62485731      0.0012
   2013.62488584      0.0018
   2013.62491438      0.0024
   2013.62494292      0.0029
   2013.62497146      0.0034
   2013.62500000      0.0140
   2013.62502854      0.0552
   2013.62505708      0.0937
   2013.62508562      0.1685
   2013.62511416      0.2946
   2013.62514269      0.4970
   2013.62517123      0.8198
   2013.62519977      1.2916
   2013.62522831      1.9495
   2013.62525685      2.8654
   2013.62528539      4.0739
   2013.62531393      5.2551
   2013.62534247      6.0854
   2013.62537100      6.5214
   2013.62539954      6.8606
   2013.62542808      6.8731
   2013.62545662      6.8077
   2013.62548516      6.6299
   2013.62551370      6.3219
   2013.62554224      5.9733
   2013.62557078      5.3911
   2013.62559932      4.9447
   2013.62562785      4.5304
   2013.62565639      4.2791
   2013.62568493      3.7587
   2013.62571347      3.4460
   2013.62574201      3.1423
   2013.62577055      2.8240
   2013.62579909      2.4985
   2013.62582763      2.2064
   2013.62585616      2.0183
   2013.62588470      1.8129
   2013.62591324      1.6186
   2013.62594178      1.4443
   2013.62597032      1.3220
   2013.62599886      1.1640
   2013.62602740      1.0289
   2013.62605594      0.9397
   2013.62608447      0.8477
   2013.62611301      0.7633
   2013.62614155      0.6874
   2013.62617009      0.6205
   2013.62619863      0.5613
   2013.62622717      0.5087
   2013.62625571      0.4622
   2013.62628425      0.4212
   2013.62631279      0.3846
   2013.62634132      0.3518
   2013.62636986      0.3224
   2013.62639840      0.2959
   2013.62642694      0.2720
   2013.62645548      0.2503
   2013.62648402      0.2305
   2013.62651256      0.2123
   2013.62654110      0.1958
   2013.62656963      0.1808
   2013.62659817      0.1671
   2013.62662671      0.1546
   2013.62665525      0.1433
   2013.62668379      0.1328
   2013.62671233      0.1233
   2013.62674087      0.1145
   2013.62676941      0.1065
