   2013.62465753      0.0000
   2013.62468607      0.0000
   2013.62471461      0.0000
   2013.62474315      0.0000
   2013.62477169      0.0000
   2013.62480023      0.0000
   2013.62482877      0.0000
   2013.62485731      0.0000
   2013.62488584      0.0000
   2013.62491438      0.0000
   2013.62494292      0.0000
   2013.62497146      0.0000
   2013.62500000      0.0000
   2013.62502854      0.0000
   2013.62505708      0.0000
   2013.62508562      0.0000
   2013.62511416      0.0000
   2013.62514269      0.0000
   2013.62517123      0.0000
   2013.62519977      0.0000
   2013.62522831      0.0000
   2013.62525685      0.0000
   2013.62528539      0.0000
   2013.62531393      0.0000
   2013.62534247      0.0000
   2013.62537100      0.0000
   2013.62539954      0.0000
   2013.62542808      0.0000
   2013.62545662      0.0000
   2013.62548516      0.0000
   2013.62551370      0.0000
   2013.62554224      0.0000
   2013.62557078      0.0000
   2013.62559932      0.0000
   2013.62562785      0.0000
   2013.62565639      0.0000
   2013.62568493      0.0000
   2013.62571347      0.0000
   2013.62574201      0.0000
   2013.62577055      0.0000
   2013.62579909      0.0000
   2013.62582763      0.0000
   2013.62585616      0.0000
   2013.62588470      0.0000
   2013.62591324      0.0000
   2013.62594178      0.0000
   2013.62597032      0.0000
   2013.62599886      0.0000
   2013.62602740      0.0000
   2013.62605594      0.0000
   2013.62608447      0.0000
   2013.62611301      0.0000
   2013.62614155      0.0000
   2013.62617009      0.0000
   2013.62619863      0.0000
   2013.62622717      0.0000
   2013.62625571      0.0000
   2013.62628425      0.1503
   2013.62631279      0.3033
   2013.62634132      1.0330
   2013.62636986      3.0658
   2013.62639840      8.7958
   2013.62642694     19.7998
   2013.62645548     21.8579
   2013.62648402     19.2752
   2013.62651256     16.2710
   2013.62654110     13.8674
   2013.62656963     12.1011
   2013.62659817     10.3064
   2013.62662671      9.1063
   2013.62665525      8.3446
   2013.62668379      7.5123
   2013.62671233      6.8938
   2013.62674087      6.4331
   2013.62676941      6.0966
   2013.62679795      5.8614
   2013.62682648      5.7033
   2013.62685502      5.6031
   2013.62688356      5.5458
   2013.62691210      5.5192
   2013.62694064      5.5139
   2013.62696918      5.5226
   2013.62699772      5.5396
   2013.62702626      5.5609
   2013.62705479      5.5840
   2013.62708333      5.6062
   2013.62711187      5.5540
   2013.62714041      5.5405
   2013.62716895      5.3573
   2013.62719749      5.1355
   2013.62722603      4.7094
   2013.62725457      4.8446
   2013.62728311      4.2013
   2013.62731164      4.1592
   2013.62734018      3.5897
   2013.62736872      3.3625
   2013.62739726      3.0351
   2013.62742580      2.7659
   2013.62745434      2.6292
   2013.62748288      2.3193
   2013.62751142      2.0870
   2013.62753995      1.8069
   2013.62756849      1.6341
   2013.62759703      1.4709
   2013.62762557      1.3912
   2013.62765411      1.1909
   2013.62768265      1.0773
   2013.62771119      0.9762
   2013.62773973      0.8865
   2013.62776826      0.8033
   2013.62779680      0.7266
   2013.62782534      0.6579
   2013.62785388      0.5974
   2013.62788242      0.5433
   2013.62791096      0.4951
   2013.62793950      0.4521
   2013.62796804      0.4137
   2013.62799658      0.3791
   2013.62802511      0.3480
   2013.62805365      0.3199
   2013.62808219      0.2944
   2013.62811073      0.2714
   2013.62813927      0.2504
   2013.62816781      0.2311
   2013.62819635      0.2134
   2013.62822489      0.1972
   2013.62825342      0.1823
   2013.62828196      0.1688
   2013.62831050      0.1564
   2013.62833904      0.1450
   2013.62836758      0.1346
   2013.62839612      0.1250
   2013.62842466      0.1161
   2013.62845320      0.1079
   2013.62848174      0.1004
