   2013.62465753      0.0000
   2013.62468607      0.0000
   2013.62471461      0.0000
   2013.62474315      0.0000
   2013.62477169      0.0000
   2013.62480023      0.0000
   2013.62482877      0.0000
   2013.62485731      0.0000
   2013.62488584      0.0000
   2013.62491438      0.0000
   2013.62494292      0.0000
   2013.62497146      0.0000
   2013.62500000      0.0000
   2013.62502854      0.0000
   2013.62505708      0.0000
   2013.62508562      0.0000
   2013.62511416      0.0000
   2013.62514269      0.0000
   2013.62517123      0.0000
   2013.62519977      0.0000
   2013.62522831      0.0000
   2013.62525685      0.0000
   2013.62528539      0.0000
   2013.62531393      0.0000
   2013.62534247      0.0000
   2013.62537100      0.0000
   2013.62539954      0.0000
   2013.62542808      0.0000
   2013.62545662      0.0000
   2013.62548516      0.0000
   2013.62551370      0.0000
   2013.62554224      0.0000
   2013.62557078      0.0000
   2013.62559932      0.0000
   2013.62562785      0.0000
   2013.62565639      0.0000
   2013.62568493      0.0000
   2013.62571347      0.0000
   2013.62574201      0.0000
   2013.62577055      0.0000
   2013.62579909      0.0000
   2013.62582763      0.0000
   2013.62585616      0.0000
   2013.62588470      0.0000
   2013.62591324      0.0000
   2013.62594178      0.0000
   2013.62597032      0.0000
   2013.62599886      0.0000
   2013.62602740      0.0000
   2013.62605594      0.0000
   2013.62608447      0.0000
   2013.62611301      0.0000
   2013.62614155      0.0000
   2013.62617009      0.0000
   2013.62619863      0.0000
   2013.62622717      0.0000
   2013.62625571      0.0000
   2013.62628425      0.0000
   2013.62631279      0.0000
   2013.62634132      0.0000
   2013.62636986      0.0000
   2013.62639840      0.0000
   2013.62642694      0.0000
   2013.62645548      0.0000
   2013.62648402      0.0000
   2013.62651256      0.0000
   2013.62654110      0.0000
   2013.62656963      0.0000
   2013.62659817      0.0000
   2013.62662671      0.0034
   2013.62665525      0.0053
   2013.62668379      0.0072
   2013.62671233      0.0534
   2013.62674087      0.1220
   2013.62676941      0.2654
   2013.62679795      0.5975
   2013.62682648      1.2674
   2013.62685502      2.2769
   2013.62688356      3.7363
   2013.62691210      5.8737
   2013.62694064      8.3466
   2013.62696918      9.7087
   2013.62699772      9.8936
   2013.62702626      9.3552
   2013.62705479      8.5883
   2013.62708333      7.6612
   2013.62711187      6.8050
   2013.62714041      6.4623
   2013.62716895      5.2507
   2013.62719749      5.0608
   2013.62722603      4.0326
   2013.62725457      3.6327
   2013.62728311      3.1731
   2013.62731164      2.8261
   2013.62734018      2.5176
   2013.62736872      2.2362
   2013.62739726      2.0003
   2013.62742580      1.8029
   2013.62745434      1.6325
   2013.62748288      1.4823
   2013.62751142      1.3490
   2013.62753995      1.2585
   2013.62756849      1.1339
   2013.62759703      1.0160
   2013.62762557      0.9552
   2013.62765411      0.8831
   2013.62768265      0.8144
   2013.62771119      0.7517
   2013.62773973      0.6947
   2013.62776826      0.6440
   2013.62779680      0.5990
   2013.62782534      0.5587
   2013.62785388      0.5224
   2013.62788242      0.4897
   2013.62791096      0.4599
   2013.62793950      0.4326
   2013.62796804      0.4075
   2013.62799658      0.3843
   2013.62802511      0.3629
   2013.62805365      0.3431
   2013.62808219      0.3248
   2013.62811073      0.3078
   2013.62813927      0.2921
   2013.62816781      0.2775
   2013.62819635      0.2640
   2013.62822489      0.2514
   2013.62825342      0.2395
   2013.62828196      0.2284
   2013.62831050      0.2178
   2013.62833904      0.2080
   2013.62836758      0.1987
   2013.62839612      0.1901
   2013.62842466      0.1819
   2013.62845320      0.1743
   2013.62848174      0.1670
   2013.62851027      0.1602
   2013.62853881      0.1538
   2013.62856735      0.1477
   2013.62859589      0.1419
   2013.62862443      0.1365
   2013.62865297      0.1313
   2013.62868151      0.1264
   2013.62871005      0.1218
   2013.62873858      0.1174
   2013.62876712      0.1132
   2013.62879566      0.1093
   2013.62882420      0.1055
   2013.62885274      0.1019
