   2013.62465753      0.0000
   2013.62468607      0.0000
   2013.62471461      0.0000
   2013.62474315      0.0000
   2013.62477169      0.0000
   2013.62480023      0.0000
   2013.62482877      0.0000
   2013.62485731      0.0000
   2013.62488584      0.0000
   2013.62491438      0.0000
   2013.62494292      0.0000
   2013.62497146      0.0000
   2013.62500000      0.0000
   2013.62502854      0.0000
   2013.62505708      0.0000
   2013.62508562      0.0000
   2013.62511416      0.0000
   2013.62514269      0.0000
   2013.62517123      0.0000
   2013.62519977      0.0000
   2013.62522831      0.0000
   2013.62525685      0.0032
   2013.62528539      0.0044
   2013.62531393      0.0057
   2013.62534247      0.0355
   2013.62537100      0.0946
   2013.62539954      0.1870
   2013.62542808      0.3931
   2013.62545662      0.8074
   2013.62548516      1.5519
   2013.62551370      2.7407
   2013.62554224      4.5728
   2013.62557078      7.2526
   2013.62559932     10.1586
   2013.62562785     11.5001
   2013.62565639     11.9606
   2013.62568493     11.4753
   2013.62571347     11.4944
   2013.62574201     10.6822
   2013.62577055      9.7008
   2013.62579909      8.8480
   2013.62582763      8.2641
   2013.62585616      7.2122
   2013.62588470      6.7573
   2013.62591324      5.9453
   2013.62594178      4.9902
   2013.62597032      4.6437
   2013.62599886      3.8506
   2013.62602740      3.4461
   2013.62605594      3.1686
   2013.62608447      2.8006
   2013.62611301      2.5273
   2013.62614155      2.3566
   2013.62617009      2.1968
   2013.62619863      2.0292
   2013.62622717      1.8701
   2013.62625571      1.7694
   2013.62628425      1.7087
   2013.62631279      1.6274
   2013.62634132      1.5429
   2013.62636986      1.5316
   2013.62639840      1.5016
   2013.62642694      1.4831
   2013.62645548      1.4557
   2013.62648402      1.4986
   2013.62651256      1.5279
   2013.62654110      1.5567
   2013.62656963      1.5774
   2013.62659817      1.6726
   2013.62662671      1.7507
   2013.62665525      1.8058
   2013.62668379      1.8445
   2013.62671233      1.9653
   2013.62674087      2.0500
   2013.62676941      2.0899
   2013.62679795      2.1143
   2013.62682648      2.2228
   2013.62685502      2.2338
   2013.62688356      2.2911
   2013.62691210      2.2876
   2013.62694064      2.3703
   2013.62696918      2.3578
   2013.62699772      2.3826
   2013.62702626      2.3561
   2013.62705479      2.4134
   2013.62708333      2.4224
   2013.62711187      2.3784
   2013.62714041      2.3398
   2013.62716895      2.3683
   2013.62719749      2.3432
   2013.62722603      2.2992
   2013.62725457      2.2478
   2013.62728311      2.2524
   2013.62731164      2.2113
   2013.62734018      2.1628
   2013.62736872      2.0989
   2013.62739726      2.0444
   2013.62742580      2.0364
   2013.62745434      1.9838
   2013.62748288      1.9212
   2013.62751142      1.8614
   2013.62753995      1.8361
   2013.62756849      1.7829
   2013.62759703      1.6894
   2013.62762557      1.6569
   2013.62765411      1.6280
   2013.62768265      1.5754
   2013.62771119      1.4915
   2013.62773973      1.3415
   2013.62776826      1.4204
   2013.62779680      1.3928
   2013.62782534      1.3067
   2013.62785388      1.2727
   2013.62788242      1.2537
   2013.62791096      1.1792
   2013.62793950      1.1092
   2013.62796804      1.1336
   2013.62799658      1.0676
   2013.62802511      1.0145
   2013.62805365      0.9730
   2013.62808219      0.9318
   2013.62811073      0.9112
   2013.62813927      0.8748
   2013.62816781      0.8388
   2013.62819635      0.8215
   2013.62822489      0.7922
   2013.62825342      0.7601
   2013.62828196      0.7314
   2013.62831050      0.7239
   2013.62833904      0.7036
   2013.62836758      0.6799
   2013.62839612      0.6586
   2013.62842466      0.6603
   2013.62845320      0.6460
   2013.62848174      0.6288
   2013.62851027      0.6142
   2013.62853881      0.6253
   2013.62856735      0.6183
   2013.62859589      0.6088
   2013.62862443      0.6021
   2013.62865297      0.6241
   2013.62868151      0.6446
   2013.62871005      0.6319
   2013.62873858      0.6245
   2013.62876712      0.6621
   2013.62879566      0.7001
   2013.62882420      0.6938
   2013.62885274      0.7086
   2013.62888128      0.7588
   2013.62890982      0.8191
   2013.62893836      0.8242
   2013.62896689      0.8590
   2013.62899543      0.9321
   2013.62902397      0.9814
   2013.62905251      1.0425
   2013.62908105      1.1008
   2013.62910959      1.2103
   2013.62913813      1.3011
   2013.62916667      1.3900
   2013.62919521      1.4605
   2013.62922374      1.5901
   2013.62925228      1.6947
   2013.62928082      1.7701
   2013.62930936      1.8233
   2013.62933790      1.9523
   2013.62936644      2.0477
   2013.62939498      2.0987
   2013.62942352      2.1335
   2013.62945205      2.2533
   2013.62948059      2.3342
   2013.62950913      2.3555
   2013.62953767      2.3640
   2013.62956621      2.4583
   2013.62959475      2.4567
   2013.62962329      2.5102
   2013.62965183      2.4940
   2013.62968037      2.5630
   2013.62970890      2.5462
   2013.62973744      2.5669
   2013.62976598      2.5318
   2013.62979452      2.5809
   2013.62982306      2.5406
   2013.62985160      2.5371
   2013.62988014      2.4865
   2013.62990868      2.5170
   2013.62993721      2.4958
   2013.62996575      2.4353
   2013.62999429      2.3806
   2013.63002283      2.3845
   2013.63005137      2.3389
   2013.63007991      2.2850
   2013.63010845      2.2185
   2013.63013699      2.1592
   2013.63016553      2.1501
   2013.63019406      2.0936
   2013.63022260      1.9811
   2013.63025114      1.9274
   2013.63027968      1.8614
   2013.63030822      1.7814
   2013.63033676      1.6995
   2013.63036530      1.6124
   2013.63039384      1.5248
   2013.63042237      1.4460
   2013.63045091      1.3687
   2013.63047945      1.2923
   2013.63050799      1.2161
   2013.63053653      1.1887
   2013.63056507      1.0790
   2013.63059361      1.0076
   2013.63062215      0.9350
   2013.63065068      0.8790
   2013.63067922      0.8192
   2013.63070776      0.7613
   2013.63073630      0.7058
   2013.63076484      0.6540
   2013.63079338      0.6066
   2013.63082192      0.5629
   2013.63085046      0.5226
   2013.63087900      0.4857
   2013.63090753      0.4518
   2013.63093607      0.4204
   2013.63096461      0.3913
   2013.63099315      0.3643
   2013.63102169      0.3391
   2013.63105023      0.3158
   2013.63107877      0.2942
   2013.63110731      0.2742
   2013.63113584      0.2557
   2013.63116438      0.2385
   2013.63119292      0.2224
   2013.63122146      0.2073
   2013.63125000      0.1934
   2013.63127854      0.1805
   2013.63130708      0.1686
   2013.63133562      0.1576
   2013.63136416      0.1473
   2013.63139269      0.1378
   2013.63142123      0.1290
   2013.63144977      0.1208
   2013.63147831      0.1131
   2013.63150685      0.1060
