   2013.62465753      0.0000
   2013.62468607      0.0000
   2013.62471461      0.0000
   2013.62474315      0.0000
   2013.62477169      0.0000
   2013.62480023      0.0019
   2013.62482877      0.0051
   2013.62485731      0.0078
   2013.62488584      0.0121
   2013.62491438      0.0360
   2013.62494292      0.0586
   2013.62497146      0.0941
   2013.62500000      0.1678
   2013.62502854      0.2510
   2013.62505708      0.3447
   2013.62508562      0.4564
   2013.62511416      0.6040
   2013.62514269      0.7631
   2013.62517123      0.9716
   2013.62519977      1.2907
   2013.62522831      1.7634
   2013.62525685      2.0872
   2013.62528539      2.2578
   2013.62531393      2.2444
   2013.62534247      2.2206
   2013.62537100      2.0885
   2013.62539954      1.9769
   2013.62542808      1.8938
   2013.62545662      1.7163
   2013.62548516      1.6456
   2013.62551370      1.5369
   2013.62554224      1.4863
   2013.62557078      1.3106
   2013.62559932      1.3300
   2013.62562785      1.2732
   2013.62565639      1.2479
   2013.62568493      1.1428
   2013.62571347      1.1718
   2013.62574201      1.1425
   2013.62577055      1.1164
   2013.62579909      1.1238
   2013.62582763      1.1450
   2013.62585616      1.1513
   2013.62588470      1.1563
   2013.62591324      1.2343
   2013.62594178      1.2739
   2013.62597032      1.3135
   2013.62599886      1.3516
   2013.62602740      1.4861
   2013.62605594      1.5679
   2013.62608447      1.6606
   2013.62611301      1.7348
   2013.62614155      1.9453
   2013.62617009      2.0703
   2013.62619863      2.2004
   2013.62622717      2.3071
   2013.62625571      2.5319
   2013.62628425      2.7000
   2013.62631279      2.8561
   2013.62634132      2.9793
   2013.62636986      3.4188
   2013.62639840      3.6652
   2013.62642694      3.6899
   2013.62645548      3.6989
   2013.62648402      3.6673
   2013.62651256      3.7424
   2013.62654110      3.9717
   2013.62656963      4.3632
   2013.62659817      4.5863
   2013.62662671      4.7632
   2013.62665525      4.8630
   2013.62668379      4.8575
   2013.62671233      4.5872
   2013.62674087      4.2710
   2013.62676941      3.9541
   2013.62679795      3.6541
   2013.62682648      3.3824
   2013.62685502      3.2618
   2013.62688356      3.2046
   2013.62691210      3.0828
   2013.62694064      3.1230
   2013.62696918      3.0069
   2013.62699772      2.8470
   2013.62702626      2.6237
   2013.62705479      2.3605
   2013.62708333      2.1204
   2013.62711187      1.9115
   2013.62714041      1.7752
   2013.62716895      1.5963
   2013.62719749      1.4325
   2013.62722603      1.2785
   2013.62725457      1.1576
   2013.62728311      1.0469
   2013.62731164      0.9497
   2013.62734018      0.8630
   2013.62736872      0.7829
   2013.62739726      0.7098
   2013.62742580      0.6452
   2013.62745434      0.5882
   2013.62748288      0.5373
   2013.62751142      0.4920
   2013.62753995      0.4515
   2013.62756849      0.4153
   2013.62759703      0.3826
   2013.62762557      0.3531
   2013.62765411      0.3262
   2013.62768265      0.3018
   2013.62771119      0.2795
   2013.62773973      0.2592
   2013.62776826      0.2406
   2013.62779680      0.2233
   2013.62782534      0.2074
   2013.62785388      0.1927
   2013.62788242      0.1793
   2013.62791096      0.1669
   2013.62793950      0.1555
   2013.62796804      0.1450
   2013.62799658      0.1353
   2013.62802511      0.1263
   2013.62805365      0.1180
   2013.62808219      0.1103
   2013.62811073      0.1031
