   2013.62465753      0.0000
   2013.62468607      0.0000
   2013.62471461      0.0000
   2013.62474315      0.0000
   2013.62477169      0.0000
   2013.62480023      0.0000
   2013.62482877      0.0000
   2013.62485731      0.0000
   2013.62488584      0.0000
   2013.62491438      0.0019
   2013.62494292      0.0031
   2013.62497146      0.0042
   2013.62500000      0.0018
   2013.62502854      0.0010
   2013.62505708      0.0007
   2013.62508562      0.0134
   2013.62511416      0.0323
   2013.62514269      0.0459
   2013.62517123      0.0637
   2013.62519977      0.0868
   2013.62522831      0.1151
   2013.62525685      0.1469
   2013.62528539      0.1772
   2013.62531393      0.2078
   2013.62534247      0.2450
   2013.62537100      0.2894
   2013.62539954      0.3476
   2013.62542808      0.4351
   2013.62545662      0.5576
   2013.62548516      0.6895
   2013.62551370      0.7956
   2013.62554224      0.8604
   2013.62557078      0.8746
   2013.62559932      0.8550
   2013.62562785      0.8145
   2013.62565639      0.7616
   2013.62568493      0.7040
   2013.62571347      0.6474
   2013.62574201      0.5941
   2013.62577055      0.5442
   2013.62579909      0.4985
   2013.62582763      0.4568
   2013.62585616      0.4189
   2013.62588470      0.3844
   2013.62591324      0.3530
   2013.62594178      0.3243
   2013.62597032      0.2983
   2013.62599886      0.2745
   2013.62602740      0.2529
   2013.62605594      0.2330
   2013.62608447      0.2146
   2013.62611301      0.1978
   2013.62614155      0.1825
   2013.62617009      0.1685
   2013.62619863      0.1558
   2013.62622717      0.1441
   2013.62625571      0.1334
   2013.62628425      0.1235
   2013.62631279      0.1145
   2013.62634132      0.1062
   2013.62636986      0.0985
   2013.62639840      0.0915
   2013.62642694      0.0850
   2013.62645548      0.0790
   2013.62648402      0.0733
   2013.62651256      0.0681
