   2013.62465753      0.0000
   2013.62468607      0.0000
   2013.62471461      0.0000
   2013.62474315      0.0000
   2013.62477169      0.0000
   2013.62480023      0.0000
   2013.62482877      0.0000
   2013.62485731      0.0000
   2013.62488584      0.0000
   2013.62491438      0.0000
   2013.62494292      0.0000
   2013.62497146      0.0000
   2013.62500000      0.0000
   2013.62502854      0.0000
   2013.62505708      0.0000
   2013.62508562      0.0000
   2013.62511416      0.0000
   2013.62514269      0.0000
   2013.62517123      0.0000
   2013.62519977      0.0000
   2013.62522831      0.0000
   2013.62525685      0.0000
   2013.62528539      0.0000
   2013.62531393      0.0000
   2013.62534247      0.0000
   2013.62537100      0.0000
   2013.62539954      0.0000
   2013.62542808      0.0000
   2013.62545662      0.0000
   2013.62548516      0.0000
   2013.62551370      0.0000
   2013.62554224      0.0000
   2013.62557078      0.0000
   2013.62559932      0.0056
   2013.62562785      0.0061
   2013.62565639      0.0338
   2013.62568493      0.0691
   2013.62571347      0.1179
   2013.62574201      0.2091
   2013.62577055      0.3409
   2013.62579909      0.5325
   2013.62582763      0.7861
   2013.62585616      1.1197
   2013.62588470      1.6345
   2013.62591324      2.4690
   2013.62594178      3.3287
   2013.62597032      4.1165
   2013.62599886      4.5443
   2013.62602740      4.8680
   2013.62605594      4.9058
   2013.62608447      4.9512
   2013.62611301      4.8420
   2013.62614155      5.0038
   2013.62617009      5.0173
   2013.62619863      5.1056
   2013.62622717      5.0513
   2013.62625571      5.2747
   2013.62628425      5.3347
   2013.62631279      5.3028
   2013.62634132      5.3952
   2013.62636986      5.6328
   2013.62639840      5.6904
   2013.62642694      5.6478
   2013.62645548      5.7155
   2013.62648402      5.9508
   2013.62651256      5.9965
   2013.62654110      5.8612
   2013.62656963      5.9370
   2013.62659817      5.4424
   2013.62662671      5.5807
   2013.62665525      5.4583
   2013.62668379      5.2314
   2013.62671233      4.5799
   2013.62674087      4.8466
   2013.62676941      4.5144
   2013.62679795      4.2117
   2013.62682648      3.8233
   2013.62685502      3.9196
   2013.62688356      3.9440
   2013.62691210      3.3981
   2013.62694064      3.0772
   2013.62696918      2.9634
   2013.62699772      2.9288
   2013.62702626      2.8161
   2013.62705479      2.6855
   2013.62708333      2.5246
   2013.62711187      2.3618
   2013.62714041      2.2762
   2013.62716895      2.2604
   2013.62719749      2.2096
   2013.62722603      2.1298
   2013.62725457      2.0543
   2013.62728311      2.0261
   2013.62731164      2.0485
   2013.62734018      2.0025
   2013.62736872      1.9943
   2013.62739726      1.9236
   2013.62742580      1.8167
   2013.62745434      1.7553
   2013.62748288      1.7077
   2013.62751142      1.6680
   2013.62753995      1.6224
   2013.62756849      1.5678
   2013.62759703      1.5099
   2013.62762557      1.4556
   2013.62765411      1.4042
   2013.62768265      1.3547
   2013.62771119      1.3090
   2013.62773973      1.2633
   2013.62776826      1.2190
   2013.62779680      1.1772
   2013.62782534      1.1379
   2013.62785388      1.1001
   2013.62788242      1.0606
   2013.62791096      1.0016
   2013.62793950      0.9861
   2013.62796804      0.9420
   2013.62799658      0.8911
   2013.62802511      0.8522
   2013.62805365      0.8095
   2013.62808219      0.7675
   2013.62811073      0.7262
   2013.62813927      0.6871
   2013.62816781      0.6509
   2013.62819635      0.6178
   2013.62822489      0.5868
   2013.62825342      0.5576
   2013.62828196      0.5302
   2013.62831050      0.5042
   2013.62833904      0.4796
   2013.62836758      0.4565
   2013.62839612      0.4348
   2013.62842466      0.4142
   2013.62845320      0.3947
   2013.62848174      0.3761
   2013.62851027      0.3584
   2013.62853881      0.3413
   2013.62856735      0.3250
   2013.62859589      0.3093
   2013.62862443      0.2943
   2013.62865297      0.2799
   2013.62868151      0.2661
   2013.62871005      0.2530
   2013.62873858      0.2405
   2013.62876712      0.2284
   2013.62879566      0.2169
   2013.62882420      0.2058
   2013.62885274      0.1952
   2013.62888128      0.1852
   2013.62890982      0.1757
   2013.62893836      0.1667
   2013.62896689      0.1583
   2013.62899543      0.1502
   2013.62902397      0.1427
   2013.62905251      0.1355
   2013.62908105      0.1286
   2013.62910959      0.1222
   2013.62913813      0.1161
   2013.62916667      0.1103
   2013.62919521      0.1048
