   2013.62465753      0.0000
   2013.62468607      0.0000
   2013.62471461      0.0000
   2013.62474315      0.0000
   2013.62477169      0.0000
   2013.62480023      0.0000
   2013.62482877      0.0000
   2013.62485731      0.0000
   2013.62488584      0.0000
   2013.62491438      0.0000
   2013.62494292      0.0000
   2013.62497146      0.0000
   2013.62500000      0.0000
   2013.62502854      0.0000
   2013.62505708      0.0000
   2013.62508562      0.0000
   2013.62511416      0.0000
   2013.62514269      0.0000
   2013.62517123      0.0000
   2013.62519977      0.0000
   2013.62522831      0.0000
   2013.62525685      0.0000
   2013.62528539      0.0000
   2013.62531393      0.0000
   2013.62534247      0.0000
   2013.62537100      0.0000
   2013.62539954      0.0000
   2013.62542808      0.0000
   2013.62545662      0.0000
   2013.62548516      0.0000
   2013.62551370      0.0000
   2013.62554224      0.0000
   2013.62557078      0.0000
   2013.62559932      0.0000
   2013.62562785      0.0000
   2013.62565639      0.0000
   2013.62568493      0.0000
   2013.62571347      0.0000
   2013.62574201      0.0000
   2013.62577055      0.0000
   2013.62579909      0.0000
   2013.62582763      0.0000
   2013.62585616      0.0000
   2013.62588470      0.0000
   2013.62591324      0.0000
   2013.62594178      0.0000
   2013.62597032      0.0000
   2013.62599886      0.0000
   2013.62602740      0.0000
   2013.62605594      0.0000
   2013.62608447      0.0000
   2013.62611301      0.0000
   2013.62614155      0.0000
   2013.62617009      0.0000
   2013.62619863      0.0000
   2013.62622717      0.0000
   2013.62625571      0.0000
   2013.62628425      0.0000
   2013.62631279      0.0000
   2013.62634132      0.0000
   2013.62636986      0.0000
   2013.62639840      0.0072
   2013.62642694      0.0113
   2013.62645548      0.0906
   2013.62648402      0.2285
   2013.62651256      0.5073
   2013.62654110      1.1760
   2013.62656963      2.1927
   2013.62659817      3.5598
   2013.62662671      5.5780
   2013.62665525      8.2654
   2013.62668379     10.1351
   2013.62671233      9.9049
   2013.62674087      9.7896
   2013.62676941      8.7136
   2013.62679795      7.9897
   2013.62682648      6.6250
   2013.62685502      6.2410
   2013.62688356      5.7942
   2013.62691210      4.9212
   2013.62694064      4.4079
   2013.62696918      4.0628
   2013.62699772      3.6784
   2013.62702626      3.4332
   2013.62705479      3.2389
   2013.62708333      3.0352
   2013.62711187      2.8381
   2013.62714041      2.6759
   2013.62716895      2.5553
   2013.62719749      2.4276
   2013.62722603      2.3129
   2013.62725457      2.2037
   2013.62728311      2.0758
   2013.62731164      2.0298
   2013.62734018      1.9064
   2013.62736872      1.8310
   2013.62739726      1.7520
   2013.62742580      1.6752
   2013.62745434      1.5991
   2013.62748288      1.5235
   2013.62751142      1.4454
   2013.62753995      1.3770
   2013.62756849      1.3111
   2013.62759703      1.2469
   2013.62762557      1.1827
   2013.62765411      1.1666
   2013.62768265      1.0721
   2013.62771119      1.0121
   2013.62773973      0.9430
   2013.62776826      0.9049
   2013.62779680      0.8569
   2013.62782534      0.8090
   2013.62785388      0.7628
   2013.62788242      0.7187
   2013.62791096      0.6778
   2013.62793950      0.6405
   2013.62796804      0.6061
   2013.62799658      0.5740
   2013.62802511      0.5439
   2013.62805365      0.5158
   2013.62808219      0.4894
   2013.62811073      0.4647
   2013.62813927      0.4414
   2013.62816781      0.4194
   2013.62819635      0.3986
   2013.62822489      0.3791
   2013.62825342      0.3607
   2013.62828196      0.3434
   2013.62831050      0.3271
   2013.62833904      0.3118
   2013.62836758      0.2975
   2013.62839612      0.2840
   2013.62842466      0.2713
   2013.62845320      0.2593
   2013.62848174      0.2480
   2013.62851027      0.2373
   2013.62853881      0.2271
   2013.62856735      0.2174
   2013.62859589      0.2082
   2013.62862443      0.1995
   2013.62865297      0.1919
   2013.62868151      0.1842
   2013.62871005      0.1768
   2013.62873858      0.1699
   2013.62876712      0.1697
   2013.62879566      0.1647
   2013.62882420      0.1590
   2013.62885274      0.1537
   2013.62888128      0.1583
   2013.62890982      0.1560
   2013.62893836      0.1526
   2013.62896689      0.1498
   2013.62899543      0.1597
   2013.62902397      0.1614
   2013.62905251      0.1624
   2013.62908105      0.1650
   2013.62910959      0.1850
   2013.62913813      0.1961
   2013.62916667      0.2069
   2013.62919521      0.2200
   2013.62922374      0.2550
   2013.62925228      0.2802
   2013.62928082      0.3048
   2013.62930936      0.3417
   2013.62933790      0.4006
   2013.62936644      0.4546
   2013.62939498      0.5178
   2013.62942352      0.5840
   2013.62945205      0.7081
   2013.62948059      0.8313
   2013.62950913      0.9761
   2013.62953767      1.1585
   2013.62956621      1.4187
   2013.62959475      1.6695
   2013.62962329      1.8583
   2013.62965183      1.9868
   2013.62968037      2.1186
   2013.62970890      2.1990
   2013.62973744      2.2362
   2013.62976598      2.2469
   2013.62979452      2.2861
   2013.62982306      2.2808
   2013.62985160      2.2567
   2013.62988014      2.2272
   2013.62990868      2.2101
   2013.62993721      2.1685
   2013.62996575      2.1203
   2013.62999429      2.0609
   2013.63002283      2.0165
   2013.63005137      1.9522
   2013.63007991      1.8512
   2013.63010845      1.7903
   2013.63013699      1.7226
   2013.63016553      1.6537
   2013.63019406      1.5834
   2013.63022260      1.5113
   2013.63025114      1.4370
   2013.63027968      1.3709
   2013.63030822      1.3067
   2013.63033676      1.2437
   2013.63036530      1.1802
   2013.63039384      1.1642
   2013.63042237      1.0708
   2013.63045091      1.0113
   2013.63047945      0.9424
   2013.63050799      0.9046
   2013.63053653      0.8566
   2013.63056507      0.8089
   2013.63059361      0.7627
   2013.63062215      0.7187
   2013.63065068      0.6779
   2013.63067922      0.6406
   2013.63070776      0.6063
   2013.63073630      0.5742
   2013.63076484      0.5441
   2013.63079338      0.5160
   2013.63082192      0.4896
   2013.63085046      0.4649
   2013.63087900      0.4416
   2013.63090753      0.4196
   2013.63093607      0.3989
   2013.63096461      0.3793
   2013.63099315      0.3609
   2013.63102169      0.3436
   2013.63105023      0.3273
   2013.63107877      0.3120
   2013.63110731      0.2976
   2013.63113584      0.2841
   2013.63116438      0.2714
   2013.63119292      0.2595
   2013.63122146      0.2482
   2013.63125000      0.2375
   2013.63127854      0.2272
   2013.63130708      0.2175
   2013.63133562      0.2083
   2013.63136416      0.1996
   2013.63139269      0.1914
   2013.63142123      0.1837
   2013.63144977      0.1763
   2013.63147831      0.1694
   2013.63150685      0.1628
   2013.63153539      0.1565
   2013.63156393      0.1505
   2013.63159247      0.1449
   2013.63162100      0.1395
   2013.63164954      0.1343
   2013.63167808      0.1295
   2013.63170662      0.1249
   2013.63173516      0.1204
   2013.63176370      0.1163
   2013.63179224      0.1123
   2013.63182078      0.1085
   2013.63184932      0.1048
   2013.63187785      0.1014
