   2013.62465753      0.0000
   2013.62468607      0.0000
   2013.62471461      0.0000
   2013.62474315      0.0000
   2013.62477169      0.0000
   2013.62480023      0.0000
   2013.62482877      0.0000
   2013.62485731      0.0000
   2013.62488584      0.0000
   2013.62491438      0.0000
   2013.62494292      0.0000
   2013.62497146      0.0000
   2013.62500000      0.0000
   2013.62502854      0.0000
   2013.62505708      0.0000
   2013.62508562      0.0000
   2013.62511416      0.0000
   2013.62514269      0.0000
   2013.62517123      0.0000
   2013.62519977      0.0000
   2013.62522831      0.0000
   2013.62525685      0.0000
   2013.62528539      0.0000
   2013.62531393      0.0000
   2013.62534247      0.0000
   2013.62537100      0.0000
   2013.62539954      0.0000
   2013.62542808      0.0000
   2013.62545662      0.0000
   2013.62548516      0.3937
   2013.62551370      1.3499
   2013.62554224      4.1354
   2013.62557078      7.6214
   2013.62559932     14.9324
   2013.62562785     22.5238
   2013.62565639     22.4771
   2013.62568493     19.1129
   2013.62571347     16.8003
   2013.62574201     14.5929
   2013.62577055     12.4238
   2013.62579909     10.6240
   2013.62582763     10.1258
   2013.62585616      9.2801
   2013.62588470      8.6931
   2013.62591324      8.1983
   2013.62594178      8.3307
   2013.62597032      8.2979
   2013.62599886      8.3259
   2013.62602740      8.4427
   2013.62605594      8.7539
   2013.62608447      8.8901
   2013.62611301      8.9912
   2013.62614155      8.9568
   2013.62617009      9.6342
   2013.62619863      9.6057
   2013.62622717      9.6909
   2013.62625571      9.4569
   2013.62628425     10.2312
   2013.62631279     10.2985
   2013.62634132     10.2773
   2013.62636986      9.9656
   2013.62639840     10.7649
   2013.62642694     10.6712
   2013.62645548     10.6901
   2013.62648402     10.4324
   2013.62651256     11.1981
   2013.62654110     11.2254
   2013.62656963     11.0706
   2013.62659817     10.7464
   2013.62662671     11.5507
   2013.62665525     11.4020
   2013.62668379     11.3626
   2013.62671233     11.0003
   2013.62674087     11.7879
   2013.62676941     11.5901
   2013.62679795     11.4072
   2013.62682648     11.1020
   2013.62685502     11.8538
   2013.62688356     11.6142
   2013.62691210     11.3869
   2013.62694064     11.0353
   2013.62696918     11.5004
   2013.62699772     11.4738
   2013.62702626     11.2178
   2013.62705479     10.8337
   2013.62708333     11.2905
   2013.62711187     11.2175
   2013.62714041     10.9632
   2013.62716895     10.5319
   2013.62719749     10.9880
   2013.62722603     10.8958
   2013.62725457     10.7345
   2013.62728311     10.1937
   2013.62731164     10.6280
   2013.62734018     10.5176
   2013.62736872     10.3237
   2013.62739726      9.8111
   2013.62742580     10.2138
   2013.62745434     10.0960
   2013.62748288      9.8944
   2013.62751142      9.4315
   2013.62753995      9.7974
   2013.62756849      9.7614
   2013.62759703      9.4514
   2013.62762557      9.0815
   2013.62765411      9.3387
   2013.62768265      9.3960
   2013.62771119      9.0202
   2013.62773973      8.7064
   2013.62776826      8.9186
   2013.62779680      8.8681
   2013.62782534      8.7337
   2013.62785388      8.3956
   2013.62788242      8.6455
   2013.62791096      8.5929
   2013.62793950      8.4485
   2013.62796804      8.1656
   2013.62799658      8.4196
   2013.62802511      8.2871
   2013.62805365      8.1890
   2013.62808219      7.9798
   2013.62811073      8.2807
   2013.62813927      8.1508
   2013.62816781      8.0883
   2013.62819635      7.9002
   2013.62822489      8.2400
   2013.62825342      8.1417
   2013.62828196      8.1012
   2013.62831050      7.9464
   2013.62833904      8.3029
   2013.62836758      8.3318
   2013.62839612      8.2125
   2013.62842466      8.1310
   2013.62845320      8.4754
   2013.62848174      8.5256
   2013.62851027      8.5280
   2013.62853881      8.5494
   2013.62856735      8.7463
   2013.62859589      9.0267
   2013.62862443      8.7928
   2013.62865297      8.7426
   2013.62868151      9.8062
   2013.62871005     10.1032
   2013.62873858      9.6993
   2013.62876712      9.0964
   2013.62879566      8.6665
   2013.62882420      8.7089
   2013.62885274     10.0174
   2013.62888128     10.5369
   2013.62890982     10.2503
   2013.62893836      9.3851
   2013.62896689      8.4589
   2013.62899543      7.9083
   2013.62902397      7.7968
   2013.62905251      8.2277
   2013.62908105      8.6396
   2013.62910959      8.3569
   2013.62913813      7.8984
   2013.62916667      7.2097
   2013.62919521      6.2257
   2013.62922374      6.0662
   2013.62925228      5.2734
   2013.62928082      5.5549
   2013.62930936      4.8548
   2013.62933790      4.4842
   2013.62936644      4.4032
   2013.62939498      3.7143
   2013.62942352      3.2938
   2013.62945205      2.9303
   2013.62948059      2.8140
   2013.62950913      2.4539
   2013.62953767      2.1909
   2013.62956621      1.9841
   2013.62959475      1.7358
   2013.62962329      1.5813
   2013.62965183      1.4381
   2013.62968037      1.3088
   2013.62970890      1.2113
   2013.62973744      1.0952
   2013.62976598      0.9897
   2013.62979452      0.9143
   2013.62982306      0.8352
   2013.62985160      0.7612
   2013.62988014      0.6933
   2013.62990868      0.6321
   2013.62993721      0.5773
   2013.62996575      0.5280
   2013.62999429      0.4841
   2013.63002283      0.4447
   2013.63005137      0.4093
   2013.63007991      0.3773
   2013.63010845      0.3482
   2013.63013699      0.3216
   2013.63016553      0.2975
   2013.63019406      0.2754
   2013.63022260      0.2552
   2013.63025114      0.2366
   2013.63027968      0.2194
   2013.63030822      0.2036
   2013.63033676      0.1891
   2013.63036530      0.1757
   2013.63039384      0.1635
   2013.63042237      0.1522
   2013.63045091      0.1419
   2013.63047945      0.1323
   2013.63050799      0.1235
   2013.63053653      0.1153
   2013.63056507      0.1077
   2013.63059361      0.1007
