   2013.62465753      0.0000
   2013.62468607      0.0000
   2013.62471461      0.0000
   2013.62474315      0.0000
   2013.62477169      0.0000
   2013.62480023      0.0000
   2013.62482877      0.0000
   2013.62485731      0.0000
   2013.62488584      0.0000
   2013.62491438      0.0000
   2013.62494292      0.0000
   2013.62497146      0.0000
   2013.62500000      0.0000
   2013.62502854      0.0000
   2013.62505708      0.0000
   2013.62508562      0.0000
   2013.62511416      0.0000
   2013.62514269      0.0000
   2013.62517123      0.0000
   2013.62519977      0.0000
   2013.62522831      0.0000
   2013.62525685      0.0000
   2013.62528539      0.0000
   2013.62531393      0.0000
   2013.62534247      0.0000
   2013.62537100      0.0000
   2013.62539954      0.0000
   2013.62542808      0.0000
   2013.62545662      0.0000
   2013.62548516      0.0000
   2013.62551370      0.0000
   2013.62554224      0.0000
   2013.62557078      0.0000
   2013.62559932      0.0000
   2013.62562785      0.0000
   2013.62565639      0.0000
   2013.62568493      0.0000
   2013.62571347      0.0000
   2013.62574201      0.0000
   2013.62577055      0.0000
   2013.62579909      0.0000
   2013.62582763      0.0005
   2013.62585616      0.0010
   2013.62588470      0.0015
   2013.62591324      0.0019
   2013.62594178      0.0022
   2013.62597032      0.0024
   2013.62599886      0.0016
   2013.62602740      0.0027
   2013.62605594      0.0217
   2013.62608447      0.0430
   2013.62611301      0.0616
   2013.62614155      0.0878
   2013.62617009      0.1204
   2013.62619863      0.1568
   2013.62622717      0.1996
   2013.62625571      0.2375
   2013.62628425      0.2877
   2013.62631279      0.3486
   2013.62634132      0.4281
   2013.62636986      0.5250
   2013.62639840      0.6524
   2013.62642694      0.8037
   2013.62645548      0.9640
   2013.62648402      1.0857
   2013.62651256      1.1445
   2013.62654110      1.1492
   2013.62656963      1.1737
   2013.62659817      1.0853
   2013.62662671      1.0255
   2013.62665525      0.9545
   2013.62668379      0.9076
   2013.62671233      0.8510
   2013.62674087      0.7950
   2013.62676941      0.7412
   2013.62679795      0.6907
   2013.62682648      0.6451
   2013.62685502      0.6037
   2013.62688356      0.5658
   2013.62691210      0.5312
   2013.62694064      0.4998
   2013.62696918      0.4707
   2013.62699772      0.4437
   2013.62702626      0.4187
   2013.62705479      0.3958
   2013.62708333      0.3743
   2013.62711187      0.3542
   2013.62714041      0.3356
   2013.62716895      0.3188
   2013.62719749      0.3028
   2013.62722603      0.2880
   2013.62725457      0.2741
   2013.62728311      0.2617
   2013.62731164      0.2498
   2013.62734018      0.2384
   2013.62736872      0.2277
   2013.62739726      0.2181
   2013.62742580      0.2087
   2013.62745434      0.1999
   2013.62748288      0.1916
   2013.62751142      0.1844
   2013.62753995      0.1771
   2013.62756849      0.1702
   2013.62759703      0.1637
   2013.62762557      0.1581
   2013.62765411      0.1524
   2013.62768265      0.1469
   2013.62771119      0.1418
   2013.62773973      0.1375
   2013.62776826      0.1330
   2013.62779680      0.1286
   2013.62782534      0.1245
   2013.62785388      0.1212
   2013.62788242      0.1176
   2013.62791096      0.1141
   2013.62793950      0.1108
   2013.62796804      0.1083
   2013.62799658      0.1054
   2013.62802511      0.1026
   2013.62805365      0.1000
   2013.62808219      0.0981
   2013.62811073      0.0958
   2013.62813927      0.0935
   2013.62816781      0.0914
   2013.62819635      0.0900
   2013.62822489      0.0882
   2013.62825342      0.0864
   2013.62828196      0.0847
   2013.62831050      0.0838
   2013.62833904      0.0823
   2013.62836758      0.0809
   2013.62839612      0.0795
   2013.62842466      0.0790
   2013.62845320      0.0779
   2013.62848174      0.0768
   2013.62851027      0.0757
   2013.62853881      0.0755
   2013.62856735      0.0748
   2013.62859589      0.0739
   2013.62862443      0.0732
   2013.62865297      0.0733
   2013.62868151      0.0728
   2013.62871005      0.0722
   2013.62873858      0.0717
   2013.62876712      0.0721
   2013.62879566      0.0719
   2013.62882420      0.0716
   2013.62885274      0.0714
   2013.62888128      0.0721
   2013.62890982      0.0722
   2013.62893836      0.0722
   2013.62896689      0.0723
   2013.62899543      0.0734
   2013.62902397      0.0737
   2013.62905251      0.0740
   2013.62908105      0.0744
   2013.62910959      0.0760
   2013.62913813      0.0767
   2013.62916667      0.0774
   2013.62919521      0.0782
   2013.62922374      0.0802
   2013.62925228      0.0814
   2013.62928082      0.0825
   2013.62930936      0.0838
   2013.62933790      0.0864
   2013.62936644      0.0882
   2013.62939498      0.0899
   2013.62942352      0.0917
   2013.62945205      0.0951
   2013.62948059      0.0975
   2013.62950913      0.0998
   2013.62953767      0.1022
   2013.62956621      0.1064
   2013.62959475      0.1093
   2013.62962329      0.1122
   2013.62965183      0.1151
   2013.62968037      0.1199
   2013.62970890      0.1233
   2013.62973744      0.1265
   2013.62976598      0.1298
   2013.62979452      0.1350
   2013.62982306      0.1386
   2013.62985160      0.1419
   2013.62988014      0.1452
   2013.62990868      0.1507
   2013.62993721      0.1544
   2013.62996575      0.1577
   2013.62999429      0.1609
   2013.63002283      0.1665
   2013.63005137      0.1703
   2013.63007991      0.1736
   2013.63010845      0.1768
   2013.63013699      0.1825
   2013.63016553      0.1861
   2013.63019406      0.1894
   2013.63022260      0.1926
   2013.63025114      0.1959
   2013.63027968      0.1993
   2013.63030822      0.2025
   2013.63033676      0.2056
   2013.63036530      0.2085
   2013.63039384      0.2113
   2013.63042237      0.2138
   2013.63045091      0.2161
   2013.63047945      0.2179
   2013.63050799      0.2194
   2013.63053653      0.2205
   2013.63056507      0.2213
   2013.63059361      0.2218
   2013.63062215      0.2220
   2013.63065068      0.2221
   2013.63067922      0.2220
   2013.63070776      0.2217
   2013.63073630      0.2211
   2013.63076484      0.2204
   2013.63079338      0.2193
   2013.63082192      0.2180
   2013.63085046      0.2164
   2013.63087900      0.2146
   2013.63090753      0.2125
   2013.63093607      0.2103
   2013.63096461      0.2078
   2013.63099315      0.2052
   2013.63102169      0.2025
   2013.63105023      0.1996
   2013.63107877      0.1965
   2013.63110731      0.1934
   2013.63113584      0.1901
   2013.63116438      0.1867
   2013.63119292      0.1831
   2013.63122146      0.1795
   2013.63125000      0.1758
   2013.63127854      0.1720
   2013.63130708      0.1682
   2013.63133562      0.1643
   2013.63136416      0.1603
   2013.63139269      0.1564
   2013.63142123      0.1524
   2013.63144977      0.1485
   2013.63147831      0.1446
   2013.63150685      0.1407
   2013.63153539      0.1369
   2013.63156393      0.1331
   2013.63159247      0.1295
   2013.63162100      0.1259
   2013.63164954      0.1224
   2013.63167808      0.1189
   2013.63170662      0.1156
   2013.63173516      0.1123
   2013.63176370      0.1091
   2013.63179224      0.1060
   2013.63182078      0.1030
   2013.63184932      0.1001
   2013.63187785      0.0973
   2013.63190639      0.0946
   2013.63193493      0.0919
   2013.63196347      0.0894
   2013.63199201      0.0869
   2013.63202055      0.0845
   2013.63204909      0.0822
   2013.63207763      0.0800
   2013.63210616      0.0778
   2013.63213470      0.0757
   2013.63216324      0.0736
   2013.63219178      0.0716
   2013.63222032      0.0696
   2013.63224886      0.0678
   2013.63227740      0.0660
   2013.63230594      0.0642
   2013.63233447      0.0625
   2013.63236301      0.0609
   2013.63239155      0.0593
   2013.63242009      0.0578
   2013.63244863      0.0563
   2013.63247717      0.0549
   2013.63250571      0.0535
   2013.63253425      0.0522
   2013.63256279      0.0509
   2013.63259132      0.0496
   2013.63261986      0.0484
   2013.63264840      0.0472
   2013.63267694      0.0461
   2013.63270548      0.0450
   2013.63273402      0.0439
   2013.63276256      0.0429
   2013.63279110      0.0419
   2013.63281963      0.0409
   2013.63284817      0.0400
   2013.63287671      0.0390
   2013.63290525      0.0382
   2013.63293379      0.0373
   2013.63296233      0.0365
   2013.63299087      0.0357
   2013.63301941      0.0349
   2013.63304795      0.0342
   2013.63307648      0.0334
   2013.63310502      0.0327
   2013.63313356      0.0321
   2013.63316210      0.0314
   2013.63319064      0.0307
   2013.63321918      0.0301
   2013.63324772      0.0295
   2013.63327626      0.0289
   2013.63330479      0.0283
   2013.63333333      0.0277
   2013.63336187      0.0271
