   2013.62465753      0.0000
   2013.62468607      0.0000
   2013.62471461      0.0000
   2013.62474315      0.0000
   2013.62477169      0.0000
   2013.62480023      0.0000
   2013.62482877      0.0000
   2013.62485731      0.0000
   2013.62488584      0.0000
   2013.62491438      0.0000
   2013.62494292      0.0000
   2013.62497146      0.0000
   2013.62500000      0.0000
   2013.62502854      0.0000
   2013.62505708      0.0000
   2013.62508562      0.0000
   2013.62511416      0.0000
   2013.62514269      0.0000
   2013.62517123      0.0000
   2013.62519977      0.0000
   2013.62522831      0.0000
   2013.62525685      0.0033
   2013.62528539      0.0026
   2013.62531393      0.0024
   2013.62534247      0.0107
   2013.62537100      0.0460
   2013.62539954      0.0768
   2013.62542808      0.1276
   2013.62545662      0.2187
   2013.62548516      0.3372
   2013.62551370      0.5129
   2013.62554224      0.7661
   2013.62557078      1.1407
   2013.62559932      1.6928
   2013.62562785      2.5010
   2013.62565639      3.4791
   2013.62568493      4.3591
   2013.62571347      4.8961
   2013.62574201      5.0464
   2013.62577055      5.2115
   2013.62579909      5.2889
   2013.62582763      5.3867
   2013.62585616      5.5392
   2013.62588470      5.7605
   2013.62591324      5.9598
   2013.62594178      6.1173
   2013.62597032      6.2198
   2013.62599886      6.1358
   2013.62602740      6.1734
   2013.62605594      5.9953
   2013.62608447      5.7691
   2013.62611301      5.5487
   2013.62614155      5.2547
   2013.62617009      4.9359
   2013.62619863      4.6579
   2013.62622717      4.4192
   2013.62625571      4.1044
   2013.62628425      3.8741
   2013.62631279      3.7827
   2013.62634132      3.3631
   2013.62636986      3.1848
   2013.62639840      2.9845
   2013.62642694      2.7224
   2013.62645548      2.5346
   2013.62648402      2.3540
   2013.62651256      2.1847
   2013.62654110      2.0034
   2013.62656963      1.8482
   2013.62659817      1.7057
   2013.62662671      1.5727
   2013.62665525      1.4466
   2013.62668379      1.3275
   2013.62671233      1.2099
   2013.62674087      1.1144
   2013.62676941      1.0216
   2013.62679795      0.9367
   2013.62682648      0.8584
   2013.62685502      0.7836
   2013.62688356      0.7139
   2013.62691210      0.6508
   2013.62694064      0.5945
   2013.62696918      0.5435
   2013.62699772      0.4976
   2013.62702626      0.4564
   2013.62705479      0.4192
   2013.62708333      0.3856
   2013.62711187      0.3550
   2013.62714041      0.3272
   2013.62716895      0.3019
   2013.62719749      0.2789
   2013.62722603      0.2579
   2013.62725457      0.2385
   2013.62728311      0.2207
   2013.62731164      0.2043
   2013.62734018      0.1893
   2013.62736872      0.1755
   2013.62739726      0.1629
   2013.62742580      0.1513
   2013.62745434      0.1407
   2013.62748288      0.1309
   2013.62751142      0.1218
   2013.62753995      0.1135
   2013.62756849      0.1058
