   2013.62465753      0.0000
   2013.62468607      0.0000
   2013.62471461      0.0000
   2013.62474315      0.0000
   2013.62477169      0.0000
   2013.62480023      0.0000
   2013.62482877      0.0000
   2013.62485731      0.0000
   2013.62488584      0.0000
   2013.62491438      0.0000
   2013.62494292      0.0000
   2013.62497146      0.0000
   2013.62500000      0.0000
   2013.62502854      0.0000
   2013.62505708      0.0000
   2013.62508562      0.0000
   2013.62511416      0.0000
   2013.62514269      0.0099
   2013.62517123      0.0561
   2013.62519977      0.1034
   2013.62522831      0.2297
   2013.62525685      0.4887
   2013.62528539      0.9565
   2013.62531393      1.6776
   2013.62534247      2.8413
   2013.62537100      4.7018
   2013.62539954      7.1937
   2013.62542808      9.2619
   2013.62545662     10.5740
   2013.62548516     10.8263
   2013.62551370     11.0989
   2013.62554224     11.1985
   2013.62557078     11.5710
   2013.62559932     11.4249
   2013.62562785     11.5778
   2013.62565639     11.6390
   2013.62568493     11.7591
   2013.62571347     11.8807
   2013.62574201     12.0525
   2013.62577055     12.1228
   2013.62579909     12.5118
   2013.62582763     12.7303
   2013.62585616     13.1720
   2013.62588470     13.4800
   2013.62591324     13.4837
   2013.62594178     13.8662
   2013.62597032     13.6566
   2013.62599886     13.2731
   2013.62602740     12.9418
   2013.62605594     12.8520
   2013.62608447     13.0401
   2013.62611301     13.6150
   2013.62614155     13.9384
   2013.62617009     13.7684
   2013.62619863     13.1597
   2013.62622717     12.3340
   2013.62625571     11.0664
   2013.62628425      9.6235
   2013.62631279      8.4458
   2013.62634132      7.4137
   2013.62636986      6.9639
   2013.62639840      5.5249
   2013.62642694      4.8407
   2013.62645548      4.1371
   2013.62648402      3.6329
   2013.62651256      3.2343
   2013.62654110      3.1173
   2013.62656963      2.5907
   2013.62659817      2.2786
   2013.62662671      1.9391
   2013.62665525      1.7256
   2013.62668379      1.5359
   2013.62671233      1.3681
   2013.62674087      1.2344
   2013.62676941      1.0570
   2013.62679795      0.9879
   2013.62682648      0.8954
   2013.62685502      0.8074
   2013.62688356      0.7280
   2013.62691210      0.6573
   2013.62694064      0.5951
   2013.62696918      0.5399
   2013.62699772      0.4910
   2013.62702626      0.4478
   2013.62705479      0.4094
   2013.62708333      0.3750
   2013.62711187      0.3441
   2013.62714041      0.3162
   2013.62716895      0.2911
   2013.62719749      0.2683
   2013.62722603      0.2475
   2013.62725457      0.2285
   2013.62728311      0.2110
   2013.62731164      0.1950
   2013.62734018      0.1805
   2013.62736872      0.1672
   2013.62739726      0.1550
   2013.62742580      0.1439
   2013.62745434      0.1337
   2013.62748288      0.1243
   2013.62751142      0.1157
   2013.62753995      0.1077
   2013.62756849      0.1004
