   2013.62465753      0.0000
   2013.62468607      0.0000
   2013.62471461      0.0000
   2013.62474315      0.0000
   2013.62477169      0.0000
   2013.62480023      0.0000
   2013.62482877      0.0000
   2013.62485731      0.0000
   2013.62488584      0.0000
   2013.62491438      0.0000
   2013.62494292      0.0000
   2013.62497146      0.0000
   2013.62500000      0.0000
   2013.62502854      0.0000
   2013.62505708      0.0000
   2013.62508562      0.0000
   2013.62511416      0.0000
   2013.62514269      0.0000
   2013.62517123      0.0000
   2013.62519977      0.0000
   2013.62522831      0.0000
   2013.62525685      0.0000
   2013.62528539      0.0000
   2013.62531393      0.0000
   2013.62534247      0.0000
   2013.62537100      0.0000
   2013.62539954      0.0000
   2013.62542808      0.0000
   2013.62545662      0.0000
   2013.62548516      0.2718
   2013.62551370      0.7201
   2013.62554224      2.3655
   2013.62557078      4.7376
   2013.62559932      8.6131
   2013.62562785     15.7279
   2013.62565639     19.9297
   2013.62568493     19.7247
   2013.62571347     17.8030
   2013.62574201     16.0320
   2013.62577055     14.5430
   2013.62579909     13.6812
   2013.62582763     12.9241
   2013.62585616     12.5100
   2013.62588470     12.1942
   2013.62591324     12.3416
   2013.62594178     12.0959
   2013.62597032     12.2229
   2013.62599886     12.2775
   2013.62602740     12.7015
   2013.62605594     12.6061
   2013.62608447     12.8588
   2013.62611301     12.9767
   2013.62614155     13.4750
   2013.62617009     13.3732
   2013.62619863     13.6488
   2013.62622717     13.7516
   2013.62625571     14.0136
   2013.62628425     14.1258
   2013.62631279     14.0187
   2013.62634132     13.6197
   2013.62636986     12.9663
   2013.62639840     12.9740
   2013.62642694     12.5254
   2013.62645548     11.9200
   2013.62648402     10.9796
   2013.62651256     11.1093
   2013.62654110     10.6748
   2013.62656963     10.4381
   2013.62659817      9.6661
   2013.62662671     10.1653
   2013.62665525     10.1464
   2013.62668379     10.1332
   2013.62671233     10.4053
   2013.62674087     11.4014
   2013.62676941     11.2197
   2013.62679795     11.0430
   2013.62682648     10.4392
   2013.62685502     11.3780
   2013.62688356     12.7904
   2013.62691210     12.9797
   2013.62694064     11.8621
   2013.62696918     10.9150
   2013.62699772     10.0141
   2013.62702626      9.4859
   2013.62705479     10.2259
   2013.62708333     10.7875
   2013.62711187     10.4685
   2013.62714041      9.6707
   2013.62716895      8.7408
   2013.62719749      7.8349
   2013.62722603      7.2171
   2013.62725457      7.0783
   2013.62728311      7.2108
   2013.62731164      7.3653
   2013.62734018      6.6767
   2013.62736872      6.0063
   2013.62739726      5.3605
   2013.62742580      4.8484
   2013.62745434      4.2017
   2013.62748288      4.2749
   2013.62751142      3.8439
   2013.62753995      3.4215
   2013.62756849      3.1377
   2013.62759703      2.8453
   2013.62762557      2.7759
   2013.62765411      2.4175
   2013.62768265      2.1705
   2013.62771119      1.9643
   2013.62773973      1.7189
   2013.62776826      1.5654
   2013.62779680      1.4257
   2013.62782534      1.3008
   2013.62785388      1.2138
   2013.62788242      1.0967
   2013.62791096      0.9906
   2013.62793950      0.9217
   2013.62796804      0.8455
   2013.62799658      0.7731
   2013.62802511      0.7058
   2013.62805365      0.6446
   2013.62808219      0.5896
   2013.62811073      0.5398
   2013.62813927      0.4951
   2013.62816781      0.4551
   2013.62819635      0.4190
   2013.62822489      0.3863
   2013.62825342      0.3564
   2013.62828196      0.3291
   2013.62831050      0.3042
   2013.62833904      0.2814
   2013.62836758      0.2606
   2013.62839612      0.2414
   2013.62842466      0.2236
   2013.62845320      0.2071
   2013.62848174      0.1920
   2013.62851027      0.1782
   2013.62853881      0.1655
   2013.62856735      0.1537
   2013.62859589      0.1429
   2013.62862443      0.1330
   2013.62865297      0.1238
   2013.62868151      0.1152
   2013.62871005      0.1073
   2013.62873858      0.1001
