   2013.62465753      0.0000
   2013.62468607      0.0000
   2013.62471461      0.0000
   2013.62474315      0.0000
   2013.62477169      0.0000
   2013.62480023      0.0000
   2013.62482877      0.0000
   2013.62485731      0.0000
   2013.62488584      0.0000
   2013.62491438      0.0000
   2013.62494292      0.0000
   2013.62497146      0.0000
   2013.62500000      0.0000
   2013.62502854      0.0000
   2013.62505708      0.0000
   2013.62508562      0.0000
   2013.62511416      0.0000
   2013.62514269      0.0000
   2013.62517123      0.0000
   2013.62519977      0.0000
   2013.62522831      0.0000
   2013.62525685      0.0000
   2013.62528539      0.0000
   2013.62531393      0.0000
   2013.62534247      0.0000
   2013.62537100      0.0000
   2013.62539954      0.0000
   2013.62542808      0.0000
   2013.62545662      0.0000
   2013.62548516      0.0000
   2013.62551370      0.0000
   2013.62554224      0.0000
   2013.62557078      0.0000
   2013.62559932      0.0000
   2013.62562785      0.0000
   2013.62565639      0.0000
   2013.62568493      0.0000
   2013.62571347      0.0000
   2013.62574201      0.0000
   2013.62577055      0.0000
   2013.62579909      0.0000
   2013.62582763      0.0000
   2013.62585616      0.0000
   2013.62588470      0.0000
   2013.62591324      0.0000
   2013.62594178      0.0000
   2013.62597032      0.0000
   2013.62599886      0.0000
   2013.62602740      0.0000
   2013.62605594      0.0000
   2013.62608447      0.0000
   2013.62611301      0.0000
   2013.62614155      0.0000
   2013.62617009      0.0002
   2013.62619863      0.0008
   2013.62622717      0.0013
   2013.62625571      0.0017
   2013.62628425      0.0022
   2013.62631279      0.0025
   2013.62634132      0.0029
   2013.62636986      0.0086
   2013.62639840      0.0452
   2013.62642694      0.0795
   2013.62645548      0.1378
   2013.62648402      0.2408
   2013.62651256      0.3928
   2013.62654110      0.6174
   2013.62656963      0.9529
   2013.62659817      1.4537
   2013.62662671      2.1833
   2013.62665525      3.1805
   2013.62668379      4.3251
   2013.62671233      5.1937
   2013.62674087      5.7209
   2013.62676941      6.0544
   2013.62679795      6.2580
   2013.62682648      6.3860
   2013.62685502      6.3665
   2013.62688356      6.2999
   2013.62691210      6.1730
   2013.62694064      6.0006
   2013.62696918      5.6875
   2013.62699772      5.4327
   2013.62702626      5.0567
   2013.62705479      4.7224
   2013.62708333      4.4758
   2013.62711187      4.2340
   2013.62714041      3.9179
   2013.62716895      3.5587
   2013.62719749      3.2919
   2013.62722603      3.0345
   2013.62725457      2.7706
   2013.62728311      2.5266
   2013.62731164      2.3032
   2013.62734018      2.1020
   2013.62736872      1.9572
   2013.62739726      1.7887
   2013.62742580      1.6423
   2013.62745434      1.5117
   2013.62748288      1.3932
   2013.62751142      1.2850
   2013.62753995      1.2155
   2013.62756849      1.1065
   2013.62759703      0.9963
   2013.62762557      0.9478
   2013.62765411      0.8846
   2013.62768265      0.8224
   2013.62771119      0.7647
   2013.62773973      0.7114
   2013.62776826      0.6631
   2013.62779680      0.6202
   2013.62782534      0.5813
   2013.62785388      0.5460
   2013.62788242      0.5138
   2013.62791096      0.4844
   2013.62793950      0.4572
   2013.62796804      0.4321
   2013.62799658      0.4086
   2013.62802511      0.3868
   2013.62805365      0.3665
   2013.62808219      0.3475
   2013.62811073      0.3299
   2013.62813927      0.3135
   2013.62816781      0.2982
   2013.62819635      0.2840
   2013.62822489      0.2707
   2013.62825342      0.2582
   2013.62828196      0.2465
   2013.62831050      0.2354
   2013.62833904      0.2249
   2013.62836758      0.2150
   2013.62839612      0.2057
   2013.62842466      0.1969
   2013.62845320      0.1887
   2013.62848174      0.1809
   2013.62851027      0.1735
   2013.62853881      0.1665
   2013.62856735      0.1599
   2013.62859589      0.1537
   2013.62862443      0.1477
   2013.62865297      0.1421
   2013.62868151      0.1368
   2013.62871005      0.1317
   2013.62873858      0.1269
   2013.62876712      0.1224
   2013.62879566      0.1180
   2013.62882420      0.1139
   2013.62885274      0.1100
   2013.62888128      0.1062
   2013.62890982      0.1027
