   2013.62465753      0.0000
   2013.62468607      0.0000
   2013.62471461      0.0000
   2013.62474315      0.0000
   2013.62477169      0.0000
   2013.62480023      0.0000
   2013.62482877      0.0000
   2013.62485731      0.0000
   2013.62488584      0.0000
   2013.62491438      0.0000
   2013.62494292      0.0000
   2013.62497146      0.0000
   2013.62500000      0.0000
   2013.62502854      0.0000
   2013.62505708      0.0000
   2013.62508562      0.0000
   2013.62511416      0.0000
   2013.62514269      0.0000
   2013.62517123      0.0000
   2013.62519977      0.0000
   2013.62522831      0.0000
   2013.62525685      0.0000
   2013.62528539      0.0000
   2013.62531393      0.0000
   2013.62534247      0.0000
   2013.62537100      0.0000
   2013.62539954      0.0000
   2013.62542808      0.0000
   2013.62545662      0.0000
   2013.62548516      0.0000
   2013.62551370      0.0000
   2013.62554224      0.0000
   2013.62557078      0.0000
   2013.62559932      0.0000
   2013.62562785      0.0000
   2013.62565639      0.0000
   2013.62568493      0.0000
   2013.62571347      0.0000
   2013.62574201      0.0000
   2013.62577055      0.0000
   2013.62579909      0.0000
   2013.62582763      0.0000
   2013.62585616      0.0000
   2013.62588470      0.0000
   2013.62591324      0.0000
   2013.62594178      0.0000
   2013.62597032      0.0000
   2013.62599886      0.0000
   2013.62602740      0.0000
   2013.62605594      0.0000
   2013.62608447      0.0000
   2013.62611301      0.0000
   2013.62614155      0.0000
   2013.62617009      0.0000
   2013.62619863      0.0000
   2013.62622717      0.0000
   2013.62625571      0.0000
   2013.62628425      0.0000
   2013.62631279      0.0000
   2013.62634132      0.0000
   2013.62636986      0.0000
   2013.62639840      0.0000
   2013.62642694      0.0000
   2013.62645548      0.0000
   2013.62648402      0.0000
   2013.62651256      6.5502
   2013.62654110     28.0250
   2013.62656963     72.6264
   2013.62659817     88.1478
   2013.62662671     71.5982
   2013.62665525     51.2102
   2013.62668379     37.6401
   2013.62671233     28.2275
   2013.62674087     23.8672
   2013.62676941     20.5904
   2013.62679795     18.0321
   2013.62682648     17.0167
   2013.62685502     15.9498
   2013.62688356     15.4803
   2013.62691210     15.0843
   2013.62694064     14.9730
   2013.62696918     14.7824
   2013.62699772     14.8152
   2013.62702626     14.7188
   2013.62705479     14.7755
   2013.62708333     14.6841
   2013.62711187     14.7606
   2013.62714041     14.6727
   2013.62716895     15.0531
   2013.62719749     14.6012
   2013.62722603     14.6447
   2013.62725457     14.5199
   2013.62728311     14.5072
   2013.62731164     14.4043
   2013.62734018     14.3951
   2013.62736872     14.2465
   2013.62739726     13.9076
   2013.62742580     13.3988
   2013.62745434     12.9463
   2013.62748288     12.2506
   2013.62751142     10.8620
   2013.62753995     10.8110
   2013.62756849     10.3221
   2013.62759703      9.6178
   2013.62762557      8.6040
   2013.62765411      8.3354
   2013.62768265      7.9350
   2013.62771119      7.4134
   2013.62773973      6.8883
   2013.62776826      7.0296
   2013.62779680      6.9035
   2013.62782534      6.7330
   2013.62785388      6.4524
   2013.62788242      6.7431
   2013.62791096      6.7213
   2013.62793950      6.5985
   2013.62796804      6.3173
   2013.62799658      6.6131
   2013.62802511      6.5829
   2013.62805365      6.4580
   2013.62808219      6.1794
   2013.62811073      6.4728
   2013.62813927      6.4529
   2013.62816781      6.3468
   2013.62819635      6.1084
   2013.62822489      6.4140
   2013.62825342      6.4184
   2013.62828196      6.4528
   2013.62831050      6.1289
   2013.62833904      6.4646
   2013.62836758      6.4919
   2013.62839612      6.4356
   2013.62842466      6.2754
   2013.62845320      6.6146
   2013.62848174      6.6673
   2013.62851027      6.7368
   2013.62853881      6.4850
   2013.62856735      6.8367
   2013.62859589      6.9014
   2013.62862443      6.9721
   2013.62865297      6.7527
   2013.62868151      7.0979
   2013.62871005      7.2032
   2013.62873858      7.2627
   2013.62876712      7.0982
   2013.62879566      7.4103
   2013.62882420      7.5757
   2013.62885274      7.5953
   2013.62888128      7.4469
   2013.62890982      7.9333
   2013.62893836      7.8254
   2013.62896689      7.9997
   2013.62899543      7.8202
   2013.62902397      8.2309
   2013.62905251      8.3033
   2013.62908105      8.3386
   2013.62910959      8.2309
   2013.62913813      8.5998
   2013.62916667      8.6950
   2013.62919521      8.6842
   2013.62922374      8.5431
   2013.62925228      9.0576
   2013.62928082      9.1987
   2013.62930936      8.9193
   2013.62933790      8.9617
   2013.62936644      9.0943
   2013.62939498      9.1357
   2013.62942352      9.2530
   2013.62945205      8.8776
   2013.62948059      9.2303
   2013.62950913      9.2362
   2013.62953767      9.1437
   2013.62956621      8.9311
   2013.62959475      9.2814
   2013.62962329      9.5693
   2013.62965183      9.3376
   2013.62968037      9.0691
   2013.62970890     10.0388
   2013.62973744      9.5932
   2013.62976598      9.1854
   2013.62979452      8.7062
   2013.62982306      8.4115
   2013.62985160      9.0119
   2013.62988014      9.8583
   2013.62990868      9.5827
   2013.62993721      8.7171
   2013.62996575      8.4012
   2013.62999429      7.5926
   2013.63002283      7.0944
   2013.63005137      7.2052
   2013.63007991      7.3640
   2013.63010845      7.3773
   2013.63013699      6.9596
   2013.63016553      6.4209
   2013.63019406      5.8864
   2013.63022260      5.3029
   2013.63025114      5.2212
   2013.63027968      5.0119
   2013.63030822      4.8680
   2013.63033676      4.4243
   2013.63036530      4.3638
   2013.63039384      3.9652
   2013.63042237      3.4219
   2013.63045091      3.0753
   2013.63047945      2.8046
   2013.63050799      2.5419
   2013.63053653      2.5272
   2013.63056507      2.2451
   2013.63059361      2.0739
   2013.63062215      1.8298
   2013.63065068      1.7018
   2013.63067922      1.5601
   2013.63070776      1.4241
   2013.63073630      1.2972
   2013.63076484      1.1797
   2013.63079338      1.0786
   2013.63082192      0.9850
   2013.63085046      0.9006
   2013.63087900      0.8212
   2013.63090753      0.7466
   2013.63093607      0.6786
   2013.63096461      0.6183
   2013.63099315      0.5643
   2013.63102169      0.5157
   2013.63105023      0.4723
   2013.63107877      0.4333
   2013.63110731      0.3982
   2013.63113584      0.3665
   2013.63116438      0.3377
   2013.63119292      0.3115
   2013.63122146      0.2878
   2013.63125000      0.2661
   2013.63127854      0.2463
   2013.63130708      0.2280
   2013.63133562      0.2112
   2013.63136416      0.1958
   2013.63139269      0.1817
   2013.63142123      0.1688
   2013.63144977      0.1569
   2013.63147831      0.1460
   2013.63150685      0.1360
   2013.63153539      0.1267
   2013.63156393      0.1182
   2013.63159247      0.1103
   2013.63162100      0.1030
