   2013.62465753      0.0000
   2013.62468607      0.0000
   2013.62471461      0.0003
   2013.62474315      0.0009
   2013.62477169      0.0015
   2013.62480023      0.0019
   2013.62482877      0.0024
   2013.62485731      0.0028
   2013.62488584      0.0035
   2013.62491438      0.0338
   2013.62494292      0.0843
   2013.62497146      0.1580
   2013.62500000      0.3252
   2013.62502854      0.6271
   2013.62505708      1.2048
   2013.62508562      2.2023
   2013.62511416      3.7343
   2013.62514269      6.3307
   2013.62517123      9.2526
   2013.62519977     11.3363
   2013.62522831     12.1146
   2013.62525685     12.9962
   2013.62528539     13.2599
   2013.62531393     12.5431
   2013.62534247     11.3354
   2013.62537100     11.1502
   2013.62539954     10.4598
   2013.62542808      9.5238
   2013.62545662      8.4380
   2013.62548516      8.2086
   2013.62551370      7.6924
   2013.62554224      7.1976
   2013.62557078      6.6688
   2013.62559932      6.8137
   2013.62562785      6.6832
   2013.62565639      6.5233
   2013.62568493      6.3206
   2013.62571347      6.6231
   2013.62574201      6.6772
   2013.62577055      6.7546
   2013.62579909      6.5663
   2013.62582763      6.9515
   2013.62585616      7.1103
   2013.62588470      7.2161
   2013.62591324      7.1443
   2013.62594178      7.5075
   2013.62597032      7.6433
   2013.62599886      7.8796
   2013.62602740      7.8069
   2013.62605594      8.3092
   2013.62608447      8.4214
   2013.62611301      8.6199
   2013.62614155      8.7993
   2013.62617009      9.2508
   2013.62619863      9.2833
   2013.62622717      9.5974
   2013.62625571      9.5986
   2013.62628425     11.1707
   2013.62631279     10.8798
   2013.62634132     10.5099
   2013.62636986     10.1276
   2013.62639840      9.7324
   2013.62642694     10.6905
   2013.62645548     12.0982
   2013.62648402     12.8662
   2013.62651256     12.6601
   2013.62654110     11.3720
   2013.62656963     10.1990
   2013.62659817      9.1353
   2013.62662671      8.3039
   2013.62665525      8.3304
   2013.62668379      8.9813
   2013.62671233      8.9572
   2013.62674087      8.5962
   2013.62676941      7.7283
   2013.62679795      7.3959
   2013.62682648      5.8737
   2013.62685502      5.5306
   2013.62688356      4.4467
   2013.62691210      4.2967
   2013.62694064      3.8794
   2013.62696918      3.3923
   2013.62699772      3.0768
   2013.62702626      2.7849
   2013.62705479      2.6228
   2013.62708333      2.3551
   2013.62711187      2.1184
   2013.62714041      1.9046
   2013.62716895      1.6352
   2013.62719749      1.4776
   2013.62722603      1.3874
   2013.62725457      1.2029
   2013.62728311      1.0511
   2013.62731164      0.9736
   2013.62734018      0.8839
   2013.62736872      0.7992
   2013.62739726      0.7227
   2013.62742580      0.6543
   2013.62745434      0.5939
   2013.62748288      0.5400
   2013.62751142      0.4922
   2013.62753995      0.4497
   2013.62756849      0.4119
   2013.62759703      0.3780
   2013.62762557      0.3474
   2013.62765411      0.3198
   2013.62768265      0.2947
   2013.62771119      0.2720
   2013.62773973      0.2513
   2013.62776826      0.2323
   2013.62779680      0.2148
   2013.62782534      0.1988
   2013.62785388      0.1842
   2013.62788242      0.1708
   2013.62791096      0.1586
   2013.62793950      0.1474
   2013.62796804      0.1371
   2013.62799658      0.1276
   2013.62802511      0.1189
   2013.62805365      0.1108
   2013.62808219      0.1033
