   2013.62465753      0.0000
   2013.62468607      0.0000
   2013.62471461      0.0000
   2013.62474315      0.0000
   2013.62477169      0.0000
   2013.62480023      0.0000
   2013.62482877      0.0000
   2013.62485731      0.0000
   2013.62488584      0.0000
   2013.62491438      0.0000
   2013.62494292      0.0000
   2013.62497146      0.0000
   2013.62500000      0.0000
   2013.62502854      0.0000
   2013.62505708      0.0000
   2013.62508562      0.0000
   2013.62511416      0.0000
   2013.62514269      0.0688
   2013.62517123      0.1465
   2013.62519977      0.3251
   2013.62522831      0.8712
   2013.62525685      1.9713
   2013.62528539      3.5904
   2013.62531393      6.5718
   2013.62534247     10.7351
   2013.62537100     15.0033
   2013.62539954     15.9670
   2013.62542808     15.8149
   2013.62545662     14.9126
   2013.62548516     14.6241
   2013.62551370     14.0620
   2013.62554224     12.6850
   2013.62557078     11.4087
   2013.62559932     11.3442
   2013.62562785     10.7147
   2013.62565639      9.7262
   2013.62568493      9.1073
   2013.62571347      9.2254
   2013.62574201      8.8103
   2013.62577055      8.6449
   2013.62579909      8.8090
   2013.62582763      9.1204
   2013.62585616      9.2452
   2013.62588470      9.2753
   2013.62591324      9.9693
   2013.62594178     10.8127
   2013.62597032     12.0339
   2013.62599886     12.7145
   2013.62602740     13.0026
   2013.62605594     13.3563
   2013.62608447     13.0703
   2013.62611301     11.9070
   2013.62614155     10.3940
   2013.62617009      9.0515
   2013.62619863      7.8105
   2013.62622717      7.2907
   2013.62625571      6.3221
   2013.62628425      5.3413
   2013.62631279      5.4382
   2013.62634132      4.6715
   2013.62636986      4.3684
   2013.62639840      3.9365
   2013.62642694      3.6420
   2013.62645548      3.2210
   2013.62648402      3.0732
   2013.62651256      2.6169
   2013.62654110      2.3083
   2013.62656963      1.9646
   2013.62659817      1.7460
   2013.62662671      1.5506
   2013.62665525      1.3782
   2013.62668379      1.2403
   2013.62671233      1.0619
   2013.62674087      0.9887
   2013.62676941      0.8941
   2013.62679795      0.8044
   2013.62682648      0.7238
   2013.62685502      0.6524
   2013.62688356      0.5897
   2013.62691210      0.5341
   2013.62694064      0.4850
   2013.62696918      0.4417
   2013.62699772      0.4032
   2013.62702626      0.3689
   2013.62705479      0.3381
   2013.62708333      0.3105
   2013.62711187      0.2855
   2013.62714041      0.2629
   2013.62716895      0.2423
   2013.62719749      0.2235
   2013.62722603      0.2062
   2013.62725457      0.1905
   2013.62728311      0.1762
   2013.62731164      0.1631
   2013.62734018      0.1512
   2013.62736872      0.1403
   2013.62739726      0.1303
   2013.62742580      0.1211
   2013.62745434      0.1126
   2013.62748288      0.1048
