   2013.62465753      0.0000
   2013.62468607      0.0000
   2013.62471461      0.0000
   2013.62474315      0.0000
   2013.62477169      0.0000
   2013.62480023      0.0000
   2013.62482877      0.0000
   2013.62485731      0.0000
   2013.62488584      0.0000
   2013.62491438      0.0000
   2013.62494292      0.0000
   2013.62497146      0.0000
   2013.62500000      0.0000
   2013.62502854      0.0000
   2013.62505708      0.0000
   2013.62508562      0.0000
   2013.62511416      0.0000
   2013.62514269      0.0000
   2013.62517123      0.0000
   2013.62519977      0.0000
   2013.62522831      0.0000
   2013.62525685      0.0025
   2013.62528539      0.0038
   2013.62531393      0.0051
   2013.62534247      0.0154
   2013.62537100      0.0728
   2013.62539954      0.1423
   2013.62542808      0.2973
   2013.62545662      0.6155
   2013.62548516      1.2096
   2013.62551370      2.2054
   2013.62554224      3.6974
   2013.62557078      6.0735
   2013.62559932      8.9766
   2013.62562785     11.3009
   2013.62565639     12.4136
   2013.62568493     13.1833
   2013.62571347     13.4401
   2013.62574201     13.0853
   2013.62577055     12.5983
   2013.62579909     11.5187
   2013.62582763     11.2296
   2013.62585616     10.2960
   2013.62588470      9.2816
   2013.62591324      8.0786
   2013.62594178      7.6764
   2013.62597032      6.7022
   2013.62599886      6.1771
   2013.62602740      5.0416
   2013.62605594      4.5611
   2013.62608447      4.0012
   2013.62611301      3.6087
   2013.62614155      3.2280
   2013.62617009      2.9605
   2013.62619863      2.6141
   2013.62622717      2.3590
   2013.62625571      2.1970
   2013.62628425      2.0489
   2013.62631279      1.8944
   2013.62634132      1.7142
   2013.62636986      1.5328
   2013.62639840      1.5758
   2013.62642694      1.4988
   2013.62645548      1.4167
   2013.62648402      1.3917
   2013.62651256      1.3490
   2013.62654110      1.3178
   2013.62656963      1.2829
   2013.62659817      1.2989
   2013.62662671      1.2986
   2013.62665525      1.3058
   2013.62668379      1.3062
   2013.62671233      1.3572
   2013.62674087      1.3941
   2013.62676941      1.4285
   2013.62679795      1.4508
   2013.62682648      1.5254
   2013.62685502      1.5726
   2013.62688356      1.6058
   2013.62691210      1.6227
   2013.62694064      1.6860
   2013.62696918      1.7172
   2013.62699772      1.7302
   2013.62702626      1.7298
   2013.62705479      1.7705
   2013.62708333      1.7789
   2013.62711187      1.7739
   2013.62714041      1.7512
   2013.62716895      1.7710
   2013.62719749      1.7550
   2013.62722603      1.7344
   2013.62725457      1.6963
   2013.62728311      1.6660
   2013.62731164      1.6640
   2013.62734018      1.6326
   2013.62736872      1.5908
   2013.62739726      1.5452
   2013.62742580      1.5277
   2013.62745434      1.4899
   2013.62748288      1.4690
   2013.62751142      1.2815
   2013.62753995      1.3629
   2013.62756849      1.3281
   2013.62759703      1.2618
   2013.62762557      1.2301
   2013.62765411      1.1860
   2013.62768265      1.1180
   2013.62771119      1.1416
   2013.62773973      1.0673
   2013.62776826      1.0172
   2013.62779680      0.9740
   2013.62782534      0.9172
   2013.62785388      0.8982
   2013.62788242      0.8618
   2013.62791096      0.8214
   2013.62793950      0.7821
   2013.62796804      0.7560
   2013.62799658      0.7226
   2013.62802511      0.6881
   2013.62805365      0.6563
   2013.62808219      0.6380
   2013.62811073      0.6109
   2013.62813927      0.5823
   2013.62816781      0.5555
   2013.62819635      0.5428
   2013.62822489      0.5205
   2013.62825342      0.4967
   2013.62828196      0.4744
   2013.62831050      0.4671
   2013.62833904      0.4495
   2013.62836758      0.4299
   2013.62839612      0.4116
   2013.62842466      0.4087
   2013.62845320      0.3954
   2013.62848174      0.3798
   2013.62851027      0.3651
   2013.62853881      0.3678
   2013.62856735      0.3588
   2013.62859589      0.3472
   2013.62862443      0.3362
   2013.62865297      0.3446
   2013.62868151      0.3401
   2013.62871005      0.3326
   2013.62873858      0.3260
   2013.62876712      0.3411
   2013.62879566      0.3421
   2013.62882420      0.3398
   2013.62885274      0.3387
   2013.62888128      0.3628
   2013.62890982      0.3710
   2013.62893836      0.3758
   2013.62896689      0.3830
   2013.62899543      0.4200
   2013.62902397      0.4528
   2013.62905251      0.4630
   2013.62908105      0.4815
   2013.62910959      0.5179
   2013.62913813      0.5882
   2013.62916667      0.6151
   2013.62919521      0.6641
   2013.62922374      0.7513
   2013.62925228      0.8159
   2013.62928082      0.8842
   2013.62930936      0.9513
   2013.62933790      1.0621
   2013.62936644      1.1608
   2013.62939498      1.2566
   2013.62942352      1.3351
   2013.62945205      1.4541
   2013.62948059      1.5412
   2013.62950913      1.6064
   2013.62953767      1.6449
   2013.62956621      1.7363
   2013.62959475      1.7884
   2013.62962329      1.8179
   2013.62965183      1.8312
   2013.62968037      1.8951
   2013.62970890      1.9196
   2013.62973744      1.9229
   2013.62976598      1.9146
   2013.62979452      1.9521
   2013.62982306      1.9521
   2013.62985160      1.9386
   2013.62988014      1.9082
   2013.62990868      1.8841
   2013.62993721      1.9027
   2013.62996575      1.8757
   2013.62999429      1.8313
   2013.63002283      1.7960
   2013.63005137      1.7919
   2013.63007991      1.7558
   2013.63010845      1.6721
   2013.63013699      1.6587
   2013.63016553      1.6398
   2013.63019406      1.5983
   2013.63022260      1.5214
   2013.63025114      1.5086
   2013.63027968      1.4183
   2013.63030822      1.3636
   2013.63033676      1.3039
   2013.63036530      1.2431
   2013.63039384      1.1503
   2013.63042237      1.1544
   2013.63045091      1.0580
   2013.63047945      0.9948
   2013.63050799      0.9277
   2013.63053653      0.8795
   2013.63056507      0.8258
   2013.63059361      0.7738
   2013.63062215      0.7234
   2013.63065068      0.6756
   2013.63067922      0.6312
   2013.63070776      0.5899
   2013.63073630      0.5512
   2013.63076484      0.5153
   2013.63079338      0.4819
   2013.63082192      0.4508
   2013.63085046      0.4217
   2013.63087900      0.3945
   2013.63090753      0.3689
   2013.63093607      0.3449
   2013.63096461      0.3225
   2013.63099315      0.3016
   2013.63102169      0.2821
   2013.63105023      0.2639
   2013.63107877      0.2470
   2013.63110731      0.2310
   2013.63113584      0.2160
   2013.63116438      0.2020
   2013.63119292      0.1890
   2013.63122146      0.1769
   2013.63125000      0.1656
   2013.63127854      0.1551
   2013.63130708      0.1453
   2013.63133562      0.1361
   2013.63136416      0.1276
   2013.63139269      0.1197
   2013.63142123      0.1123
   2013.63144977      0.1054
