   2013.62465753      0.0000
   2013.62468607      0.0000
   2013.62471461      0.0000
   2013.62474315      0.0000
   2013.62477169      0.0000
   2013.62480023      0.0000
   2013.62482877      0.0000
   2013.62485731      0.0000
   2013.62488584      0.0000
   2013.62491438      0.0056
   2013.62494292      0.0119
   2013.62497146      0.0814
   2013.62500000      0.2339
   2013.62502854      0.5300
   2013.62505708      1.3201
   2013.62508562      2.5149
   2013.62511416      3.9752
   2013.62514269      6.0399
   2013.62517123      8.6935
   2013.62519977     10.3450
   2013.62522831      9.9451
   2013.62525685      9.0142
   2013.62528539      8.0836
   2013.62531393      6.8550
   2013.62534247      6.2957
   2013.62537100      5.0028
   2013.62539954      4.2215
   2013.62542808      3.5991
   2013.62545662      3.3862
   2013.62548516      2.8216
   2013.62551370      2.4166
   2013.62554224      2.1021
   2013.62557078      1.8378
   2013.62559932      1.5555
   2013.62562785      1.4164
   2013.62565639      1.2210
   2013.62568493      1.0632
   2013.62571347      0.9640
   2013.62574201      0.8622
   2013.62577055      0.7702
   2013.62579909      0.6892
   2013.62582763      0.6187
   2013.62585616      0.5568
   2013.62588470      0.5023
   2013.62591324      0.4545
   2013.62594178      0.4124
   2013.62597032      0.3750
   2013.62599886      0.3418
   2013.62602740      0.3122
   2013.62605594      0.2856
   2013.62608447      0.2617
   2013.62611301      0.2400
   2013.62614155      0.2203
   2013.62617009      0.2023
   2013.62619863      0.1861
   2013.62622717      0.1713
   2013.62625571      0.1579
   2013.62628425      0.1457
   2013.62631279      0.1346
   2013.62634132      0.1245
   2013.62636986      0.1152
   2013.62639840      0.1067
