   2013.62465753      0.0000
   2013.62468607      0.0000
   2013.62471461      0.0000
   2013.62474315      0.0000
   2013.62477169      0.0000
   2013.62480023      0.0000
   2013.62482877      0.0000
   2013.62485731      0.0000
   2013.62488584      0.0000
   2013.62491438      0.0000
   2013.62494292      0.0000
   2013.62497146      0.0000
   2013.62500000      0.0000
   2013.62502854      0.0000
   2013.62505708      0.0000
   2013.62508562      0.0000
   2013.62511416      0.0000
   2013.62514269      0.0000
   2013.62517123      0.0000
   2013.62519977      0.0000
   2013.62522831      0.0000
   2013.62525685      0.0000
   2013.62528539      0.0000
   2013.62531393      0.0000
   2013.62534247      0.0000
   2013.62537100      0.0022
   2013.62539954      0.0015
   2013.62542808      0.0013
   2013.62545662      0.0018
   2013.62548516      0.0017
   2013.62551370      0.0160
   2013.62554224      0.0419
   2013.62557078      0.0645
   2013.62559932      0.0970
   2013.62562785      0.1441
   2013.62565639      0.2037
   2013.62568493      0.2878
   2013.62571347      0.3987
   2013.62574201      0.5378
   2013.62577055      0.7435
   2013.62579909      1.0307
   2013.62582763      1.4361
   2013.62585616      1.9573
   2013.62588470      2.3786
   2013.62591324      2.7637
   2013.62594178      3.1057
   2013.62597032      3.3379
   2013.62599886      3.5292
   2013.62602740      3.7588
   2013.62605594      3.9502
   2013.62608447      4.1722
   2013.62611301      4.2589
   2013.62614155      4.2690
   2013.62617009      4.5270
   2013.62619863      4.6246
   2013.62622717      4.6245
   2013.62625571      4.4876
   2013.62628425      4.7268
   2013.62631279      4.5840
   2013.62634132      4.5740
   2013.62636986      4.3324
   2013.62639840      4.6086
   2013.62642694      4.4273
   2013.62645548      4.4788
   2013.62648402      4.2813
   2013.62651256      4.6184
   2013.62654110      4.5163
   2013.62656963      4.7813
   2013.62659817      4.6729
   2013.62662671      5.1008
   2013.62665525      5.3268
   2013.62668379      5.6121
   2013.62671233      5.5968
   2013.62674087      6.0579
   2013.62676941      6.2253
   2013.62679795      6.2777
   2013.62682648      6.1368
   2013.62685502      6.4942
   2013.62688356      6.5292
   2013.62691210      6.4491
   2013.62694064      6.1758
   2013.62696918      6.7458
   2013.62699772      6.4082
   2013.62702626      6.2586
   2013.62705479      6.0704
   2013.62708333      6.3299
   2013.62711187      6.0224
   2013.62714041      6.0403
   2013.62716895      5.5646
   2013.62719749      5.6217
   2013.62722603      5.4862
   2013.62725457      5.3923
   2013.62728311      4.9914
   2013.62731164      5.0308
   2013.62734018      4.9412
   2013.62736872      4.7315
   2013.62739726      4.3207
   2013.62742580      4.4903
   2013.62745434      4.2543
   2013.62748288      3.9981
   2013.62751142      3.7595
   2013.62753995      3.7504
   2013.62756849      3.9291
   2013.62759703      3.3541
   2013.62762557      3.3142
   2013.62765411      3.1937
   2013.62768265      3.0266
   2013.62771119      2.8655
   2013.62773973      2.7736
   2013.62776826      2.6305
   2013.62779680      2.4981
   2013.62782534      2.3196
   2013.62785388      2.2297
   2013.62788242      2.1563
   2013.62791096      2.0092
   2013.62793950      1.8974
   2013.62796804      1.8286
   2013.62799658      1.7693
   2013.62802511      1.6559
   2013.62805365      1.5711
   2013.62808219      1.4546
   2013.62811073      1.4611
   2013.62813927      1.4017
   2013.62816781      1.3134
   2013.62819635      1.1886
   2013.62822489      1.2305
   2013.62825342      1.1489
   2013.62828196      1.1112
   2013.62831050      1.0546
   2013.62833904      1.0662
   2013.62836758      1.0246
   2013.62839612      0.9882
   2013.62842466      0.9785
   2013.62845320      0.9804
   2013.62848174      0.9704
   2013.62851027      0.9467
   2013.62853881      0.9771
   2013.62856735      1.0264
   2013.62859589      0.9955
   2013.62862443      1.0065
   2013.62865297      1.0726
   2013.62868151      1.0988
   2013.62871005      1.1566
   2013.62873858      1.2061
   2013.62876712      1.3360
   2013.62879566      1.4412
   2013.62882420      1.5677
   2013.62885274      1.6784
   2013.62888128      1.9204
   2013.62890982      2.1338
   2013.62893836      2.2932
   2013.62896689      2.4875
   2013.62899543      2.7123
   2013.62902397      3.1376
   2013.62905251      3.3994
   2013.62908105      3.6330
   2013.62910959      3.7634
   2013.62913813      4.2988
   2013.62916667      4.4115
   2013.62919521      4.7877
   2013.62922374      4.7305
   2013.62925228      5.2377
   2013.62928082      5.3645
   2013.62930936      5.5899
   2013.62933790      5.5242
   2013.62936644      5.9610
   2013.62939498      6.1185
   2013.62942352      6.2889
   2013.62945205      6.1051
   2013.62948059      6.5014
   2013.62950913      6.5922
   2013.62953767      6.5640
   2013.62956621      6.3932
   2013.62959475      6.7276
   2013.62962329      6.7423
   2013.62965183      6.6412
   2013.62968037      6.3449
   2013.62970890      6.9746
   2013.62973744      6.5792
   2013.62976598      6.4192
   2013.62979452      6.3923
   2013.62982306      6.4925
   2013.62985160      6.1716
   2013.62988014      6.2124
   2013.62990868      5.6980
   2013.62993721      5.9381
   2013.62996575      5.6163
   2013.62999429      5.5298
   2013.63002283      5.1041
   2013.63005137      5.1487
   2013.63007991      5.0707
   2013.63010845      4.8500
   2013.63013699      4.4872
   2013.63016553      4.4982
   2013.63019406      4.3607
   2013.63022260      4.1744
   2013.63025114      3.9567
   2013.63027968      3.8855
   2013.63030822      3.6819
   2013.63033676      3.3092
   2013.63036530      3.1221
   2013.63039384      2.8507
   2013.63042237      2.6447
   2013.63045091      2.4481
   2013.63047945      2.2614
   2013.63050799      2.0728
   2013.63053653      1.8999
   2013.63056507      1.7477
   2013.63059361      1.6075
   2013.63062215      1.4769
   2013.63065068      1.3546
   2013.63067922      1.2954
   2013.63070776      1.1374
   2013.63073630      1.0441
   2013.63076484      0.9575
   2013.63079338      0.8797
   2013.63082192      0.8053
   2013.63085046      0.7355
   2013.63087900      0.6719
   2013.63090753      0.6151
   2013.63093607      0.5638
   2013.63096461      0.5175
   2013.63099315      0.4759
   2013.63102169      0.4383
   2013.63105023      0.4042
   2013.63107877      0.3732
   2013.63110731      0.3450
   2013.63113584      0.3192
   2013.63116438      0.2956
   2013.63119292      0.2741
   2013.63122146      0.2543
   2013.63125000      0.2361
   2013.63127854      0.2192
   2013.63130708      0.2036
   2013.63133562      0.1893
   2013.63136416      0.1762
   2013.63139269      0.1641
   2013.63142123      0.1530
   2013.63144977      0.1427
   2013.63147831      0.1332
   2013.63150685      0.1244
   2013.63153539      0.1163
   2013.63156393      0.1088
   2013.63159247      0.1018
