   2013.62465753      0.0000
   2013.62468607      0.0000
   2013.62471461      0.0000
   2013.62474315      0.0000
   2013.62477169      0.0000
   2013.62480023      0.0000
   2013.62482877      0.0000
   2013.62485731      0.0000
   2013.62488584      0.0000
   2013.62491438      0.0000
   2013.62494292      0.0000
   2013.62497146      0.0000
   2013.62500000      0.0000
   2013.62502854      0.0000
   2013.62505708      0.0001
   2013.62508562      0.0001
   2013.62511416      0.0001
   2013.62514269      0.0001
   2013.62517123      0.0002
   2013.62519977      0.0002
   2013.62522831      0.0002
   2013.62525685      0.0002
   2013.62528539      0.0003
   2013.62531393      0.0003
   2013.62534247      0.0003
   2013.62537100      0.0003
   2013.62539954      0.0004
   2013.62542808      0.0004
   2013.62545662      0.0004
   2013.62548516      0.0004
   2013.62551370      0.0004
   2013.62554224      0.0005
   2013.62557078      0.0005
   2013.62559932      0.0005
   2013.62562785      0.0005
   2013.62565639      0.0006
   2013.62568493      0.0081
   2013.62571347      0.0194
   2013.62574201      0.0279
   2013.62577055      0.0329
   2013.62579909      0.0368
   2013.62582763      0.0414
   2013.62585616      0.0467
   2013.62588470      0.0525
   2013.62591324      0.0592
   2013.62594178      0.0671
   2013.62597032      0.0767
   2013.62599886      0.0885
   2013.62602740      0.1040
   2013.62605594      0.1276
   2013.62608447      0.1618
   2013.62611301      0.2057
   2013.62614155      0.2503
   2013.62617009      0.2853
   2013.62619863      0.3061
   2013.62622717      0.3141
   2013.62625571      0.3127
   2013.62628425      0.3051
   2013.62631279      0.2939
   2013.62634132      0.2807
   2013.62636986      0.2667
   2013.62639840      0.2524
   2013.62642694      0.2382
   2013.62645548      0.2242
   2013.62648402      0.2106
   2013.62651256      0.1976
   2013.62654110      0.1853
   2013.62656963      0.1736
   2013.62659817      0.1627
   2013.62662671      0.1524
   2013.62665525      0.1428
   2013.62668379      0.1337
   2013.62671233      0.1252
   2013.62674087      0.1173
   2013.62676941      0.1099
   2013.62679795      0.1030
