   2013.62465753      0.0000
   2013.62468607      0.0000
   2013.62471461      0.0000
   2013.62474315      0.0000
   2013.62477169      0.0000
   2013.62480023      0.0000
   2013.62482877      0.0000
   2013.62485731      0.0000
   2013.62488584      0.0000
   2013.62491438      0.0000
   2013.62494292      0.0000
   2013.62497146      0.0000
   2013.62500000      0.0000
   2013.62502854      0.0000
   2013.62505708      0.0000
   2013.62508562      0.0000
   2013.62511416      0.0000
   2013.62514269      0.0000
   2013.62517123      0.0000
   2013.62519977      0.0000
   2013.62522831      0.0000
   2013.62525685      0.0127
   2013.62528539      0.0872
   2013.62531393      0.1945
   2013.62534247      0.5317
   2013.62537100      1.4625
   2013.62539954      3.2288
   2013.62542808      6.4547
   2013.62545662     12.0707
   2013.62548516     18.6234
   2013.62551370     21.9409
   2013.62554224     22.0255
   2013.62557078     20.7107
   2013.62559932     18.9200
   2013.62562785     17.0006
   2013.62565639     14.7660
   2013.62568493     12.2243
   2013.62571347     11.1944
   2013.62574201      9.8277
   2013.62577055      8.3918
   2013.62579909      7.1152
   2013.62582763      6.6871
   2013.62585616      6.0904
   2013.62588470      5.7678
   2013.62591324      4.7446
   2013.62594178      4.8727
   2013.62597032      4.6328
   2013.62599886      4.5839
   2013.62602740      4.4234
   2013.62605594      4.2765
   2013.62608447      4.1868
   2013.62611301      4.3485
   2013.62614155      4.0274
   2013.62617009      3.8995
   2013.62619863      3.9751
   2013.62622717      3.5211
   2013.62625571      3.2448
   2013.62628425      2.9934
   2013.62631279      2.7147
   2013.62634132      2.5536
   2013.62636986      2.2515
   2013.62639840      2.0250
   2013.62642694      1.8336
   2013.62645548      1.5964
   2013.62648402      1.4756
   2013.62651256      1.3566
   2013.62654110      1.2523
   2013.62656963      1.1505
   2013.62659817      1.0725
   2013.62662671      0.9948
   2013.62665525      0.9216
   2013.62668379      0.8525
   2013.62671233      0.7846
   2013.62674087      0.7195
   2013.62676941      0.6591
   2013.62679795      0.6044
   2013.62682648      0.5542
   2013.62685502      0.5085
   2013.62688356      0.4672
   2013.62691210      0.4297
   2013.62694064      0.3956
   2013.62696918      0.3646
   2013.62699772      0.3362
   2013.62702626      0.3104
   2013.62705479      0.2867
   2013.62708333      0.2652
   2013.62711187      0.2454
   2013.62714041      0.2271
   2013.62716895      0.2102
   2013.62719749      0.1947
   2013.62722603      0.1805
   2013.62725457      0.1675
   2013.62728311      0.1555
   2013.62731164      0.1445
   2013.62734018      0.1344
   2013.62736872      0.1251
   2013.62739726      0.1165
   2013.62742580      0.1085
   2013.62745434      0.1012
