   2013.62465753      0.0000
   2013.62468607      0.0000
   2013.62471461      0.0000
   2013.62474315      0.0000
   2013.62477169      0.0000
   2013.62480023      0.0000
   2013.62482877      0.0000
   2013.62485731      0.0000
   2013.62488584      0.0000
   2013.62491438      0.0000
   2013.62494292      0.0000
   2013.62497146      0.0000
   2013.62500000      0.0000
   2013.62502854      0.0000
   2013.62505708      0.0000
   2013.62508562      0.0000
   2013.62511416      0.0000
   2013.62514269      0.0000
   2013.62517123      0.0000
   2013.62519977      0.0000
   2013.62522831      0.0000
   2013.62525685      0.0000
   2013.62528539      0.0000
   2013.62531393      0.0000
   2013.62534247      0.0000
   2013.62537100      0.0000
   2013.62539954      0.0000
   2013.62542808      0.0000
   2013.62545662      0.0000
   2013.62548516      0.0000
   2013.62551370      0.0000
   2013.62554224      0.0000
   2013.62557078      0.0000
   2013.62559932      0.0000
   2013.62562785      0.0000
   2013.62565639      0.0000
   2013.62568493      0.0000
   2013.62571347      0.0000
   2013.62574201      0.0000
   2013.62577055      0.0000
   2013.62579909      0.0000
   2013.62582763      0.0000
   2013.62585616      0.0000
   2013.62588470      0.0000
   2013.62591324      0.0000
   2013.62594178      0.0000
   2013.62597032      0.0000
   2013.62599886      0.0000
   2013.62602740      0.0000
   2013.62605594      0.0000
   2013.62608447      0.0000
   2013.62611301      0.0000
   2013.62614155      0.0000
   2013.62617009      0.0000
   2013.62619863      0.0000
   2013.62622717      0.0000
   2013.62625571      0.0000
   2013.62628425      0.0000
   2013.62631279      0.0000
   2013.62634132      0.0000
   2013.62636986      0.0000
   2013.62639840      0.0000
   2013.62642694      0.0000
   2013.62645548      0.0000
   2013.62648402      0.0000
   2013.62651256      0.0000
   2013.62654110      0.0000
   2013.62656963      0.0000
   2013.62659817      0.0000
   2013.62662671      0.0000
   2013.62665525      0.0000
   2013.62668379      0.0000
   2013.62671233      0.0000
   2013.62674087      0.0000
   2013.62676941      0.0000
   2013.62679795      0.0000
   2013.62682648      0.0000
   2013.62685502      0.0000
   2013.62688356      0.0000
   2013.62691210      0.0000
   2013.62694064      0.0000
   2013.62696918      0.0000
   2013.62699772      0.0000
   2013.62702626      0.0000
   2013.62705479      0.0000
   2013.62708333      0.0000
   2013.62711187      0.0000
   2013.62714041      0.0000
   2013.62716895      0.0000
   2013.62719749      0.0002
   2013.62722603      0.0014
   2013.62725457      0.0025
   2013.62728311      0.0035
   2013.62731164      0.0044
   2013.62734018      0.0110
   2013.62736872      0.0590
   2013.62739726      0.0896
   2013.62742580      0.1452
   2013.62745434      0.2455
   2013.62748288      0.3663
   2013.62751142      0.5272
   2013.62753995      0.7128
   2013.62756849      0.8957
   2013.62759703      1.1170
   2013.62762557      1.4337
   2013.62765411      1.8630
   2013.62768265      2.2215
   2013.62771119      2.4170
   2013.62773973      2.3966
   2013.62776826      2.3770
   2013.62779680      2.1937
   2013.62782534      1.9248
   2013.62785388      1.7497
   2013.62788242      1.5774
   2013.62791096      1.4163
   2013.62793950      1.2981
   2013.62796804      1.1493
   2013.62799658      1.0213
   2013.62802511      0.9329
   2013.62805365      0.8419
   2013.62808219      0.7582
   2013.62811073      0.6829
   2013.62813927      0.6164
   2013.62816781      0.5574
   2013.62819635      0.5051
   2013.62822489      0.4588
   2013.62825342      0.4178
   2013.62828196      0.3813
   2013.62831050      0.3486
   2013.62833904      0.3192
   2013.62836758      0.2927
   2013.62839612      0.2688
   2013.62842466      0.2471
   2013.62845320      0.2272
   2013.62848174      0.2090
   2013.62851027      0.1924
   2013.62853881      0.1774
   2013.62856735      0.1636
   2013.62859589      0.1511
   2013.62862443      0.1396
   2013.62865297      0.1291
   2013.62868151      0.1195
   2013.62871005      0.1107
   2013.62873858      0.1025
