   2013.62465753      0.0000
   2013.62468607      0.0000
   2013.62471461      0.0000
   2013.62474315      0.0000
   2013.62477169      0.0000
   2013.62480023      0.0000
   2013.62482877      0.0000
   2013.62485731      0.0000
   2013.62488584      0.0000
   2013.62491438      0.0000
   2013.62494292      0.0000
   2013.62497146      0.0000
   2013.62500000      0.0000
   2013.62502854      0.0000
   2013.62505708      0.0000
   2013.62508562      0.0000
   2013.62511416      0.0000
   2013.62514269      0.0000
   2013.62517123      0.0000
   2013.62519977      0.0000
   2013.62522831      0.0000
   2013.62525685      0.0000
   2013.62528539      0.0000
   2013.62531393      0.0000
   2013.62534247      0.0000
   2013.62537100      0.0000
   2013.62539954      0.0000
   2013.62542808      0.0000
   2013.62545662      0.0000
   2013.62548516      0.0000
   2013.62551370      0.0000
   2013.62554224      0.0000
   2013.62557078      0.0000
   2013.62559932      0.0000
   2013.62562785      0.0000
   2013.62565639      0.0000
   2013.62568493      0.0000
   2013.62571347      0.0000
   2013.62574201      0.0000
   2013.62577055      0.0000
   2013.62579909      0.0000
   2013.62582763      0.0634
   2013.62585616      0.1202
   2013.62588470      0.2467
   2013.62591324      0.5936
   2013.62594178      1.1833
   2013.62597032      1.8843
   2013.62599886      2.7648
   2013.62602740      4.3438
   2013.62605594      6.6824
   2013.62608447      8.3208
   2013.62611301      8.8911
   2013.62614155      8.6440
   2013.62617009      8.3051
   2013.62619863      7.5709
   2013.62622717      7.1009
   2013.62625571      6.7378
   2013.62628425      6.4365
   2013.62631279      6.2640
   2013.62634132      6.0594
   2013.62636986      6.1623
   2013.62639840      5.7699
   2013.62642694      5.3639
   2013.62645548      4.6479
   2013.62648402      4.6288
   2013.62651256      4.0377
   2013.62654110      3.4972
   2013.62656963      3.1535
   2013.62659817      2.8771
   2013.62662671      2.7837
   2013.62665525      2.4169
   2013.62668379      2.1797
   2013.62671233      1.8676
   2013.62674087      1.7170
   2013.62676941      1.5505
   2013.62679795      1.3982
   2013.62682648      1.2953
   2013.62685502      1.1472
   2013.62688356      1.0202
   2013.62691210      0.9401
   2013.62694064      0.8537
   2013.62696918      0.7729
   2013.62699772      0.6994
   2013.62702626      0.6337
   2013.62705479      0.5753
   2013.62708333      0.5231
   2013.62711187      0.4767
   2013.62714041      0.4356
   2013.62716895      0.3988
   2013.62719749      0.3657
   2013.62722603      0.3359
   2013.62725457      0.3089
   2013.62728311      0.2845
   2013.62731164      0.2624
   2013.62734018      0.2421
   2013.62736872      0.2234
   2013.62739726      0.2064
   2013.62742580      0.1908
   2013.62745434      0.1765
   2013.62748288      0.1635
   2013.62751142      0.1516
   2013.62753995      0.1407
   2013.62756849      0.1307
   2013.62759703      0.1215
   2013.62762557      0.1130
   2013.62765411      0.1052
