   2013.62465753      0.0000
   2013.62468607      0.0000
   2013.62471461      0.0000
   2013.62474315      0.0000
   2013.62477169      0.0000
   2013.62480023      0.0000
   2013.62482877      0.0000
   2013.62485731      0.0000
   2013.62488584      0.0000
   2013.62491438      0.0000
   2013.62494292      0.0000
   2013.62497146      0.0000
   2013.62500000      0.0000
   2013.62502854      0.0000
   2013.62505708      0.0000
   2013.62508562      0.0000
   2013.62511416      0.0000
   2013.62514269      0.0000
   2013.62517123      0.0000
   2013.62519977      0.0000
   2013.62522831      0.0000
   2013.62525685      0.0000
   2013.62528539      0.0000
   2013.62531393      0.0000
   2013.62534247      0.0000
   2013.62537100      0.0000
   2013.62539954      0.0000
   2013.62542808      0.0000
   2013.62545662      0.0000
   2013.62548516      0.0000
   2013.62551370      0.0000
   2013.62554224      0.0000
   2013.62557078      0.0000
   2013.62559932      0.0000
   2013.62562785      0.0000
   2013.62565639      0.0000
   2013.62568493      0.0000
   2013.62571347      0.0000
   2013.62574201      0.0000
   2013.62577055      0.0000
   2013.62579909      0.0000
   2013.62582763      0.0124
   2013.62585616      0.0843
   2013.62588470      0.1829
   2013.62591324      0.3869
   2013.62594178      0.8449
   2013.62597032      1.5383
   2013.62599886      2.3617
   2013.62602740      3.4587
   2013.62605594      5.2822
   2013.62608447      6.9713
   2013.62611301      7.7627
   2013.62614155      7.2144
   2013.62617009      7.1557
   2013.62619863      6.8279
   2013.62622717      6.0259
   2013.62625571      5.2303
   2013.62628425      4.6215
   2013.62631279      4.2047
   2013.62634132      3.7631
   2013.62636986      3.6380
   2013.62639840      3.4327
   2013.62642694      3.1608
   2013.62645548      3.0061
   2013.62648402      2.9873
   2013.62651256      2.9377
   2013.62654110      2.8373
   2013.62656963      2.8292
   2013.62659817      2.8702
   2013.62662671      3.0496
   2013.62665525      3.0573
   2013.62668379      3.0916
   2013.62671233      3.3488
   2013.62674087      3.4548
   2013.62676941      3.5506
   2013.62679795      3.6273
   2013.62682648      3.6942
   2013.62685502      3.8118
   2013.62688356      3.8234
   2013.62691210      3.8260
   2013.62694064      3.8366
   2013.62696918      3.9429
   2013.62699772      3.8894
   2013.62702626      3.8712
   2013.62705479      3.8483
   2013.62708333      3.8766
   2013.62711187      3.7135
   2013.62714041      3.6198
   2013.62716895      3.4530
   2013.62719749      3.5640
   2013.62722603      3.4932
   2013.62725457      3.5559
   2013.62728311      3.1639
   2013.62731164      3.2753
   2013.62734018      3.4227
   2013.62736872      3.0671
   2013.62739726      3.0260
   2013.62742580      2.9642
   2013.62745434      2.8265
   2013.62748288      2.7138
   2013.62751142      2.6636
   2013.62753995      2.5608
   2013.62756849      2.4602
   2013.62759703      2.2980
   2013.62762557      2.2464
   2013.62765411      2.1912
   2013.62768265      2.1013
   2013.62771119      1.9594
   2013.62773973      1.8947
   2013.62776826      1.8451
   2013.62779680      1.7323
   2013.62782534      1.6433
   2013.62785388      1.5274
   2013.62788242      1.5348
   2013.62791096      1.4639
   2013.62793950      1.3724
   2013.62796804      1.3215
   2013.62799658      1.2618
   2013.62802511      1.1487
   2013.62805365      1.1272
   2013.62808219      1.1030
   2013.62811073      1.0425
   2013.62813927      0.9910
   2013.62816781      0.9286
   2013.62819635      0.9097
   2013.62822489      0.8713
   2013.62825342      0.8287
   2013.62828196      0.7886
   2013.62831050      0.7720
   2013.62833904      0.7431
   2013.62836758      0.7115
   2013.62839612      0.6839
   2013.62842466      0.6838
   2013.62845320      0.6665
   2013.62848174      0.6460
   2013.62851027      0.6289
   2013.62853881      0.6430
   2013.62856735      0.6486
   2013.62859589      0.6318
   2013.62862443      0.6258
   2013.62865297      0.6326
   2013.62868151      0.6795
   2013.62871005      0.6944
   2013.62873858      0.6814
   2013.62876712      0.7343
   2013.62879566      0.7934
   2013.62882420      0.8016
   2013.62885274      0.8402
   2013.62888128      0.9303
   2013.62890982      0.9849
   2013.62893836      1.0718
   2013.62896689      1.1553
   2013.62899543      1.3188
   2013.62902397      1.4736
   2013.62905251      1.6291
   2013.62908105      1.7651
   2013.62910959      2.0040
   2013.62913813      2.2025
   2013.62916667      2.3271
   2013.62919521      2.4835
   2013.62922374      2.7009
   2013.62925228      2.9309
   2013.62928082      3.0132
   2013.62930936      3.1372
   2013.62933790      3.2740
   2013.62936644      3.5132
   2013.62939498      3.6136
   2013.62942352      3.6815
   2013.62945205      3.8629
   2013.62948059      3.9479
   2013.62950913      4.0219
   2013.62953767      4.0254
   2013.62956621      4.1494
   2013.62959475      4.1998
   2013.62962329      4.2088
   2013.62965183      4.1681
   2013.62968037      4.2348
   2013.62970890      4.2459
   2013.62973744      4.1881
   2013.62976598      4.1208
   2013.62979452      3.9786
   2013.62982306      4.1288
   2013.62985160      4.0106
   2013.62988014      3.8381
   2013.62990868      3.8305
   2013.62993721      3.8723
   2013.62996575      3.6788
   2013.62999429      3.6182
   2013.63002283      3.2860
   2013.63005137      3.4475
   2013.63007991      3.3608
   2013.63010845      3.4304
   2013.63013699      3.0440
   2013.63016553      3.0802
   2013.63019406      2.9886
   2013.63022260      2.8588
   2013.63025114      2.7594
   2013.63027968      2.6479
   2013.63030822      2.4609
   2013.63033676      2.3219
   2013.63036530      2.1913
   2013.63039384      2.0597
   2013.63042237      1.9316
   2013.63045091      1.7968
   2013.63047945      1.6764
   2013.63050799      1.5646
   2013.63053653      1.4588
   2013.63056507      1.3573
   2013.63059361      1.2599
   2013.63062215      1.1967
   2013.63065068      1.0881
   2013.63067922      0.9852
   2013.63070776      0.9281
   2013.63073630      0.8589
   2013.63076484      0.7913
   2013.63079338      0.7276
   2013.63082192      0.6685
   2013.63085046      0.6149
   2013.63087900      0.5662
   2013.63090753      0.5220
   2013.63093607      0.4820
   2013.63096461      0.4458
   2013.63099315      0.4127
   2013.63102169      0.3824
   2013.63105023      0.3545
   2013.63107877      0.3288
   2013.63110731      0.3052
   2013.63113584      0.2835
   2013.63116438      0.2635
   2013.63119292      0.2450
   2013.63122146      0.2279
   2013.63125000      0.2120
   2013.63127854      0.1973
   2013.63130708      0.1837
   2013.63133562      0.1712
   2013.63136416      0.1597
   2013.63139269      0.1490
   2013.63142123      0.1392
   2013.63144977      0.1301
   2013.63147831      0.1216
   2013.63150685      0.1138
   2013.63153539      0.1065
