   2013.62465753      0.0000
   2013.62468607      0.0000
   2013.62471461      0.0000
   2013.62474315      0.0000
   2013.62477169      0.0000
   2013.62480023      0.0000
   2013.62482877      0.0000
   2013.62485731      0.0000
   2013.62488584      0.0000
   2013.62491438      0.0000
   2013.62494292      0.0000
   2013.62497146      0.0000
   2013.62500000      0.0000
   2013.62502854      0.0000
   2013.62505708      0.0000
   2013.62508562      0.0003
   2013.62511416      0.0006
   2013.62514269      0.0009
   2013.62517123      0.0012
   2013.62519977      0.0015
   2013.62522831      0.0017
   2013.62525685      0.0019
   2013.62528539      0.0022
   2013.62531393      0.0030
   2013.62534247      0.0309
   2013.62537100      0.0617
   2013.62539954      0.0966
   2013.62542808      0.1556
   2013.62545662      0.2416
   2013.62548516      0.3552
   2013.62551370      0.5357
   2013.62554224      0.7866
   2013.62557078      1.1126
   2013.62559932      1.5255
   2013.62562785      2.1471
   2013.62565639      2.7538
   2013.62568493      3.3728
   2013.62571347      3.8167
   2013.62574201      4.1024
   2013.62577055      4.2911
   2013.62579909      4.4207
   2013.62582763      4.5102
   2013.62585616      4.5738
   2013.62588470      4.6308
   2013.62591324      4.5433
   2013.62594178      4.4296
   2013.62597032      4.2317
   2013.62599886      3.9743
   2013.62602740      4.0485
   2013.62605594      3.7671
   2013.62608447      3.3708
   2013.62611301      3.1873
   2013.62614155      2.8855
   2013.62617009      2.6499
   2013.62619863      2.5671
   2013.62622717      2.2687
   2013.62625571      2.0585
   2013.62628425      1.7911
   2013.62631279      1.6326
   2013.62634132      1.4766
   2013.62636986      1.3332
   2013.62639840      1.2023
   2013.62642694      1.0904
   2013.62645548      0.9894
   2013.62648402      0.8997
   2013.62651256      0.8167
   2013.62654110      0.7394
   2013.62656963      0.6695
   2013.62659817      0.6078
   2013.62662671      0.5527
   2013.62665525      0.5034
   2013.62668379      0.4596
   2013.62671233      0.4203
   2013.62674087      0.3851
   2013.62676941      0.3534
   2013.62679795      0.3248
   2013.62682648      0.2989
   2013.62685502      0.2754
   2013.62688356      0.2541
   2013.62691210      0.2346
   2013.62694064      0.2166
   2013.62696918      0.2002
   2013.62699772      0.1852
   2013.62702626      0.1716
   2013.62705479      0.1590
   2013.62708333      0.1476
   2013.62711187      0.1371
   2013.62714041      0.1274
   2013.62716895      0.1185
   2013.62719749      0.1103
   2013.62722603      0.1027
