   2013.62465753      0.0000
   2013.62468607      0.0000
   2013.62471461      0.0000
   2013.62474315      0.0000
   2013.62477169      0.0000
   2013.62480023      0.0000
   2013.62482877      0.0000
   2013.62485731      0.0000
   2013.62488584      0.0000
   2013.62491438      0.0008
   2013.62494292      0.0014
   2013.62497146      0.0016
   2013.62500000      0.0074
   2013.62502854      0.0055
   2013.62505708      0.0230
   2013.62508562      0.0621
   2013.62511416      0.1263
   2013.62514269      0.2466
   2013.62517123      0.4527
   2013.62519977      0.8018
   2013.62522831      1.4239
   2013.62525685      2.2983
   2013.62528539      3.5325
   2013.62531393      5.3388
   2013.62534247      7.1783
   2013.62537100      8.3609
   2013.62539954      9.0428
   2013.62542808      9.3635
   2013.62545662      9.5700
   2013.62548516      9.7272
   2013.62551370      9.8189
   2013.62554224      9.8650
   2013.62557078      9.9190
   2013.62559932     10.0056
   2013.62562785     10.0987
   2013.62565639     10.0793
   2013.62568493     10.0410
   2013.62571347      9.8704
   2013.62574201      9.6119
   2013.62577055      9.1736
   2013.62579909      9.1120
   2013.62582763      8.9943
   2013.62585616      8.8441
   2013.62588470      8.5534
   2013.62591324      8.4967
   2013.62594178      8.4854
   2013.62597032      8.4592
   2013.62599886      8.5358
   2013.62602740      8.7401
   2013.62605594      9.1799
   2013.62608447      9.5490
   2013.62611301      9.7995
   2013.62614155     10.0061
   2013.62617009     10.4333
   2013.62619863     10.7133
   2013.62622717     10.7257
   2013.62625571     10.7664
   2013.62628425     11.0597
   2013.62631279     11.2760
   2013.62634132     11.2222
   2013.62636986     11.2903
   2013.62639840     11.4821
   2013.62642694     11.6971
   2013.62645548     11.6211
   2013.62648402     11.7725
   2013.62651256     11.8512
   2013.62654110     12.0341
   2013.62656963     11.9119
   2013.62659817     12.0318
   2013.62662671     12.0663
   2013.62665525     12.2380
   2013.62668379     12.1049
   2013.62671233     12.2228
   2013.62674087     12.2217
   2013.62676941     12.3716
   2013.62679795     12.2063
   2013.62682648     12.2924
   2013.62685502     12.2389
   2013.62688356     12.3475
   2013.62691210     12.1549
   2013.62694064     12.2157
   2013.62696918     12.1534
   2013.62699772     12.2363
   2013.62702626     12.0296
   2013.62705479     12.3852
   2013.62708333     12.3888
   2013.62711187     12.1157
   2013.62714041     11.8416
   2013.62716895     11.2118
   2013.62719749     11.5323
   2013.62722603     13.0282
   2013.62725457     12.9783
   2013.62728311     11.8197
   2013.62731164     10.7041
   2013.62734018      9.7778
   2013.62736872      9.3666
   2013.62739726     10.0500
   2013.62742580     10.7391
   2013.62745434     10.4173
   2013.62748288      9.5854
   2013.62751142      8.6663
   2013.62753995      7.7940
   2013.62756849      7.1803
   2013.62759703      7.0490
   2013.62762557      6.9673
   2013.62765411      6.7095
   2013.62768265      6.0323
   2013.62771119      5.4377
   2013.62773973      4.8591
   2013.62776826      4.3758
   2013.62779680      4.1519
   2013.62782534      3.8976
   2013.62785388      3.5672
   2013.62788242      3.3842
   2013.62791096      3.1510
   2013.62793950      2.8836
   2013.62796804      2.6215
   2013.62799658      2.3135
   2013.62802511      2.0755
   2013.62805365      1.9120
   2013.62808219      1.7428
   2013.62811073      1.5757
   2013.62813927      1.4266
   2013.62816781      1.2948
   2013.62819635      1.1974
   2013.62822489      1.0850
   2013.62825342      0.9820
   2013.62828196      0.9072
   2013.62831050      0.8299
   2013.62833904      0.7575
   2013.62836758      0.6908
   2013.62839612      0.6307
   2013.62842466      0.5767
   2013.62845320      0.5279
   2013.62848174      0.4842
   2013.62851027      0.4451
   2013.62853881      0.4098
   2013.62856735      0.3777
   2013.62859589      0.3485
   2013.62862443      0.3218
   2013.62865297      0.2974
   2013.62868151      0.2752
   2013.62871005      0.2548
   2013.62873858      0.2359
   2013.62876712      0.2185
   2013.62879566      0.2025
   2013.62882420      0.1878
   2013.62885274      0.1743
   2013.62888128      0.1618
   2013.62890982      0.1504
   2013.62893836      0.1400
   2013.62896689      0.1303
   2013.62899543      0.1213
   2013.62902397      0.1131
   2013.62905251      0.1054
   2013.62908105      0.0984
   2013.62910959      0.0918
   2013.62913813      0.0858
   2013.62916667      0.0801
   2013.62919521      0.0749
   2013.62922374      0.0699
