   2013.62465753      0.0000
   2013.62468607      0.0000
   2013.62471461      0.0000
   2013.62474315      0.0000
   2013.62477169      0.0000
   2013.62480023      0.0000
   2013.62482877      0.0000
   2013.62485731      0.0000
   2013.62488584      0.0000
   2013.62491438      0.0000
   2013.62494292      0.0000
   2013.62497146      0.0000
   2013.62500000      0.0000
   2013.62502854      0.0000
   2013.62505708      0.0000
   2013.62508562      0.0000
   2013.62511416      0.0000
   2013.62514269      0.0000
   2013.62517123      0.0000
   2013.62519977      0.0000
   2013.62522831      0.0000
   2013.62525685      0.0000
   2013.62528539      0.0000
   2013.62531393      0.0000
   2013.62534247      0.0000
   2013.62537100      0.0000
   2013.62539954      0.0000
   2013.62542808      0.0000
   2013.62545662      0.0000
   2013.62548516      0.0000
   2013.62551370      0.0000
   2013.62554224      0.0000
   2013.62557078      0.0000
   2013.62559932      0.0000
   2013.62562785      0.0000
   2013.62565639      0.0000
   2013.62568493      0.0000
   2013.62571347      0.0000
   2013.62574201      0.0000
   2013.62577055      0.0000
   2013.62579909      0.0000
   2013.62582763      0.0000
   2013.62585616      0.0000
   2013.62588470      0.0000
   2013.62591324      0.0000
   2013.62594178      0.0000
   2013.62597032      0.0000
   2013.62599886      0.0000
   2013.62602740      0.0000
   2013.62605594      0.0000
   2013.62608447      0.0000
   2013.62611301      0.0000
   2013.62614155      0.0000
   2013.62617009      0.3252
   2013.62619863      0.9796
   2013.62622717      3.1628
   2013.62625571      5.9106
   2013.62628425     11.0414
   2013.62631279     18.5916
   2013.62634132     21.3216
   2013.62636986     19.7425
   2013.62639840     17.2717
   2013.62642694     15.3646
   2013.62645548     13.5399
   2013.62648402     12.1808
   2013.62651256     11.3992
   2013.62654110     10.6770
   2013.62656963     10.2445
   2013.62659817      9.9832
   2013.62662671      9.6881
   2013.62665525      9.2408
   2013.62668379      9.0442
   2013.62671233      8.8802
   2013.62674087      8.8469
   2013.62676941      8.7722
   2013.62679795      8.6354
   2013.62682648      8.4457
   2013.62685502      8.1020
   2013.62688356      7.9615
   2013.62691210      7.5144
   2013.62694064      7.1489
   2013.62696918      6.7631
   2013.62699772      6.6673
   2013.62702626      6.1363
   2013.62705479      5.6113
   2013.62708333      5.1392
   2013.62711187      4.4554
   2013.62714041      4.2803
   2013.62716895      3.6400
   2013.62719749      3.3254
   2013.62722603      3.0627
   2013.62725457      3.0045
   2013.62728311      2.5593
   2013.62731164      2.2858
   2013.62734018      1.9575
   2013.62736872      1.7646
   2013.62739726      1.5785
   2013.62742580      1.4115
   2013.62745434      1.2870
   2013.62748288      1.1420
   2013.62751142      1.0168
   2013.62753995      0.9282
   2013.62756849      0.8385
   2013.62759703      0.7564
   2013.62762557      0.6827
   2013.62765411      0.6176
   2013.62768265      0.5599
   2013.62771119      0.5086
   2013.62773973      0.4633
   2013.62776826      0.4231
   2013.62779680      0.3873
   2013.62782534      0.3551
   2013.62785388      0.3262
   2013.62788242      0.3001
   2013.62791096      0.2764
   2013.62793950      0.2550
   2013.62796804      0.2353
   2013.62799658      0.2173
   2013.62802511      0.2008
   2013.62805365      0.1857
   2013.62808219      0.1720
   2013.62811073      0.1595
   2013.62813927      0.1480
   2013.62816781      0.1374
   2013.62819635      0.1278
   2013.62822489      0.1188
   2013.62825342      0.1105
   2013.62828196      0.1029
