   2013.62465753      0.0000
   2013.62468607      0.0000
   2013.62471461      0.0000
   2013.62474315      0.0000
   2013.62477169      0.0000
   2013.62480023      0.0000
   2013.62482877      0.0000
   2013.62485731      0.0000
   2013.62488584      0.0000
   2013.62491438      0.0000
   2013.62494292      0.0000
   2013.62497146      0.0000
   2013.62500000      0.0000
   2013.62502854      0.0000
   2013.62505708      0.0000
   2013.62508562      0.0000
   2013.62511416      0.0000
   2013.62514269      0.0023
   2013.62517123      0.0023
   2013.62519977      0.0025
   2013.62522831      0.0042
   2013.62525685      0.0170
   2013.62528539      0.0571
   2013.62531393      0.0936
   2013.62534247      0.1677
   2013.62537100      0.2987
   2013.62539954      0.4794
   2013.62542808      0.7761
   2013.62545662      1.2297
   2013.62548516      1.8484
   2013.62551370      2.7538
   2013.62554224      3.9303
   2013.62557078      5.1286
   2013.62559932      6.0619
   2013.62562785      6.5100
   2013.62565639      6.8580
   2013.62568493      7.1435
   2013.62571347      7.3348
   2013.62574201      7.4283
   2013.62577055      7.3114
   2013.62579909      7.0158
   2013.62582763      7.1384
   2013.62585616      6.8298
   2013.62588470      6.5746
   2013.62591324      6.0840
   2013.62594178      6.0400
   2013.62597032      5.7472
   2013.62599886      5.6111
   2013.62602740      4.6761
   2013.62605594      4.6667
   2013.62608447      4.3129
   2013.62611301      3.9916
   2013.62614155      3.6038
   2013.62617009      3.7295
   2013.62619863      3.4670
   2013.62622717      3.2913
   2013.62625571      3.1509
   2013.62628425      3.2283
   2013.62631279      3.0950
   2013.62634132      3.2485
   2013.62636986      2.9749
   2013.62639840      3.1816
   2013.62642694      3.1408
   2013.62645548      3.1660
   2013.62648402      3.1472
   2013.62651256      3.4106
   2013.62654110      3.3992
   2013.62656963      3.4532
   2013.62659817      3.5597
   2013.62662671      3.6947
   2013.62665525      3.7391
   2013.62668379      3.7667
   2013.62671233      3.9253
   2013.62674087      3.9650
   2013.62676941      4.0015
   2013.62679795      3.9900
   2013.62682648      4.1006
   2013.62685502      4.1358
   2013.62688356      4.1350
   2013.62691210      4.0941
   2013.62694064      4.0189
   2013.62696918      4.3958
   2013.62699772      4.4017
   2013.62702626      4.2360
   2013.62705479      3.8132
   2013.62708333      3.8920
   2013.62711187      3.7082
   2013.62714041      3.8408
   2013.62716895      3.9284
   2013.62719749      4.2090
   2013.62722603      3.9178
   2013.62725457      4.1550
   2013.62728311      3.8164
   2013.62731164      3.4248
   2013.62734018      3.2256
   2013.62736872      2.9867
   2013.62739726      2.7479
   2013.62742580      2.5574
   2013.62745434      2.3578
   2013.62748288      2.2477
   2013.62751142      2.1597
   2013.62753995      2.0802
   2013.62756849      1.9920
   2013.62759703      1.8756
   2013.62762557      1.7634
   2013.62765411      1.6442
   2013.62768265      1.5220
   2013.62771119      1.4003
   2013.62773973      1.2835
   2013.62776826      1.1725
   2013.62779680      1.0757
   2013.62782534      0.9849
   2013.62785388      0.9049
   2013.62788242      0.8301
   2013.62791096      0.7599
   2013.62793950      0.6957
   2013.62796804      0.6385
   2013.62799658      0.5874
   2013.62802511      0.5412
   2013.62805365      0.4995
   2013.62808219      0.4620
   2013.62811073      0.4279
   2013.62813927      0.3968
   2013.62816781      0.3682
   2013.62819635      0.3420
   2013.62822489      0.3177
   2013.62825342      0.2954
   2013.62828196      0.2748
   2013.62831050      0.2558
   2013.62833904      0.2381
   2013.62836758      0.2216
   2013.62839612      0.2062
   2013.62842466      0.1920
   2013.62845320      0.1788
   2013.62848174      0.1666
   2013.62851027      0.1553
   2013.62853881      0.1448
   2013.62856735      0.1351
   2013.62859589      0.1261
   2013.62862443      0.1177
   2013.62865297      0.1099
   2013.62868151      0.1026
