   2013.62465753      0.0000
   2013.62468607      0.0000
   2013.62471461      0.0000
   2013.62474315      0.0000
   2013.62477169      0.0000
   2013.62480023      0.0000
   2013.62482877      0.0000
   2013.62485731      0.0000
   2013.62488584      0.0000
   2013.62491438      0.0000
   2013.62494292      0.0000
   2013.62497146      0.0000
   2013.62500000      0.0000
   2013.62502854      0.0000
   2013.62505708      0.0000
   2013.62508562      0.0000
   2013.62511416      0.0000
   2013.62514269      0.0000
   2013.62517123      0.0000
   2013.62519977      0.0000
   2013.62522831      0.0000
   2013.62525685      0.0000
   2013.62528539      0.0000
   2013.62531393      0.0000
   2013.62534247      0.0000
   2013.62537100      0.0000
   2013.62539954      0.0000
   2013.62542808      0.0000
   2013.62545662      0.0000
   2013.62548516      0.0000
   2013.62551370      0.0000
   2013.62554224      0.0000
   2013.62557078      0.0000
   2013.62559932      0.0000
   2013.62562785      0.0000
   2013.62565639      0.0000
   2013.62568493      0.0000
   2013.62571347      0.0000
   2013.62574201      0.0000
   2013.62577055      0.0000
   2013.62579909      0.0000
   2013.62582763      0.0000
   2013.62585616      0.0000
   2013.62588470      0.0000
   2013.62591324      0.0000
   2013.62594178      0.0000
   2013.62597032      0.0000
   2013.62599886      0.0000
   2013.62602740      0.0000
   2013.62605594      0.0000
   2013.62608447      0.0000
   2013.62611301      0.0000
   2013.62614155      0.0000
   2013.62617009      0.0676
   2013.62619863      0.1259
   2013.62622717      0.2666
   2013.62625571      0.6444
   2013.62628425      1.3316
   2013.62631279      2.2838
   2013.62634132      3.6959
   2013.62636986      6.2944
   2013.62639840      9.0502
   2013.62642694     10.7190
   2013.62645548     11.0184
   2013.62648402     10.9287
   2013.62651256     11.4786
   2013.62654110     11.3626
   2013.62656963     11.0738
   2013.62659817     10.4623
   2013.62662671     10.8222
   2013.62665525     10.7641
   2013.62668379     10.6217
   2013.62671233      9.6728
   2013.62674087      9.7173
   2013.62676941      9.3550
   2013.62679795      8.5456
   2013.62682648      7.5988
   2013.62685502      7.8657
   2013.62688356      7.0722
   2013.62691210      6.6093
   2013.62694064      6.5331
   2013.62696918      6.3013
   2013.62699772      5.9028
   2013.62702626      5.8447
   2013.62705479      5.3792
   2013.62708333      5.5782
   2013.62711187      5.2972
   2013.62714041      5.2169
   2013.62716895      4.8602
   2013.62719749      4.9069
   2013.62722603      4.8379
   2013.62725457      4.6525
   2013.62728311      4.2668
   2013.62731164      4.4490
   2013.62734018      4.2265
   2013.62736872      3.9783
   2013.62739726      3.7416
   2013.62742580      3.7413
   2013.62745434      3.8621
   2013.62748288      3.5970
   2013.62751142      3.3058
   2013.62753995      3.1715
   2013.62756849      3.0074
   2013.62759703      2.8457
   2013.62762557      2.6703
   2013.62765411      2.5898
   2013.62768265      2.4007
   2013.62771119      2.2599
   2013.62773973      2.1579
   2013.62776826      2.0292
   2013.62779680      1.9181
   2013.62782534      1.8025
   2013.62785388      1.6391
   2013.62788242      1.6257
   2013.62791096      1.5147
   2013.62793950      1.4197
   2013.62796804      1.3443
   2013.62799658      1.2664
   2013.62802511      1.1870
   2013.62805365      1.1351
   2013.62808219      1.0634
   2013.62811073      1.0016
   2013.62813927      0.9316
   2013.62816781      0.8787
   2013.62819635      0.8384
   2013.62822489      0.7892
   2013.62825342      0.7379
   2013.62828196      0.6912
   2013.62831050      0.6683
   2013.62833904      0.6341
   2013.62836758      0.5987
   2013.62839612      0.5670
   2013.62842466      0.5623
   2013.62845320      0.5405
   2013.62848174      0.5161
   2013.62851027      0.4951
   2013.62853881      0.5074
   2013.62856735      0.4978
   2013.62859589      0.4845
   2013.62862443      0.4753
   2013.62865297      0.5079
   2013.62868151      0.5145
   2013.62871005      0.5261
   2013.62873858      0.5317
   2013.62876712      0.5963
   2013.62879566      0.6456
   2013.62882420      0.6820
   2013.62885274      0.7034
   2013.62888128      0.8312
   2013.62890982      0.9159
   2013.62893836      1.0291
   2013.62896689      1.1500
   2013.62899543      1.4008
   2013.62902397      1.6809
   2013.62905251      1.9568
   2013.62908105      2.2576
   2013.62910959      2.5887
   2013.62913813      3.0866
   2013.62916667      3.3289
   2013.62919521      3.6980
   2013.62922374      3.8381
   2013.62925228      4.3891
   2013.62928082      4.4980
   2013.62930936      4.8443
   2013.62933790      4.7495
   2013.62936644      5.3675
   2013.62939498      5.3160
   2013.62942352      5.4934
   2013.62945205      5.3660
   2013.62948059      5.9855
   2013.62950913      5.8229
   2013.62953767      5.8273
   2013.62956621      5.6889
   2013.62959475      6.2354
   2013.62962329      6.0123
   2013.62965183      5.9414
   2013.62968037      5.6785
   2013.62970890      6.1421
   2013.62973744      5.8931
   2013.62976598      5.9764
   2013.62979452      5.5440
   2013.62982306      5.8035
   2013.62985160      5.5382
   2013.62988014      5.4938
   2013.62990868      5.0992
   2013.62993721      5.1641
   2013.62996575      5.1305
   2013.62999429      4.9126
   2013.63002283      4.5583
   2013.63005137      4.5820
   2013.63007991      4.4589
   2013.63010845      4.2603
   2013.63013699      4.0929
   2013.63016553      3.9306
   2013.63019406      3.7804
   2013.63022260      3.7559
   2013.63025114      3.3594
   2013.63027968      3.2513
   2013.63030822      3.0758
   2013.63033676      2.8141
   2013.63036530      2.6369
   2013.63039384      2.4604
   2013.63042237      2.2848
   2013.63045091      2.1164
   2013.63047945      1.9461
   2013.63050799      1.7959
   2013.63053653      1.6598
   2013.63056507      1.5339
   2013.63059361      1.4153
   2013.63062215      1.3037
   2013.63065068      1.2339
   2013.63067922      1.1114
   2013.63070776      0.9993
   2013.63073630      0.9372
   2013.63076484      0.8633
   2013.63079338      0.7917
   2013.63082192      0.7249
   2013.63085046      0.6637
   2013.63087900      0.6086
   2013.63090753      0.5587
   2013.63093607      0.5137
   2013.63096461      0.4732
   2013.63099315      0.4368
   2013.63102169      0.4036
   2013.63105023      0.3733
   2013.63107877      0.3455
   2013.63110731      0.3200
   2013.63113584      0.2967
   2013.63116438      0.2753
   2013.63119292      0.2557
   2013.63122146      0.2375
   2013.63125000      0.2206
   2013.63127854      0.2051
   2013.63130708      0.1907
   2013.63133562      0.1775
   2013.63136416      0.1654
   2013.63139269      0.1542
   2013.63142123      0.1438
   2013.63144977      0.1343
   2013.63147831      0.1255
   2013.63150685      0.1173
   2013.63153539      0.1097
   2013.63156393      0.1026
