   2013.62465753      0.0000
   2013.62468607      0.0000
   2013.62471461      0.0000
   2013.62474315      0.0000
   2013.62477169      0.0000
   2013.62480023      0.0000
   2013.62482877      0.0002
   2013.62485731      0.0007
   2013.62488584      0.0013
   2013.62491438      0.0028
   2013.62494292      0.0037
   2013.62497146      0.0043
   2013.62500000      0.0267
   2013.62502854      0.0854
   2013.62505708      0.1566
   2013.62508562      0.3143
   2013.62511416      0.6312
   2013.62514269      1.1879
   2013.62517123      2.0853
   2013.62519977      3.3500
   2013.62522831      5.2670
   2013.62525685      8.1372
   2013.62528539      9.9638
   2013.62531393     10.6895
   2013.62534247     10.7142
   2013.62537100     10.9503
   2013.62539954     10.7148
   2013.62542808     10.3140
   2013.62545662      9.4170
   2013.62548516      9.4271
   2013.62551370      9.0019
   2013.62554224      8.3684
   2013.62557078      6.9497
   2013.62559932      6.6762
   2013.62562785      5.8406
   2013.62565639      5.3568
   2013.62568493      5.1802
   2013.62571347      5.1352
   2013.62574201      5.1411
   2013.62577055      5.0326
   2013.62579909      4.8654
   2013.62582763      4.5409
   2013.62585616      4.1247
   2013.62588470      3.7773
   2013.62591324      3.6813
   2013.62594178      3.3577
   2013.62597032      3.2442
   2013.62599886      2.9824
   2013.62602740      3.0073
   2013.62605594      2.8879
   2013.62608447      2.7564
   2013.62611301      2.7710
   2013.62614155      2.4229
   2013.62617009      2.1953
   2013.62619863      1.9009
   2013.62622717      1.7199
   2013.62625571      1.5446
   2013.62628425      1.3853
   2013.62631279      1.2657
   2013.62634132      1.1268
   2013.62636986      1.0066
   2013.62639840      0.9213
   2013.62642694      0.8352
   2013.62645548      0.7565
   2013.62648402      0.6856
   2013.62651256      0.6229
   2013.62654110      0.5671
   2013.62656963      0.5175
   2013.62659817      0.4736
   2013.62662671      0.4346
   2013.62665525      0.3998
   2013.62668379      0.3683
   2013.62671233      0.3398
   2013.62674087      0.3139
   2013.62676941      0.2904
   2013.62679795      0.2689
   2013.62682648      0.2493
   2013.62685502      0.2311
   2013.62688356      0.2144
   2013.62691210      0.1990
   2013.62694064      0.1849
   2013.62696918      0.1719
   2013.62699772      0.1600
   2013.62702626      0.1490
   2013.62705479      0.1388
   2013.62708333      0.1295
   2013.62711187      0.1208
   2013.62714041      0.1128
   2013.62716895      0.1053
