   2013.62465753      0.0000
   2013.62468607      0.0000
   2013.62471461      0.0000
   2013.62474315      0.0000
   2013.62477169      0.0000
   2013.62480023      0.0000
   2013.62482877      0.0000
   2013.62485731      0.0000
   2013.62488584      0.0000
   2013.62491438      0.0000
   2013.62494292      0.0000
   2013.62497146      0.0000
   2013.62500000      0.0000
   2013.62502854      0.0000
   2013.62505708      0.0000
   2013.62508562      0.0000
   2013.62511416      0.0000
   2013.62514269      0.0000
   2013.62517123      0.0000
   2013.62519977      0.0000
   2013.62522831      0.0000
   2013.62525685      0.0000
   2013.62528539      0.0000
   2013.62531393      0.0000
   2013.62534247      0.0000
   2013.62537100      0.0000
   2013.62539954      0.0000
   2013.62542808      0.0000
   2013.62545662      0.0000
   2013.62548516      0.0000
   2013.62551370      0.0000
   2013.62554224      0.0000
   2013.62557078      0.0000
   2013.62559932      0.0000
   2013.62562785      0.0000
   2013.62565639      0.0000
   2013.62568493      0.0000
   2013.62571347      0.0000
   2013.62574201      0.0000
   2013.62577055      0.0000
   2013.62579909      0.0000
   2013.62582763      0.0000
   2013.62585616      0.0000
   2013.62588470      0.0000
   2013.62591324      0.0000
   2013.62594178      0.0000
   2013.62597032      0.0000
   2013.62599886      0.0000
   2013.62602740      0.0000
   2013.62605594      0.0000
   2013.62608447      0.0000
   2013.62611301      0.0000
   2013.62614155      0.0000
   2013.62617009      0.0000
   2013.62619863      0.0000
   2013.62622717      0.0000
   2013.62625571      0.0000
   2013.62628425      0.0000
   2013.62631279      0.0000
   2013.62634132      0.0000
   2013.62636986      0.0000
   2013.62639840      0.4195
   2013.62642694      1.5281
   2013.62645548      4.7907
   2013.62648402      9.8355
   2013.62651256     22.3946
   2013.62654110     27.4992
   2013.62656963     23.8939
   2013.62659817     19.5148
   2013.62662671     15.7258
   2013.62665525     12.9326
   2013.62668379     10.7959
   2013.62671233      9.0279
   2013.62674087      7.9613
   2013.62676941      7.1608
   2013.62679795      6.1724
   2013.62682648      5.1566
   2013.62685502      4.5350
   2013.62688356      4.0813
   2013.62691210      3.7132
   2013.62694064      3.4215
   2013.62696918      3.1852
   2013.62699772      2.9866
   2013.62702626      2.8184
   2013.62705479      2.6838
   2013.62708333      2.5792
   2013.62711187      2.5000
   2013.62714041      2.4430
   2013.62716895      2.4047
   2013.62719749      2.3819
   2013.62722603      2.3715
   2013.62725457      2.3709
   2013.62728311      2.3776
   2013.62731164      2.3891
   2013.62734018      2.3742
   2013.62736872      2.3547
   2013.62739726      2.3221
   2013.62742580      2.2234
   2013.62745434      2.1676
   2013.62748288      2.0883
   2013.62751142      2.0059
   2013.62753995      1.9150
   2013.62756849      1.8268
   2013.62759703      1.7098
   2013.62762557      1.6119
   2013.62765411      1.5157
   2013.62768265      1.4207
   2013.62771119      1.3264
   2013.62773973      1.2338
   2013.62776826      1.1421
   2013.62779680      1.0605
   2013.62782534      0.9793
   2013.62785388      0.9074
   2013.62788242      0.8372
   2013.62791096      0.7691
   2013.62793950      0.7048
   2013.62796804      0.6460
   2013.62799658      0.5928
   2013.62802511      0.5442
   2013.62805365      0.5001
   2013.62808219      0.4602
   2013.62811073      0.4239
   2013.62813927      0.3909
   2013.62816781      0.3607
   2013.62819635      0.3330
   2013.62822489      0.3077
   2013.62825342      0.2845
   2013.62828196      0.2633
   2013.62831050      0.2438
   2013.62833904      0.2257
   2013.62836758      0.2089
   2013.62839612      0.1935
   2013.62842466      0.1794
   2013.62845320      0.1664
   2013.62848174      0.1544
   2013.62851027      0.1434
   2013.62853881      0.1333
   2013.62856735      0.1239
   2013.62859589      0.1152
   2013.62862443      0.1072
