   2013.62465753      0.0000
   2013.62468607      0.0000
   2013.62471461      0.0000
   2013.62474315      0.0000
   2013.62477169      0.0000
   2013.62480023      0.0000
   2013.62482877      0.0000
   2013.62485731      0.0000
   2013.62488584      0.0000
   2013.62491438      0.0000
   2013.62494292      0.0000
   2013.62497146      0.0000
   2013.62500000      0.0000
   2013.62502854      0.0000
   2013.62505708      0.0000
   2013.62508562      0.0000
   2013.62511416      0.0000
   2013.62514269      0.0000
   2013.62517123      0.0000
   2013.62519977      0.0000
   2013.62522831      0.0000
   2013.62525685      0.0000
   2013.62528539      0.0000
   2013.62531393      0.0000
   2013.62534247      0.0000
   2013.62537100      0.0000
   2013.62539954      0.0000
   2013.62542808      0.0000
   2013.62545662      0.0000
   2013.62548516      0.0000
   2013.62551370      0.0000
   2013.62554224      0.0000
   2013.62557078      0.0000
   2013.62559932      0.0000
   2013.62562785      0.0000
   2013.62565639      0.0000
   2013.62568493      0.0000
   2013.62571347      0.0000
   2013.62574201      0.0000
   2013.62577055      0.0000
   2013.62579909      0.0000
   2013.62582763      0.0000
   2013.62585616      0.0000
   2013.62588470      0.0000
   2013.62591324      0.0000
   2013.62594178      0.0000
   2013.62597032      0.0000
   2013.62599886      0.0000
   2013.62602740      0.0000
   2013.62605594      0.0000
   2013.62608447      0.0000
   2013.62611301      0.0000
   2013.62614155      0.0000
   2013.62617009      0.0000
   2013.62619863      0.0000
   2013.62622717      0.0000
   2013.62625571      0.0000
   2013.62628425      1.0160
   2013.62631279      5.4206
   2013.62634132     12.6468
   2013.62636986     28.8887
   2013.62639840     41.7430
   2013.62642694     39.5515
   2013.62645548     31.0764
   2013.62648402     25.0763
   2013.62651256     21.7398
   2013.62654110     19.2870
   2013.62656963     17.3580
   2013.62659817     16.2272
   2013.62662671     15.3518
   2013.62665525     15.0173
   2013.62668379     14.7361
   2013.62671233     14.7212
   2013.62674087     14.6483
   2013.62676941     14.7693
   2013.62679795     14.7572
   2013.62682648     14.8847
   2013.62685502     14.8488
   2013.62688356     14.9685
   2013.62691210     14.9131
   2013.62694064     14.9703
   2013.62696918     14.8762
   2013.62699772     14.9297
   2013.62702626     14.8117
   2013.62705479     14.8011
   2013.62708333     14.6897
   2013.62711187     14.6663
   2013.62714041     14.5032
   2013.62716895     14.4237
   2013.62719749     14.2936
   2013.62722603     14.2067
   2013.62725457     14.0240
   2013.62728311     13.4782
   2013.62731164     12.9563
   2013.62734018     12.4859
   2013.62736872     11.7794
   2013.62739726     10.3864
   2013.62742580     10.2923
   2013.62745434      9.6032
   2013.62748288      8.8563
   2013.62751142      7.9490
   2013.62753995      7.6859
   2013.62756849      7.0748
   2013.62759703      6.7184
   2013.62762557      5.9003
   2013.62765411      5.9559
   2013.62768265      5.5007
   2013.62771119      5.3180
   2013.62773973      5.1726
   2013.62776826      5.0568
   2013.62779680      4.8617
   2013.62782534      4.6617
   2013.62785388      4.4045
   2013.62788242      4.5057
   2013.62791096      4.3419
   2013.62793950      4.1952
   2013.62796804      4.0660
   2013.62799658      4.0872
   2013.62802511      3.9740
   2013.62805365      3.7987
   2013.62808219      3.6550
   2013.62811073      3.6930
   2013.62813927      3.6437
   2013.62816781      3.5451
   2013.62819635      3.3771
   2013.62822489      3.6391
   2013.62825342      3.5255
   2013.62828196      3.4427
   2013.62831050      3.3707
   2013.62833904      3.5953
   2013.62836758      3.5194
   2013.62839612      3.5183
   2013.62842466      3.6704
   2013.62845320      3.6875
   2013.62848174      3.7209
   2013.62851027      3.7337
   2013.62853881      3.6803
   2013.62856735      3.9726
   2013.62859589      3.9488
   2013.62862443      4.0857
   2013.62865297      4.0169
   2013.62868151      4.4190
   2013.62871005      4.4154
   2013.62873858      4.6415
   2013.62876712      4.5208
   2013.62879566      5.0614
   2013.62882420      5.0292
   2013.62885274      5.2094
   2013.62888128      5.1562
   2013.62890982      5.5708
   2013.62893836      5.7331
   2013.62896689      5.9320
   2013.62899543      5.8323
   2013.62902397      6.3033
   2013.62905251      6.5038
   2013.62908105      6.6853
   2013.62910959      6.6363
   2013.62913813      7.0421
   2013.62916667      7.2921
   2013.62919521      7.4106
   2013.62922374      7.3450
   2013.62925228      7.7204
   2013.62928082      7.8268
   2013.62930936      8.0607
   2013.62933790      7.8916
   2013.62936644      8.3138
   2013.62939498      8.4017
   2013.62942352      8.4356
   2013.62945205      8.2853
   2013.62948059      8.6296
   2013.62950913      8.6801
   2013.62953767      8.5714
   2013.62956621      8.4205
   2013.62959475      8.7477
   2013.62962329      8.7412
   2013.62965183      8.6762
   2013.62968037      8.3536
   2013.62970890      8.6297
   2013.62973744      8.5825
   2013.62976598      8.4352
   2013.62979452      8.0975
   2013.62982306      8.3328
   2013.62985160      8.1521
   2013.62988014      8.1579
   2013.62990868      7.6599
   2013.62993721      7.8471
   2013.62996575      7.7344
   2013.62999429      7.4660
   2013.63002283      7.0617
   2013.63005137      7.2597
   2013.63007991      7.1173
   2013.63010845      6.8736
   2013.63013699      6.4353
   2013.63016553      6.9054
   2013.63019406      6.4956
   2013.63022260      6.2674
   2013.63025114      6.1758
   2013.63027968      5.8235
   2013.63030822      5.4974
   2013.63033676      5.4800
   2013.63036530      4.6504
   2013.63039384      4.3191
   2013.63042237      4.2944
   2013.63045091      3.6283
   2013.63047945      3.4186
   2013.63050799      3.0818
   2013.63053653      2.8057
   2013.63056507      2.7176
   2013.63059361      2.3543
   2013.63062215      2.1167
   2013.63065068      1.8359
   2013.63067922      1.6579
   2013.63070776      1.4944
   2013.63073630      1.3457
   2013.63076484      1.2123
   2013.63079338      1.0988
   2013.63082192      0.9966
   2013.63085046      0.9074
   2013.63087900      0.8244
   2013.63090753      0.7475
   2013.63093607      0.6780
   2013.63096461      0.6168
   2013.63099315      0.5623
   2013.63102169      0.5135
   2013.63105023      0.4700
   2013.63107877      0.4311
   2013.63110731      0.3960
   2013.63113584      0.3644
   2013.63116438      0.3358
   2013.63119292      0.3098
   2013.63122146      0.2863
   2013.63125000      0.2649
   2013.63127854      0.2452
   2013.63130708      0.2271
   2013.63133562      0.2105
   2013.63136416      0.1952
   2013.63139269      0.1813
   2013.63142123      0.1685
   2013.63144977      0.1567
   2013.63147831      0.1459
   2013.63150685      0.1360
   2013.63153539      0.1269
   2013.63156393      0.1184
   2013.63159247      0.1106
   2013.63162100      0.1033
