   2013.62465753      0.0000
   2013.62468607      0.0000
   2013.62471461      0.0000
   2013.62474315      0.0000
   2013.62477169      0.0000
   2013.62480023      0.0000
   2013.62482877      0.0000
   2013.62485731      0.0000
   2013.62488584      0.0000
   2013.62491438      0.0000
   2013.62494292      0.0000
   2013.62497146      0.0000
   2013.62500000      0.0000
   2013.62502854      0.0000
   2013.62505708      0.0000
   2013.62508562      0.0000
   2013.62511416      0.0000
   2013.62514269      0.0000
   2013.62517123      0.0000
   2013.62519977      0.0000
   2013.62522831      0.0000
   2013.62525685      0.0000
   2013.62528539      0.0000
   2013.62531393      0.0000
   2013.62534247      0.0000
   2013.62537100      0.0000
   2013.62539954      0.0000
   2013.62542808      0.0000
   2013.62545662      0.0000
   2013.62548516      0.0000
   2013.62551370      0.0000
   2013.62554224      0.0000
   2013.62557078      0.0000
   2013.62559932      0.0024
   2013.62562785      0.0033
   2013.62565639      0.0043
   2013.62568493      0.0061
   2013.62571347      0.0527
   2013.62574201      0.1071
   2013.62577055      0.2104
   2013.62579909      0.4241
   2013.62582763      0.8033
   2013.62585616      1.4587
   2013.62588470      2.4739
   2013.62591324      3.9769
   2013.62594178      6.2464
   2013.62597032      8.6196
   2013.62599886     10.1203
   2013.62602740     10.7943
   2013.62605594     11.0692
   2013.62608447     10.8646
   2013.62611301     10.3055
   2013.62614155      9.6065
   2013.62617009      8.9472
   2013.62619863      8.2861
   2013.62622717      7.3961
   2013.62625571      6.3887
   2013.62628425      6.4310
   2013.62631279      5.7233
   2013.62634132      4.7336
   2013.62636986      4.0216
   2013.62639840      3.8656
   2013.62642694      3.5168
   2013.62645548      3.1147
   2013.62648402      2.9198
   2013.62651256      2.7248
   2013.62654110      2.5101
   2013.62656963      2.3136
   2013.62659817      2.1695
   2013.62662671      2.0910
   2013.62665525      1.9758
   2013.62668379      1.8700
   2013.62671233      1.8468
   2013.62674087      1.8008
   2013.62676941      1.7575
   2013.62679795      1.7086
   2013.62682648      1.7358
   2013.62685502      1.7386
   2013.62688356      1.7362
   2013.62691210      1.7266
   2013.62694064      1.7757
   2013.62696918      1.7959
   2013.62699772      1.8007
   2013.62702626      1.7949
   2013.62705479      1.8335
   2013.62708333      1.8387
   2013.62711187      1.8310
   2013.62714041      1.8045
   2013.62716895      1.8247
   2013.62719749      1.8018
   2013.62722603      1.7772
   2013.62725457      1.7381
   2013.62728311      1.6989
   2013.62731164      1.6886
   2013.62734018      1.6513
   2013.62736872      1.5748
   2013.62739726      1.5455
   2013.62742580      1.5225
   2013.62745434      1.4787
   2013.62748288      1.4073
   2013.62751142      1.2519
   2013.62753995      1.3438
   2013.62756849      1.2659
   2013.62759703      1.2106
   2013.62762557      1.1404
   2013.62765411      1.1549
   2013.62768265      1.0676
   2013.62771119      1.0090
   2013.62773973      0.9421
   2013.62776826      0.9132
   2013.62779680      0.8686
   2013.62782534      0.8223
   2013.62785388      0.7833
   2013.62788242      0.7398
   2013.62791096      0.6961
   2013.62793950      0.6558
   2013.62796804      0.6248
   2013.62799658      0.5902
   2013.62802511      0.5557
   2013.62805365      0.5234
   2013.62808219      0.4991
   2013.62811073      0.4712
   2013.62813927      0.4435
   2013.62816781      0.4173
   2013.62819635      0.4041
   2013.62822489      0.3783
   2013.62825342      0.3551
   2013.62828196      0.3336
   2013.62831050      0.3137
   2013.62833904      0.3089
   2013.62836758      0.2914
   2013.62839612      0.2728
   2013.62842466      0.2558
   2013.62845320      0.2414
   2013.62848174      0.2321
   2013.62851027      0.2229
   2013.62853881      0.2121
   2013.62856735      0.2006
   2013.62859589      0.1892
   2013.62862443      0.1795
   2013.62865297      0.1724
   2013.62868151      0.1667
   2013.62871005      0.1609
   2013.62873858      0.1542
   2013.62876712      0.1473
   2013.62879566      0.1412
   2013.62882420      0.1366
   2013.62885274      0.1333
   2013.62888128      0.1310
   2013.62890982      0.1289
   2013.62893836      0.1268
   2013.62896689      0.1250
   2013.62899543      0.1240
   2013.62902397      0.1240
   2013.62905251      0.1249
   2013.62908105      0.1266
   2013.62910959      0.1292
   2013.62913813      0.1333
   2013.62916667      0.1401
   2013.62919521      0.1496
   2013.62922374      0.1612
   2013.62925228      0.1756
   2013.62928082      0.1944
   2013.62930936      0.2199
   2013.62933790      0.2531
   2013.62936644      0.2951
   2013.62939498      0.3466
   2013.62942352      0.4138
   2013.62945205      0.5005
   2013.62948059      0.6002
   2013.62950913      0.6940
   2013.62953767      0.7958
   2013.62956621      0.8981
   2013.62959475      0.9817
   2013.62962329      1.0357
   2013.62965183      1.0617
   2013.62968037      1.0690
   2013.62970890      1.0657
   2013.62973744      1.0560
   2013.62976598      1.0417
   2013.62979452      1.0247
   2013.62982306      1.0063
   2013.62985160      0.9863
   2013.62988014      1.0116
   2013.62990868      0.9398
   2013.62993721      0.9227
   2013.62996575      0.8955
   2013.62999429      0.8662
   2013.63002283      0.8365
   2013.63005137      0.8043
   2013.63007991      0.7704
   2013.63010845      0.7360
   2013.63013699      0.7019
   2013.63016553      0.6685
   2013.63019406      0.6361
   2013.63022260      0.6044
   2013.63025114      0.5736
   2013.63027968      0.5439
   2013.63030822      0.5155
   2013.63033676      0.4886
   2013.63036530      0.4632
   2013.63039384      0.4391
   2013.63042237      0.4162
   2013.63045091      0.3945
   2013.63047945      0.3738
   2013.63050799      0.3541
   2013.63053653      0.3353
   2013.63056507      0.3174
   2013.63059361      0.3005
   2013.63062215      0.2844
   2013.63065068      0.2692
   2013.63067922      0.2548
   2013.63070776      0.2412
   2013.63073630      0.2282
   2013.63076484      0.2157
   2013.63079338      0.2039
   2013.63082192      0.1926
   2013.63085046      0.1820
   2013.63087900      0.1720
   2013.63090753      0.1625
   2013.63093607      0.1536
   2013.63096461      0.1451
   2013.63099315      0.1371
   2013.63102169      0.1296
   2013.63105023      0.1225
   2013.63107877      0.1157
   2013.63110731      0.1094
   2013.63113584      0.1034
