   2013.62465753      0.0000
   2013.62468607      0.0000
   2013.62471461      0.0000
   2013.62474315      0.0000
   2013.62477169      0.0000
   2013.62480023      0.0000
   2013.62482877      0.0000
   2013.62485731      0.0000
   2013.62488584      0.0000
   2013.62491438      0.0000
   2013.62494292      0.0000
   2013.62497146      0.0000
   2013.62500000      0.0000
   2013.62502854      0.0000
   2013.62505708      0.0000
   2013.62508562      0.0000
   2013.62511416      0.0000
   2013.62514269      0.0000
   2013.62517123      0.0000
   2013.62519977      0.0000
   2013.62522831      0.0000
   2013.62525685      0.0000
   2013.62528539      0.0000
   2013.62531393      0.0000
   2013.62534247      0.0000
   2013.62537100      0.0000
   2013.62539954      0.0000
   2013.62542808      0.0000
   2013.62545662      0.0000
   2013.62548516      0.0000
   2013.62551370      0.0000
   2013.62554224      0.0000
   2013.62557078      0.0000
   2013.62559932      0.0000
   2013.62562785      0.0000
   2013.62565639      0.0000
   2013.62568493      0.0000
   2013.62571347      0.0000
   2013.62574201      0.0000
   2013.62577055      0.0000
   2013.62579909      0.0000
   2013.62582763      0.0000
   2013.62585616      0.0000
   2013.62588470      0.0000
   2013.62591324      0.0000
   2013.62594178      0.0000
   2013.62597032      0.0000
   2013.62599886      0.0000
   2013.62602740      0.0000
   2013.62605594      0.0000
   2013.62608447      0.0000
   2013.62611301      0.0000
   2013.62614155      0.0000
   2013.62617009      0.0000
   2013.62619863      0.0000
   2013.62622717      0.0000
   2013.62625571      0.0000
   2013.62628425      0.0000
   2013.62631279      0.0000
   2013.62634132      0.0000
   2013.62636986      0.0000
   2013.62639840      0.0000
   2013.62642694      0.0000
   2013.62645548      0.0000
   2013.62648402      0.0000
   2013.62651256      0.0000
   2013.62654110      0.0000
   2013.62656963      0.0000
   2013.62659817      0.0000
   2013.62662671      0.0000
   2013.62665525      0.0000
   2013.62668379      0.0000
   2013.62671233      0.0000
   2013.62674087      0.0000
   2013.62676941      0.0000
   2013.62679795      0.0000
   2013.62682648      0.0000
   2013.62685502      0.0000
   2013.62688356      0.0000
   2013.62691210      0.0000
   2013.62694064      0.0000
   2013.62696918      2.9640
   2013.62699772     14.9891
   2013.62702626     36.7886
   2013.62705479     62.8565
   2013.62708333     56.7264
   2013.62711187     43.3091
   2013.62714041     30.9267
   2013.62716895     23.7079
   2013.62719749     18.4900
   2013.62722603     15.4342
   2013.62725457     12.7098
   2013.62728311     10.8627
   2013.62731164      9.7949
   2013.62734018      8.6023
   2013.62736872      7.8107
   2013.62739726      7.1601
   2013.62742580      6.6128
   2013.62745434      6.2022
   2013.62748288      5.8970
   2013.62751142      5.7058
   2013.62753995      5.5089
   2013.62756849      5.3726
   2013.62759703      5.2714
   2013.62762557      5.2203
   2013.62765411      5.1255
   2013.62768265      5.0530
   2013.62771119      4.9919
   2013.62773973      4.9537
   2013.62776826      4.8925
   2013.62779680      4.8339
   2013.62782534      4.7775
   2013.62785388      4.7237
   2013.62788242      4.6940
   2013.62791096      4.6421
   2013.62793950      4.6852
   2013.62796804      4.6861
   2013.62799658      4.5278
   2013.62802511      4.5092
   2013.62805365      4.3872
   2013.62808219      4.3297
   2013.62811073      4.2199
   2013.62813927      4.0736
   2013.62816781      3.8759
   2013.62819635      3.5696
   2013.62822489      3.6948
   2013.62825342      3.5813
   2013.62828196      3.6189
   2013.62831050      3.2585
   2013.62833904      3.3677
   2013.62836758      3.1816
   2013.62839612      3.0783
   2013.62842466      3.0784
   2013.62845320      3.0377
   2013.62848174      2.9138
   2013.62851027      2.8742
   2013.62853881      2.9422
   2013.62856735      2.9722
   2013.62859589      2.9249
   2013.62862443      2.9727
   2013.62865297      2.9495
   2013.62868151      3.2113
   2013.62871005      3.2198
   2013.62873858      3.2859
   2013.62876712      3.4977
   2013.62879566      3.5778
   2013.62882420      3.6572
   2013.62885274      3.7034
   2013.62888128      3.8842
   2013.62890982      3.9724
   2013.62893836      3.9583
   2013.62896689      4.0819
   2013.62899543      3.9822
   2013.62902397      4.3542
   2013.62905251      4.3284
   2013.62908105      4.4687
   2013.62910959      4.3198
   2013.62913813      4.7293
   2013.62916667      4.6787
   2013.62919521      4.8379
   2013.62922374      4.6223
   2013.62925228      5.0750
   2013.62928082      4.9967
   2013.62930936      5.1877
   2013.62933790      4.9147
   2013.62936644      5.3763
   2013.62939498      5.2677
   2013.62942352      5.4541
   2013.62945205      5.1629
   2013.62948059      5.7218
   2013.62950913      5.8588
   2013.62953767      5.8723
   2013.62956621      5.1953
   2013.62959475      5.2175
   2013.62962329      5.2422
   2013.62965183      5.5400
   2013.62968037      5.9437
   2013.62970890      5.7676
   2013.62973744      5.4642
   2013.62976598      5.0869
   2013.62979452      4.7334
   2013.62982306      4.5321
   2013.62985160      4.5253
   2013.62988014      4.5463
   2013.62990868      4.7676
   2013.62993721      4.3194
   2013.62996575      3.9755
   2013.62999429      3.9271
   2013.63002283      3.5898
   2013.63005137      3.4145
   2013.63007991      3.3255
   2013.63010845      3.0222
   2013.63013699      2.8404
   2013.63016553      2.6878
   2013.63019406      2.5121
   2013.63022260      2.3323
   2013.63025114      2.1689
   2013.63027968      1.9633
   2013.63030822      1.8148
   2013.63033676      1.6872
   2013.63036530      1.5750
   2013.63039384      1.4712
   2013.63042237      1.3723
   2013.63045091      1.2779
   2013.63047945      1.2385
   2013.63050799      1.1004
   2013.63053653      1.0208
   2013.63056507      0.9446
   2013.63059361      0.8744
   2013.63062215      0.8068
   2013.63065068      0.7425
   2013.63067922      0.6832
   2013.63070776      0.6297
   2013.63073630      0.5812
   2013.63076484      0.5370
   2013.63079338      0.4968
   2013.63082192      0.4604
   2013.63085046      0.4271
   2013.63087900      0.3966
   2013.63090753      0.3685
   2013.63093607      0.3426
   2013.63096461      0.3187
   2013.63099315      0.2966
   2013.63102169      0.2762
   2013.63105023      0.2573
   2013.63107877      0.2398
   2013.63110731      0.2235
   2013.63113584      0.2082
   2013.63116438      0.1942
   2013.63119292      0.1811
   2013.63122146      0.1690
   2013.63125000      0.1579
   2013.63127854      0.1475
   2013.63130708      0.1379
   2013.63133562      0.1290
   2013.63136416      0.1207
   2013.63139269      0.1130
   2013.63142123      0.1058
