   2013.62465753      0.0000
   2013.62468607      0.0000
   2013.62471461      0.0000
   2013.62474315      0.0000
   2013.62477169      0.0000
   2013.62480023      0.0000
   2013.62482877      0.0000
   2013.62485731      0.0000
   2013.62488584      0.0000
   2013.62491438      0.0000
   2013.62494292      0.0000
   2013.62497146      0.0000
   2013.62500000      0.0000
   2013.62502854      0.0000
   2013.62505708      0.0000
   2013.62508562      0.0000
   2013.62511416      0.0000
   2013.62514269      0.0000
   2013.62517123      0.0000
   2013.62519977      0.0000
   2013.62522831      0.0000
   2013.62525685      0.0000
   2013.62528539      0.0000
   2013.62531393      0.0000
   2013.62534247      0.0000
   2013.62537100      0.0000
   2013.62539954      0.0000
   2013.62542808      0.0000
   2013.62545662      0.0000
   2013.62548516      0.0000
   2013.62551370      0.0000
   2013.62554224      0.0000
   2013.62557078      0.0000
   2013.62559932      0.0000
   2013.62562785      0.0000
   2013.62565639      0.0000
   2013.62568493      0.0000
   2013.62571347      0.0000
   2013.62574201      0.0000
   2013.62577055      0.0000
   2013.62579909      0.0000
   2013.62582763      0.0000
   2013.62585616      0.0000
   2013.62588470      0.0000
   2013.62591324      0.0000
   2013.62594178      0.0000
   2013.62597032      0.0000
   2013.62599886      0.0000
   2013.62602740      0.0000
   2013.62605594      0.0000
   2013.62608447      0.0000
   2013.62611301      0.0000
   2013.62614155      0.0000
   2013.62617009      0.0000
   2013.62619863      0.0000
   2013.62622717      0.0000
   2013.62625571      0.0000
   2013.62628425      0.0961
   2013.62631279      0.1926
   2013.62634132      0.6286
   2013.62636986      2.8702
   2013.62639840     16.2797
   2013.62642694     26.7930
   2013.62645548     23.9129
   2013.62648402     19.6253
   2013.62651256     15.4123
   2013.62654110     12.3199
   2013.62656963     10.0893
   2013.62659817      8.4106
   2013.62662671      6.8780
   2013.62665525      5.7533
   2013.62668379      5.1542
   2013.62671233      3.9819
   2013.62674087      3.3969
   2013.62676941      3.0821
   2013.62679795      2.6118
   2013.62682648      2.2525
   2013.62685502      1.9555
   2013.62688356      1.6853
   2013.62691210      1.4248
   2013.62694064      1.2802
   2013.62696918      1.0947
   2013.62699772      0.9976
   2013.62702626      0.8920
   2013.62705479      0.7947
   2013.62708333      0.7090
   2013.62711187      0.6349
   2013.62714041      0.5705
   2013.62716895      0.5139
   2013.62719749      0.4645
   2013.62722603      0.4211
   2013.62725457      0.3828
   2013.62728311      0.3488
   2013.62731164      0.3185
   2013.62734018      0.2914
   2013.62736872      0.2671
   2013.62739726      0.2451
   2013.62742580      0.2250
   2013.62745434      0.2068
   2013.62748288      0.1903
   2013.62751142      0.1753
   2013.62753995      0.1618
   2013.62756849      0.1494
   2013.62759703      0.1382
   2013.62762557      0.1279
   2013.62765411      0.1185
   2013.62768265      0.1099
   2013.62771119      0.1020
