   2013.62465753      0.0000
   2013.62468607      0.0000
   2013.62471461      0.0000
   2013.62474315      0.0000
   2013.62477169      0.0000
   2013.62480023      0.0000
   2013.62482877      0.0000
   2013.62485731      0.0000
   2013.62488584      0.0000
   2013.62491438      0.0000
   2013.62494292      0.0000
   2013.62497146      0.0000
   2013.62500000      0.0000
   2013.62502854      0.0000
   2013.62505708      0.0000
   2013.62508562      0.0000
   2013.62511416      0.0000
   2013.62514269      0.0000
   2013.62517123      0.0000
   2013.62519977      0.0000
   2013.62522831      0.0000
   2013.62525685      0.0000
   2013.62528539      0.0000
   2013.62531393      0.0000
   2013.62534247      0.0000
   2013.62537100      0.0000
   2013.62539954      0.0000
   2013.62542808      0.0000
   2013.62545662      0.0000
   2013.62548516      0.0000
   2013.62551370      0.0000
   2013.62554224      0.0000
   2013.62557078      0.0000
   2013.62559932      0.0000
   2013.62562785      0.0000
   2013.62565639      0.0000
   2013.62568493      0.0000
   2013.62571347      0.0000
   2013.62574201      0.0000
   2013.62577055      0.0000
   2013.62579909      0.0000
   2013.62582763      0.0000
   2013.62585616      0.0000
   2013.62588470      0.0000
   2013.62591324      0.0000
   2013.62594178      0.0000
   2013.62597032      0.0000
   2013.62599886      0.0000
   2013.62602740      0.0000
   2013.62605594      0.0000
   2013.62608447      0.0000
   2013.62611301      0.0000
   2013.62614155      0.0000
   2013.62617009      0.0000
   2013.62619863      0.0000
   2013.62622717      0.0000
   2013.62625571      0.0000
   2013.62628425      1.3336
   2013.62631279      7.4497
   2013.62634132     17.0647
   2013.62636986     39.9210
   2013.62639840     48.4810
   2013.62642694     41.7538
   2013.62645548     33.3528
   2013.62648402     26.7641
   2013.62651256     23.5293
   2013.62654110     20.9704
   2013.62656963     18.9988
   2013.62659817     17.3565
   2013.62662671     17.3001
   2013.62665525     17.0528
   2013.62668379     16.8862
   2013.62671233     16.3721
   2013.62674087     16.8930
   2013.62676941     17.0441
   2013.62679795     17.0564
   2013.62682648     17.3633
   2013.62685502     17.1405
   2013.62688356     17.2690
   2013.62691210     17.1970
   2013.62694064     17.3713
   2013.62696918     17.1236
   2013.62699772     17.1895
   2013.62702626     17.0418
   2013.62705479     17.1238
   2013.62708333     16.8552
   2013.62711187     16.8724
   2013.62714041     16.6720
   2013.62716895     16.1618
   2013.62719749     15.5015
   2013.62722603     14.5849
   2013.62725457     13.6775
   2013.62728311     12.2256
   2013.62731164     12.0393
   2013.62734018     11.3882
   2013.62736872     10.2635
   2013.62739726      9.1389
   2013.62742580      8.8566
   2013.62745434      8.3683
   2013.62748288      7.6054
   2013.62751142      6.8667
   2013.62753995      7.1873
   2013.62756849      6.6388
   2013.62759703      6.6050
   2013.62762557      5.9666
   2013.62765411      5.9755
   2013.62768265      5.8125
   2013.62771119      5.7084
   2013.62773973      5.2536
   2013.62776826      5.4445
   2013.62779680      5.1430
   2013.62782534      5.0297
   2013.62785388      4.9434
   2013.62788242      4.8436
   2013.62791096      4.6943
   2013.62793950      4.5187
   2013.62796804      4.2919
   2013.62799658      4.4051
   2013.62802511      4.2772
   2013.62805365      4.1550
   2013.62808219      4.1783
   2013.62811073      4.1113
   2013.62813927      4.0236
   2013.62816781      3.9521
   2013.62819635      3.9279
   2013.62822489      3.9526
   2013.62825342      3.9005
   2013.62828196      3.8762
   2013.62831050      3.8779
   2013.62833904      3.9319
   2013.62836758      3.9264
   2013.62839612      3.8948
   2013.62842466      4.0231
   2013.62845320      4.0669
   2013.62848174      4.0140
   2013.62851027      4.1128
   2013.62853881      4.0133
   2013.62856735      4.3856
   2013.62859589      4.3592
   2013.62862443      4.5411
   2013.62865297      4.4407
   2013.62868151      4.9654
   2013.62871005      4.9289
   2013.62873858      5.1178
   2013.62876712      5.0957
   2013.62879566      5.5278
   2013.62882420      5.7221
   2013.62885274      5.9560
   2013.62888128      5.9508
   2013.62890982      6.4254
   2013.62893836      6.6933
   2013.62896689      6.8943
   2013.62899543      6.9250
   2013.62902397      7.3435
   2013.62905251      7.5435
   2013.62908105      7.8286
   2013.62910959      7.7964
   2013.62913813      8.3267
   2013.62916667      8.4642
   2013.62919521      8.6543
   2013.62922374      8.8137
   2013.62925228      9.2566
   2013.62928082      9.2429
   2013.62930936      9.2957
   2013.62933790      9.1407
   2013.62936644      9.8465
   2013.62939498      9.7601
   2013.62942352      9.7833
   2013.62945205      9.4905
   2013.62948059     10.2012
   2013.62950913     10.0341
   2013.62953767      9.9916
   2013.62956621      9.6164
   2013.62959475     10.1008
   2013.62962329     10.0698
   2013.62965183      9.9431
   2013.62968037      9.5115
   2013.62970890      9.9296
   2013.62973744      9.8447
   2013.62976598      9.6677
   2013.62979452      9.2386
   2013.62982306      9.5709
   2013.62985160      9.6046
   2013.62988014      9.2098
   2013.62990868      8.8372
   2013.62993721      9.0082
   2013.62996575      8.8614
   2013.62999429      8.6137
   2013.63002283      8.1989
   2013.63005137      8.3442
   2013.63007991      8.0746
   2013.63010845      7.9874
   2013.63013699      7.4625
   2013.63016553      7.5656
   2013.63019406      7.3856
   2013.63022260      7.1046
   2013.63025114      6.7951
   2013.63027968      6.6173
   2013.63030822      6.0095
   2013.63033676      5.6706
   2013.63036530      5.5336
   2013.63039384      4.7259
   2013.63042237      4.3926
   2013.63045091      4.2690
   2013.63047945      3.6576
   2013.63050799      3.2925
   2013.63053653      3.0003
   2013.63056507      2.6789
   2013.63059361      2.5073
   2013.63062215      2.2347
   2013.63065068      1.9193
   2013.63067922      1.7332
   2013.63070776      1.5578
   2013.63073630      1.3990
   2013.63076484      1.2545
   2013.63079338      1.1347
   2013.63082192      1.0261
   2013.63085046      0.9329
   2013.63087900      0.8471
   2013.63090753      0.7675
   2013.63093607      0.6953
   2013.63096461      0.6315
   2013.63099315      0.5751
   2013.63102169      0.5246
   2013.63105023      0.4796
   2013.63107877      0.4394
   2013.63110731      0.4034
   2013.63113584      0.3709
   2013.63116438      0.3415
   2013.63119292      0.3149
   2013.63122146      0.2908
   2013.63125000      0.2689
   2013.63127854      0.2488
   2013.63130708      0.2304
   2013.63133562      0.2134
   2013.63136416      0.1979
   2013.63139269      0.1837
   2013.63142123      0.1707
   2013.63144977      0.1587
   2013.63147831      0.1477
   2013.63150685      0.1376
   2013.63153539      0.1283
   2013.63156393      0.1198
   2013.63159247      0.1118
   2013.63162100      0.1045
