   2013.62465753      0.0000
   2013.62468607      0.0000
   2013.62471461      0.0000
   2013.62474315      0.0000
   2013.62477169      0.0000
   2013.62480023      0.0000
   2013.62482877      0.0000
   2013.62485731      0.0000
   2013.62488584      0.0000
   2013.62491438      0.0000
   2013.62494292      0.0000
   2013.62497146      0.0000
   2013.62500000      0.0000
   2013.62502854      0.0000
   2013.62505708      0.0000
   2013.62508562      0.0000
   2013.62511416      0.0000
   2013.62514269      0.0000
   2013.62517123      0.0000
   2013.62519977      0.0000
   2013.62522831      0.0000
   2013.62525685      0.0000
   2013.62528539      0.0000
   2013.62531393      0.0000
   2013.62534247      0.0000
   2013.62537100      0.0000
   2013.62539954      0.0000
   2013.62542808      0.0000
   2013.62545662      0.0000
   2013.62548516      0.0000
   2013.62551370      0.0000
   2013.62554224      0.0000
   2013.62557078      0.0000
   2013.62559932      0.0000
   2013.62562785      0.0000
   2013.62565639      0.0000
   2013.62568493      0.0000
   2013.62571347      0.0000
   2013.62574201      0.0000
   2013.62577055      0.0000
   2013.62579909      0.0000
   2013.62582763      0.0000
   2013.62585616      0.0000
   2013.62588470      0.0000
   2013.62591324      0.0000
   2013.62594178      0.0000
   2013.62597032      0.0000
   2013.62599886      0.0000
   2013.62602740      0.0000
   2013.62605594      0.0000
   2013.62608447      0.0000
   2013.62611301      0.0000
   2013.62614155      0.0000
   2013.62617009      0.0000
   2013.62619863      0.0000
   2013.62622717      0.0000
   2013.62625571      0.0000
   2013.62628425      0.4560
   2013.62631279      1.6679
   2013.62634132      4.4390
   2013.62636986      7.4963
   2013.62639840     14.6448
   2013.62642694     23.6811
   2013.62645548     24.4372
   2013.62648402     21.5699
   2013.62651256     18.3949
   2013.62654110     15.7906
   2013.62656963     13.8037
   2013.62659817     12.4586
   2013.62662671     11.2386
   2013.62665525     10.0251
   2013.62668379      9.1713
   2013.62671233      8.4778
   2013.62674087      7.8880
   2013.62676941      7.3789
   2013.62679795      6.9929
   2013.62682648      6.6876
   2013.62685502      6.4677
   2013.62688356      6.3192
   2013.62691210      6.2229
   2013.62694064      6.1653
   2013.62696918      6.1360
   2013.62699772      6.1263
   2013.62702626      6.1292
   2013.62705479      6.1399
   2013.62708333      6.1549
   2013.62711187      6.1720
   2013.62714041      6.1898
   2013.62716895      6.2068
   2013.62719749      6.1388
   2013.62722603      6.1436
   2013.62725457      5.9012
   2013.62728311      5.6329
   2013.62731164      5.2781
   2013.62734018      5.2076
   2013.62736872      4.5707
   2013.62739726      4.1816
   2013.62742580      4.1081
   2013.62745434      3.5639
   2013.62748288      3.2142
   2013.62751142      2.9336
   2013.62753995      2.6231
   2013.62756849      2.4498
   2013.62759703      2.1924
   2013.62762557      1.8825
   2013.62765411      1.7043
   2013.62768265      1.5311
   2013.62771119      1.3747
   2013.62773973      1.2325
   2013.62776826      1.1135
   2013.62779680      1.0067
   2013.62782534      0.9134
   2013.62785388      0.8276
   2013.62788242      0.7482
   2013.62791096      0.6766
   2013.62793950      0.6137
   2013.62796804      0.5576
   2013.62799658      0.5076
   2013.62802511      0.4632
   2013.62805365      0.4235
   2013.62808219      0.3879
   2013.62811073      0.3558
   2013.62813927      0.3268
   2013.62816781      0.3006
   2013.62819635      0.2770
   2013.62822489      0.2554
   2013.62825342      0.2356
   2013.62828196      0.2174
   2013.62831050      0.2008
   2013.62833904      0.1856
   2013.62836758      0.1717
   2013.62839612      0.1590
   2013.62842466      0.1474
   2013.62845320      0.1367
   2013.62848174      0.1269
   2013.62851027      0.1178
   2013.62853881      0.1095
   2013.62856735      0.1018
