   2013.62465753      0.0000
   2013.62468607      0.0000
   2013.62471461      0.0000
   2013.62474315      0.0000
   2013.62477169      0.0000
   2013.62480023      0.0000
   2013.62482877      0.0000
   2013.62485731      0.0000
   2013.62488584      0.0000
   2013.62491438      0.0000
   2013.62494292      0.0000
   2013.62497146      0.0000
   2013.62500000      0.0000
   2013.62502854      0.0000
   2013.62505708      0.0000
   2013.62508562      0.0000
   2013.62511416      0.0000
   2013.62514269      0.0000
   2013.62517123      0.0000
   2013.62519977      0.0000
   2013.62522831      0.0000
   2013.62525685      0.0000
   2013.62528539      0.0000
   2013.62531393      0.0000
   2013.62534247      0.0000
   2013.62537100      0.0000
   2013.62539954      0.0000
   2013.62542808      0.0000
   2013.62545662      0.0000
   2013.62548516      0.0000
   2013.62551370      0.0000
   2013.62554224      0.0000
   2013.62557078      0.0000
   2013.62559932      0.0000
   2013.62562785      0.0000
   2013.62565639      0.0000
   2013.62568493      0.0000
   2013.62571347      0.0000
   2013.62574201      0.0000
   2013.62577055      0.0000
   2013.62579909      0.0000
   2013.62582763      0.0000
   2013.62585616      0.0000
   2013.62588470      0.0000
   2013.62591324      0.0000
   2013.62594178      0.0000
   2013.62597032      0.0000
   2013.62599886      0.0000
   2013.62602740      0.0000
   2013.62605594      0.0000
   2013.62608447      0.0000
   2013.62611301      0.0000
   2013.62614155      0.0000
   2013.62617009      0.0000
   2013.62619863      0.0000
   2013.62622717      0.0000
   2013.62625571      0.0000
   2013.62628425      0.0000
   2013.62631279      0.0001
   2013.62634132      0.0004
   2013.62636986      0.0005
   2013.62639840      0.0007
   2013.62642694      0.0008
   2013.62645548      0.0009
   2013.62648402      0.0010
   2013.62651256      0.0011
   2013.62654110      0.0012
   2013.62656963      0.0013
   2013.62659817      0.0013
   2013.62662671      0.0022
   2013.62665525      0.0238
   2013.62668379      0.0477
   2013.62671233      0.0635
   2013.62674087      0.0880
   2013.62676941      0.1228
   2013.62679795      0.1607
   2013.62682648      0.2149
   2013.62685502      0.3030
   2013.62688356      0.4502
   2013.62691210      0.6824
   2013.62694064      1.0376
   2013.62696918      1.4421
   2013.62699772      1.7020
   2013.62702626      1.8117
   2013.62705479      1.8246
   2013.62708333      1.7852
   2013.62711187      1.7123
   2013.62714041      1.6252
   2013.62716895      1.5387
   2013.62719749      1.4514
   2013.62722603      1.3650
   2013.62725457      1.2802
   2013.62728311      1.1988
   2013.62731164      1.1444
   2013.62734018      1.0586
   2013.62736872      0.9664
   2013.62739726      0.9275
   2013.62742580      0.8739
   2013.62745434      0.8204
   2013.62748288      0.7700
   2013.62751142      0.7228
   2013.62753995      0.6797
   2013.62756849      0.6411
   2013.62759703      0.6064
   2013.62762557      0.5747
   2013.62765411      0.5455
   2013.62768265      0.5187
   2013.62771119      0.4938
   2013.62773973      0.4708
   2013.62776826      0.4493
   2013.62779680      0.4292
   2013.62782534      0.4103
   2013.62785388      0.3924
   2013.62788242      0.3755
   2013.62791096      0.3596
   2013.62793950      0.3446
   2013.62796804      0.3304
   2013.62799658      0.3169
   2013.62802511      0.3042
   2013.62805365      0.2921
   2013.62808219      0.2807
   2013.62811073      0.2697
   2013.62813927      0.2594
   2013.62816781      0.2494
   2013.62819635      0.2400
   2013.62822489      0.2308
   2013.62825342      0.2219
   2013.62828196      0.2134
   2013.62831050      0.2052
   2013.62833904      0.1973
   2013.62836758      0.1897
   2013.62839612      0.1825
   2013.62842466      0.1755
   2013.62845320      0.1688
   2013.62848174      0.1624
   2013.62851027      0.1562
   2013.62853881      0.1502
   2013.62856735      0.1445
   2013.62859589      0.1389
   2013.62862443      0.1336
   2013.62865297      0.1286
   2013.62868151      0.1237
   2013.62871005      0.1190
   2013.62873858      0.1145
   2013.62876712      0.1102
   2013.62879566      0.1060
   2013.62882420      0.1020
   2013.62885274      0.0982
   2013.62888128      0.0946
   2013.62890982      0.0911
   2013.62893836      0.0878
   2013.62896689      0.0846
   2013.62899543      0.0815
   2013.62902397      0.0785
   2013.62905251      0.0757
   2013.62908105      0.0729
   2013.62910959      0.0702
   2013.62913813      0.0677
   2013.62916667      0.0653
   2013.62919521      0.0629
   2013.62922374      0.0607
   2013.62925228      0.0585
   2013.62928082      0.0565
   2013.62930936      0.0545
   2013.62933790      0.0526
   2013.62936644      0.0508
   2013.62939498      0.0490
   2013.62942352      0.0473
   2013.62945205      0.0457
   2013.62948059      0.0442
   2013.62950913      0.0428
   2013.62953767      0.0414
   2013.62956621      0.0400
   2013.62959475      0.0387
   2013.62962329      0.0375
   2013.62965183      0.0363
   2013.62968037      0.0352
   2013.62970890      0.0341
   2013.62973744      0.0331
   2013.62976598      0.0320
   2013.62979452      0.0311
   2013.62982306      0.0301
   2013.62985160      0.0292
   2013.62988014      0.0283
   2013.62990868      0.0274
   2013.62993721      0.0266
   2013.62996575      0.0258
   2013.62999429      0.0250
   2013.63002283      0.0243
   2013.63005137      0.0235
   2013.63007991      0.0228
   2013.63010845      0.0222
   2013.63013699      0.0215
   2013.63016553      0.0209
   2013.63019406      0.0203
   2013.63022260      0.0197
   2013.63025114      0.0191
   2013.63027968      0.0186
   2013.63030822      0.0181
   2013.63033676      0.0176
   2013.63036530      0.0171
   2013.63039384      0.0166
   2013.63042237      0.0162
   2013.63045091      0.0157
   2013.63047945      0.0153
   2013.63050799      0.0149
   2013.63053653      0.0146
   2013.63056507      0.0143
   2013.63059361      0.0149
   2013.63062215      0.0198
   2013.63065068      0.0360
   2013.63067922      0.0629
   2013.63070776      0.0974
   2013.63073630      0.1302
   2013.63076484      0.1512
   2013.63079338      0.1638
   2013.63082192      0.1706
   2013.63085046      0.1735
   2013.63087900      0.1739
   2013.63090753      0.1725
   2013.63093607      0.1701
   2013.63096461      0.1669
   2013.63099315      0.1633
   2013.63102169      0.1595
   2013.63105023      0.1555
   2013.63107877      0.1514
   2013.63110731      0.1473
   2013.63113584      0.1433
   2013.63116438      0.1392
   2013.63119292      0.1352
   2013.63122146      0.1313
   2013.63125000      0.1275
   2013.63127854      0.1237
   2013.63130708      0.1200
   2013.63133562      0.1165
   2013.63136416      0.1130
   2013.63139269      0.1096
   2013.63142123      0.1063
   2013.63144977      0.1031
   2013.63147831      0.0999
   2013.63150685      0.0969
   2013.63153539      0.0940
   2013.63156393      0.0912
   2013.63159247      0.0884
   2013.63162100      0.0857
   2013.63164954      0.0832
   2013.63167808      0.0807
   2013.63170662      0.0782
   2013.63173516      0.0759
   2013.63176370      0.0736
   2013.63179224      0.0713
   2013.63182078      0.0692
