   2013.62465753      0.0000
   2013.62468607      0.0000
   2013.62471461      0.0000
   2013.62474315      0.0000
   2013.62477169      0.0000
   2013.62480023      0.0000
   2013.62482877      0.0000
   2013.62485731      0.0000
   2013.62488584      0.0000
   2013.62491438      0.0000
   2013.62494292      0.0000
   2013.62497146      0.0000
   2013.62500000      0.0004
   2013.62502854      0.0005
   2013.62505708      0.0006
   2013.62508562      0.0007
   2013.62511416      0.0011
   2013.62514269      0.0011
   2013.62517123      0.0012
   2013.62519977      0.0012
   2013.62522831      0.0017
   2013.62525685      0.0016
   2013.62528539      0.0017
   2013.62531393      0.0213
   2013.62534247      0.0482
   2013.62537100      0.0699
   2013.62539954      0.0997
   2013.62542808      0.1449
   2013.62545662      0.2136
   2013.62548516      0.2960
   2013.62551370      0.4122
   2013.62554224      0.5554
   2013.62557078      0.7511
   2013.62559932      0.9926
   2013.62562785      1.2835
   2013.62565639      1.6756
   2013.62568493      2.0782
   2013.62571347      2.3998
   2013.62574201      2.6452
   2013.62577055      2.8200
   2013.62579909      2.9564
   2013.62582763      3.0443
   2013.62585616      3.1295
   2013.62588470      3.2189
   2013.62591324      3.2985
   2013.62594178      3.4359
   2013.62597032      3.4811
   2013.62599886      3.4382
   2013.62602740      3.4339
   2013.62605594      3.4573
   2013.62608447      3.4803
   2013.62611301      3.3979
   2013.62614155      3.3138
   2013.62617009      3.0001
   2013.62619863      2.8830
   2013.62622717      2.7026
   2013.62625571      2.5696
   2013.62628425      2.4189
   2013.62631279      2.2553
   2013.62634132      2.0929
   2013.62636986      1.9423
   2013.62639840      1.8149
   2013.62642694      1.6797
   2013.62645548      1.5769
   2013.62648402      1.4834
   2013.62651256      1.3943
   2013.62654110      1.3063
   2013.62656963      1.2199
   2013.62659817      1.1365
   2013.62662671      1.0555
   2013.62665525      0.9942
   2013.62668379      0.9346
   2013.62671233      0.8845
   2013.62674087      0.8420
   2013.62676941      0.8034
   2013.62679795      0.7676
   2013.62682648      0.7340
   2013.62685502      0.7027
   2013.62688356      0.6735
   2013.62691210      0.6463
   2013.62694064      0.6208
   2013.62696918      0.5965
   2013.62699772      0.5728
   2013.62702626      0.5495
   2013.62705479      0.5263
   2013.62708333      0.5029
   2013.62711187      0.4795
   2013.62714041      0.4562
   2013.62716895      0.4332
   2013.62719749      0.4107
   2013.62722603      0.3887
   2013.62725457      0.3674
   2013.62728311      0.3469
   2013.62731164      0.3271
   2013.62734018      0.3083
   2013.62736872      0.2903
   2013.62739726      0.2733
   2013.62742580      0.2572
   2013.62745434      0.2420
   2013.62748288      0.2274
   2013.62751142      0.2136
   2013.62753995      0.2004
   2013.62756849      0.1881
   2013.62759703      0.1765
   2013.62762557      0.1656
   2013.62765411      0.1554
   2013.62768265      0.1459
   2013.62771119      0.1369
   2013.62773973      0.1285
   2013.62776826      0.1206
   2013.62779680      0.1132
   2013.62782534      0.1063
