   2013.62465753      0.0000
   2013.62468607      0.0000
   2013.62471461      0.0000
   2013.62474315      0.0000
   2013.62477169      0.0000
   2013.62480023      0.0000
   2013.62482877      0.0000
   2013.62485731      0.0000
   2013.62488584      0.0000
   2013.62491438      0.0000
   2013.62494292      0.0000
   2013.62497146      0.0000
   2013.62500000      0.0000
   2013.62502854      0.0000
   2013.62505708      0.0000
   2013.62508562      0.0000
   2013.62511416      0.0000
   2013.62514269      0.0000
   2013.62517123      0.0000
   2013.62519977      0.0000
   2013.62522831      0.0000
   2013.62525685      0.0000
   2013.62528539      0.0000
   2013.62531393      0.0000
   2013.62534247      0.0000
   2013.62537100      0.0000
   2013.62539954      0.0000
   2013.62542808      0.0000
   2013.62545662      0.0000
   2013.62548516      0.0000
   2013.62551370      0.0000
   2013.62554224      0.0000
   2013.62557078      0.0000
   2013.62559932      0.0000
   2013.62562785      0.0000
   2013.62565639      0.0000
   2013.62568493      0.0000
   2013.62571347      0.0000
   2013.62574201      0.0000
   2013.62577055      0.0000
   2013.62579909      0.0000
   2013.62582763      0.0000
   2013.62585616      0.0000
   2013.62588470      0.0000
   2013.62591324      0.0000
   2013.62594178      0.0000
   2013.62597032      0.0000
   2013.62599886      0.0000
   2013.62602740      0.0000
   2013.62605594      0.0000
   2013.62608447      0.0000
   2013.62611301      0.0000
   2013.62614155      0.0000
   2013.62617009      0.0000
   2013.62619863      0.0000
   2013.62622717      0.0000
   2013.62625571      0.0000
   2013.62628425      1.3108
   2013.62631279      7.2277
   2013.62634132     16.5570
   2013.62636986     38.7067
   2013.62639840     47.5756
   2013.62642694     41.2576
   2013.62645548     32.8201
   2013.62648402     26.3062
   2013.62651256     23.0679
   2013.62654110     20.3521
   2013.62656963     18.4240
   2013.62659817     17.5067
   2013.62662671     16.6069
   2013.62665525     16.3395
   2013.62668379     16.1172
   2013.62671233     16.2735
   2013.62674087     16.0787
   2013.62676941     15.7793
   2013.62679795     15.1887
   2013.62682648     14.2385
   2013.62685502     14.0593
   2013.62688356     13.4629
   2013.62691210     12.2888
   2013.62694064     11.0870
   2013.62696918     11.0194
   2013.62699772     10.3999
   2013.62702626      9.4906
   2013.62705479      8.6691
   2013.62708333      8.5923
   2013.62711187      8.1735
   2013.62714041      8.0258
   2013.62716895      7.5408
   2013.62719749      7.7205
   2013.62722603      7.6682
   2013.62725457      7.4531
   2013.62728311      7.1275
   2013.62731164      7.3507
   2013.62734018      7.2429
   2013.62736872      7.0130
   2013.62739726      6.5833
   2013.62742580      7.1237
   2013.62745434      6.6660
   2013.62748288      6.4334
   2013.62751142      6.5668
   2013.62753995      6.4149
   2013.62756849      6.0690
   2013.62759703      6.0643
   2013.62762557      5.5907
   2013.62765411      5.8173
   2013.62768265      5.5249
   2013.62771119      5.4671
   2013.62773973      5.0885
   2013.62776826      5.3004
   2013.62779680      5.0487
   2013.62782534      4.9789
   2013.62785388      4.9293
   2013.62788242      4.8610
   2013.62791096      4.7659
   2013.62793950      4.5944
   2013.62796804      4.5736
   2013.62799658      4.5182
   2013.62802511      4.4165
   2013.62805365      4.2942
   2013.62808219      4.3046
   2013.62811073      4.2642
   2013.62813927      4.1922
   2013.62816781      4.1004
   2013.62819635      4.1464
   2013.62822489      4.1215
   2013.62825342      4.0882
   2013.62828196      4.0205
   2013.62831050      4.1020
   2013.62833904      4.1094
   2013.62836758      4.0222
   2013.62839612      4.0787
   2013.62842466      4.1978
   2013.62845320      4.2438
   2013.62848174      4.1851
   2013.62851027      4.2861
   2013.62853881      4.1564
   2013.62856735      4.5312
   2013.62859589      4.4898
   2013.62862443      4.6544
   2013.62865297      4.5084
   2013.62868151      4.9919
   2013.62871005      4.9393
   2013.62873858      5.2201
   2013.62876712      5.0073
   2013.62879566      5.3889
   2013.62882420      5.5270
   2013.62885274      5.7074
   2013.62888128      5.6163
   2013.62890982      6.0579
   2013.62893836      6.2339
   2013.62896689      6.4202
   2013.62899543      6.3526
   2013.62902397      7.0550
   2013.62905251      7.6763
   2013.62908105      8.1085
   2013.62910959      7.4649
   2013.62913813      7.1178
   2013.62916667      6.7069
   2013.62919521      6.4974
   2013.62922374      6.8761
   2013.62925228      7.6084
   2013.62928082      7.9745
   2013.62930936      8.0099
   2013.62933790      7.4809
   2013.62936644      6.9078
   2013.62939498      6.1787
   2013.62942352      6.0725
   2013.62945205      5.4165
   2013.62948059      5.2231
   2013.62950913      5.1405
   2013.62953767      5.0127
   2013.62956621      4.3676
   2013.62959475      4.2450
   2013.62962329      3.6597
   2013.62965183      3.2439
   2013.62968037      2.8775
   2013.62970890      2.6620
   2013.62973744      2.3479
   2013.62976598      1.9894
   2013.62979452      1.7910
   2013.62982306      1.6015
   2013.62985160      1.4347
   2013.62988014      1.3461
   2013.62990868      1.1731
   2013.62993721      1.0315
   2013.62996575      0.9618
   2013.62999429      0.8796
   2013.63002283      0.8010
   2013.63005137      0.7292
   2013.63007991      0.6642
   2013.63010845      0.6065
   2013.63013699      0.5546
   2013.63016553      0.5083
   2013.63019406      0.4670
   2013.63022260      0.4299
   2013.63025114      0.3964
   2013.63027968      0.3660
   2013.63030822      0.3382
   2013.63033676      0.3129
   2013.63036530      0.2898
   2013.63039384      0.2686
   2013.63042237      0.2492
   2013.63045091      0.2312
   2013.63047945      0.2146
   2013.63050799      0.1993
   2013.63053653      0.1853
   2013.63056507      0.1724
   2013.63059361      0.1605
   2013.63062215      0.1496
   2013.63065068      0.1395
   2013.63067922      0.1302
   2013.63070776      0.1216
   2013.63073630      0.1136
   2013.63076484      0.1062
