   2013.62465753      0.0000
   2013.62468607      0.0000
   2013.62471461      0.0000
   2013.62474315      0.0000
   2013.62477169      0.0000
   2013.62480023      0.0000
   2013.62482877      0.0000
   2013.62485731      0.0000
   2013.62488584      0.0000
   2013.62491438      0.0000
   2013.62494292      0.0000
   2013.62497146      0.0000
   2013.62500000      0.0000
   2013.62502854      0.0000
   2013.62505708      0.0000
   2013.62508562      0.0000
   2013.62511416      0.0000
   2013.62514269      0.0000
   2013.62517123      0.0000
   2013.62519977      0.0000
   2013.62522831      0.0000
   2013.62525685      0.0000
   2013.62528539      0.0000
   2013.62531393      0.0000
   2013.62534247      0.0000
   2013.62537100      0.0000
   2013.62539954      0.0000
   2013.62542808      0.0000
   2013.62545662      0.0000
   2013.62548516      0.0000
   2013.62551370      0.0000
   2013.62554224      0.0000
   2013.62557078      0.0000
   2013.62559932      0.0931
   2013.62562785      0.1770
   2013.62565639      0.4304
   2013.62568493      1.1361
   2013.62571347      2.3635
   2013.62574201      4.1827
   2013.62577055      7.4344
   2013.62579909     11.8654
   2013.62582763     14.6488
   2013.62585616     15.5518
   2013.62588470     15.5615
   2013.62591324     15.4372
   2013.62594178     15.2942
   2013.62597032     15.3065
   2013.62599886     15.3467
   2013.62602740     14.9937
   2013.62605594     16.3601
   2013.62608447     16.1949
   2013.62611301     15.4723
   2013.62614155     14.6471
   2013.62617009     14.4620
   2013.62619863     14.0250
   2013.62622717     13.2538
   2013.62625571     11.3400
   2013.62628425     10.9901
   2013.62631279     10.0421
   2013.62634132      9.0759
   2013.62636986      8.0484
   2013.62639840      7.8610
   2013.62642694      7.3702
   2013.62645548      6.9002
   2013.62648402      6.3701
   2013.62651256      6.5292
   2013.62654110      6.4149
   2013.62656963      6.3972
   2013.62659817      6.0691
   2013.62662671      6.3983
   2013.62665525      6.4471
   2013.62668379      6.4178
   2013.62671233      6.2730
   2013.62674087      6.6206
   2013.62676941      6.6757
   2013.62679795      6.6153
   2013.62682648      6.4319
   2013.62685502      6.7676
   2013.62688356      6.7857
   2013.62691210      6.6908
   2013.62694064      6.4374
   2013.62696918      6.7296
   2013.62699772      6.6978
   2013.62702626      6.5619
   2013.62705479      6.2485
   2013.62708333      6.8240
   2013.62711187      6.4546
   2013.62714041      6.3003
   2013.62716895      5.9779
   2013.62719749      6.4078
   2013.62722603      6.0997
   2013.62725457      6.1698
   2013.62728311      5.6903
   2013.62731164      5.9514
   2013.62734018      5.6682
   2013.62736872      5.6625
   2013.62739726      5.2429
   2013.62742580      5.6951
   2013.62745434      5.3039
   2013.62748288      5.1380
   2013.62751142      4.6020
   2013.62753995      4.6835
   2013.62756849      4.5856
   2013.62759703      4.8070
   2013.62762557      5.1276
   2013.62765411      4.4600
   2013.62768265      4.0962
   2013.62771119      3.9131
   2013.62773973      3.6226
   2013.62776826      3.4127
   2013.62779680      3.7224
   2013.62782534      3.5071
   2013.62785388      3.2721
   2013.62788242      3.1745
   2013.62791096      2.9916
   2013.62793950      2.7737
   2013.62796804      2.5762
   2013.62799658      2.3744
   2013.62802511      2.2524
   2013.62805365      2.1538
   2013.62808219      2.0617
   2013.62811073      1.9696
   2013.62813927      1.8529
   2013.62816781      1.7414
   2013.62819635      1.6299
   2013.62822489      1.5213
   2013.62825342      1.4179
   2013.62828196      1.3226
   2013.62831050      1.2368
   2013.62833904      1.1594
   2013.62836758      1.0835
   2013.62839612      1.0230
   2013.62842466      0.9595
   2013.62845320      0.9007
   2013.62848174      0.8430
   2013.62851027      0.7853
   2013.62853881      0.7291
   2013.62856735      0.6761
   2013.62859589      0.6276
   2013.62862443      0.5829
   2013.62865297      0.5416
   2013.62868151      0.5038
   2013.62871005      0.4692
   2013.62873858      0.4374
   2013.62876712      0.4080
   2013.62879566      0.3807
   2013.62882420      0.3553
   2013.62885274      0.3316
   2013.62888128      0.3095
   2013.62890982      0.2889
   2013.62893836      0.2697
   2013.62896689      0.2519
   2013.62899543      0.2352
   2013.62902397      0.2195
   2013.62905251      0.2048
   2013.62908105      0.1911
   2013.62910959      0.1784
   2013.62913813      0.1666
   2013.62916667      0.1557
   2013.62919521      0.1455
   2013.62922374      0.1361
   2013.62925228      0.1273
   2013.62928082      0.1192
   2013.62930936      0.1115
   2013.62933790      0.1044
