   2013.62465753      0.0000
   2013.62468607      0.0000
   2013.62471461      0.0000
   2013.62474315      0.0000
   2013.62477169      0.0000
   2013.62480023      0.0000
   2013.62482877      0.0000
   2013.62485731      0.0000
   2013.62488584      0.0000
   2013.62491438      0.0000
   2013.62494292      0.0000
   2013.62497146      0.0000
   2013.62500000      0.0000
   2013.62502854      0.0000
   2013.62505708      0.0000
   2013.62508562      0.0000
   2013.62511416      0.0000
   2013.62514269      0.0000
   2013.62517123      0.0000
   2013.62519977      0.0000
   2013.62522831      0.0000
   2013.62525685      0.0000
   2013.62528539      0.0000
   2013.62531393      0.0000
   2013.62534247      0.0000
   2013.62537100      0.0000
   2013.62539954      0.0000
   2013.62542808      0.0000
   2013.62545662      0.0000
   2013.62548516      0.0000
   2013.62551370      0.0000
   2013.62554224      0.0000
   2013.62557078      0.0000
   2013.62559932      0.0000
   2013.62562785      0.0000
   2013.62565639      0.0000
   2013.62568493      0.0000
   2013.62571347      0.2328
   2013.62574201      0.5570
   2013.62577055      1.8000
   2013.62579909      3.6628
   2013.62582763      6.4841
   2013.62585616     11.5737
   2013.62588470     16.3152
   2013.62591324     17.1732
   2013.62594178     15.8322
   2013.62597032     14.2643
   2013.62599886     12.9369
   2013.62602740     11.9293
   2013.62605594     11.0921
   2013.62608447     10.5538
   2013.62611301     10.0205
   2013.62614155     10.1201
   2013.62617009      9.7846
   2013.62619863      9.6095
   2013.62622717      9.3970
   2013.62625571      8.8718
   2013.62628425      9.0034
   2013.62631279      8.7949
   2013.62634132      8.3353
   2013.62636986      7.8160
   2013.62639840      7.9032
   2013.62642694      7.5974
   2013.62645548      7.1788
   2013.62648402      6.6893
   2013.62651256      6.8352
   2013.62654110      6.7161
   2013.62656963      6.6675
   2013.62659817      6.3962
   2013.62662671      6.7674
   2013.62665525      6.9334
   2013.62668379      7.0852
   2013.62671233      7.0238
   2013.62674087      7.4109
   2013.62676941      7.6584
   2013.62679795      7.6875
   2013.62682648      7.4906
   2013.62685502      7.8030
   2013.62688356      7.9420
   2013.62691210      7.8698
   2013.62694064      7.5634
   2013.62696918      7.8248
   2013.62699772      7.8535
   2013.62702626      7.7730
   2013.62705479      7.4211
   2013.62708333      7.6260
   2013.62711187      7.5773
   2013.62714041      7.3706
   2013.62716895      7.0524
   2013.62719749      7.2811
   2013.62722603      7.1962
   2013.62725457      6.9959
   2013.62728311      6.6287
   2013.62731164      6.8762
   2013.62734018      6.7813
   2013.62736872      6.5911
   2013.62739726      6.2246
   2013.62742580      6.7007
   2013.62745434      6.3471
   2013.62748288      6.1610
   2013.62751142      6.2919
   2013.62753995      6.2011
   2013.62756849      5.9026
   2013.62759703      5.9237
   2013.62762557      5.4905
   2013.62765411      5.7298
   2013.62768265      5.4604
   2013.62771119      5.4240
   2013.62773973      5.0627
   2013.62776826      5.2881
   2013.62779680      5.0518
   2013.62782534      4.9980
   2013.62785388      4.7557
   2013.62788242      4.9076
   2013.62791096      4.7089
   2013.62793950      4.6715
   2013.62796804      4.6611
   2013.62799658      4.6147
   2013.62802511      4.5470
   2013.62805365      4.4162
   2013.62808219      4.2537
   2013.62811073      4.4054
   2013.62813927      4.3718
   2013.62816781      4.2702
   2013.62819635      4.1429
   2013.62822489      4.3036
   2013.62825342      4.2941
   2013.62828196      4.2128
   2013.62831050      4.2878
   2013.62833904      4.2959
   2013.62836758      4.2017
   2013.62839612      4.2576
   2013.62842466      4.3630
   2013.62845320      4.4005
   2013.62848174      4.3276
   2013.62851027      4.4194
   2013.62853881      4.2478
   2013.62856735      4.6194
   2013.62859589      4.5587
   2013.62862443      4.7025
   2013.62865297      4.6532
   2013.62868151      5.3813
   2013.62871005      5.1441
   2013.62873858      5.2167
   2013.62876712      4.8312
   2013.62879566      4.9175
   2013.62882420      5.3966
   2013.62885274      5.9805
   2013.62888128      6.2704
   2013.62890982      6.2984
   2013.62893836      5.8378
   2013.62896689      5.3723
   2013.62899543      5.1799
   2013.62902397      5.0530
   2013.62905251      5.1020
   2013.62908105      5.4371
   2013.62910959      5.6895
   2013.62913813      5.8389
   2013.62916667      5.4266
   2013.62919521      5.0402
   2013.62922374      4.2825
   2013.62925228      3.9204
   2013.62928082      3.6188
   2013.62930936      3.7017
   2013.62933790      3.3076
   2013.62936644      3.2562
   2013.62939498      3.0178
   2013.62942352      2.7558
   2013.62945205      2.6325
   2013.62948059      2.3437
   2013.62950913      2.1064
   2013.62953767      1.8225
   2013.62956621      1.6448
   2013.62959475      1.4804
   2013.62962329      1.3343
   2013.62965183      1.2247
   2013.62968037      1.1013
   2013.62970890      0.9919
   2013.62973744      0.9150
   2013.62976598      0.8359
   2013.62979452      0.7628
   2013.62982306      0.6959
   2013.62985160      0.6359
   2013.62988014      0.5821
   2013.62990868      0.5338
   2013.62993721      0.4906
   2013.62996575      0.4518
   2013.62999429      0.4169
   2013.63002283      0.3852
   2013.63005137      0.3562
   2013.63007991      0.3297
   2013.63010845      0.3054
   2013.63013699      0.2832
   2013.63016553      0.2629
   2013.63019406      0.2441
   2013.63022260      0.2267
   2013.63025114      0.2106
   2013.63027968      0.1958
   2013.63030822      0.1822
   2013.63033676      0.1697
   2013.63036530      0.1581
   2013.63039384      0.1474
   2013.63042237      0.1376
   2013.63045091      0.1285
   2013.63047945      0.1201
   2013.63050799      0.1123
   2013.63053653      0.1050
