   2013.62465753      0.0000
   2013.62468607      0.0000
   2013.62471461      0.0000
   2013.62474315      0.0000
   2013.62477169      0.0000
   2013.62480023      0.0000
   2013.62482877      0.0000
   2013.62485731      0.0000
   2013.62488584      0.0000
   2013.62491438      0.0000
   2013.62494292      0.0000
   2013.62497146      0.0000
   2013.62500000      0.0000
   2013.62502854      0.0000
   2013.62505708      0.0000
   2013.62508562      0.0000
   2013.62511416      0.0000
   2013.62514269      0.0000
   2013.62517123      0.0000
   2013.62519977      0.0000
   2013.62522831      0.0000
   2013.62525685      0.0000
   2013.62528539      0.0000
   2013.62531393      0.0000
   2013.62534247      0.0000
   2013.62537100      0.0000
   2013.62539954      0.0000
   2013.62542808      0.0000
   2013.62545662      0.0000
   2013.62548516      0.0000
   2013.62551370      0.0000
   2013.62554224      0.0000
   2013.62557078      0.0000
   2013.62559932      0.0000
   2013.62562785      0.0000
   2013.62565639      0.0000
   2013.62568493      0.0000
   2013.62571347      0.0000
   2013.62574201      0.0000
   2013.62577055      0.0000
   2013.62579909      0.0000
   2013.62582763      0.0000
   2013.62585616      0.0000
   2013.62588470      0.0000
   2013.62591324      0.0000
   2013.62594178      0.0000
   2013.62597032      0.0000
   2013.62599886      0.0000
   2013.62602740      0.0000
   2013.62605594      0.0024
   2013.62608447      0.0042
   2013.62611301      0.0058
   2013.62614155      0.0181
   2013.62617009      0.0790
   2013.62619863      0.1566
   2013.62622717      0.3452
   2013.62625571      0.7421
   2013.62628425      1.4764
   2013.62631279      2.6961
   2013.62634132      4.6961
   2013.62636986      7.7722
   2013.62639840     10.9812
   2013.62642694     12.8728
   2013.62645548     13.9447
   2013.62648402     14.5624
   2013.62651256     14.9134
   2013.62654110     14.6963
   2013.62656963     14.2253
   2013.62659817     13.2131
   2013.62662671     12.7297
   2013.62665525     11.9396
   2013.62668379     10.8863
   2013.62671233      9.7815
   2013.62674087      8.8239
   2013.62676941      8.0847
   2013.62679795      7.0871
   2013.62682648      6.2648
   2013.62685502      5.8180
   2013.62688356      4.7834
   2013.62691210      4.5945
   2013.62694064      3.8823
   2013.62696918      3.5298
   2013.62699772      3.2156
   2013.62702626      2.8532
   2013.62705479      2.6387
   2013.62708333      2.4617
   2013.62711187      2.2737
   2013.62714041      2.0543
   2013.62716895      1.9732
   2013.62719749      1.8425
   2013.62722603      1.7333
   2013.62725457      1.6335
   2013.62728311      1.5558
   2013.62731164      1.4805
   2013.62734018      1.4148
   2013.62736872      1.3482
   2013.62739726      1.2855
   2013.62742580      1.2373
   2013.62745434      1.1912
   2013.62748288      1.1135
   2013.62751142      1.0968
   2013.62753995      1.0931
   2013.62756849      1.0258
   2013.62759703      0.9845
   2013.62762557      0.9479
   2013.62765411      0.9021
   2013.62768265      0.8752
   2013.62771119      0.8417
   2013.62773973      0.8076
   2013.62776826      0.7735
   2013.62779680      0.7405
   2013.62782534      0.7094
   2013.62785388      0.6803
   2013.62788242      0.6526
   2013.62791096      0.6262
   2013.62793950      0.6005
   2013.62796804      0.5755
   2013.62799658      0.5514
   2013.62802511      0.5283
   2013.62805365      0.5062
   2013.62808219      0.4851
   2013.62811073      0.4649
   2013.62813927      0.4456
   2013.62816781      0.4270
   2013.62819635      0.4092
   2013.62822489      0.3920
   2013.62825342      0.3756
   2013.62828196      0.3600
   2013.62831050      0.3451
   2013.62833904      0.3308
   2013.62836758      0.3172
   2013.62839612      0.3043
   2013.62842466      0.2940
   2013.62845320      0.2827
   2013.62848174      0.2716
   2013.62851027      0.2610
   2013.62853881      0.2540
   2013.62856735      0.2450
   2013.62859589      0.2360
   2013.62862443      0.2272
   2013.62865297      0.2234
   2013.62868151      0.2167
   2013.62871005      0.2098
   2013.62873858      0.2033
   2013.62876712      0.2034
   2013.62879566      0.1994
   2013.62882420      0.1948
   2013.62885274      0.1907
   2013.62888128      0.1940
   2013.62890982      0.1927
   2013.62893836      0.1909
   2013.62896689      0.1897
   2013.62899543      0.1979
   2013.62902397      0.2003
   2013.62905251      0.2022
   2013.62908105      0.2047
   2013.62910959      0.2180
   2013.62913813      0.2249
   2013.62916667      0.2310
   2013.62919521      0.2383
   2013.62922374      0.2577
   2013.62925228      0.2709
   2013.62928082      0.2836
   2013.62930936      0.2985
   2013.62933790      0.3293
   2013.62936644      0.3633
   2013.62939498      0.3907
   2013.62942352      0.4259
   2013.62945205      0.4589
   2013.62948059      0.5117
   2013.62950913      0.5684
   2013.62953767      0.6356
   2013.62956621      0.7230
   2013.62959475      0.8034
   2013.62962329      0.8788
   2013.62965183      0.9492
   2013.62968037      1.0282
   2013.62970890      1.0919
   2013.62973744      1.1412
   2013.62976598      1.1759
   2013.62979452      1.2118
   2013.62982306      1.2338
   2013.62985160      1.2459
   2013.62988014      1.2487
   2013.62990868      1.2600
   2013.62993721      1.2568
   2013.62996575      1.2497
   2013.62999429      1.2398
   2013.63002283      1.2324
   2013.63005137      1.2152
   2013.63007991      1.2320
   2013.63010845      1.1715
   2013.63013699      1.1522
   2013.63016553      1.1311
   2013.63019406      1.1074
   2013.63022260      1.0692
   2013.63025114      1.0868
   2013.63027968      1.0298
   2013.63030822      0.9866
   2013.63033676      0.9544
   2013.63036530      0.9038
   2013.63039384      0.8858
   2013.63042237      0.8558
   2013.63045091      0.8230
   2013.63047945      0.7897
   2013.63050799      0.7566
   2013.63053653      0.7248
   2013.63056507      0.6947
   2013.63059361      0.6661
   2013.63062215      0.6388
   2013.63065068      0.6124
   2013.63067922      0.5867
   2013.63070776      0.5618
   2013.63073630      0.5378
   2013.63076484      0.5149
   2013.63079338      0.4930
   2013.63082192      0.4721
   2013.63085046      0.4521
   2013.63087900      0.4329
   2013.63090753      0.4144
   2013.63093607      0.3967
   2013.63096461      0.3797
   2013.63099315      0.3634
   2013.63102169      0.3479
   2013.63105023      0.3331
   2013.63107877      0.3190
   2013.63110731      0.3057
   2013.63113584      0.2929
   2013.63116438      0.2808
   2013.63119292      0.2693
   2013.63122146      0.2584
   2013.63125000      0.2479
   2013.63127854      0.2380
   2013.63130708      0.2284
   2013.63133562      0.2192
   2013.63136416      0.2104
   2013.63139269      0.2021
   2013.63142123      0.1942
   2013.63144977      0.1867
   2013.63147831      0.1795
   2013.63150685      0.1727
   2013.63153539      0.1662
   2013.63156393      0.1600
   2013.63159247      0.1541
   2013.63162100      0.1484
   2013.63164954      0.1430
   2013.63167808      0.1379
   2013.63170662      0.1330
   2013.63173516      0.1284
   2013.63176370      0.1239
   2013.63179224      0.1197
   2013.63182078      0.1156
   2013.63184932      0.1117
   2013.63187785      0.1080
   2013.63190639      0.1045
   2013.63193493      0.1011
