   2013.62465753      0.0000
   2013.62468607      0.0000
   2013.62471461      0.0000
   2013.62474315      0.0000
   2013.62477169      0.0000
   2013.62480023      0.0000
   2013.62482877      0.0000
   2013.62485731      0.0000
   2013.62488584      0.0000
   2013.62491438      0.0000
   2013.62494292      0.0000
   2013.62497146      0.0000
   2013.62500000      0.0000
   2013.62502854      0.0123
   2013.62505708      0.0780
   2013.62508562      0.2231
   2013.62511416      0.6797
   2013.62514269      2.2732
   2013.62517123      5.1133
   2013.62519977      9.4167
   2013.62522831     15.3440
   2013.62525685     20.7075
   2013.62528539     20.9428
   2013.62531393     18.8423
   2013.62534247     15.6826
   2013.62537100     13.8780
   2013.62539954     12.1615
   2013.62542808     10.2162
   2013.62545662      9.0834
   2013.62548516      8.4257
   2013.62551370      7.2399
   2013.62554224      6.6391
   2013.62557078      5.6582
   2013.62559932      5.7521
   2013.62562785      5.2872
   2013.62565639      5.1590
   2013.62568493      4.7839
   2013.62571347      5.1396
   2013.62574201      4.9677
   2013.62577055      5.1940
   2013.62579909      5.0013
   2013.62582763      5.3850
   2013.62585616      5.5633
   2013.62588470      5.8040
   2013.62591324      5.8441
   2013.62594178      6.3769
   2013.62597032      6.9911
   2013.62599886      7.0033
   2013.62602740      7.3494
   2013.62605594      7.8229
   2013.62608447      8.1310
   2013.62611301      8.4148
   2013.62614155      8.8480
   2013.62617009      9.4381
   2013.62619863      9.7890
   2013.62622717      9.9829
   2013.62625571     10.1314
   2013.62628425     11.1196
   2013.62631279     11.4905
   2013.62634132     11.5875
   2013.62636986     12.5726
   2013.62639840     14.8381
   2013.62642694     14.9244
   2013.62645548     13.7919
   2013.62648402     12.8944
   2013.62651256     12.5078
   2013.62654110     12.8366
   2013.62656963     14.1130
   2013.62659817     14.4837
   2013.62662671     14.6961
   2013.62665525     15.0141
   2013.62668379     14.5321
   2013.62671233     13.1018
   2013.62674087     11.6024
   2013.62676941      9.8663
   2013.62679795      9.3524
   2013.62682648      7.0918
   2013.62685502      6.3956
   2013.62688356      4.9557
   2013.62691210      4.2918
   2013.62694064      3.6543
   2013.62696918      3.1465
   2013.62699772      2.8493
   2013.62702626      2.3262
   2013.62705479      2.0682
   2013.62708333      1.8177
   2013.62711187      1.6017
   2013.62714041      1.4143
   2013.62716895      1.2665
   2013.62719749      1.1245
   2013.62722603      1.0009
   2013.62725457      0.9030
   2013.62728311      0.8107
   2013.62731164      0.7282
   2013.62734018      0.6554
   2013.62736872      0.5919
   2013.62739726      0.5357
   2013.62742580      0.4862
   2013.62745434      0.4426
   2013.62748288      0.4040
   2013.62751142      0.3695
   2013.62753995      0.3387
   2013.62756849      0.3109
   2013.62759703      0.2860
   2013.62762557      0.2634
   2013.62765411      0.2428
   2013.62768265      0.2239
   2013.62771119      0.2067
   2013.62773973      0.1910
   2013.62776826      0.1767
   2013.62779680      0.1636
   2013.62782534      0.1517
   2013.62785388      0.1408
   2013.62788242      0.1308
   2013.62791096      0.1216
   2013.62793950      0.1132
   2013.62796804      0.1054
