   2013.62465753      0.0000
   2013.62468607      0.0000
   2013.62471461      0.0000
   2013.62474315      0.0000
   2013.62477169      0.0000
   2013.62480023      0.0000
   2013.62482877      0.0000
   2013.62485731      0.0000
   2013.62488584      0.0000
   2013.62491438      0.0000
   2013.62494292      0.0000
   2013.62497146      0.0000
   2013.62500000      0.0000
   2013.62502854      0.0000
   2013.62505708      0.0000
   2013.62508562      0.0000
   2013.62511416      0.0000
   2013.62514269      0.0000
   2013.62517123      0.0000
   2013.62519977      0.0000
   2013.62522831      0.0000
   2013.62525685      0.0000
   2013.62528539      0.0000
   2013.62531393      0.0000
   2013.62534247      0.0000
   2013.62537100      0.0000
   2013.62539954      0.0000
   2013.62542808      0.0000
   2013.62545662      0.0000
   2013.62548516      0.0000
   2013.62551370      0.0000
   2013.62554224      0.0000
   2013.62557078      0.0000
   2013.62559932      0.0000
   2013.62562785      0.0000
   2013.62565639      0.0000
   2013.62568493      0.0000
   2013.62571347      0.0000
   2013.62574201      0.0000
   2013.62577055      0.0000
   2013.62579909      0.0000
   2013.62582763      0.0000
   2013.62585616      0.0000
   2013.62588470      0.0000
   2013.62591324      0.0000
   2013.62594178      0.0000
   2013.62597032      0.0000
   2013.62599886      0.0000
   2013.62602740      0.0000
   2013.62605594      0.0000
   2013.62608447      0.0000
   2013.62611301      0.0000
   2013.62614155      0.0000
   2013.62617009      0.0000
   2013.62619863      0.0000
   2013.62622717      0.0000
   2013.62625571      0.0000
   2013.62628425      0.0000
   2013.62631279      0.0000
   2013.62634132      0.0000
   2013.62636986      0.0000
   2013.62639840      0.0000
   2013.62642694      0.0000
   2013.62645548      0.0000
   2013.62648402      0.0000
   2013.62651256      0.0000
   2013.62654110      0.0000
   2013.62656963      0.0000
   2013.62659817      0.0000
   2013.62662671      0.0000
   2013.62665525      0.0000
   2013.62668379      0.0000
   2013.62671233      0.0000
   2013.62674087      0.0000
   2013.62676941      0.0000
   2013.62679795      0.0000
   2013.62682648      0.0000
   2013.62685502      2.5401
   2013.62688356     13.6276
   2013.62691210     33.7070
   2013.62694064     62.7292
   2013.62696918     59.6254
   2013.62699772     46.9759
   2013.62702626     36.8071
   2013.62705479     28.5118
   2013.62708333     24.5185
   2013.62711187     21.3537
   2013.62714041     19.5537
   2013.62716895     18.1709
   2013.62719749     17.5440
   2013.62722603     17.1948
   2013.62725457     16.9046
   2013.62728311     16.8042
   2013.62731164     16.6519
   2013.62734018     16.6688
   2013.62736872     16.1320
   2013.62739726     15.5193
   2013.62742580     14.6705
   2013.62745434     13.7365
   2013.62748288     12.8430
   2013.62751142     11.1748
   2013.62753995     10.8714
   2013.62756849      9.7193
   2013.62759703      8.5348
   2013.62762557      7.4331
   2013.62765411      7.0477
   2013.62768265      6.4846
   2013.62771119      5.7652
   2013.62773973      4.8705
   2013.62776826      4.8303
   2013.62779680      4.5326
   2013.62782534      4.1754
   2013.62785388      3.9164
   2013.62788242      3.9520
   2013.62791096      3.6964
   2013.62793950      3.8886
   2013.62796804      3.3069
   2013.62799658      3.5460
   2013.62802511      3.3965
   2013.62805365      3.4993
   2013.62808219      3.1334
   2013.62811073      3.2822
   2013.62813927      3.2684
   2013.62816781      3.3988
   2013.62819635      3.0654
   2013.62822489      3.3164
   2013.62825342      3.2222
   2013.62828196      3.3693
   2013.62831050      3.0528
   2013.62833904      3.2198
   2013.62836758      3.2313
   2013.62839612      3.4203
   2013.62842466      3.1260
   2013.62845320      3.2669
   2013.62848174      3.2942
   2013.62851027      3.2420
   2013.62853881      3.2035
   2013.62856735      3.4575
   2013.62859589      3.4124
   2013.62862443      3.3843
   2013.62865297      3.5859
   2013.62868151      3.6184
   2013.62871005      3.6622
   2013.62873858      3.6020
   2013.62876712      3.7608
   2013.62879566      3.8734
   2013.62882420      3.8363
   2013.62885274      3.9348
   2013.62888128      4.0870
   2013.62890982      4.1523
   2013.62893836      4.1103
   2013.62896689      4.2133
   2013.62899543      4.3582
   2013.62902397      4.4276
   2013.62905251      4.3796
   2013.62908105      4.4962
   2013.62910959      4.3232
   2013.62913813      4.7097
   2013.62916667      4.6481
   2013.62919521      4.7767
   2013.62922374      4.5581
   2013.62925228      4.9761
   2013.62928082      4.8899
   2013.62930936      5.0490
   2013.62933790      4.7651
   2013.62936644      5.2051
   2013.62939498      5.1014
   2013.62942352      5.2558
   2013.62945205      4.9413
   2013.62948059      5.3821
   2013.62950913      5.2604
   2013.62953767      5.4087
   2013.62956621      5.0520
   2013.62959475      5.4848
   2013.62962329      5.3347
   2013.62965183      5.4536
   2013.62968037      5.4713
   2013.62970890      5.4789
   2013.62973744      5.3100
   2013.62976598      5.3965
   2013.62979452      5.3737
   2013.62982306      5.3830
   2013.62985160      5.2029
   2013.62988014      5.2373
   2013.62990868      5.0049
   2013.62993721      5.2211
   2013.62996575      5.0421
   2013.62999429      5.0528
   2013.63002283      4.7875
   2013.63005137      5.0285
   2013.63007991      4.8504
   2013.63010845      4.8393
   2013.63013699      4.5944
   2013.63016553      4.8098
   2013.63019406      4.6376
   2013.63022260      4.6157
   2013.63025114      4.4790
   2013.63027968      4.2295
   2013.63030822      4.0040
   2013.63033676      4.2018
   2013.63036530      3.7958
   2013.63039384      3.4020
   2013.63042237      3.2385
   2013.63045091      2.9727
   2013.63047945      2.7548
   2013.63050799      2.5417
   2013.63053653      2.5139
   2013.63056507      2.2072
   2013.63059361      1.9276
   2013.63062215      1.7708
   2013.63065068      1.6161
   2013.63067922      1.4705
   2013.63070776      1.3349
   2013.63073630      1.2105
   2013.63076484      1.1040
   2013.63079338      1.0055
   2013.63082192      0.9195
   2013.63085046      0.8388
   2013.63087900      0.7629
   2013.63090753      0.6935
   2013.63093607      0.6318
   2013.63096461      0.5767
   2013.63099315      0.5273
   2013.63102169      0.4830
   2013.63105023      0.4433
   2013.63107877      0.4076
   2013.63110731      0.3752
   2013.63113584      0.3459
   2013.63116438      0.3192
   2013.63119292      0.2950
   2013.63122146      0.2730
   2013.63125000      0.2528
   2013.63127854      0.2342
   2013.63130708      0.2171
   2013.63133562      0.2014
   2013.63136416      0.1869
   2013.63139269      0.1737
   2013.63142123      0.1616
   2013.63144977      0.1504
   2013.63147831      0.1401
   2013.63150685      0.1307
   2013.63153539      0.1219
   2013.63156393      0.1138
   2013.63159247      0.1064
