   2013.62465753      0.0000
   2013.62468607      0.0000
   2013.62471461      0.0000
   2013.62474315      0.0000
   2013.62477169      0.0000
   2013.62480023      0.0002
   2013.62482877      0.0013
   2013.62485731      0.0024
   2013.62488584      0.0035
   2013.62491438      0.0067
   2013.62494292      0.0358
   2013.62497146      0.0988
   2013.62500000      0.2308
   2013.62502854      0.5348
   2013.62505708      1.1110
   2013.62508562      2.0576
   2013.62511416      3.3919
   2013.62514269      5.2513
   2013.62517123      7.6915
   2013.62519977      9.5944
   2013.62522831     10.0635
   2013.62525685     10.2875
   2013.62528539      9.8757
   2013.62531393      9.2322
   2013.62534247      8.7218
   2013.62537100      8.4030
   2013.62539954      8.0503
   2013.62542808      7.7043
   2013.62545662      7.6113
   2013.62548516      7.6616
   2013.62551370      7.6293
   2013.62554224      7.5618
   2013.62557078      7.6736
   2013.62559932      7.8523
   2013.62562785      7.8847
   2013.62565639      7.8678
   2013.62568493      7.9193
   2013.62571347      8.0925
   2013.62574201      8.1127
   2013.62577055      8.1141
   2013.62579909      8.2417
   2013.62582763      8.3661
   2013.62585616      8.4674
   2013.62588470      8.4121
   2013.62591324      8.7866
   2013.62594178      9.2541
   2013.62597032     10.0549
   2013.62599886     10.6787
   2013.62602740     10.3450
   2013.62605594      9.5003
   2013.62608447      8.5737
   2013.62611301      7.7393
   2013.62614155      7.1536
   2013.62617009      6.9794
   2013.62619863      7.1688
   2013.62622717      7.5181
   2013.62625571      7.6796
   2013.62628425      7.5085
   2013.62631279      7.2472
   2013.62634132      6.2214
   2013.62636986      5.5250
   2013.62639840      4.8144
   2013.62642694      4.1271
   2013.62645548      3.6405
   2013.62648402      3.1799
   2013.62651256      2.7945
   2013.62654110      2.3994
   2013.62656963      2.1682
   2013.62659817      1.9107
   2013.62662671      1.6861
   2013.62665525      1.4899
   2013.62668379      1.3519
   2013.62671233      1.1841
   2013.62674087      1.0422
   2013.62676941      0.9476
   2013.62679795      0.8519
   2013.62682648      0.7651
   2013.62685502      0.6878
   2013.62688356      0.6203
   2013.62691210      0.5607
   2013.62694064      0.5082
   2013.62696918      0.4619
   2013.62699772      0.4210
   2013.62702626      0.3846
   2013.62705479      0.3521
   2013.62708333      0.3230
   2013.62711187      0.2967
   2013.62714041      0.2731
   2013.62716895      0.2516
   2013.62719749      0.2319
   2013.62722603      0.2139
   2013.62725457      0.1975
   2013.62728311      0.1826
   2013.62731164      0.1690
   2013.62734018      0.1566
   2013.62736872      0.1453
   2013.62739726      0.1349
   2013.62742580      0.1253
   2013.62745434      0.1166
   2013.62748288      0.1085
   2013.62751142      0.1010
