   2013.62465753      0.0000
   2013.62468607      0.0000
   2013.62471461      0.0000
   2013.62474315      0.0000
   2013.62477169      0.0000
   2013.62480023      0.0000
   2013.62482877      0.0000
   2013.62485731      0.0000
   2013.62488584      0.0000
   2013.62491438      0.0000
   2013.62494292      0.0000
   2013.62497146      0.0000
   2013.62500000      0.0000
   2013.62502854      0.0000
   2013.62505708      0.0000
   2013.62508562      0.0000
   2013.62511416      0.0000
   2013.62514269      0.0000
   2013.62517123      0.0000
   2013.62519977      0.0000
   2013.62522831      0.0000
   2013.62525685      0.0000
   2013.62528539      0.0000
   2013.62531393      0.0000
   2013.62534247      0.0000
   2013.62537100      0.0000
   2013.62539954      0.0000
   2013.62542808      0.0000
   2013.62545662      0.0000
   2013.62548516      0.0000
   2013.62551370      0.0000
   2013.62554224      0.0000
   2013.62557078      0.0000
   2013.62559932      0.0000
   2013.62562785      0.0000
   2013.62565639      0.0000
   2013.62568493      0.0000
   2013.62571347      0.0000
   2013.62574201      0.0000
   2013.62577055      0.0000
   2013.62579909      0.0000
   2013.62582763      0.0000
   2013.62585616      0.0000
   2013.62588470      0.0000
   2013.62591324      0.0000
   2013.62594178      0.4497
   2013.62597032      1.6445
   2013.62599886      4.7250
   2013.62602740      8.5705
   2013.62605594     17.2719
   2013.62608447     24.4751
   2013.62611301     23.5563
   2013.62614155     20.4060
   2013.62617009     17.1483
   2013.62619863     14.7016
   2013.62622717     12.8012
   2013.62625571     11.5555
   2013.62628425     10.6286
   2013.62631279      9.8440
   2013.62634132      9.2981
   2013.62636986      9.2329
   2013.62639840      8.8678
   2013.62642694      8.8568
   2013.62645548      8.8704
   2013.62648402      9.1088
   2013.62651256      9.0895
   2013.62654110      9.2874
   2013.62656963      9.4136
   2013.62659817      9.7385
   2013.62662671      9.7028
   2013.62665525      9.8981
   2013.62668379     10.0016
   2013.62671233     10.3103
   2013.62674087     10.2235
   2013.62676941     10.3653
   2013.62679795     10.2905
   2013.62682648     10.4784
   2013.62685502     10.5206
   2013.62688356     10.6091
   2013.62691210     10.6566
   2013.62694064      9.7601
   2013.62696918      9.9647
   2013.62699772      9.6485
   2013.62702626      9.2078
   2013.62705479      8.7280
   2013.62708333      8.7579
   2013.62711187      8.4519
   2013.62714041      8.2213
   2013.62716895      7.5836
   2013.62719749      7.5997
   2013.62722603      7.3914
   2013.62725457      7.1409
   2013.62728311      6.8713
   2013.62731164      7.1350
   2013.62734018      7.1376
   2013.62736872      7.0157
   2013.62739726      6.7091
   2013.62742580      6.9837
   2013.62745434      6.8966
   2013.62748288      6.6908
   2013.62751142      6.2999
   2013.62753995      6.7280
   2013.62756849      6.3507
   2013.62759703      6.4187
   2013.62762557      5.8441
   2013.62765411      6.0829
   2013.62768265      5.7661
   2013.62771119      5.7376
   2013.62773973      5.2838
   2013.62776826      5.5067
   2013.62779680      5.2333
   2013.62782534      5.1554
   2013.62785388      5.0869
   2013.62788242      5.0076
   2013.62791096      4.7755
   2013.62793950      4.7072
   2013.62796804      4.6754
   2013.62799658      4.6118
   2013.62802511      4.5234
   2013.62805365      4.3835
   2013.62808219      4.3890
   2013.62811073      4.3471
   2013.62813927      4.2838
   2013.62816781      4.1845
   2013.62819635      4.0554
   2013.62822489      4.2062
   2013.62825342      4.1833
   2013.62828196      4.1108
   2013.62831050      4.1898
   2013.62833904      4.1995
   2013.62836758      4.1090
   2013.62839612      4.1646
   2013.62842466      4.0127
   2013.62845320      4.3273
   2013.62848174      4.2641
   2013.62851027      4.3721
   2013.62853881      4.2363
   2013.62856735      4.6293
   2013.62859589      4.5898
   2013.62862443      4.7901
   2013.62865297      4.6249
   2013.62868151      5.1601
   2013.62871005      5.1027
   2013.62873858      5.2668
   2013.62876712      5.1980
   2013.62879566      5.6074
   2013.62882420      5.7648
   2013.62885274      5.9596
   2013.62888128      5.8566
   2013.62890982      6.3260
   2013.62893836      6.5255
   2013.62896689      6.7057
   2013.62899543      6.6486
   2013.62902397      7.0614
   2013.62905251      7.3108
   2013.62908105      7.4290
   2013.62910959      7.3682
   2013.62913813      7.9119
   2013.62916667      7.8806
   2013.62919521      7.9986
   2013.62922374      7.9666
   2013.62925228      8.4172
   2013.62928082      8.5424
   2013.62930936      8.5947
   2013.62933790      8.4775
   2013.62936644      9.0244
   2013.62939498      8.9436
   2013.62942352      9.1286
   2013.62945205      8.7933
   2013.62948059      9.1585
   2013.62950913      9.2055
   2013.62953767      9.1352
   2013.62956621      8.9217
   2013.62959475      9.2690
   2013.62962329      9.3240
   2013.62965183      9.1116
   2013.62968037      8.8737
   2013.62970890      9.1239
   2013.62973744      9.2263
   2013.62976598      8.9098
   2013.62979452      8.5769
   2013.62982306      8.8231
   2013.62985160      8.7465
   2013.62988014      8.5667
   2013.62990868      8.2275
   2013.62993721      8.4085
   2013.62996575      8.2063
   2013.62999429      8.2448
   2013.63002283      7.6988
   2013.63005137      7.8801
   2013.63007991      7.7623
   2013.63010845      7.4865
   2013.63013699      7.0812
   2013.63016553      7.2792
   2013.63019406      7.1364
   2013.63022260      6.8917
   2013.63025114      6.8387
   2013.63027968      6.2387
   2013.63030822      6.0680
   2013.63033676      5.5631
   2013.63036530      5.4384
   2013.63039384      4.6716
   2013.63042237      4.3490
   2013.63045091      4.2208
   2013.63047945      3.6324
   2013.63050799      3.2733
   2013.63053653      2.9854
   2013.63056507      2.6681
   2013.63059361      2.4992
   2013.63062215      2.2293
   2013.63065068      1.9172
   2013.63067922      1.7312
   2013.63070776      1.5567
   2013.63073630      1.3985
   2013.63076484      1.2545
   2013.63079338      1.1352
   2013.63082192      1.0267
   2013.63085046      0.9337
   2013.63087900      0.8481
   2013.63090753      0.7686
   2013.63093607      0.6964
   2013.63096461      0.6326
   2013.63099315      0.5761
   2013.63102169      0.5256
   2013.63105023      0.4806
   2013.63107877      0.4404
   2013.63110731      0.4044
   2013.63113584      0.3718
   2013.63116438      0.3424
   2013.63119292      0.3158
   2013.63122146      0.2916
   2013.63125000      0.2697
   2013.63127854      0.2496
   2013.63130708      0.2312
   2013.63133562      0.2142
   2013.63136416      0.1986
   2013.63139269      0.1844
   2013.63142123      0.1713
   2013.63144977      0.1593
   2013.63147831      0.1483
   2013.63150685      0.1382
   2013.63153539      0.1289
   2013.63156393      0.1203
   2013.63159247      0.1123
   2013.63162100      0.1050
