   2013.62465753      0.0000
   2013.62468607      0.0000
   2013.62471461      0.0000
   2013.62474315      0.0000
   2013.62477169      0.0000
   2013.62480023      0.0000
   2013.62482877      0.0000
   2013.62485731      0.0000
   2013.62488584      0.0000
   2013.62491438      0.0000
   2013.62494292      0.0000
   2013.62497146      0.0000
   2013.62500000      0.0000
   2013.62502854      0.0000
   2013.62505708      0.0000
   2013.62508562      0.0000
   2013.62511416      0.0000
   2013.62514269      0.0000
   2013.62517123      0.0000
   2013.62519977      0.0000
   2013.62522831      0.0000
   2013.62525685      0.0629
   2013.62528539      0.1183
   2013.62531393      0.2487
   2013.62534247      0.5929
   2013.62537100      1.2437
   2013.62539954      2.1613
   2013.62542808      3.7213
   2013.62545662      6.5446
   2013.62548516      9.1822
   2013.62551370     10.0785
   2013.62554224      9.9539
   2013.62557078      9.2830
   2013.62559932      8.6832
   2013.62562785      8.1059
   2013.62565639      7.7422
   2013.62568493      7.3958
   2013.62571347      7.1444
   2013.62574201      6.9697
   2013.62577055      6.8634
   2013.62579909      6.8060
   2013.62582763      6.7825
   2013.62585616      6.7747
   2013.62588470      6.7878
   2013.62591324      6.8089
   2013.62594178      6.8341
   2013.62597032      6.8602
   2013.62599886      6.8852
   2013.62602740      6.8131
   2013.62605594      6.5954
   2013.62608447      6.3682
   2013.62611301      6.0755
   2013.62614155      5.8046
   2013.62617009      5.6894
   2013.62619863      5.2700
   2013.62622717      4.6232
   2013.62625571      4.4746
   2013.62628425      3.7534
   2013.62631279      3.4705
   2013.62634132      3.0778
   2013.62636986      2.7431
   2013.62639840      2.5522
   2013.62642694      2.2690
   2013.62645548      1.9444
   2013.62648402      1.7459
   2013.62651256      1.5621
   2013.62654110      1.3967
   2013.62656963      1.2694
   2013.62659817      1.1298
   2013.62662671      1.0083
   2013.62665525      0.9183
   2013.62668379      0.8290
   2013.62671233      0.7477
   2013.62674087      0.6748
   2013.62676941      0.6105
   2013.62679795      0.5534
   2013.62682648      0.5027
   2013.62685502      0.4580
   2013.62688356      0.4183
   2013.62691210      0.3828
   2013.62694064      0.3509
   2013.62696918      0.3223
   2013.62699772      0.2964
   2013.62702626      0.2730
   2013.62705479      0.2517
   2013.62708333      0.2321
   2013.62711187      0.2142
   2013.62714041      0.1979
   2013.62716895      0.1830
   2013.62719749      0.1694
   2013.62722603      0.1570
   2013.62725457      0.1456
   2013.62728311      0.1352
   2013.62731164      0.1256
   2013.62734018      0.1168
   2013.62736872      0.1087
   2013.62739726      0.1012
