   2013.62465753      0.0000
   2013.62468607      0.0000
   2013.62471461      0.0000
   2013.62474315      0.0000
   2013.62477169      0.0000
   2013.62480023      0.0000
   2013.62482877      0.0000
   2013.62485731      0.0000
   2013.62488584      0.0000
   2013.62491438      0.0000
   2013.62494292      0.0000
   2013.62497146      0.0000
   2013.62500000      0.0000
   2013.62502854      0.0000
   2013.62505708      0.0000
   2013.62508562      0.0000
   2013.62511416      0.0000
   2013.62514269      0.0000
   2013.62517123      0.0000
   2013.62519977      0.0000
   2013.62522831      0.0000
   2013.62525685      0.0000
   2013.62528539      0.0000
   2013.62531393      0.0000
   2013.62534247      0.0000
   2013.62537100      0.0000
   2013.62539954      0.0000
   2013.62542808      0.0000
   2013.62545662      0.0000
   2013.62548516      0.0000
   2013.62551370      0.0000
   2013.62554224      0.0000
   2013.62557078      0.0000
   2013.62559932      0.0000
   2013.62562785      0.0000
   2013.62565639      0.0000
   2013.62568493      0.0000
   2013.62571347      0.0000
   2013.62574201      0.0000
   2013.62577055      0.0000
   2013.62579909      0.0000
   2013.62582763      0.0000
   2013.62585616      0.0000
   2013.62588470      0.0000
   2013.62591324      0.0000
   2013.62594178      0.0000
   2013.62597032      0.0000
   2013.62599886      0.0000
   2013.62602740      0.0000
   2013.62605594      0.0000
   2013.62608447      0.0000
   2013.62611301      0.0000
   2013.62614155      0.0000
   2013.62617009      0.0000
   2013.62619863      0.0000
   2013.62622717      0.0000
   2013.62625571      0.0000
   2013.62628425      0.0000
   2013.62631279      0.0000
   2013.62634132      0.0000
   2013.62636986      0.0000
   2013.62639840      0.0000
   2013.62642694      0.0000
   2013.62645548      0.0000
   2013.62648402      0.0000
   2013.62651256      0.0000
   2013.62654110      0.0000
   2013.62656963      0.0000
   2013.62659817      0.0000
   2013.62662671      0.0000
   2013.62665525      0.0000
   2013.62668379      0.0000
   2013.62671233      0.0000
   2013.62674087      0.0062
   2013.62676941      0.0138
   2013.62679795      0.0764
   2013.62682648      0.2282
   2013.62685502      1.1430
   2013.62688356      4.1857
   2013.62691210      9.2125
   2013.62694064     14.0326
   2013.62696918     16.0154
   2013.62699772     15.8099
   2013.62702626     14.9365
   2013.62705479     13.7511
   2013.62708333     12.5461
   2013.62711187     11.5840
   2013.62714041     10.2249
   2013.62716895      9.1685
   2013.62719749      8.3988
   2013.62722603      7.0841
   2013.62725457      6.6968
   2013.62728311      5.3641
   2013.62731164      4.6848
   2013.62734018      4.0347
   2013.62736872      3.5026
   2013.62739726      3.1079
   2013.62742580      2.8538
   2013.62745434      2.4746
   2013.62748288      2.0645
   2013.62751142      1.8634
   2013.62753995      1.6589
   2013.62756849      1.4781
   2013.62759703      1.3781
   2013.62762557      1.1915
   2013.62765411      1.0428
   2013.62768265      0.9636
   2013.62771119      0.8748
   2013.62773973      0.7917
   2013.62776826      0.7169
   2013.62779680      0.6503
   2013.62782534      0.5917
   2013.62785388      0.5395
   2013.62788242      0.4933
   2013.62791096      0.4525
   2013.62793950      0.4162
   2013.62796804      0.3836
   2013.62799658      0.3541
   2013.62802511      0.3274
   2013.62805365      0.3031
   2013.62808219      0.2809
   2013.62811073      0.2607
   2013.62813927      0.2421
   2013.62816781      0.2249
   2013.62819635      0.2091
   2013.62822489      0.1944
   2013.62825342      0.1809
   2013.62828196      0.1685
   2013.62831050      0.1570
   2013.62833904      0.1464
   2013.62836758      0.1366
   2013.62839612      0.1275
   2013.62842466      0.1191
   2013.62845320      0.1112
   2013.62848174      0.1039
