   2013.62465753      0.0000
   2013.62468607      0.0000
   2013.62471461      0.0001
   2013.62474315      0.0004
   2013.62477169      0.0007
   2013.62480023      0.0011
   2013.62482877      0.0014
   2013.62485731      0.0016
   2013.62488584      0.0019
   2013.62491438      0.0021
   2013.62494292      0.0024
   2013.62497146      0.0142
   2013.62500000      0.0482
   2013.62502854      0.0765
   2013.62505708      0.1235
   2013.62508562      0.1960
   2013.62511416      0.3002
   2013.62514269      0.4599
   2013.62517123      0.6850
   2013.62519977      0.9814
   2013.62522831      1.3794
   2013.62525685      1.8852
   2013.62528539      2.4631
   2013.62531393      2.9783
   2013.62534247      3.2942
   2013.62537100      3.4236
   2013.62539954      3.4092
   2013.62542808      3.1969
   2013.62545662      3.1430
   2013.62548516      2.9712
   2013.62551370      2.7880
   2013.62554224      2.5639
   2013.62557078      2.4166
   2013.62559932      2.1249
   2013.62562785      1.9351
   2013.62565639      1.8027
   2013.62568493      1.6491
   2013.62571347      1.4925
   2013.62574201      1.3483
   2013.62577055      1.2146
   2013.62579909      1.1017
   2013.62582763      0.9989
   2013.62585616      0.9081
   2013.62588470      0.8241
   2013.62591324      0.7457
   2013.62594178      0.6746
   2013.62597032      0.6119
   2013.62599886      0.5558
   2013.62602740      0.5056
   2013.62605594      0.4609
   2013.62608447      0.4209
   2013.62611301      0.3851
   2013.62614155      0.3528
   2013.62617009      0.3236
   2013.62619863      0.2973
   2013.62622717      0.2735
   2013.62625571      0.2518
   2013.62628425      0.2320
   2013.62631279      0.2138
   2013.62634132      0.1972
   2013.62636986      0.1821
   2013.62639840      0.1683
   2013.62642694      0.1557
   2013.62645548      0.1442
   2013.62648402      0.1337
   2013.62651256      0.1241
   2013.62654110      0.1152
   2013.62656963      0.1070
