   2013.62465753      0.0000
   2013.62468607      0.0000
   2013.62471461      0.0000
   2013.62474315      0.0000
   2013.62477169      0.0000
   2013.62480023      0.0000
   2013.62482877      0.0000
   2013.62485731      0.0000
   2013.62488584      0.0000
   2013.62491438      0.0000
   2013.62494292      0.0000
   2013.62497146      0.0000
   2013.62500000      0.0000
   2013.62502854      0.0000
   2013.62505708      0.0000
   2013.62508562      0.0000
   2013.62511416      0.0000
   2013.62514269      0.0000
   2013.62517123      0.0000
   2013.62519977      0.0000
   2013.62522831      0.0000
   2013.62525685      0.0000
   2013.62528539      0.0000
   2013.62531393      0.0000
   2013.62534247      0.0000
   2013.62537100      0.0000
   2013.62539954      0.0000
   2013.62542808      0.0000
   2013.62545662      0.0000
   2013.62548516      0.0000
   2013.62551370      0.0000
   2013.62554224      0.0000
   2013.62557078      0.0000
   2013.62559932      0.0000
   2013.62562785      0.0000
   2013.62565639      0.0000
   2013.62568493      0.0000
   2013.62571347      0.0000
   2013.62574201      0.0000
   2013.62577055      0.0000
   2013.62579909      0.0000
   2013.62582763      0.0000
   2013.62585616      0.0000
   2013.62588470      0.0000
   2013.62591324      0.0000
   2013.62594178      0.0000
   2013.62597032      0.0000
   2013.62599886      0.0000
   2013.62602740      0.0000
   2013.62605594      0.0000
   2013.62608447      0.0000
   2013.62611301      0.0000
   2013.62614155      0.0000
   2013.62617009      0.0000
   2013.62619863      0.0000
   2013.62622717      0.0000
   2013.62625571      0.0000
   2013.62628425      0.0000
   2013.62631279      0.0000
   2013.62634132      0.0000
   2013.62636986      0.0000
   2013.62639840      0.0000
   2013.62642694      0.0000
   2013.62645548      0.0000
   2013.62648402      0.0000
   2013.62651256      0.0000
   2013.62654110      0.0000
   2013.62656963      0.0000
   2013.62659817      0.0000
   2013.62662671      0.0000
   2013.62665525      0.0000
   2013.62668379      0.0000
   2013.62671233      0.0000
   2013.62674087      0.0000
   2013.62676941      0.0000
   2013.62679795      0.0000
   2013.62682648      0.0000
   2013.62685502      0.0000
   2013.62688356      0.0000
   2013.62691210      0.0000
   2013.62694064      0.0000
   2013.62696918      0.0000
   2013.62699772      0.0000
   2013.62702626      0.0000
   2013.62705479      0.0000
   2013.62708333      0.0000
   2013.62711187      0.0000
   2013.62714041      0.0000
   2013.62716895      0.0000
   2013.62719749      0.0000
   2013.62722603      0.0000
   2013.62725457      0.0000
   2013.62728311      0.0000
   2013.62731164      2.8368
   2013.62734018     14.4631
   2013.62736872     35.1704
   2013.62739726     61.5292
   2013.62742580     56.0762
   2013.62745434     42.9336
   2013.62748288     30.6311
   2013.62751142     23.3224
   2013.62753995     18.2642
   2013.62756849     14.9578
   2013.62759703     12.5443
   2013.62762557     10.4869
   2013.62765411      9.1108
   2013.62768265      8.1448
   2013.62771119      7.2002
   2013.62773973      6.4104
   2013.62776826      5.8215
   2013.62779680      5.4155
   2013.62782534      5.0030
   2013.62785388      4.6923
   2013.62788242      4.4203
   2013.62791096      4.2316
   2013.62793950      3.9906
   2013.62796804      3.9011
   2013.62799658      3.7504
   2013.62802511      3.5721
   2013.62805365      3.6266
   2013.62808219      3.5663
   2013.62811073      3.2248
   2013.62813927      3.1081
   2013.62816781      2.9534
   2013.62819635      2.7749
   2013.62822489      2.6968
   2013.62825342      2.5078
   2013.62828196      2.3646
   2013.62831050      2.2675
   2013.62833904      2.1321
   2013.62836758      2.0178
   2013.62839612      2.0347
   2013.62842466      1.7551
   2013.62845320      1.7487
   2013.62848174      1.6277
   2013.62851027      1.5451
   2013.62853881      1.3925
   2013.62856735      1.4505
   2013.62859589      1.3938
   2013.62862443      1.3397
   2013.62865297      1.2532
   2013.62868151      1.3531
   2013.62871005      1.2803
   2013.62873858      1.2587
   2013.62876712      1.3144
   2013.62879566      1.3225
   2013.62882420      1.3735
   2013.62885274      1.4112
   2013.62888128      1.5578
   2013.62890982      1.6840
   2013.62893836      1.8383
   2013.62896689      1.9708
   2013.62899543      2.1755
   2013.62902397      2.5630
   2013.62905251      2.7752
   2013.62908105      3.0928
   2013.62910959      3.3204
   2013.62913813      3.8596
   2013.62916667      4.0337
   2013.62919521      4.4134
   2013.62922374      4.4575
   2013.62925228      5.1181
   2013.62928082      5.1376
   2013.62930936      5.3851
   2013.62933790      5.3651
   2013.62936644      5.7928
   2013.62939498      5.9548
   2013.62942352      6.1391
   2013.62945205      5.9671
   2013.62948059      6.3656
   2013.62950913      6.4617
   2013.62953767      6.4427
   2013.62956621      6.2722
   2013.62959475      6.6094
   2013.62962329      6.6291
   2013.62965183      6.5359
   2013.62968037      6.2401
   2013.62970890      6.6164
   2013.62973744      6.4780
   2013.62976598      6.3228
   2013.62979452      6.2989
   2013.62982306      6.3912
   2013.62985160      6.0798
   2013.62988014      6.1044
   2013.62990868      5.6105
   2013.62993721      5.6644
   2013.62996575      5.5190
   2013.62999429      5.4149
   2013.63002283      5.0007
   2013.63005137      5.0359
   2013.63007991      4.9315
   2013.63010845      4.7157
   2013.63013699      4.2589
   2013.63016553      4.4323
   2013.63019406      4.2097
   2013.63022260      3.9690
   2013.63025114      3.7714
   2013.63027968      3.7370
   2013.63030822      3.3448
   2013.63033676      3.1750
   2013.63036530      2.9857
   2013.63039384      2.7107
   2013.63042237      2.5161
   2013.63045091      2.3269
   2013.63047945      2.1671
   2013.63050799      1.9635
   2013.63053653      1.8072
   2013.63056507      1.6640
   2013.63059361      1.5316
   2013.63062215      1.4073
   2013.63065068      1.2914
   2013.63067922      1.1825
   2013.63070776      1.0870
   2013.63073630      0.9959
   2013.63076484      0.9168
   2013.63079338      0.8412
   2013.63082192      0.7693
   2013.63085046      0.7026
   2013.63087900      0.6425
   2013.63090753      0.5886
   2013.63093607      0.5398
   2013.63096461      0.4958
   2013.63099315      0.4562
   2013.63102169      0.4203
   2013.63105023      0.3878
   2013.63107877      0.3581
   2013.63110731      0.3310
   2013.63113584      0.3062
   2013.63116438      0.2836
   2013.63119292      0.2629
   2013.63122146      0.2439
   2013.63125000      0.2263
   2013.63127854      0.2100
   2013.63130708      0.1951
   2013.63133562      0.1813
   2013.63136416      0.1687
   2013.63139269      0.1571
   2013.63142123      0.1464
   2013.63144977      0.1365
   2013.63147831      0.1274
   2013.63150685      0.1189
   2013.63153539      0.1111
   2013.63156393      0.1039
