   2013.62465753      0.0000
   2013.62468607      0.0000
   2013.62471461      0.0000
   2013.62474315      0.0000
   2013.62477169      0.0000
   2013.62480023      0.0000
   2013.62482877      0.0000
   2013.62485731      0.0000
   2013.62488584      0.0000
   2013.62491438      0.0000
   2013.62494292      0.0000
   2013.62497146      0.0000
   2013.62500000      0.0000
   2013.62502854      0.0000
   2013.62505708      0.0000
   2013.62508562      0.0000
   2013.62511416      0.0000
   2013.62514269      0.0000
   2013.62517123      0.0000
   2013.62519977      0.0000
   2013.62522831      0.0000
   2013.62525685      0.0000
   2013.62528539      0.0000
   2013.62531393      0.0000
   2013.62534247      0.0000
   2013.62537100      0.0000
   2013.62539954      0.0000
   2013.62542808      0.0000
   2013.62545662      0.0000
   2013.62548516      0.0000
   2013.62551370      0.0000
   2013.62554224      0.0000
   2013.62557078      0.0000
   2013.62559932      0.0000
   2013.62562785      0.0000
   2013.62565639      0.0000
   2013.62568493      0.0000
   2013.62571347      0.0000
   2013.62574201      0.0000
   2013.62577055      0.0000
   2013.62579909      0.0000
   2013.62582763      0.0000
   2013.62585616      0.0000
   2013.62588470      0.0000
   2013.62591324      0.0000
   2013.62594178      0.0000
   2013.62597032      0.0000
   2013.62599886      0.0000
   2013.62602740      0.0000
   2013.62605594      0.0000
   2013.62608447      0.0000
   2013.62611301      0.0000
   2013.62614155      0.0000
   2013.62617009      0.0000
   2013.62619863      0.0000
   2013.62622717      0.0000
   2013.62625571      0.0000
   2013.62628425      0.0000
   2013.62631279      0.0000
   2013.62634132      0.0000
   2013.62636986      0.0000
   2013.62639840      0.0000
   2013.62642694      0.0000
   2013.62645548      0.0000
   2013.62648402      0.0000
   2013.62651256      0.0000
   2013.62654110      0.0000
   2013.62656963      0.0000
   2013.62659817      0.0000
   2013.62662671      0.0000
   2013.62665525      0.0000
   2013.62668379      0.0000
   2013.62671233      0.0000
   2013.62674087      0.0000
   2013.62676941      0.0000
   2013.62679795      0.0000
   2013.62682648      0.0000
   2013.62685502      0.0000
   2013.62688356      0.0000
   2013.62691210      0.0000
   2013.62694064      0.0000
   2013.62696918      0.0000
   2013.62699772      0.0000
   2013.62702626      0.0000
   2013.62705479      0.0000
   2013.62708333      0.0000
   2013.62711187      0.0000
   2013.62714041      0.0000
   2013.62716895      0.0000
   2013.62719749      0.0000
   2013.62722603      0.0000
   2013.62725457      0.0000
   2013.62728311      0.0000
   2013.62731164      1.4027
   2013.62734018      7.6222
   2013.62736872     16.8598
   2013.62739726     38.3020
   2013.62742580     45.2505
   2013.62745434     38.6596
   2013.62748288     30.1534
   2013.62751142     22.8179
   2013.62753995     18.1776
   2013.62756849     14.9203
   2013.62759703     12.6932
   2013.62762557     11.1618
   2013.62765411      9.7790
   2013.62768265      8.6358
   2013.62771119      7.8598
   2013.62773973      7.1774
   2013.62776826      6.6317
   2013.62779680      6.1949
   2013.62782534      5.8590
   2013.62785388      5.6072
   2013.62788242      5.3978
   2013.62791096      5.2306
   2013.62793950      5.0927
   2013.62796804      4.9737
   2013.62799658      4.8666
   2013.62802511      4.7926
   2013.62805365      4.7172
   2013.62808219      4.6525
   2013.62811073      4.4990
   2013.62813927      4.6671
   2013.62816781      4.1368
   2013.62819635      3.7363
   2013.62822489      3.8947
   2013.62825342      3.4076
   2013.62828196      3.2756
   2013.62831050      3.0571
   2013.62833904      2.8505
   2013.62836758      2.6470
   2013.62839612      2.4424
   2013.62842466      2.2167
   2013.62845320      2.1178
   2013.62848174      1.9625
   2013.62851027      1.7817
   2013.62853881      1.6376
   2013.62856735      1.6430
   2013.62859589      1.5506
   2013.62862443      1.4116
   2013.62865297      1.2455
   2013.62868151      1.2352
   2013.62871005      1.1193
   2013.62873858      1.0811
   2013.62876712      1.1113
   2013.62879566      1.1007
   2013.62882420      1.0754
   2013.62885274      0.9801
   2013.62888128      0.9199
   2013.62890982      0.8840
   2013.62893836      0.8907
   2013.62896689      0.9429
   2013.62899543      1.0090
   2013.62902397      1.0576
   2013.62905251      1.0848
   2013.62908105      1.0992
   2013.62910959      1.1374
   2013.62913813      1.2146
   2013.62916667      1.3780
   2013.62919521      1.5651
   2013.62922374      1.6874
   2013.62925228      1.7182
   2013.62928082      1.7556
   2013.62930936      1.7872
   2013.62933790      1.8273
   2013.62936644      1.8654
   2013.62939498      1.8754
   2013.62942352      1.8373
   2013.62945205      1.7619
   2013.62948059      1.6807
   2013.62950913      1.5986
   2013.62953767      1.5216
   2013.62956621      1.4491
   2013.62959475      1.3787
   2013.62962329      1.3078
   2013.62965183      1.2346
   2013.62968037      1.2052
   2013.62970890      1.0812
   2013.62973744      1.0069
   2013.62976598      0.9341
   2013.62979452      0.8650
   2013.62982306      0.7976
   2013.62985160      0.7331
   2013.62988014      0.6736
   2013.62990868      0.6200
   2013.62993721      0.5713
   2013.62996575      0.5269
   2013.62999429      0.4868
   2013.63002283      0.4505
   2013.63005137      0.4174
   2013.63007991      0.3871
   2013.63010845      0.3593
   2013.63013699      0.3337
   2013.63016553      0.3101
   2013.63019406      0.2884
   2013.63022260      0.2684
   2013.63025114      0.2500
   2013.63027968      0.2328
   2013.63030822      0.2167
   2013.63033676      0.2019
   2013.63036530      0.1881
   2013.63039384      0.1754
   2013.63042237      0.1637
   2013.63045091      0.1528
   2013.63047945      0.1427
   2013.63050799      0.1334
   2013.63053653      0.1247
   2013.63056507      0.1166
   2013.63059361      0.1091
   2013.63062215      0.1022
