   2013.62465753      0.0000
   2013.62468607      0.0000
   2013.62471461      0.0000
   2013.62474315      0.0000
   2013.62477169      0.0000
   2013.62480023      0.0000
   2013.62482877      0.0000
   2013.62485731      0.0000
   2013.62488584      0.0000
   2013.62491438      0.0000
   2013.62494292      0.0000
   2013.62497146      0.0000
   2013.62500000      0.0000
   2013.62502854      0.0000
   2013.62505708      0.0000
   2013.62508562      0.0000
   2013.62511416      0.0000
   2013.62514269      0.0007
   2013.62517123      0.0025
   2013.62519977      0.0041
   2013.62522831      0.0056
   2013.62525685      0.0191
   2013.62528539      0.0774
   2013.62531393      0.1516
   2013.62534247      0.3310
   2013.62537100      0.6859
   2013.62539954      1.3602
   2013.62542808      2.4679
   2013.62545662      4.1478
   2013.62548516      6.6199
   2013.62551370      9.7523
   2013.62554224     11.3401
   2013.62557078     11.9219
   2013.62559932     11.7917
   2013.62562785     11.3848
   2013.62565639     10.5395
   2013.62568493      9.7250
   2013.62571347      8.4721
   2013.62574201      8.3975
   2013.62577055      6.6209
   2013.62579909      6.2804
   2013.62582763      4.9960
   2013.62585616      4.7000
   2013.62588470      3.8558
   2013.62591324      3.3163
   2013.62594178      3.0789
   2013.62597032      2.6127
   2013.62599886      2.1371
   2013.62602740      1.9301
   2013.62605594      1.7037
   2013.62608447      1.5053
   2013.62611301      1.3676
   2013.62614155      1.1911
   2013.62617009      1.0455
   2013.62619863      0.9501
   2013.62622717      0.8528
   2013.62625571      0.7644
   2013.62628425      0.6858
   2013.62631279      0.6170
   2013.62634132      0.5564
   2013.62636986      0.5029
   2013.62639840      0.4559
   2013.62642694      0.4145
   2013.62645548      0.3777
   2013.62648402      0.3449
   2013.62651256      0.3156
   2013.62654110      0.2893
   2013.62656963      0.2657
   2013.62659817      0.2442
   2013.62662671      0.2246
   2013.62665525      0.2067
   2013.62668379      0.1906
   2013.62671233      0.1758
   2013.62674087      0.1625
   2013.62676941      0.1503
   2013.62679795      0.1392
   2013.62682648      0.1291
   2013.62685502      0.1198
   2013.62688356      0.1112
   2013.62691210      0.1034
