   2013.62465753      0.0000
   2013.62468607      0.0000
   2013.62471461      0.0000
   2013.62474315      0.0000
   2013.62477169      0.0000
   2013.62480023      0.0000
   2013.62482877      0.0000
   2013.62485731      0.0000
   2013.62488584      0.0000
   2013.62491438      0.0000
   2013.62494292      0.0000
   2013.62497146      0.0000
   2013.62500000      0.0000
   2013.62502854      0.0000
   2013.62505708      0.0000
   2013.62508562      0.0000
   2013.62511416      0.0000
   2013.62514269      0.0000
   2013.62517123      0.0000
   2013.62519977      0.0000
   2013.62522831      0.0000
   2013.62525685      0.0000
   2013.62528539      0.0000
   2013.62531393      0.0000
   2013.62534247      0.0000
   2013.62537100      0.0000
   2013.62539954      0.0000
   2013.62542808      0.0000
   2013.62545662      0.0000
   2013.62548516      0.0000
   2013.62551370      0.0000
   2013.62554224      0.0000
   2013.62557078      0.0000
   2013.62559932      0.0000
   2013.62562785      0.0000
   2013.62565639      0.0000
   2013.62568493      0.0000
   2013.62571347      0.0000
   2013.62574201      0.0000
   2013.62577055      0.0000
   2013.62579909      0.0000
   2013.62582763      0.0002
   2013.62585616      0.0008
   2013.62588470      0.0013
   2013.62591324      0.0017
   2013.62594178      0.0020
   2013.62597032      0.0023
   2013.62599886      0.0026
   2013.62602740      0.0038
   2013.62605594      0.0350
   2013.62608447      0.0679
   2013.62611301      0.1137
   2013.62614155      0.1950
   2013.62617009      0.3150
   2013.62619863      0.4922
   2013.62622717      0.7564
   2013.62625571      1.1381
   2013.62628425      1.7279
   2013.62631279      2.5567
   2013.62634132      3.5797
   2013.62636986      4.5019
   2013.62639840      5.1266
   2013.62642694      5.6168
   2013.62645548      5.8811
   2013.62648402      5.8626
   2013.62651256      5.7457
   2013.62654110      5.7102
   2013.62656963      5.5909
   2013.62659817      5.4153
   2013.62662671      5.1081
   2013.62665525      4.8644
   2013.62668379      4.4633
   2013.62671233      4.4280
   2013.62674087      4.1155
   2013.62676941      3.9462
   2013.62679795      3.3697
   2013.62682648      3.1906
   2013.62685502      3.0758
   2013.62688356      2.9211
   2013.62691210      2.7514
   2013.62694064      2.5677
   2013.62696918      2.4242
   2013.62699772      2.2991
   2013.62702626      2.1974
   2013.62705479      2.1107
   2013.62708333      2.0308
   2013.62711187      1.9562
   2013.62714041      1.8968
   2013.62716895      1.8435
   2013.62719749      1.7851
   2013.62722603      1.7397
   2013.62725457      1.6891
   2013.62728311      1.6376
   2013.62731164      1.5873
   2013.62734018      1.5371
   2013.62736872      1.4868
   2013.62739726      1.4693
   2013.62742580      1.4041
   2013.62745434      1.3513
   2013.62748288      1.3000
   2013.62751142      1.2487
   2013.62753995      1.1964
   2013.62756849      1.1423
   2013.62759703      1.0722
   2013.62762557      1.0489
   2013.62765411      0.9949
   2013.62768265      0.9307
   2013.62771119      0.8950
   2013.62773973      0.8495
   2013.62776826      0.8039
   2013.62779680      0.7591
   2013.62782534      0.7160
   2013.62785388      0.6757
   2013.62788242      0.6388
   2013.62791096      0.6045
   2013.62793950      0.5724
   2013.62796804      0.5423
   2013.62799658      0.5140
   2013.62802511      0.4875
   2013.62805365      0.4626
   2013.62808219      0.4392
   2013.62811073      0.4171
   2013.62813927      0.3962
   2013.62816781      0.3764
   2013.62819635      0.3578
   2013.62822489      0.3403
   2013.62825342      0.3238
   2013.62828196      0.3083
   2013.62831050      0.2938
   2013.62833904      0.2800
   2013.62836758      0.2671
   2013.62839612      0.2549
   2013.62842466      0.2433
   2013.62845320      0.2323
   2013.62848174      0.2218
   2013.62851027      0.2117
   2013.62853881      0.2022
   2013.62856735      0.1932
   2013.62859589      0.1847
   2013.62862443      0.1766
   2013.62865297      0.1690
   2013.62868151      0.1617
   2013.62871005      0.1548
   2013.62873858      0.1482
   2013.62876712      0.1419
   2013.62879566      0.1359
   2013.62882420      0.1302
   2013.62885274      0.1248
   2013.62888128      0.1197
   2013.62890982      0.1148
   2013.62893836      0.1102
   2013.62896689      0.1058
   2013.62899543      0.1016
   2013.62902397      0.0976
   2013.62905251      0.0938
   2013.62908105      0.0902
   2013.62910959      0.0867
   2013.62913813      0.0835
   2013.62916667      0.0804
   2013.62919521      0.0774
   2013.62922374      0.0745
   2013.62925228      0.0718
   2013.62928082      0.0691
   2013.62930936      0.0666
   2013.62933790      0.0642
   2013.62936644      0.0620
   2013.62939498      0.0598
   2013.62942352      0.0577
   2013.62945205      0.0557
   2013.62948059      0.0538
   2013.62950913      0.0520
   2013.62953767      0.0503
   2013.62956621      0.0486
   2013.62959475      0.0470
   2013.62962329      0.0455
   2013.62965183      0.0441
   2013.62968037      0.0427
   2013.62970890      0.0415
   2013.62973744      0.0406
   2013.62976598      0.0410
   2013.62979452      0.0525
   2013.62982306      0.1509
   2013.62985160      0.4025
   2013.62988014      0.6314
   2013.62990868      0.7543
   2013.62993721      0.8266
   2013.62996575      0.8502
   2013.62999429      0.8546
   2013.63002283      0.8493
   2013.63005137      0.8373
   2013.63007991      0.8223
   2013.63010845      0.8043
   2013.63013699      0.7844
   2013.63016553      0.7632
   2013.63019406      0.7409
   2013.63022260      0.7181
   2013.63025114      0.6949
   2013.63027968      0.6716
   2013.63030822      0.6482
   2013.63033676      0.6249
   2013.63036530      0.6018
   2013.63039384      0.5791
   2013.63042237      0.5570
   2013.63045091      0.5355
   2013.63047945      0.5147
   2013.63050799      0.4947
   2013.63053653      0.4755
   2013.63056507      0.4571
   2013.63059361      0.4393
   2013.63062215      0.4222
   2013.63065068      0.4056
   2013.63067922      0.3895
   2013.63070776      0.3740
   2013.63073630      0.3590
   2013.63076484      0.3447
   2013.63079338      0.3308
   2013.63082192      0.3176
   2013.63085046      0.3049
   2013.63087900      0.2928
   2013.63090753      0.2811
   2013.63093607      0.2700
   2013.63096461      0.2594
   2013.63099315      0.2492
   2013.63102169      0.2394
   2013.63105023      0.2300
   2013.63107877      0.2209
   2013.63110731      0.2121
   2013.63113584      0.2037
   2013.63116438      0.1957
   2013.63119292      0.1880
   2013.63122146      0.1807
   2013.63125000      0.1737
   2013.63127854      0.1670
   2013.63130708      0.1606
   2013.63133562      0.1544
   2013.63136416      0.1486
   2013.63139269      0.1429
   2013.63142123      0.1376
   2013.63144977      0.1324
   2013.63147831      0.1275
   2013.63150685      0.1228
   2013.63153539      0.1183
   2013.63156393      0.1141
   2013.63159247      0.1100
   2013.63162100      0.1060
   2013.63164954      0.1023
