   2013.62465753      0.0000
   2013.62468607      0.0000
   2013.62471461      0.0000
   2013.62474315      0.0000
   2013.62477169      0.0000
   2013.62480023      0.0000
   2013.62482877      0.0000
   2013.62485731      0.0000
   2013.62488584      0.0000
   2013.62491438      0.0000
   2013.62494292      0.0000
   2013.62497146      0.0000
   2013.62500000      0.0000
   2013.62502854      0.0000
   2013.62505708      0.0000
   2013.62508562      0.0000
   2013.62511416      0.0000
   2013.62514269      0.0000
   2013.62517123      0.0000
   2013.62519977      0.0000
   2013.62522831      0.0000
   2013.62525685      0.0000
   2013.62528539      0.0000
   2013.62531393      0.0000
   2013.62534247      0.0000
   2013.62537100      0.0000
   2013.62539954      0.0000
   2013.62542808      0.0000
   2013.62545662      0.0000
   2013.62548516      0.0000
   2013.62551370      0.0000
   2013.62554224      0.0000
   2013.62557078      0.0000
   2013.62559932      0.0000
   2013.62562785      0.0000
   2013.62565639      0.0000
   2013.62568493      0.0000
   2013.62571347      0.0027
   2013.62574201      0.0014
   2013.62577055      0.0010
   2013.62579909      0.0008
   2013.62582763      0.0142
   2013.62585616      0.0436
   2013.62588470      0.0843
   2013.62591324      0.1679
   2013.62594178      0.3721
   2013.62597032      1.1492
   2013.62599886      3.3255
   2013.62602740      4.6369
   2013.62605594      4.4378
   2013.62608447      4.5560
   2013.62611301      3.8530
   2013.62614155      3.5259
   2013.62617009      3.1263
   2013.62619863      2.8174
   2013.62622717      2.5356
   2013.62625571      2.2881
   2013.62628425      2.0736
   2013.62631279      1.8897
   2013.62634132      1.7198
   2013.62636986      1.5839
   2013.62639840      1.4662
   2013.62642694      1.3636
   2013.62645548      1.2726
   2013.62648402      1.2479
   2013.62651256      1.1378
   2013.62654110      1.0692
   2013.62656963      1.0178
   2013.62659817      0.9408
   2013.62662671      0.9054
   2013.62665525      0.8590
   2013.62668379      0.8127
   2013.62671233      0.7690
   2013.62674087      0.7272
   2013.62676941      0.6875
   2013.62679795      0.6505
   2013.62682648      0.6161
   2013.62685502      0.5839
   2013.62688356      0.5538
   2013.62691210      0.5254
   2013.62694064      0.4987
   2013.62696918      0.4732
   2013.62699772      0.4491
   2013.62702626      0.4260
   2013.62705479      0.4038
   2013.62708333      0.3827
   2013.62711187      0.3624
   2013.62714041      0.3431
   2013.62716895      0.3247
   2013.62719749      0.3072
   2013.62722603      0.2905
   2013.62725457      0.2747
   2013.62728311      0.2596
   2013.62731164      0.2453
   2013.62734018      0.2315
   2013.62736872      0.2183
   2013.62739726      0.2056
   2013.62742580      0.1935
   2013.62745434      0.1821
   2013.62748288      0.1712
   2013.62751142      0.1610
   2013.62753995      0.1514
   2013.62756849      0.1423
   2013.62759703      0.1337
   2013.62762557      0.1256
   2013.62765411      0.1179
   2013.62768265      0.1107
   2013.62771119      0.1040
