   2013.62465753      0.0000
   2013.62468607      0.0000
   2013.62471461      0.0000
   2013.62474315      0.0000
   2013.62477169      0.0000
   2013.62480023      0.0000
   2013.62482877      0.0000
   2013.62485731      0.0000
   2013.62488584      0.0000
   2013.62491438      0.0000
   2013.62494292      0.0000
   2013.62497146      0.0000
   2013.62500000      0.0000
   2013.62502854      0.0000
   2013.62505708      0.0000
   2013.62508562      0.0000
   2013.62511416      0.0000
   2013.62514269      0.0000
   2013.62517123      0.0000
   2013.62519977      0.0000
   2013.62522831      0.0000
   2013.62525685      0.0000
   2013.62528539      0.0000
   2013.62531393      0.0000
   2013.62534247      0.0000
   2013.62537100      0.0000
   2013.62539954      0.0000
   2013.62542808      0.0000
   2013.62545662      0.0000
   2013.62548516      0.0000
   2013.62551370      0.0000
   2013.62554224      0.0000
   2013.62557078      0.0000
   2013.62559932      0.0000
   2013.62562785      0.0000
   2013.62565639      0.0003
   2013.62568493      0.0006
   2013.62571347      0.0009
   2013.62574201      0.0012
   2013.62577055      0.0014
   2013.62579909      0.0016
   2013.62582763      0.0019
   2013.62585616      0.0021
   2013.62588470      0.0024
   2013.62591324      0.0238
   2013.62594178      0.0549
   2013.62597032      0.0840
   2013.62599886      0.1337
   2013.62602740      0.2062
   2013.62605594      0.3097
   2013.62608447      0.4671
   2013.62611301      0.6842
   2013.62614155      0.9634
   2013.62617009      1.3367
   2013.62619863      1.8527
   2013.62622717      2.4434
   2013.62625571      3.0460
   2013.62628425      3.4492
   2013.62631279      3.6577
   2013.62634132      3.7829
   2013.62636986      3.6632
   2013.62639840      3.6032
   2013.62642694      3.4093
   2013.62645548      3.2061
   2013.62648402      3.0918
   2013.62651256      2.9061
   2013.62654110      2.6844
   2013.62656963      2.4643
   2013.62659817      2.2625
   2013.62662671      2.0414
   2013.62665525      1.8626
   2013.62668379      1.7452
   2013.62671233      1.5912
   2013.62674087      1.4416
   2013.62676941      1.2947
   2013.62679795      1.1792
   2013.62682648      1.0710
   2013.62685502      0.9735
   2013.62688356      0.8865
   2013.62691210      0.8052
   2013.62694064      0.7297
   2013.62696918      0.6616
   2013.62699772      0.6014
   2013.62702626      0.5474
   2013.62705479      0.4992
   2013.62708333      0.4561
   2013.62711187      0.4175
   2013.62714041      0.3828
   2013.62716895      0.3515
   2013.62719749      0.3232
   2013.62722603      0.2975
   2013.62725457      0.2743
   2013.62728311      0.2531
   2013.62731164      0.2336
   2013.62734018      0.2158
   2013.62736872      0.1994
   2013.62739726      0.1845
   2013.62742580      0.1709
   2013.62745434      0.1584
   2013.62748288      0.1470
   2013.62751142      0.1365
   2013.62753995      0.1269
   2013.62756849      0.1180
   2013.62759703      0.1098
   2013.62762557      0.1023
