   2013.62465753      0.0000
   2013.62468607      0.0000
   2013.62471461      0.0000
   2013.62474315      0.0000
   2013.62477169      0.0000
   2013.62480023      0.0000
   2013.62482877      0.0000
   2013.62485731      0.0000
   2013.62488584      0.0000
   2013.62491438      0.0000
   2013.62494292      0.0000
   2013.62497146      0.0000
   2013.62500000      0.0000
   2013.62502854      0.0000
   2013.62505708      0.0000
   2013.62508562      0.0000
   2013.62511416      0.0000
   2013.62514269      0.0000
   2013.62517123      0.0000
   2013.62519977      0.0000
   2013.62522831      0.0000
   2013.62525685      0.0000
   2013.62528539      0.0000
   2013.62531393      0.0000
   2013.62534247      0.0000
   2013.62537100      0.0000
   2013.62539954      0.0000
   2013.62542808      0.0000
   2013.62545662      0.0000
   2013.62548516      0.0000
   2013.62551370      0.0000
   2013.62554224      0.0000
   2013.62557078      0.0000
   2013.62559932      0.0025
   2013.62562785      0.0017
   2013.62565639      0.0014
   2013.62568493      0.0019
   2013.62571347      0.0056
   2013.62574201      0.0297
   2013.62577055      0.0521
   2013.62579909      0.0793
   2013.62582763      0.1190
   2013.62585616      0.1762
   2013.62588470      0.2441
   2013.62591324      0.3398
   2013.62594178      0.4544
   2013.62597032      0.6271
   2013.62599886      0.8569
   2013.62602740      1.1882
   2013.62605594      1.6593
   2013.62608447      2.1972
   2013.62611301      2.5803
   2013.62614155      2.9940
   2013.62617009      3.1186
   2013.62619863      3.2689
   2013.62622717      3.4287
   2013.62625571      3.5300
   2013.62628425      3.6394
   2013.62631279      3.7302
   2013.62634132      4.0290
   2013.62636986      4.1615
   2013.62639840      4.2090
   2013.62642694      4.1636
   2013.62645548      4.0625
   2013.62648402      3.9243
   2013.62651256      3.7657
   2013.62654110      3.5940
   2013.62656963      3.8193
   2013.62659817      3.5726
   2013.62662671      3.2513
   2013.62665525      3.1485
   2013.62668379      2.9026
   2013.62671233      2.6852
   2013.62674087      2.6195
   2013.62676941      2.3033
   2013.62679795      2.0850
   2013.62682648      1.8857
   2013.62685502      1.6425
   2013.62688356      1.4857
   2013.62691210      1.3428
   2013.62694064      1.2687
   2013.62696918      1.1086
   2013.62699772      1.0185
   2013.62702626      0.9397
   2013.62705479      0.8732
   2013.62708333      0.8123
   2013.62711187      0.7556
   2013.62714041      0.7030
   2013.62716895      0.6545
   2013.62719749      0.6097
   2013.62722603      0.5676
   2013.62725457      0.5280
   2013.62728311      0.4910
   2013.62731164      0.4565
   2013.62734018      0.4244
   2013.62736872      0.3945
   2013.62739726      0.3665
   2013.62742580      0.3404
   2013.62745434      0.3161
   2013.62748288      0.2937
   2013.62751142      0.2729
   2013.62753995      0.2536
   2013.62756849      0.2357
   2013.62759703      0.2189
   2013.62762557      0.2034
   2013.62765411      0.1891
   2013.62768265      0.1759
   2013.62771119      0.1636
   2013.62773973      0.1524
   2013.62776826      0.1419
   2013.62779680      0.1323
   2013.62782534      0.1234
   2013.62785388      0.1151
   2013.62788242      0.1074
   2013.62791096      0.1003
