   2013.62465753      0.0000
   2013.62468607      0.0000
   2013.62471461      0.0000
   2013.62474315      0.0000
   2013.62477169      0.0000
   2013.62480023      0.0000
   2013.62482877      0.0000
   2013.62485731      0.0000
   2013.62488584      0.0000
   2013.62491438      0.0000
   2013.62494292      0.0000
   2013.62497146      0.0000
   2013.62500000      0.0000
   2013.62502854      0.0000
   2013.62505708      0.0000
   2013.62508562      0.0000
   2013.62511416      0.0000
   2013.62514269      0.0000
   2013.62517123      0.0000
   2013.62519977      0.0000
   2013.62522831      0.0000
   2013.62525685      0.0000
   2013.62528539      0.0000
   2013.62531393      0.0000
   2013.62534247      0.0000
   2013.62537100      0.0000
   2013.62539954      0.0000
   2013.62542808      0.0000
   2013.62545662      0.0000
   2013.62548516      0.0000
   2013.62551370      0.0000
   2013.62554224      0.0000
   2013.62557078      0.0000
   2013.62559932      0.3146
   2013.62562785      0.9150
   2013.62565639      2.9692
   2013.62568493      5.9818
   2013.62571347     11.3982
   2013.62574201     20.5243
   2013.62577055     23.1248
   2013.62579909     20.8406
   2013.62582763     19.0953
   2013.62585616     16.7569
   2013.62588470     14.8109
   2013.62591324     12.8008
   2013.62594178     12.2374
   2013.62597032     11.4995
   2013.62599886     10.3106
   2013.62602740      9.4690
   2013.62605594      9.3629
   2013.62608447      9.1407
   2013.62611301      8.8563
   2013.62614155      8.8569
   2013.62617009      9.0965
   2013.62619863      9.1350
   2013.62622717      9.1215
   2013.62625571      9.1066
   2013.62628425      9.8417
   2013.62631279     10.0250
   2013.62634132     10.0704
   2013.62636986      9.9818
   2013.62639840     10.8553
   2013.62642694     11.0510
   2013.62645548     11.0388
   2013.62648402     10.9236
   2013.62651256     11.8237
   2013.62654110     11.9812
   2013.62656963     11.8870
   2013.62659817     12.0556
   2013.62662671     12.5819
   2013.62665525     12.6742
   2013.62668379     12.4912
   2013.62671233     12.5911
   2013.62674087     13.0357
   2013.62676941     13.0397
   2013.62679795     12.7557
   2013.62682648     12.7587
   2013.62685502     13.1173
   2013.62688356     12.8457
   2013.62691210     12.5663
   2013.62694064     12.5845
   2013.62696918     12.6027
   2013.62699772     12.5148
   2013.62702626     12.1562
   2013.62705479     11.6807
   2013.62708333     12.0647
   2013.62711187     11.9093
   2013.62714041     11.5409
   2013.62716895     11.3647
   2013.62719749     11.4520
   2013.62722603     11.1759
   2013.62725457     10.8920
   2013.62728311      9.8915
   2013.62731164     10.6253
   2013.62734018     11.1079
   2013.62736872     11.3050
   2013.62739726     11.2413
   2013.62742580     10.2578
   2013.62745434      9.1856
   2013.62748288      8.3227
   2013.62751142      7.5261
   2013.62753995      7.1257
   2013.62756849      6.9482
   2013.62759703      7.1391
   2013.62762557      7.2161
   2013.62765411      7.3333
   2013.62768265      6.1501
   2013.62771119      5.9963
   2013.62773973      4.9992
   2013.62776826      4.6190
   2013.62779680      3.7622
   2013.62782534      3.4333
   2013.62785388      3.0655
   2013.62788242      2.7990
   2013.62791096      2.5428
   2013.62793950      2.4519
   2013.62796804      2.2293
   2013.62799658      2.0427
   2013.62802511      1.7672
   2013.62805365      1.6405
   2013.62808219      1.4895
   2013.62811073      1.3492
   2013.62813927      1.2187
   2013.62816781      1.1084
   2013.62819635      1.0072
   2013.62822489      0.9176
   2013.62825342      0.8347
   2013.62828196      0.7571
   2013.62831050      0.6863
   2013.62833904      0.6236
   2013.62836758      0.5677
   2013.62839612      0.5175
   2013.62842466      0.4727
   2013.62845320      0.4326
   2013.62848174      0.3965
   2013.62851027      0.3640
   2013.62853881      0.3345
   2013.62856735      0.3079
   2013.62859589      0.2837
   2013.62862443      0.2617
   2013.62865297      0.2415
   2013.62868151      0.2230
   2013.62871005      0.2060
   2013.62873858      0.1904
   2013.62876712      0.1762
   2013.62879566      0.1632
   2013.62882420      0.1513
   2013.62885274      0.1404
   2013.62888128      0.1303
   2013.62890982      0.1211
   2013.62893836      0.1125
   2013.62896689      0.1047
