   2013.62465753      0.0000
   2013.62468607      0.0000
   2013.62471461      0.0000
   2013.62474315      0.0000
   2013.62477169      0.0000
   2013.62480023      0.0000
   2013.62482877      0.0000
   2013.62485731      0.0000
   2013.62488584      0.0000
   2013.62491438      0.0000
   2013.62494292      0.0000
   2013.62497146      0.0000
   2013.62500000      0.0000
   2013.62502854      0.0000
   2013.62505708      0.0000
   2013.62508562      0.0000
   2013.62511416      0.0000
   2013.62514269      0.0000
   2013.62517123      0.0000
   2013.62519977      0.0000
   2013.62522831      0.0000
   2013.62525685      0.0000
   2013.62528539      0.0000
   2013.62531393      0.0000
   2013.62534247      0.0000
   2013.62537100      0.0000
   2013.62539954      0.0000
   2013.62542808      0.0000
   2013.62545662      0.0000
   2013.62548516      0.0000
   2013.62551370      0.0000
   2013.62554224      0.0000
   2013.62557078      0.0000
   2013.62559932      0.0000
   2013.62562785      0.0000
   2013.62565639      0.0000
   2013.62568493      0.0000
   2013.62571347      0.0000
   2013.62574201      0.0000
   2013.62577055      0.0000
   2013.62579909      0.0000
   2013.62582763      0.0000
   2013.62585616      0.0000
   2013.62588470      0.0000
   2013.62591324      0.0000
   2013.62594178      0.0000
   2013.62597032      0.0000
   2013.62599886      0.0000
   2013.62602740      0.0000
   2013.62605594      0.0000
   2013.62608447      0.0000
   2013.62611301      0.0000
   2013.62614155      0.0000
   2013.62617009      0.0000
   2013.62619863      0.0000
   2013.62622717      0.0000
   2013.62625571      0.0000
   2013.62628425      0.0000
   2013.62631279      0.0000
   2013.62634132      0.0000
   2013.62636986      0.0000
   2013.62639840      0.0248
   2013.62642694      0.0791
   2013.62645548      0.1442
   2013.62648402      0.3180
   2013.62651256      0.6747
   2013.62654110      1.2313
   2013.62656963      2.0515
   2013.62659817      3.3322
   2013.62662671      5.3877
   2013.62665525      7.6486
   2013.62668379      9.0980
   2013.62671233      9.6370
   2013.62674087      9.7574
   2013.62676941      9.7440
   2013.62679795      9.6298
   2013.62682648      9.3513
   2013.62685502      8.8658
   2013.62688356      8.3107
   2013.62691210      7.9420
   2013.62694064      7.4451
   2013.62696918      6.9001
   2013.62699772      6.4194
   2013.62702626      5.8177
   2013.62705479      5.6457
   2013.62708333      4.8236
   2013.62711187      4.7572
   2013.62714041      3.8696
   2013.62716895      3.5930
   2013.62719749      3.2673
   2013.62722603      2.9062
   2013.62725457      2.6342
   2013.62728311      2.4321
   2013.62731164      2.2130
   2013.62734018      2.0347
   2013.62736872      1.8708
   2013.62739726      1.6763
   2013.62742580      1.6444
   2013.62745434      1.5234
   2013.62748288      1.4054
   2013.62751142      1.3285
   2013.62753995      1.2068
   2013.62756849      1.1638
   2013.62759703      1.1103
   2013.62762557      1.0465
   2013.62765411      0.9893
   2013.62768265      0.9233
   2013.62771119      0.8780
   2013.62773973      0.8399
   2013.62776826      0.7959
   2013.62779680      0.7508
   2013.62782534      0.7092
   2013.62785388      0.6798
   2013.62788242      0.6457
   2013.62791096      0.6117
   2013.62793950      0.5799
   2013.62796804      0.5587
   2013.62799658      0.5311
   2013.62802511      0.5029
   2013.62805365      0.4765
   2013.62808219      0.4601
   2013.62811073      0.4376
   2013.62813927      0.4143
   2013.62816781      0.3920
   2013.62819635      0.3802
   2013.62822489      0.3620
   2013.62825342      0.3426
   2013.62828196      0.3240
   2013.62831050      0.3161
   2013.62833904      0.3015
   2013.62836758      0.2858
   2013.62839612      0.2705
   2013.62842466      0.2670
   2013.62845320      0.2558
   2013.62848174      0.2431
   2013.62851027      0.2305
   2013.62853881      0.2309
   2013.62856735      0.2224
   2013.62859589      0.2123
   2013.62862443      0.2023
   2013.62865297      0.2066
   2013.62868151      0.2010
   2013.62871005      0.1936
   2013.62873858      0.1864
   2013.62876712      0.1951
   2013.62879566      0.1928
   2013.62882420      0.1885
   2013.62885274      0.1847
   2013.62888128      0.1979
   2013.62890982      0.1997
   2013.62893836      0.1994
   2013.62896689      0.1998
   2013.62899543      0.2200
   2013.62902397      0.2273
   2013.62905251      0.2320
   2013.62908105      0.2379
   2013.62910959      0.2672
   2013.62913813      0.2829
   2013.62916667      0.2962
   2013.62919521      0.3126
   2013.62922374      0.3591
   2013.62925228      0.4027
   2013.62928082      0.4240
   2013.62930936      0.4691
   2013.62933790      0.5477
   2013.62936644      0.6112
   2013.62939498      0.6891
   2013.62942352      0.7728
   2013.62945205      0.8861
   2013.62948059      0.9819
   2013.62950913      1.0753
   2013.62953767      1.1566
   2013.62956621      1.2639
   2013.62959475      1.3386
   2013.62962329      1.3939
   2013.62965183      1.4274
   2013.62968037      1.4908
   2013.62970890      1.5240
   2013.62973744      1.5412
   2013.62976598      1.5450
   2013.62979452      1.5787
   2013.62982306      1.5866
   2013.62985160      1.5850
   2013.62988014      1.5674
   2013.62990868      1.5520
   2013.62993721      1.5705
   2013.62996575      1.5548
   2013.62999429      1.5242
   2013.63002283      1.5263
   2013.63005137      1.4968
   2013.63007991      1.4713
   2013.63010845      1.4357
   2013.63013699      1.3034
   2013.63016553      1.3786
   2013.63019406      1.3504
   2013.63022260      1.2986
   2013.63025114      1.2492
   2013.63027968      1.2062
   2013.63030822      1.1623
   2013.63033676      1.1022
   2013.63036530      1.0758
   2013.63039384      1.0095
   2013.63042237      0.9306
   2013.63045091      0.9026
   2013.63047945      0.8578
   2013.63050799      0.8105
   2013.63053653      0.7637
   2013.63056507      0.7175
   2013.63059361      0.6732
   2013.63062215      0.6317
   2013.63065068      0.5928
   2013.63067922      0.5561
   2013.63070776      0.5216
   2013.63073630      0.4893
   2013.63076484      0.4590
   2013.63079338      0.4306
   2013.63082192      0.4038
   2013.63085046      0.3786
   2013.63087900      0.3548
   2013.63090753      0.3325
   2013.63093607      0.3115
   2013.63096461      0.2918
   2013.63099315      0.2734
   2013.63102169      0.2562
   2013.63105023      0.2401
   2013.63107877      0.2248
   2013.63110731      0.2105
   2013.63113584      0.1970
   2013.63116438      0.1845
   2013.63119292      0.1728
   2013.63122146      0.1619
   2013.63125000      0.1517
   2013.63127854      0.1423
   2013.63130708      0.1334
   2013.63133562      0.1251
   2013.63136416      0.1174
   2013.63139269      0.1102
   2013.63142123      0.1034
