   2013.62465753      0.0000
   2013.62468607      0.0000
   2013.62471461      0.0000
   2013.62474315      0.0000
   2013.62477169      0.0000
   2013.62480023      0.0000
   2013.62482877      0.0000
   2013.62485731      0.0000
   2013.62488584      0.0000
   2013.62491438      0.0000
   2013.62494292      0.0000
   2013.62497146      0.0000
   2013.62500000      0.0000
   2013.62502854      0.0000
   2013.62505708      0.0000
   2013.62508562      0.0000
   2013.62511416      0.0000
   2013.62514269      0.0000
   2013.62517123      0.0000
   2013.62519977      0.0000
   2013.62522831      0.0000
   2013.62525685      0.0000
   2013.62528539      0.0000
   2013.62531393      0.0000
   2013.62534247      0.0000
   2013.62537100      0.0000
   2013.62539954      0.0000
   2013.62542808      0.0000
   2013.62545662      0.0000
   2013.62548516      0.0000
   2013.62551370      0.0000
   2013.62554224      0.0000
   2013.62557078      0.0000
   2013.62559932      0.0000
   2013.62562785      0.0000
   2013.62565639      0.0000
   2013.62568493      0.0000
   2013.62571347      0.0179
   2013.62574201      0.1265
   2013.62577055      0.3190
   2013.62579909      1.0306
   2013.62582763      2.6813
   2013.62585616      5.1826
   2013.62588470      8.7834
   2013.62591324     13.4717
   2013.62594178     16.4546
   2013.62597032     16.3581
   2013.62599886     15.0444
   2013.62602740     12.1532
   2013.62605594     11.2072
   2013.62608447      9.4515
   2013.62611301      8.4938
   2013.62614155      6.8131
   2013.62617009      6.2962
   2013.62619863      5.4340
   2013.62622717      4.8196
   2013.62625571      4.1855
   2013.62628425      4.0417
   2013.62631279      3.7375
   2013.62634132      3.4659
   2013.62636986      3.3767
   2013.62639840      3.2470
   2013.62642694      3.0580
   2013.62645548      2.9680
   2013.62648402      3.0328
   2013.62651256      3.0543
   2013.62654110      3.0047
   2013.62656963      3.0921
   2013.62659817      3.0644
   2013.62662671      3.3186
   2013.62665525      3.3296
   2013.62668379      3.4067
   2013.62671233      3.5871
   2013.62674087      3.6874
   2013.62676941      3.7412
   2013.62679795      3.7728
   2013.62682648      3.9318
   2013.62685502      3.9587
   2013.62688356      3.9629
   2013.62691210      3.9421
   2013.62694064      4.0290
   2013.62696918      4.0442
   2013.62699772      3.9981
   2013.62702626      3.9482
   2013.62705479      4.0293
   2013.62708333      3.9832
   2013.62711187      3.8930
   2013.62714041      3.7647
   2013.62716895      3.6965
   2013.62719749      3.7049
   2013.62722603      3.6240
   2013.62725457      3.5536
   2013.62728311      3.2745
   2013.62731164      3.4257
   2013.62734018      3.4034
   2013.62736872      3.4161
   2013.62739726      3.0410
   2013.62742580      3.0798
   2013.62745434      2.9940
   2013.62748288      2.8667
   2013.62751142      2.8258
   2013.62753995      2.7285
   2013.62756849      2.6244
   2013.62759703      2.5151
   2013.62762557      2.4056
   2013.62765411      2.3604
   2013.62768265      2.2661
   2013.62771119      2.1257
   2013.62773973      2.0702
   2013.62776826      2.0211
   2013.62779680      1.9414
   2013.62782534      1.8142
   2013.62785388      1.7595
   2013.62788242      1.7158
   2013.62791096      1.6167
   2013.62793950      1.5887
   2013.62796804      1.3734
   2013.62799658      1.4504
   2013.62802511      1.4049
   2013.62805365      1.3174
   2013.62808219      1.1788
   2013.62811073      1.2813
   2013.62813927      1.1788
   2013.62816781      1.1101
   2013.62819635      1.1301
   2013.62822489      1.0682
   2013.62825342      1.0166
   2013.62828196      0.9775
   2013.62831050      0.9673
   2013.62833904      0.9334
   2013.62836758      0.9045
   2013.62839612      0.8742
   2013.62842466      0.8641
   2013.62845320      0.8577
   2013.62848174      0.8417
   2013.62851027      0.8247
   2013.62853881      0.8476
   2013.62856735      0.8799
   2013.62859589      0.8506
   2013.62862443      0.8467
   2013.62865297      0.8878
   2013.62868151      0.9420
   2013.62871005      0.9290
   2013.62873858      0.9509
   2013.62876712      1.0200
   2013.62879566      1.0545
   2013.62882420      1.1185
   2013.62885274      1.1704
   2013.62888128      1.2882
   2013.62890982      1.3882
   2013.62893836      1.4903
   2013.62896689      1.5790
   2013.62899543      1.7623
   2013.62902397      1.9177
   2013.62905251      2.0188
   2013.62908105      2.1537
   2013.62910959      2.3835
   2013.62913813      2.5626
   2013.62916667      2.6506
   2013.62919521      2.8242
   2013.62922374      3.0275
   2013.62925228      3.1942
   2013.62928082      3.2518
   2013.62930936      3.3577
   2013.62933790      3.5679
   2013.62936644      3.7070
   2013.62939498      3.7988
   2013.62942352      3.8454
   2013.62945205      3.8496
   2013.62948059      4.0800
   2013.62950913      4.1508
   2013.62953767      4.1252
   2013.62956621      4.2353
   2013.62959475      4.2720
   2013.62962329      4.2862
   2013.62965183      4.2308
   2013.62968037      4.2963
   2013.62970890      4.3056
   2013.62973744      4.2619
   2013.62976598      4.1932
   2013.62979452      4.0529
   2013.62982306      4.2084
   2013.62985160      4.1114
   2013.62988014      4.0265
   2013.62990868      3.9563
   2013.62993721      3.8916
   2013.62996575      3.7905
   2013.62999429      3.6788
   2013.63002283      3.4804
   2013.63005137      3.5813
   2013.63007991      3.4917
   2013.63010845      3.5447
   2013.63013699      3.1368
   2013.63016553      3.2294
   2013.63019406      3.1347
   2013.63022260      3.0083
   2013.63025114      2.8953
   2013.63027968      2.7811
   2013.63030822      2.6514
   2013.63033676      2.4553
   2013.63036530      2.3161
   2013.63039384      2.1785
   2013.63042237      2.0418
   2013.63045091      1.9150
   2013.63047945      1.7703
   2013.63050799      1.6507
   2013.63053653      1.5383
   2013.63056507      1.4315
   2013.63059361      1.3291
   2013.63062215      1.2310
   2013.63065068      1.1543
   2013.63067922      1.0598
   2013.63070776      0.9687
   2013.63073630      0.9032
   2013.63076484      0.8327
   2013.63079338      0.7657
   2013.63082192      0.7029
   2013.63085046      0.6453
   2013.63087900      0.5933
   2013.63090753      0.5460
   2013.63093607      0.5033
   2013.63096461      0.4647
   2013.63099315      0.4297
   2013.63102169      0.3977
   2013.63105023      0.3683
   2013.63107877      0.3413
   2013.63110731      0.3165
   2013.63113584      0.2937
   2013.63116438      0.2728
   2013.63119292      0.2536
   2013.63122146      0.2357
   2013.63125000      0.2191
   2013.63127854      0.2038
   2013.63130708      0.1897
   2013.63133562      0.1767
   2013.63136416      0.1647
   2013.63139269      0.1536
   2013.63142123      0.1434
   2013.63144977      0.1340
   2013.63147831      0.1252
   2013.63150685      0.1171
   2013.63153539      0.1095
   2013.63156393      0.1026
