   2013.62465753      0.0000
   2013.62468607      0.0000
   2013.62471461      0.0000
   2013.62474315      0.0000
   2013.62477169      0.0000
   2013.62480023      0.0000
   2013.62482877      0.0000
   2013.62485731      0.0000
   2013.62488584      0.0000
   2013.62491438      0.0000
   2013.62494292      0.0000
   2013.62497146      0.0000
   2013.62500000      0.0000
   2013.62502854      0.0000
   2013.62505708      0.0000
   2013.62508562      0.0000
   2013.62511416      0.0000
   2013.62514269      0.0000
   2013.62517123      0.0000
   2013.62519977      0.0000
   2013.62522831      0.0000
   2013.62525685      0.0000
   2013.62528539      0.0000
   2013.62531393      0.0000
   2013.62534247      0.0000
   2013.62537100      0.0000
   2013.62539954      0.0000
   2013.62542808      0.0000
   2013.62545662      0.0000
   2013.62548516      0.0000
   2013.62551370      0.0000
   2013.62554224      0.0000
   2013.62557078      0.0000
   2013.62559932      0.0000
   2013.62562785      0.0000
   2013.62565639      0.0000
   2013.62568493      0.0000
   2013.62571347      0.0000
   2013.62574201      0.0000
   2013.62577055      0.0000
   2013.62579909      0.0000
   2013.62582763      0.0000
   2013.62585616      0.0000
   2013.62588470      0.0000
   2013.62591324      0.0000
   2013.62594178      0.0000
   2013.62597032      0.0000
   2013.62599886      0.0000
   2013.62602740      0.0000
   2013.62605594      0.0000
   2013.62608447      0.0000
   2013.62611301      0.0000
   2013.62614155      0.0000
   2013.62617009      0.0000
   2013.62619863      0.0000
   2013.62622717      0.0000
   2013.62625571      0.0000
   2013.62628425      0.0000
   2013.62631279      0.0000
   2013.62634132      0.0000
   2013.62636986      0.0000
   2013.62639840      0.0000
   2013.62642694      0.0000
   2013.62645548      0.0000
   2013.62648402      0.0000
   2013.62651256      0.0000
   2013.62654110      0.0000
   2013.62656963      0.0000
   2013.62659817      0.0000
   2013.62662671      0.0000
   2013.62665525      0.0000
   2013.62668379      0.0000
   2013.62671233      0.0000
   2013.62674087      0.0000
   2013.62676941      0.0000
   2013.62679795      0.0000
   2013.62682648      0.0000
   2013.62685502      0.0000
   2013.62688356      0.0000
   2013.62691210      0.0000
   2013.62694064      0.0000
   2013.62696918      0.0000
   2013.62699772      0.0000
   2013.62702626      0.0000
   2013.62705479      0.0000
   2013.62708333      0.0000
   2013.62711187      0.0000
   2013.62714041      0.0000
   2013.62716895      0.0000
   2013.62719749     20.5506
   2013.62722603     70.7126
   2013.62725457    130.2206
   2013.62728311    126.3145
   2013.62731164     86.8529
   2013.62734018     57.2730
   2013.62736872     38.1012
   2013.62739726     27.3259
   2013.62742580     21.8955
   2013.62745434     18.1643
   2013.62748288     15.5347
   2013.62751142     13.8793
   2013.62753995     12.5333
   2013.62756849     11.5914
   2013.62759703     10.8302
   2013.62762557     10.3887
   2013.62765411      9.9591
   2013.62768265      9.5431
   2013.62771119      9.2443
   2013.62773973      9.0781
   2013.62776826      8.8825
   2013.62779680      8.6451
   2013.62782534      8.4649
   2013.62785388      8.4041
   2013.62788242      8.2709
   2013.62791096      8.0784
   2013.62793950      8.0478
   2013.62796804      7.8105
   2013.62799658      7.8151
   2013.62802511      7.7809
   2013.62805365      7.5982
   2013.62808219      7.5113
   2013.62811073      7.4741
   2013.62813927      7.4250
   2013.62816781      7.2748
   2013.62819635      7.0677
   2013.62822489      6.9134
   2013.62825342      6.6155
   2013.62828196      6.4789
   2013.62831050      5.8685
   2013.62833904      5.8161
   2013.62836758      5.6568
   2013.62839612      5.2979
   2013.62842466      4.7369
   2013.62845320      4.9226
   2013.62848174      4.6011
   2013.62851027      4.4171
   2013.62853881      4.1519
   2013.62856735      4.2979
   2013.62859589      4.2239
   2013.62862443      4.1576
   2013.62865297      4.0492
   2013.62868151      4.4555
   2013.62871005      4.4400
   2013.62873858      4.6753
   2013.62876712      4.7821
   2013.62879566      5.2667
   2013.62882420      5.5478
   2013.62885274      5.8635
   2013.62888128      5.9627
   2013.62890982      6.4929
   2013.62893836      6.8594
   2013.62896689      7.0915
   2013.62899543      7.3843
   2013.62902397      7.8162
   2013.62905251      7.9527
   2013.62908105      8.1600
   2013.62910959      8.4914
   2013.62913813      9.0233
   2013.62916667      9.2281
   2013.62919521      9.3478
   2013.62922374      9.3099
   2013.62925228     10.1115
   2013.62928082     10.2729
   2013.62930936     10.2772
   2013.62933790     10.0856
   2013.62936644     10.9259
   2013.62939498     10.9945
   2013.62942352     10.8801
   2013.62945205     10.5710
   2013.62948059     11.3542
   2013.62950913     11.1897
   2013.62953767     11.0341
   2013.62956621     10.7314
   2013.62959475     11.2149
   2013.62962329     11.2055
   2013.62965183     10.9761
   2013.62968037     10.5551
   2013.62970890     11.0073
   2013.62973744     10.9016
   2013.62976598     10.7207
   2013.62979452     10.1146
   2013.62982306     10.5160
   2013.62985160     10.3249
   2013.62988014     10.0204
   2013.62990868      9.4394
   2013.62993721      9.7296
   2013.62996575      9.6150
   2013.62999429      9.1626
   2013.63002283      8.6729
   2013.63005137      8.8006
   2013.63007991      8.5067
   2013.63010845      8.2293
   2013.63013699      7.7954
   2013.63016553      7.8960
   2013.63019406      7.6893
   2013.63022260      7.3569
   2013.63025114      7.2719
   2013.63027968      6.5828
   2013.63030822      6.3681
   2013.63033676      5.8188
   2013.63036530      5.6273
   2013.63039384      4.8012
   2013.63042237      4.4309
   2013.63045091      4.3028
   2013.63047945      3.6760
   2013.63050799      3.3028
   2013.63053653      3.0048
   2013.63056507      2.6809
   2013.63059361      2.5027
   2013.63062215      2.2308
   2013.63065068      1.9119
   2013.63067922      1.7278
   2013.63070776      1.5517
   2013.63073630      1.3927
   2013.63076484      1.2487
   2013.63079338      1.1286
   2013.63082192      1.0203
   2013.63085046      0.9270
   2013.63087900      0.8413
   2013.63090753      0.7618
   2013.63093607      0.6898
   2013.63096461      0.6264
   2013.63099315      0.5702
   2013.63102169      0.5200
   2013.63105023      0.4752
   2013.63107877      0.4353
   2013.63110731      0.3995
   2013.63113584      0.3671
   2013.63116438      0.3380
   2013.63119292      0.3115
   2013.63122146      0.2876
   2013.63125000      0.2658
   2013.63127854      0.2459
   2013.63130708      0.2276
   2013.63133562      0.2107
   2013.63136416      0.1953
   2013.63139269      0.1812
   2013.63142123      0.1683
   2013.63144977      0.1565
   2013.63147831      0.1456
   2013.63150685      0.1356
   2013.63153539      0.1264
   2013.63156393      0.1179
   2013.63159247      0.1101
   2013.63162100      0.1028
