   2013.62465753      0.0000
   2013.62468607      0.0000
   2013.62471461      0.0000
   2013.62474315      0.0000
   2013.62477169      0.0000
   2013.62480023      0.0000
   2013.62482877      0.0000
   2013.62485731      0.0000
   2013.62488584      0.0000
   2013.62491438      0.0000
   2013.62494292      0.0000
   2013.62497146      0.0000
   2013.62500000      0.0000
   2013.62502854      0.0000
   2013.62505708      0.0000
   2013.62508562      0.0000
   2013.62511416      0.0000
   2013.62514269      0.0000
   2013.62517123      0.0000
   2013.62519977      0.0000
   2013.62522831      0.0000
   2013.62525685      0.0000
   2013.62528539      0.0000
   2013.62531393      0.0000
   2013.62534247      0.0000
   2013.62537100      0.0000
   2013.62539954      0.0000
   2013.62542808      0.0000
   2013.62545662      0.0000
   2013.62548516      0.0000
   2013.62551370      0.0000
   2013.62554224      0.0000
   2013.62557078      0.0000
   2013.62559932      0.0000
   2013.62562785      0.0000
   2013.62565639      0.0000
   2013.62568493      0.0000
   2013.62571347      0.0000
   2013.62574201      0.0000
   2013.62577055      0.0000
   2013.62579909      0.0000
   2013.62582763      0.0000
   2013.62585616      0.0000
   2013.62588470      0.0000
   2013.62591324      0.0000
   2013.62594178      0.0000
   2013.62597032      0.0000
   2013.62599886      0.0000
   2013.62602740      0.0000
   2013.62605594      0.0000
   2013.62608447      0.0000
   2013.62611301      0.0000
   2013.62614155      0.0000
   2013.62617009      0.0000
   2013.62619863      0.0000
   2013.62622717      0.0000
   2013.62625571      0.0000
   2013.62628425      0.0000
   2013.62631279      0.0000
   2013.62634132      0.0000
   2013.62636986      0.0000
   2013.62639840      0.0000
   2013.62642694      0.0000
   2013.62645548      0.0000
   2013.62648402      0.0000
   2013.62651256      0.0056
   2013.62654110      0.0053
   2013.62656963      0.0311
   2013.62659817      0.0784
   2013.62662671      0.1433
   2013.62665525      0.2796
   2013.62668379      0.5155
   2013.62671233      0.8992
   2013.62674087      1.4590
   2013.62676941      2.3414
   2013.62679795      3.6555
   2013.62682648      5.5150
   2013.62685502      7.0836
   2013.62688356      8.0178
   2013.62691210      8.4731
   2013.62694064      8.6907
   2013.62696918      8.7876
   2013.62699772      8.8474
   2013.62702626      8.8487
   2013.62705479      8.8222
   2013.62708333      8.8039
   2013.62711187      8.5662
   2013.62714041      8.4264
   2013.62716895      7.9261
   2013.62719749      7.7683
   2013.62722603      7.4345
   2013.62725457      6.9751
   2013.62728311      6.7182
   2013.62731164      6.1498
   2013.62734018      5.9415
   2013.62736872      5.4613
   2013.62739726      4.7644
   2013.62742580      4.2384
   2013.62745434      3.8022
   2013.62748288      3.5464
   2013.62751142      3.1861
   2013.62753995      2.9235
   2013.62756849      2.6608
   2013.62759703      2.4259
   2013.62762557      2.2154
   2013.62765411      2.0290
   2013.62768265      1.8559
   2013.62771119      1.7040
   2013.62773973      1.5746
   2013.62776826      1.4590
   2013.62779680      1.3544
   2013.62782534      1.2582
   2013.62785388      1.1458
   2013.62788242      1.0979
   2013.62791096      1.0245
   2013.62793950      0.9500
   2013.62796804      0.8946
   2013.62799658      0.8370
   2013.62802511      0.7827
   2013.62805365      0.7317
   2013.62808219      0.6849
   2013.62811073      0.6427
   2013.62813927      0.6046
   2013.62816781      0.5697
   2013.62819635      0.5376
   2013.62822489      0.5080
   2013.62825342      0.4806
   2013.62828196      0.4551
   2013.62831050      0.4313
   2013.62833904      0.4090
   2013.62836758      0.3880
   2013.62839612      0.3684
   2013.62842466      0.3511
   2013.62845320      0.3341
   2013.62848174      0.3181
   2013.62851027      0.3031
   2013.62853881      0.2931
   2013.62856735      0.2808
   2013.62859589      0.2687
   2013.62862443      0.2573
   2013.62865297      0.2534
   2013.62868151      0.2449
   2013.62871005      0.2358
   2013.62873858      0.2274
   2013.62876712      0.2301
   2013.62879566      0.2259
   2013.62882420      0.2209
   2013.62885274      0.2167
   2013.62888128      0.2269
   2013.62890982      0.2286
   2013.62893836      0.2292
   2013.62896689      0.2312
   2013.62899543      0.2518
   2013.62902397      0.2624
   2013.62905251      0.2719
   2013.62908105      0.2840
   2013.62910959      0.3196
   2013.62913813      0.3440
   2013.62916667      0.3782
   2013.62919521      0.4079
   2013.62922374      0.4733
   2013.62925228      0.5300
   2013.62928082      0.5994
   2013.62930936      0.6600
   2013.62933790      0.7823
   2013.62936644      0.9004
   2013.62939498      1.0446
   2013.62942352      1.2246
   2013.62945205      1.4719
   2013.62948059      1.7021
   2013.62950913      1.8677
   2013.62953767      1.9891
   2013.62956621      2.1356
   2013.62959475      2.2066
   2013.62962329      2.2894
   2013.62965183      2.3193
   2013.62968037      2.3900
   2013.62970890      2.4326
   2013.62973744      2.4221
   2013.62976598      2.4074
   2013.62979452      2.4561
   2013.62982306      2.4457
   2013.62985160      2.4013
   2013.62988014      2.3584
   2013.62990868      2.3300
   2013.62993721      2.2435
   2013.62996575      2.1866
   2013.62999429      2.0973
   2013.63002283      2.0224
   2013.63005137      1.9285
   2013.63007991      1.8761
   2013.63010845      1.8196
   2013.63013699      1.7396
   2013.63016553      1.6454
   2013.63019406      1.5448
   2013.63022260      1.4456
   2013.63025114      1.3510
   2013.63027968      1.2612
   2013.63030822      1.1760
   2013.63033676      1.1227
   2013.63036530      1.0295
   2013.63039384      0.9416
   2013.63042237      0.8974
   2013.63045091      0.8427
   2013.63047945      0.7889
   2013.63050799      0.7369
   2013.63053653      0.6867
   2013.63056507      0.6393
   2013.63059361      0.5950
   2013.63062215      0.5533
   2013.63065068      0.5142
   2013.63067922      0.4778
   2013.63070776      0.4438
   2013.63073630      0.4121
   2013.63076484      0.3824
   2013.63079338      0.3547
   2013.63082192      0.3289
   2013.63085046      0.3049
   2013.63087900      0.2827
   2013.63090753      0.2622
   2013.63093607      0.2433
   2013.63096461      0.2255
   2013.63099315      0.2091
   2013.63102169      0.1939
   2013.63105023      0.1799
   2013.63107877      0.1670
   2013.63110731      0.1551
   2013.63113584      0.1442
   2013.63116438      0.1341
   2013.63119292      0.1248
   2013.63122146      0.1161
   2013.63125000      0.1081
   2013.63127854      0.1007
