   2013.62465753      0.0000
   2013.62468607      0.0000
   2013.62471461      0.0000
   2013.62474315      0.0000
   2013.62477169      0.0000
   2013.62480023      0.0000
   2013.62482877      0.0000
   2013.62485731      0.0000
   2013.62488584      0.0000
   2013.62491438      0.0000
   2013.62494292      0.0000
   2013.62497146      0.0000
   2013.62500000      0.0000
   2013.62502854      0.0000
   2013.62505708      0.0000
   2013.62508562      0.0000
   2013.62511416      0.0000
   2013.62514269      0.0000
   2013.62517123      0.0000
   2013.62519977      0.0000
   2013.62522831      0.0000
   2013.62525685      0.0000
   2013.62528539      0.0000
   2013.62531393      0.0000
   2013.62534247      0.0000
   2013.62537100      0.0000
   2013.62539954      0.0000
   2013.62542808      0.0000
   2013.62545662      0.0000
   2013.62548516      0.0000
   2013.62551370      0.0000
   2013.62554224      0.0000
   2013.62557078      0.0000
   2013.62559932      0.0000
   2013.62562785      0.0000
   2013.62565639      0.0000
   2013.62568493      0.0000
   2013.62571347      0.0005
   2013.62574201      0.0021
   2013.62577055      0.0035
   2013.62579909      0.0047
   2013.62582763      0.0062
   2013.62585616      0.0534
   2013.62588470      0.1091
   2013.62591324      0.2247
   2013.62594178      0.4633
   2013.62597032      0.9117
   2013.62599886      1.7115
   2013.62602740      2.8158
   2013.62605594      4.5336
   2013.62608447      6.6884
   2013.62611301      7.9529
   2013.62614155      8.3452
   2013.62617009      8.1396
   2013.62619863      7.6296
   2013.62622717      7.3931
   2013.62625571      6.0093
   2013.62628425      5.3258
   2013.62631279      4.7642
   2013.62634132      4.0902
   2013.62636986      3.5531
   2013.62639840      3.1082
   2013.62642694      2.8760
   2013.62645548      2.4839
   2013.62648402      2.1775
   2013.62651256      1.8459
   2013.62654110      1.6325
   2013.62656963      1.4448
   2013.62659817      1.2999
   2013.62662671      1.1473
   2013.62665525      1.0168
   2013.62668379      0.9192
   2013.62671233      0.8248
   2013.62674087      0.7401
   2013.62676941      0.6650
   2013.62679795      0.5993
   2013.62682648      0.5413
   2013.62685502      0.4901
   2013.62688356      0.4451
   2013.62691210      0.4053
   2013.62694064      0.3699
   2013.62696918      0.3383
   2013.62699772      0.3099
   2013.62702626      0.2844
   2013.62705479      0.2614
   2013.62708333      0.2405
   2013.62711187      0.2214
   2013.62714041      0.2039
   2013.62716895      0.1881
   2013.62719749      0.1737
   2013.62722603      0.1605
   2013.62725457      0.1486
   2013.62728311      0.1376
   2013.62731164      0.1276
   2013.62734018      0.1184
   2013.62736872      0.1100
   2013.62739726      0.1022
