   2013.62465753      0.0000
   2013.62468607      0.0000
   2013.62471461      0.0000
   2013.62474315      0.0000
   2013.62477169      0.0000
   2013.62480023      0.0000
   2013.62482877      0.0000
   2013.62485731      0.0000
   2013.62488584      0.0000
   2013.62491438      0.0000
   2013.62494292      0.0000
   2013.62497146      0.0000
   2013.62500000      0.0000
   2013.62502854      0.0000
   2013.62505708      0.0000
   2013.62508562      0.0000
   2013.62511416      0.0000
   2013.62514269      0.0000
   2013.62517123      0.0000
   2013.62519977      0.0000
   2013.62522831      0.0000
   2013.62525685      0.0000
   2013.62528539      0.0000
   2013.62531393      0.0000
   2013.62534247      0.0000
   2013.62537100      0.0000
   2013.62539954      0.0000
   2013.62542808      0.0000
   2013.62545662      0.0000
   2013.62548516      0.0000
   2013.62551370      0.0000
   2013.62554224      0.0000
   2013.62557078      0.0000
   2013.62559932      0.0000
   2013.62562785      0.0000
   2013.62565639      0.0000
   2013.62568493      0.0000
   2013.62571347      0.0000
   2013.62574201      0.0000
   2013.62577055      0.0000
   2013.62579909      0.0000
   2013.62582763      0.0000
   2013.62585616      0.0000
   2013.62588470      0.0000
   2013.62591324      0.0000
   2013.62594178      0.0000
   2013.62597032      0.0000
   2013.62599886      0.0000
   2013.62602740      0.0000
   2013.62605594      0.0015
   2013.62608447      0.0021
   2013.62611301      0.0025
   2013.62614155      0.0038
   2013.62617009      0.0041
   2013.62619863      0.0279
   2013.62622717      0.0693
   2013.62625571      0.1236
   2013.62628425      0.2342
   2013.62631279      0.4087
   2013.62634132      0.6909
   2013.62636986      1.1430
   2013.62639840      1.8130
   2013.62642694      2.8435
   2013.62645548      4.2931
   2013.62648402      5.9476
   2013.62651256      7.1133
   2013.62654110      7.7952
   2013.62656963      8.2900
   2013.62659817      8.5998
   2013.62662671      8.8203
   2013.62665525      8.9859
   2013.62668379      9.1029
   2013.62671233      9.1878
   2013.62674087      9.2613
   2013.62676941      9.3495
   2013.62679795      9.3880
   2013.62682648      9.4215
   2013.62685502      9.4410
   2013.62688356      9.4408
   2013.62691210      9.0805
   2013.62694064      8.7731
   2013.62696918      8.5215
   2013.62699772      8.1224
   2013.62702626      7.7427
   2013.62705479      6.9435
   2013.62708333      6.8599
   2013.62711187      6.4354
   2013.62714041      6.3687
   2013.62716895      5.7195
   2013.62719749      5.3609
   2013.62722603      4.6252
   2013.62725457      4.2117
   2013.62728311      4.0759
   2013.62731164      3.8202
   2013.62734018      3.3662
   2013.62736872      3.1423
   2013.62739726      2.9514
   2013.62742580      2.7588
   2013.62745434      2.5885
   2013.62748288      2.3809
   2013.62751142      2.2592
   2013.62753995      2.1316
   2013.62756849      2.0073
   2013.62759703      1.8909
   2013.62762557      1.7841
   2013.62765411      1.6847
   2013.62768265      1.5850
   2013.62771119      1.4938
   2013.62773973      1.4099
   2013.62776826      1.3311
   2013.62779680      1.2557
   2013.62782534      1.1813
   2013.62785388      1.1387
   2013.62788242      1.0566
   2013.62791096      0.9966
   2013.62793950      0.9326
   2013.62796804      0.8841
   2013.62799658      0.8327
   2013.62802511      0.7834
   2013.62805365      0.7363
   2013.62808219      0.6925
   2013.62811073      0.6525
   2013.62813927      0.6162
   2013.62816781      0.5826
   2013.62819635      0.5513
   2013.62822489      0.5221
   2013.62825342      0.4949
   2013.62828196      0.4695
   2013.62831050      0.4457
   2013.62833904      0.4232
   2013.62836758      0.4020
   2013.62839612      0.3821
   2013.62842466      0.3655
   2013.62845320      0.3483
   2013.62848174      0.3319
   2013.62851027      0.3165
   2013.62853881      0.3082
   2013.62856735      0.2960
   2013.62859589      0.2837
   2013.62862443      0.2721
   2013.62865297      0.2714
   2013.62868151      0.2640
   2013.62871005      0.2556
   2013.62873858      0.2480
   2013.62876712      0.2554
   2013.62879566      0.2538
   2013.62882420      0.2510
   2013.62885274      0.2496
   2013.62888128      0.2685
   2013.62890982      0.2763
   2013.62893836      0.2827
   2013.62896689      0.2918
   2013.62899543      0.3290
   2013.62902397      0.3525
   2013.62905251      0.3877
   2013.62908105      0.4140
   2013.62910959      0.4825
   2013.62913813      0.5413
   2013.62916667      0.6068
   2013.62919521      0.6708
   2013.62922374      0.8095
   2013.62925228      0.9430
   2013.62928082      1.1026
   2013.62930936      1.3094
   2013.62933790      1.6272
   2013.62936644      1.9477
   2013.62939498      2.1705
   2013.62942352      2.3903
   2013.62945205      2.5284
   2013.62948059      2.7668
   2013.62950913      2.8888
   2013.62953767      2.9748
   2013.62956621      2.9147
   2013.62959475      3.1544
   2013.62962329      3.2018
   2013.62965183      3.1763
   2013.62968037      3.0416
   2013.62970890      3.2688
   2013.62973744      3.2677
   2013.62976598      3.4399
   2013.62979452      3.0398
   2013.62982306      3.2089
   2013.62985160      3.4628
   2013.62988014      3.2896
   2013.62990868      2.9290
   2013.62993721      3.0576
   2013.62996575      2.9476
   2013.62999429      2.8539
   2013.63002283      2.7971
   2013.63005137      2.7177
   2013.63007991      2.6267
   2013.63010845      2.5345
   2013.63013699      2.4554
   2013.63016553      2.3610
   2013.63019406      2.2623
   2013.63022260      2.1198
   2013.63025114      2.0363
   2013.63027968      1.9438
   2013.63030822      1.8491
   2013.63033676      1.7559
   2013.63036530      1.6665
   2013.63039384      1.5802
   2013.63042237      1.4923
   2013.63045091      1.4145
   2013.63047945      1.3402
   2013.63050799      1.2684
   2013.63053653      1.1982
   2013.63056507      1.1745
   2013.63059361      1.0762
   2013.63062215      1.0137
   2013.63065068      0.9443
   2013.63067922      0.9012
   2013.63070776      0.8503
   2013.63073630      0.8006
   2013.63076484      0.7529
   2013.63079338      0.7078
   2013.63082192      0.6663
   2013.63085046      0.6287
   2013.63087900      0.5939
   2013.63090753      0.5616
   2013.63093607      0.5314
   2013.63096461      0.5033
   2013.63099315      0.4770
   2013.63102169      0.4524
   2013.63105023      0.4292
   2013.63107877      0.4074
   2013.63110731      0.3868
   2013.63113584      0.3675
   2013.63116438      0.3494
   2013.63119292      0.3324
   2013.63122146      0.3165
   2013.63125000      0.3016
   2013.63127854      0.2876
   2013.63130708      0.2744
   2013.63133562      0.2621
   2013.63136416      0.2504
   2013.63139269      0.2394
   2013.63142123      0.2289
   2013.63144977      0.2189
   2013.63147831      0.2095
   2013.63150685      0.2006
   2013.63153539      0.1922
   2013.63156393      0.1843
   2013.63159247      0.1768
   2013.63162100      0.1698
   2013.63164954      0.1630
   2013.63167808      0.1567
   2013.63170662      0.1506
   2013.63173516      0.1449
   2013.63176370      0.1394
   2013.63179224      0.1342
   2013.63182078      0.1293
   2013.63184932      0.1246
   2013.63187785      0.1202
   2013.63190639      0.1160
   2013.63193493      0.1119
   2013.63196347      0.1081
   2013.63199201      0.1045
   2013.63202055      0.1010
