   2013.62465753      0.0000
   2013.62468607      0.0000
   2013.62471461      0.0000
   2013.62474315      0.0000
   2013.62477169      0.0000
   2013.62480023      0.0000
   2013.62482877      0.0000
   2013.62485731      0.0000
   2013.62488584      0.0000
   2013.62491438      0.0000
   2013.62494292      0.0000
   2013.62497146      0.0000
   2013.62500000      0.0000
   2013.62502854      0.0000
   2013.62505708      0.0000
   2013.62508562      0.0000
   2013.62511416      0.0000
   2013.62514269      0.0000
   2013.62517123      0.0000
   2013.62519977      0.0000
   2013.62522831      0.0000
   2013.62525685      0.0000
   2013.62528539      0.0000
   2013.62531393      0.0000
   2013.62534247      0.0000
   2013.62537100      0.0000
   2013.62539954      0.0000
   2013.62542808      0.0000
   2013.62545662      0.0000
   2013.62548516      0.0000
   2013.62551370      0.0000
   2013.62554224      0.0000
   2013.62557078      0.0000
   2013.62559932      0.0000
   2013.62562785      0.0000
   2013.62565639      0.0000
   2013.62568493      0.0000
   2013.62571347      0.0000
   2013.62574201      0.0000
   2013.62577055      0.0000
   2013.62579909      0.0000
   2013.62582763      0.0000
   2013.62585616      0.0000
   2013.62588470      0.0000
   2013.62591324      0.0000
   2013.62594178      0.0000
   2013.62597032      0.0000
   2013.62599886      0.0000
   2013.62602740      0.0000
   2013.62605594      0.0000
   2013.62608447      0.0000
   2013.62611301      0.0000
   2013.62614155      0.0000
   2013.62617009      0.0000
   2013.62619863      0.0000
   2013.62622717      0.0000
   2013.62625571      0.0000
   2013.62628425      0.0000
   2013.62631279      0.0000
   2013.62634132      0.0000
   2013.62636986      0.0000
   2013.62639840      0.1611
   2013.62642694      0.3251
   2013.62645548      0.9113
   2013.62648402      2.1824
   2013.62651256      3.7660
   2013.62654110      6.5151
   2013.62656963     10.7878
   2013.62659817     13.8552
   2013.62662671     14.2775
   2013.62665525     13.5670
   2013.62668379     12.5524
   2013.62671233     11.7973
   2013.62674087     11.0913
   2013.62676941     10.4790
   2013.62679795     10.1240
   2013.62682648      9.9817
   2013.62685502      9.8228
   2013.62688356      9.7825
   2013.62691210      9.7389
   2013.62694064      9.7341
   2013.62696918      9.7192
   2013.62699772      9.7535
   2013.62702626      9.6171
   2013.62705479      9.7134
   2013.62708333      9.6719
   2013.62711187      9.6764
   2013.62714041      9.5215
   2013.62716895      9.5549
   2013.62719749      9.4838
   2013.62722603      9.4456
   2013.62725457      9.2489
   2013.62728311      9.2394
   2013.62731164      9.1470
   2013.62734018      9.0596
   2013.62736872      8.8473
   2013.62739726      8.6942
   2013.62742580      8.2921
   2013.62745434      7.9636
   2013.62748288      7.5495
   2013.62751142      6.7754
   2013.62753995      6.7335
   2013.62756849      6.3395
   2013.62759703      5.7685
   2013.62762557      4.9949
   2013.62765411      4.7546
   2013.62768265      4.3870
   2013.62771119      4.2105
   2013.62773973      3.6379
   2013.62776826      3.3051
   2013.62779680      2.9504
   2013.62782534      2.7033
   2013.62785388      2.4736
   2013.62788242      2.2464
   2013.62791096      2.0400
   2013.62793950      1.8522
   2013.62796804      1.6995
   2013.62799658      1.5752
   2013.62802511      1.4588
   2013.62805365      1.3476
   2013.62808219      1.2467
   2013.62811073      1.2109
   2013.62813927      1.0938
   2013.62816781      1.0180
   2013.62819635      0.9388
   2013.62822489      0.8853
   2013.62825342      0.8308
   2013.62828196      0.7824
   2013.62831050      0.7369
   2013.62833904      0.6926
   2013.62836758      0.6505
   2013.62839612      0.6114
   2013.62842466      0.5758
   2013.62845320      0.5440
   2013.62848174      0.5157
   2013.62851027      0.4902
   2013.62853881      0.4665
   2013.62856735      0.4442
   2013.62859589      0.4229
   2013.62862443      0.4030
   2013.62865297      0.3843
   2013.62868151      0.3669
   2013.62871005      0.3509
   2013.62873858      0.3361
   2013.62876712      0.3227
   2013.62879566      0.3109
   2013.62882420      0.3007
   2013.62885274      0.2924
   2013.62888128      0.2858
   2013.62890982      0.2808
   2013.62893836      0.2772
   2013.62896689      0.2747
   2013.62899543      0.2735
   2013.62902397      0.2736
   2013.62905251      0.2753
   2013.62908105      0.2789
   2013.62910959      0.2851
   2013.62913813      0.2947
   2013.62916667      0.3082
   2013.62919521      0.3260
   2013.62922374      0.3478
   2013.62925228      0.3725
   2013.62928082      0.3980
   2013.62930936      0.4219
   2013.62933790      0.4425
   2013.62936644      0.4584
   2013.62939498      0.4691
   2013.62942352      0.4746
   2013.62945205      0.4753
   2013.62948059      0.4719
   2013.62950913      0.4654
   2013.62953767      0.4563
   2013.62956621      0.4452
   2013.62959475      0.4326
   2013.62962329      0.4189
   2013.62965183      0.4043
   2013.62968037      0.3891
   2013.62970890      0.3736
   2013.62973744      0.3579
   2013.62976598      0.3421
   2013.62979452      0.3264
   2013.62982306      0.3109
   2013.62985160      0.2957
   2013.62988014      0.2808
   2013.62990868      0.2664
   2013.62993721      0.2524
   2013.62996575      0.2389
   2013.62999429      0.2258
   2013.63002283      0.2131
   2013.63005137      0.2009
   2013.63007991      0.1892
   2013.63010845      0.1782
   2013.63013699      0.1678
   2013.63016553      0.1579
   2013.63019406      0.1486
   2013.63022260      0.1399
   2013.63025114      0.1316
   2013.63027968      0.1238
   2013.63030822      0.1165
   2013.63033676      0.1096
   2013.63036530      0.1031
