   2013.62465753      0.0000
   2013.62468607      0.0000
   2013.62471461      0.0000
   2013.62474315      0.0000
   2013.62477169      0.0000
   2013.62480023      0.0000
   2013.62482877      0.0000
   2013.62485731      0.0000
   2013.62488584      0.0000
   2013.62491438      0.0000
   2013.62494292      0.0000
   2013.62497146      0.0000
   2013.62500000      0.0000
   2013.62502854      0.0000
   2013.62505708      0.0000
   2013.62508562      0.0000
   2013.62511416      0.0000
   2013.62514269      0.0000
   2013.62517123      0.0000
   2013.62519977      0.0000
   2013.62522831      0.0000
   2013.62525685      0.0000
   2013.62528539      0.0000
   2013.62531393      0.0000
   2013.62534247      0.0000
   2013.62537100      0.0000
   2013.62539954      0.0000
   2013.62542808      0.0000
   2013.62545662      0.0000
   2013.62548516      0.0000
   2013.62551370      0.0000
   2013.62554224      0.0000
   2013.62557078      0.0000
   2013.62559932      0.0000
   2013.62562785      0.0000
   2013.62565639      0.0000
   2013.62568493      0.0000
   2013.62571347      0.0000
   2013.62574201      0.0000
   2013.62577055      0.0000
   2013.62579909      0.0000
   2013.62582763      0.0000
   2013.62585616      0.0000
   2013.62588470      0.0000
   2013.62591324      0.0000
   2013.62594178      0.0000
   2013.62597032      0.0000
   2013.62599886      0.0000
   2013.62602740      0.0000
   2013.62605594      0.0000
   2013.62608447      0.0000
   2013.62611301      0.0000
   2013.62614155      0.0000
   2013.62617009      0.0018
   2013.62619863      0.0008
   2013.62622717      0.0005
   2013.62625571      0.0004
   2013.62628425      0.0003
   2013.62631279      0.0003
   2013.62634132      0.0112
   2013.62636986      0.0483
   2013.62639840      0.1287
   2013.62642694      0.7797
   2013.62645548      3.2623
   2013.62648402      4.9508
   2013.62651256      4.5425
   2013.62654110      4.5537
   2013.62656963      3.8564
   2013.62659817      3.4153
   2013.62662671      3.0715
   2013.62665525      2.7414
   2013.62668379      2.4473
   2013.62671233      2.1784
   2013.62674087      1.9554
   2013.62676941      1.7686
   2013.62679795      1.6079
   2013.62682648      1.4670
   2013.62685502      1.3428
   2013.62688356      1.2772
   2013.62691210      1.1469
   2013.62694064      1.0631
   2013.62696918      0.9784
   2013.62699772      0.9224
   2013.62702626      0.8636
   2013.62705479      0.8102
   2013.62708333      0.7625
   2013.62711187      0.7203
   2013.62714041      0.6838
   2013.62716895      0.6457
   2013.62719749      0.6115
   2013.62722603      0.5800
   2013.62725457      0.5505
   2013.62728311      0.5228
   2013.62731164      0.4963
   2013.62734018      0.4707
   2013.62736872      0.4458
   2013.62739726      0.4217
   2013.62742580      0.3988
   2013.62745434      0.3771
   2013.62748288      0.3568
   2013.62751142      0.3378
   2013.62753995      0.3201
   2013.62756849      0.3034
   2013.62759703      0.2877
   2013.62762557      0.2729
   2013.62765411      0.2588
   2013.62768265      0.2453
   2013.62771119      0.2325
   2013.62773973      0.2201
   2013.62776826      0.2082
   2013.62779680      0.1969
   2013.62782534      0.1861
   2013.62785388      0.1760
   2013.62788242      0.1664
   2013.62791096      0.1573
   2013.62793950      0.1487
   2013.62796804      0.1406
   2013.62799658      0.1328
   2013.62802511      0.1255
   2013.62805365      0.1186
   2013.62808219      0.1120
   2013.62811073      0.1057
