   2013.62465753      0.0000
   2013.62468607      0.0000
   2013.62471461      0.0000
   2013.62474315      0.0000
   2013.62477169      0.0000
   2013.62480023      0.0000
   2013.62482877      0.0000
   2013.62485731      0.0000
   2013.62488584      0.0000
   2013.62491438      0.0000
   2013.62494292      0.0000
   2013.62497146      0.0000
   2013.62500000      0.0000
   2013.62502854      0.0016
   2013.62505708      0.0032
   2013.62508562      0.0046
   2013.62511416      0.0070
   2013.62514269      0.0462
   2013.62517123      0.1059
   2013.62519977      0.2162
   2013.62522831      0.4626
   2013.62525685      0.9510
   2013.62528539      1.8198
   2013.62531393      2.9555
   2013.62534247      4.6517
   2013.62537100      6.7360
   2013.62539954      8.2113
   2013.62542808      8.8006
   2013.62545662      8.4403
   2013.62548516      8.2958
   2013.62551370      7.4504
   2013.62554224      7.2804
   2013.62557078      5.9372
   2013.62559932      5.2529
   2013.62562785      4.5896
   2013.62565639      4.0639
   2013.62568493      3.6113
   2013.62571347      3.2287
   2013.62574201      2.8849
   2013.62577055      2.5694
   2013.62579909      2.2313
   2013.62582763      2.1454
   2013.62585616      1.9210
   2013.62588470      1.7213
   2013.62591324      1.5584
   2013.62594178      1.5161
   2013.62597032      1.4103
   2013.62599886      1.2914
   2013.62602740      1.2096
   2013.62605594      1.1820
   2013.62608447      1.1731
   2013.62611301      1.1007
   2013.62614155      1.0194
   2013.62617009      1.0779
   2013.62619863      1.0234
   2013.62622717      1.0085
   2013.62625571      1.0420
   2013.62628425      1.0927
   2013.62631279      1.0674
   2013.62634132      1.0897
   2013.62636986      1.1714
   2013.62639840      1.2376
   2013.62642694      1.3163
   2013.62645548      1.3899
   2013.62648402      1.5409
   2013.62651256      1.6749
   2013.62654110      1.7851
   2013.62656963      1.8703
   2013.62659817      2.0405
   2013.62662671      2.1748
   2013.62665525      2.2589
   2013.62668379      2.3123
   2013.62671233      2.4658
   2013.62674087      2.5127
   2013.62676941      2.6301
   2013.62679795      2.6319
   2013.62682648      2.7508
   2013.62685502      2.8344
   2013.62688356      2.7924
   2013.62691210      2.8079
   2013.62694064      2.7916
   2013.62696918      2.8749
   2013.62699772      2.9142
   2013.62702626      2.8518
   2013.62705479      2.7992
   2013.62708333      2.8546
   2013.62711187      2.8521
   2013.62714041      2.7850
   2013.62716895      2.7062
   2013.62719749      2.7422
   2013.62722603      2.7112
   2013.62725457      2.6339
   2013.62728311      2.6384
   2013.62731164      2.5841
   2013.62734018      2.5040
   2013.62736872      2.4282
   2013.62739726      2.4101
   2013.62742580      2.3370
   2013.62745434      2.2664
   2013.62748288      2.1359
   2013.62751142      2.1114
   2013.62753995      2.0784
   2013.62756849      2.0073
   2013.62759703      1.8947
   2013.62762557      1.8518
   2013.62765411      1.8159
   2013.62768265      1.7531
   2013.62771119      1.6476
   2013.62773973      1.5637
   2013.62776826      1.5639
   2013.62779680      1.5077
   2013.62782534      1.4242
   2013.62785388      1.2655
   2013.62788242      1.3335
   2013.62791096      1.2762
   2013.62793950      1.2150
   2013.62796804      1.1487
   2013.62799658      1.1164
   2013.62802511      1.0455
   2013.62805365      1.0276
   2013.62808219      0.9979
   2013.62811073      0.9585
   2013.62813927      0.9066
   2013.62816781      0.8726
   2013.62819635      0.8517
   2013.62822489      0.8190
   2013.62825342      0.7825
   2013.62828196      0.7493
   2013.62831050      0.7380
   2013.62833904      0.7150
   2013.62836758      0.6891
   2013.62839612      0.6661
   2013.62842466      0.6664
   2013.62845320      0.6509
   2013.62848174      0.6326
   2013.62851027      0.6169
   2013.62853881      0.6286
   2013.62856735      0.6214
   2013.62859589      0.6115
   2013.62862443      0.6048
   2013.62865297      0.6287
   2013.62868151      0.6501
   2013.62871005      0.6402
   2013.62873858      0.6298
   2013.62876712      0.6755
   2013.62879566      0.7196
   2013.62882420      0.7166
   2013.62885274      0.7407
   2013.62888128      0.8032
   2013.62890982      0.8686
   2013.62893836      0.8804
   2013.62896689      0.9240
   2013.62899543      1.0146
   2013.62902397      1.0879
   2013.62905251      1.1724
   2013.62908105      1.2529
   2013.62910959      1.3976
   2013.62913813      1.5244
   2013.62916667      1.6351
   2013.62919521      1.7225
   2013.62922374      1.8881
   2013.62925228      2.0212
   2013.62928082      2.1145
   2013.62930936      2.1812
   2013.62933790      2.3456
   2013.62936644      2.4662
   2013.62939498      2.4936
   2013.62942352      2.5643
   2013.62945205      2.7042
   2013.62948059      2.8053
   2013.62950913      2.7909
   2013.62953767      2.8257
   2013.62956621      2.8220
   2013.62959475      2.9525
   2013.62962329      2.9709
   2013.62965183      3.1519
   2013.62968037      2.9219
   2013.62970890      3.0320
   2013.62973744      3.0200
   2013.62976598      2.9736
   2013.62979452      2.9201
   2013.62982306      2.9891
   2013.62985160      2.9872
   2013.62988014      2.9067
   2013.62990868      2.8007
   2013.62993721      2.8588
   2013.62996575      2.8270
   2013.62999429      2.7447
   2013.63002283      2.7436
   2013.63005137      2.6992
   2013.63007991      2.6078
   2013.63010845      2.5284
   2013.63013699      2.5063
   2013.63016553      2.4342
   2013.63019406      2.3601
   2013.63022260      2.2740
   2013.63025114      2.1590
   2013.63027968      2.0807
   2013.63030822      1.9833
   2013.63033676      1.8866
   2013.63036530      1.7894
   2013.63039384      1.6906
   2013.63042237      1.5905
   2013.63045091      1.5000
   2013.63047945      1.4119
   2013.63050799      1.3263
   2013.63053653      1.2424
   2013.63056507      1.2107
   2013.63059361      1.0934
   2013.63062215      1.0171
   2013.63065068      0.9405
   2013.63067922      0.8806
   2013.63070776      0.8176
   2013.63073630      0.7571
   2013.63076484      0.6997
   2013.63079338      0.6466
   2013.63082192      0.5981
   2013.63085046      0.5535
   2013.63087900      0.5128
   2013.63090753      0.4757
   2013.63093607      0.4418
   2013.63096461      0.4104
   2013.63099315      0.3815
   2013.63102169      0.3546
   2013.63105023      0.3298
   2013.63107877      0.3068
   2013.63110731      0.2856
   2013.63113584      0.2660
   2013.63116438      0.2479
   2013.63119292      0.2309
   2013.63122146      0.2151
   2013.63125000      0.2005
   2013.63127854      0.1870
   2013.63130708      0.1745
   2013.63133562      0.1629
   2013.63136416      0.1522
   2013.63139269      0.1423
   2013.63142123      0.1331
   2013.63144977      0.1246
   2013.63147831      0.1166
   2013.63150685      0.1092
   2013.63153539      0.1024
