   2013.62465753      0.0000
   2013.62468607      0.0000
   2013.62471461      0.0000
   2013.62474315      0.0000
   2013.62477169      0.0000
   2013.62480023      0.0000
   2013.62482877      0.0000
   2013.62485731      0.0000
   2013.62488584      0.0000
   2013.62491438      0.0000
   2013.62494292      0.0000
   2013.62497146      0.0000
   2013.62500000      0.0000
   2013.62502854      0.0000
   2013.62505708      0.0000
   2013.62508562      0.0000
   2013.62511416      0.0000
   2013.62514269      0.0000
   2013.62517123      0.0000
   2013.62519977      0.0000
   2013.62522831      0.0000
   2013.62525685      0.0000
   2013.62528539      0.0000
   2013.62531393      0.0000
   2013.62534247      0.0000
   2013.62537100      0.0000
   2013.62539954      0.0000
   2013.62542808      0.0000
   2013.62545662      0.0000
   2013.62548516      0.0000
   2013.62551370      0.0000
   2013.62554224      0.0000
   2013.62557078      0.0000
   2013.62559932      0.0000
   2013.62562785      0.0000
   2013.62565639      0.0000
   2013.62568493      0.0000
   2013.62571347      0.0000
   2013.62574201      0.0000
   2013.62577055      0.0000
   2013.62579909      0.0000
   2013.62582763      0.0000
   2013.62585616      0.0000
   2013.62588470      0.0000
   2013.62591324      0.0000
   2013.62594178      0.0000
   2013.62597032      0.0000
   2013.62599886      0.0000
   2013.62602740      0.0000
   2013.62605594      1.9236
   2013.62608447     10.8439
   2013.62611301     26.3406
   2013.62614155     53.6326
   2013.62617009     57.6449
   2013.62619863     46.8850
   2013.62622717     36.6846
   2013.62625571     28.8572
   2013.62628425     22.6093
   2013.62631279     18.7843
   2013.62634132     15.9057
   2013.62636986     13.1219
   2013.62639840     10.7875
   2013.62642694      9.0770
   2013.62645548      7.8112
   2013.62648402      6.5532
   2013.62651256      5.5513
   2013.62654110      4.6308
   2013.62656963      3.9138
   2013.62659817      3.4169
   2013.62662671      3.1178
   2013.62665525      2.6441
   2013.62668379      2.2873
   2013.62671233      1.8947
   2013.62674087      1.6861
   2013.62676941      1.4841
   2013.62679795      1.3312
   2013.62682648      1.1680
   2013.62685502      1.0299
   2013.62688356      0.9283
   2013.62691210      0.8306
   2013.62694064      0.7434
   2013.62696918      0.6667
   2013.62699772      0.5998
   2013.62702626      0.5409
   2013.62705479      0.4891
   2013.62708333      0.4435
   2013.62711187      0.4033
   2013.62714041      0.3677
   2013.62716895      0.3359
   2013.62719749      0.3074
   2013.62722603      0.2819
   2013.62725457      0.2589
   2013.62728311      0.2379
   2013.62731164      0.2188
   2013.62734018      0.2014
   2013.62736872      0.1857
   2013.62739726      0.1713
   2013.62742580      0.1583
   2013.62745434      0.1464
   2013.62748288      0.1356
   2013.62751142      0.1257
   2013.62753995      0.1166
   2013.62756849      0.1082
   2013.62759703      0.1005
