   2013.62465753      0.0000
   2013.62468607      0.0000
   2013.62471461      0.0000
   2013.62474315      0.0000
   2013.62477169      0.0000
   2013.62480023      0.0000
   2013.62482877      0.0000
   2013.62485731      0.0000
   2013.62488584      0.0000
   2013.62491438      0.0000
   2013.62494292      0.0000
   2013.62497146      0.0000
   2013.62500000      0.0000
   2013.62502854      0.0000
   2013.62505708      0.0000
   2013.62508562      0.0000
   2013.62511416      0.0000
   2013.62514269      0.0000
   2013.62517123      0.0000
   2013.62519977      0.0000
   2013.62522831      0.0000
   2013.62525685      0.0000
   2013.62528539      0.0000
   2013.62531393      0.0000
   2013.62534247      0.0000
   2013.62537100      0.0000
   2013.62539954      0.0000
   2013.62542808      0.0000
   2013.62545662      0.0000
   2013.62548516      0.0000
   2013.62551370      0.0000
   2013.62554224      0.0000
   2013.62557078      0.0000
   2013.62559932      0.0000
   2013.62562785      0.0000
   2013.62565639      0.0000
   2013.62568493      0.0000
   2013.62571347      0.0000
   2013.62574201      0.0000
   2013.62577055      0.0000
   2013.62579909      0.0000
   2013.62582763      0.0000
   2013.62585616      0.0000
   2013.62588470      0.0000
   2013.62591324      0.0000
   2013.62594178      0.0000
   2013.62597032      0.0000
   2013.62599886      0.0000
   2013.62602740      0.0000
   2013.62605594      0.0000
   2013.62608447      0.0000
   2013.62611301      0.0000
   2013.62614155      0.0000
   2013.62617009      0.0000
   2013.62619863      0.0000
   2013.62622717      0.0000
   2013.62625571      0.0000
   2013.62628425      0.0000
   2013.62631279      0.0000
   2013.62634132      0.0000
   2013.62636986      0.0000
   2013.62639840      0.0000
   2013.62642694      0.0000
   2013.62645548      0.0000
   2013.62648402      0.0000
   2013.62651256      0.3064
   2013.62654110      0.8419
   2013.62656963      2.6559
   2013.62659817      4.9423
   2013.62662671      8.6367
   2013.62665525     15.0560
   2013.62668379     18.2201
   2013.62671233     17.2352
   2013.62674087     14.9992
   2013.62676941     13.0673
   2013.62679795     11.2721
   2013.62682648      9.8226
   2013.62685502      8.8470
   2013.62688356      8.0505
   2013.62691210      7.3028
   2013.62694064      6.7665
   2013.62696918      6.3066
   2013.62699772      5.9629
   2013.62702626      5.7368
   2013.62705479      5.4351
   2013.62708333      5.8182
   2013.62711187      5.5999
   2013.62714041      5.6370
   2013.62716895      5.3803
   2013.62719749      5.5135
   2013.62722603      5.5758
   2013.62725457      5.4471
   2013.62728311      5.0348
   2013.62731164      5.1418
   2013.62734018      5.0280
   2013.62736872      5.0538
   2013.62739726      4.6073
   2013.62742580      4.4078
   2013.62745434      4.0954
   2013.62748288      4.0118
   2013.62751142      3.4211
   2013.62753995      3.3955
   2013.62756849      3.2058
   2013.62759703      2.9901
   2013.62762557      2.8674
   2013.62765411      2.6922
   2013.62768265      2.5425
   2013.62771119      2.3409
   2013.62773973      2.2715
   2013.62776826      2.1978
   2013.62779680      2.0948
   2013.62782534      1.9563
   2013.62785388      1.9039
   2013.62788242      1.8561
   2013.62791096      1.7483
   2013.62793950      1.6774
   2013.62796804      1.6389
   2013.62799658      1.6039
   2013.62802511      1.5481
   2013.62805365      1.5302
   2013.62808219      1.3233
   2013.62811073      1.4045
   2013.62813927      1.3632
   2013.62816781      1.3047
   2013.62819635      1.1919
   2013.62822489      1.2518
   2013.62825342      1.2558
   2013.62828196      1.1732
   2013.62831050      1.0887
   2013.62833904      1.1463
   2013.62836758      1.1262
   2013.62839612      1.0986
   2013.62842466      1.0566
   2013.62845320      1.0978
   2013.62848174      1.0911
   2013.62851027      1.1279
   2013.62853881      1.0362
   2013.62856735      1.1097
   2013.62859589      1.1254
   2013.62862443      1.1300
   2013.62865297      1.1838
   2013.62868151      1.2108
   2013.62871005      1.2449
   2013.62873858      1.2693
   2013.62876712      1.3556
   2013.62879566      1.4199
   2013.62882420      1.4824
   2013.62885274      1.5303
   2013.62888128      1.6615
   2013.62890982      1.7671
   2013.62893836      1.8538
   2013.62896689      1.9210
   2013.62899543      2.0970
   2013.62902397      2.2340
   2013.62905251      2.3037
   2013.62908105      2.4163
   2013.62910959      2.6180
   2013.62913813      2.7661
   2013.62916667      2.8178
   2013.62919521      2.9655
   2013.62922374      2.9998
   2013.62925228      3.2700
   2013.62928082      3.2970
   2013.62930936      3.3799
   2013.62933790      3.5132
   2013.62936644      3.6648
   2013.62939498      3.7242
   2013.62942352      3.7587
   2013.62945205      4.0393
   2013.62948059      3.9573
   2013.62950913      3.9834
   2013.62953767      3.9719
   2013.62956621      3.7387
   2013.62959475      4.2225
   2013.62962329      4.2630
   2013.62965183      4.1423
   2013.62968037      4.0381
   2013.62970890      3.9064
   2013.62973744      3.9269
   2013.62976598      4.0550
   2013.62979452      3.7899
   2013.62982306      3.8562
   2013.62985160      3.6993
   2013.62988014      3.6263
   2013.62990868      3.7176
   2013.62993721      3.6384
   2013.62996575      3.6066
   2013.62999429      3.6199
   2013.63002283      3.3625
   2013.63005137      3.1240
   2013.63007991      3.0491
   2013.63010845      2.9713
   2013.63013699      2.8742
   2013.63016553      2.7510
   2013.63019406      2.6313
   2013.63022260      2.5468
   2013.63025114      2.4203
   2013.63027968      2.3577
   2013.63030822      2.2648
   2013.63033676      2.1553
   2013.63036530      2.0432
   2013.63039384      1.9316
   2013.63042237      1.8292
   2013.63045091      1.7393
   2013.63047945      1.6387
   2013.63050799      1.5564
   2013.63053653      1.4753
   2013.63056507      1.3932
   2013.63059361      1.3090
   2013.63062215      1.2242
   2013.63065068      1.1633
   2013.63067922      1.0669
   2013.63070776      0.9730
   2013.63073630      0.9140
   2013.63076484      0.8450
   2013.63079338      0.7778
   2013.63082192      0.7142
   2013.63085046      0.6555
   2013.63087900      0.6022
   2013.63090753      0.5536
   2013.63093607      0.5095
   2013.63096461      0.4698
   2013.63099315      0.4338
   2013.63102169      0.4009
   2013.63105023      0.3708
   2013.63107877      0.3431
   2013.63110731      0.3178
   2013.63113584      0.2945
   2013.63116438      0.2731
   2013.63119292      0.2535
   2013.63122146      0.2353
   2013.63125000      0.2184
   2013.63127854      0.2029
   2013.63130708      0.1886
   2013.63133562      0.1754
   2013.63136416      0.1632
   2013.63139269      0.1521
   2013.63142123      0.1417
   2013.63144977      0.1322
   2013.63147831      0.1234
   2013.63150685      0.1152
   2013.63153539      0.1077
   2013.63156393      0.1006
