   2013.62465753      0.0000
   2013.62468607      0.0000
   2013.62471461      0.0000
   2013.62474315      0.0000
   2013.62477169      0.0000
   2013.62480023      0.0000
   2013.62482877      0.0000
   2013.62485731      0.0000
   2013.62488584      0.0000
   2013.62491438      0.0000
   2013.62494292      0.0000
   2013.62497146      0.0000
   2013.62500000      0.0000
   2013.62502854      0.0000
   2013.62505708      0.0000
   2013.62508562      0.0000
   2013.62511416      0.0000
   2013.62514269      0.0000
   2013.62517123      0.0000
   2013.62519977      0.0000
   2013.62522831      0.0000
   2013.62525685      0.0000
   2013.62528539      0.0000
   2013.62531393      0.0000
   2013.62534247      0.0000
   2013.62537100      0.0000
   2013.62539954      0.0000
   2013.62542808      0.0000
   2013.62545662      0.0000
   2013.62548516      0.0000
   2013.62551370      0.0000
   2013.62554224      0.0000
   2013.62557078      0.0000
   2013.62559932      0.0000
   2013.62562785      0.0000
   2013.62565639      0.0000
   2013.62568493      0.0000
   2013.62571347      0.0000
   2013.62574201      0.0000
   2013.62577055      0.0000
   2013.62579909      0.0000
   2013.62582763      0.0000
   2013.62585616      0.0000
   2013.62588470      0.0000
   2013.62591324      0.0000
   2013.62594178      0.0000
   2013.62597032      0.0000
   2013.62599886      0.0000
   2013.62602740      0.0000
   2013.62605594      0.0000
   2013.62608447      0.0000
   2013.62611301      0.0000
   2013.62614155      0.0000
   2013.62617009      0.0000
   2013.62619863      0.0000
   2013.62622717      0.0000
   2013.62625571      0.0000
   2013.62628425      0.0000
   2013.62631279      0.0000
   2013.62634132      0.0000
   2013.62636986      0.0000
   2013.62639840      0.0000
   2013.62642694      0.0000
   2013.62645548      0.0000
   2013.62648402      0.0000
   2013.62651256      0.0000
   2013.62654110      0.0000
   2013.62656963      0.0000
   2013.62659817      0.0000
   2013.62662671      0.0000
   2013.62665525      0.0000
   2013.62668379      0.0000
   2013.62671233      0.0000
   2013.62674087      2.4742
   2013.62676941     13.1866
   2013.62679795     32.0393
   2013.62682648     60.6595
   2013.62685502     57.7086
   2013.62688356     46.9634
   2013.62691210     34.2214
   2013.62694064     26.5288
   2013.62696918     22.4984
   2013.62699772     19.4082
   2013.62702626     17.2640
   2013.62705479     16.0597
   2013.62708333     15.0800
   2013.62711187     14.5145
   2013.62714041     14.0805
   2013.62716895     13.8570
   2013.62719749     13.6836
   2013.62722603     13.6076
   2013.62725457     13.4735
   2013.62728311     13.4020
   2013.62731164     13.3166
   2013.62734018     13.2598
   2013.62736872     13.1289
   2013.62739726     13.0554
   2013.62742580     12.9548
   2013.62745434     12.8790
   2013.62748288     12.7521
   2013.62751142     12.6633
   2013.62753995     12.5505
   2013.62756849     12.1943
   2013.62759703     11.7917
   2013.62762557     10.7367
   2013.62765411     10.6637
   2013.62768265     10.0349
   2013.62771119      9.2237
   2013.62773973      8.5296
   2013.62776826      8.0225
   2013.62779680      7.2351
   2013.62782534      6.7589
   2013.62785388      5.6136
   2013.62788242      5.5686
   2013.62791096      5.1359
   2013.62793950      4.6958
   2013.62796804      4.4113
   2013.62799658      4.1127
   2013.62802511      3.8665
   2013.62805365      3.8503
   2013.62808219      3.3335
   2013.62811073      3.4107
   2013.62813927      3.3031
   2013.62816781      3.3844
   2013.62819635      3.0590
   2013.62822489      3.1064
   2013.62825342      3.0714
   2013.62828196      3.0132
   2013.62831050      2.9631
   2013.62833904      3.0300
   2013.62836758      3.0257
   2013.62839612      3.1998
   2013.62842466      2.9715
   2013.62845320      3.1579
   2013.62848174      3.1055
   2013.62851027      3.1431
   2013.62853881      3.0786
   2013.62856735      3.3234
   2013.62859589      3.3020
   2013.62862443      3.3416
   2013.62865297      3.5374
   2013.62868151      3.6043
   2013.62871005      3.6015
   2013.62873858      3.7279
   2013.62876712      3.6831
   2013.62879566      4.0276
   2013.62882420      4.0244
   2013.62885274      4.1788
   2013.62888128      4.2284
   2013.62890982      4.7928
   2013.62893836      4.6027
   2013.62896689      4.7510
   2013.62899543      4.3940
   2013.62902397      4.7155
   2013.62905251      5.3288
   2013.62908105      5.7913
   2013.62910959      5.4262
   2013.62913813      5.3654
   2013.62916667      5.0767
   2013.62919521      4.8620
   2013.62922374      5.1331
   2013.62925228      5.4375
   2013.62928082      5.7930
   2013.62930936      5.7680
   2013.62933790      5.4668
   2013.62936644      5.0630
   2013.62939498      4.6672
   2013.62942352      4.4055
   2013.62945205      4.5555
   2013.62948059      4.5419
   2013.62950913      4.2446
   2013.62953767      4.0234
   2013.62956621      3.9483
   2013.62959475      3.6925
   2013.62962329      3.2235
   2013.62965183      3.0143
   2013.62968037      2.7663
   2013.62970890      2.6058
   2013.62973744      2.4625
   2013.62976598      2.4320
   2013.62979452      2.2061
   2013.62982306      2.0319
   2013.62985160      1.8632
   2013.62988014      1.6412
   2013.62990868      1.4968
   2013.62993721      1.3625
   2013.62996575      1.2981
   2013.62999429      1.1324
   2013.63002283      1.0396
   2013.63005137      0.9555
   2013.63007991      0.8802
   2013.63010845      0.8094
   2013.63013699      0.7425
   2013.63016553      0.6810
   2013.63019406      0.6257
   2013.63022260      0.5756
   2013.63025114      0.5299
   2013.63027968      0.4885
   2013.63030822      0.4510
   2013.63033676      0.4168
   2013.63036530      0.3856
   2013.63039384      0.3570
   2013.63042237      0.3308
   2013.63045091      0.3067
   2013.63047945      0.2846
   2013.63050799      0.2643
   2013.63053653      0.2456
   2013.63056507      0.2282
   2013.63059361      0.2121
   2013.63062215      0.1972
   2013.63065068      0.1835
   2013.63067922      0.1709
   2013.63070776      0.1592
   2013.63073630      0.1485
   2013.63076484      0.1386
   2013.63079338      0.1294
   2013.63082192      0.1209
   2013.63085046      0.1130
   2013.63087900      0.1056
