   2013.62465753      0.0000
   2013.62468607      0.0000
   2013.62471461      0.0000
   2013.62474315      0.0000
   2013.62477169      0.0000
   2013.62480023      0.0000
   2013.62482877      0.0000
   2013.62485731      0.0000
   2013.62488584      0.0000
   2013.62491438      0.0000
   2013.62494292      0.0000
   2013.62497146      0.0000
   2013.62500000      0.0000
   2013.62502854      0.0000
   2013.62505708      0.0000
   2013.62508562      0.0000
   2013.62511416      0.0000
   2013.62514269      0.0000
   2013.62517123      0.0000
   2013.62519977      0.0000
   2013.62522831      0.0000
   2013.62525685      0.0000
   2013.62528539      0.0000
   2013.62531393      0.0001
   2013.62534247      0.0003
   2013.62537100      0.0005
   2013.62539954      0.0008
   2013.62542808      0.0010
   2013.62545662      0.0011
   2013.62548516      0.0013
   2013.62551370      0.0015
   2013.62554224      0.0016
   2013.62557078      0.0018
   2013.62559932      0.0027
   2013.62562785      0.0284
   2013.62565639      0.0555
   2013.62568493      0.0827
   2013.62571347      0.1248
   2013.62574201      0.1908
   2013.62577055      0.2777
   2013.62579909      0.4025
   2013.62582763      0.5601
   2013.62585616      0.7831
   2013.62588470      1.0611
   2013.62591324      1.4056
   2013.62594178      1.8773
   2013.62597032      2.3716
   2013.62599886      2.7783
   2013.62602740      3.0832
   2013.62605594      3.2971
   2013.62608447      3.4356
   2013.62611301      3.6232
   2013.62614155      3.6801
   2013.62617009      3.7277
   2013.62619863      3.7585
   2013.62622717      3.7852
   2013.62625571      3.8109
   2013.62628425      3.8069
   2013.62631279      3.6808
   2013.62634132      3.6143
   2013.62636986      3.6130
   2013.62639840      3.5107
   2013.62642694      3.1948
   2013.62645548      3.0536
   2013.62648402      2.8185
   2013.62651256      2.6378
   2013.62654110      2.4576
   2013.62656963      2.2831
   2013.62659817      2.1672
   2013.62662671      1.9890
   2013.62665525      1.7366
   2013.62668379      1.6125
   2013.62671233      1.4735
   2013.62674087      1.3423
   2013.62676941      1.2165
   2013.62679795      1.1120
   2013.62682648      1.0136
   2013.62685502      0.9270
   2013.62688356      0.8463
   2013.62691210      0.7701
   2013.62694064      0.6998
   2013.62696918      0.6369
   2013.62699772      0.5807
   2013.62702626      0.5301
   2013.62705479      0.4847
   2013.62708333      0.4441
   2013.62711187      0.4075
   2013.62714041      0.3744
   2013.62716895      0.3445
   2013.62719749      0.3173
   2013.62722603      0.2926
   2013.62725457      0.2702
   2013.62728311      0.2497
   2013.62731164      0.2308
   2013.62734018      0.2135
   2013.62736872      0.1976
   2013.62739726      0.1830
   2013.62742580      0.1697
   2013.62745434      0.1575
   2013.62748288      0.1463
   2013.62751142      0.1360
   2013.62753995      0.1265
   2013.62756849      0.1178
   2013.62759703      0.1097
   2013.62762557      0.1022
