   2013.62465753      0.0000
   2013.62468607      0.0000
   2013.62471461      0.0000
   2013.62474315      0.0000
   2013.62477169      0.0000
   2013.62480023      0.0000
   2013.62482877      0.0000
   2013.62485731      0.0000
   2013.62488584      0.0000
   2013.62491438      0.0000
   2013.62494292      0.0000
   2013.62497146      0.0000
   2013.62500000      0.0000
   2013.62502854      0.0000
   2013.62505708      0.0000
   2013.62508562      0.0000
   2013.62511416      0.0000
   2013.62514269      0.0000
   2013.62517123      0.0000
   2013.62519977      0.0000
   2013.62522831      0.0000
   2013.62525685      0.0000
   2013.62528539      0.0000
   2013.62531393      0.0000
   2013.62534247      0.0000
   2013.62537100      0.0000
   2013.62539954      0.0000
   2013.62542808      0.0000
   2013.62545662      0.0000
   2013.62548516      0.0000
   2013.62551370      0.0000
   2013.62554224      0.0000
   2013.62557078      0.0000
   2013.62559932      0.0000
   2013.62562785      0.0000
   2013.62565639      0.0000
   2013.62568493      0.0000
   2013.62571347      0.0000
   2013.62574201      0.0000
   2013.62577055      0.0000
   2013.62579909      0.0000
   2013.62582763      0.0000
   2013.62585616      0.0000
   2013.62588470      0.0000
   2013.62591324      0.0000
   2013.62594178      0.0000
   2013.62597032      0.0000
   2013.62599886      0.0000
   2013.62602740      0.0000
   2013.62605594      0.0000
   2013.62608447      0.0000
   2013.62611301      0.0000
   2013.62614155      0.0000
   2013.62617009      0.0000
   2013.62619863      0.0000
   2013.62622717      0.0000
   2013.62625571      0.0000
   2013.62628425      0.4191
   2013.62631279      1.4663
   2013.62634132      4.4096
   2013.62636986      8.1181
   2013.62639840     16.3829
   2013.62642694     24.0589
   2013.62645548     24.0490
   2013.62648402     21.3120
   2013.62651256     18.1622
   2013.62654110     15.8554
   2013.62656963     14.0515
   2013.62659817     12.9642
   2013.62662671     12.0497
   2013.62665525     11.5109
   2013.62668379     11.1112
   2013.62671233     10.9069
   2013.62674087     10.8010
   2013.62676941     10.8515
   2013.62679795     10.8597
   2013.62682648     10.9274
   2013.62685502     10.9712
   2013.62688356     11.0599
   2013.62691210     10.9414
   2013.62694064     11.0851
   2013.62696918     11.0446
   2013.62699772     11.0634
   2013.62702626     10.8379
   2013.62705479     10.8858
   2013.62708333     10.7691
   2013.62711187     10.6008
   2013.62714041     10.4265
   2013.62716895     10.3950
   2013.62719749     10.2518
   2013.62722603     10.0149
   2013.62725457      9.7985
   2013.62728311      9.5196
   2013.62731164      9.8294
   2013.62734018      9.7397
   2013.62736872      9.5266
   2013.62739726      9.2697
   2013.62742580      9.0731
   2013.62745434      8.7084
   2013.62748288      8.2918
   2013.62751142      7.7575
   2013.62753995      7.6944
   2013.62756849      7.1298
   2013.62759703      6.7880
   2013.62762557      5.7029
   2013.62765411      5.8221
   2013.62768265      5.5897
   2013.62771119      4.7349
   2013.62773973      4.4246
   2013.62776826      4.1012
   2013.62779680      4.0917
   2013.62782534      3.4938
   2013.62785388      3.3693
   2013.62788242      3.2015
   2013.62791096      2.9811
   2013.62793950      2.8016
   2013.62796804      2.6457
   2013.62799658      2.5681
   2013.62802511      2.4431
   2013.62805365      2.3204
   2013.62808219      2.2225
   2013.62811073      2.1672
   2013.62813927      2.0809
   2013.62816781      1.9461
   2013.62819635      1.9322
   2013.62822489      1.9081
   2013.62825342      1.8505
   2013.62828196      1.7854
   2013.62831050      1.7911
   2013.62833904      1.7648
   2013.62836758      1.7341
   2013.62839612      1.6950
   2013.62842466      1.7740
   2013.62845320      1.8486
   2013.62848174      1.8039
   2013.62851027      1.7538
   2013.62853881      1.7392
   2013.62856735      1.7490
   2013.62859589      1.9311
   2013.62862443      2.1057
   2013.62865297      2.1900
   2013.62868151      2.1747
   2013.62871005      2.1318
   2013.62873858      2.1355
   2013.62876712      2.4663
   2013.62879566      2.7906
   2013.62882420      2.9817
   2013.62885274      2.9955
   2013.62888128      2.9325
   2013.62890982      2.9307
   2013.62893836      3.1533
   2013.62896689      3.4352
   2013.62899543      3.6915
   2013.62902397      3.7142
   2013.62905251      3.6100
   2013.62908105      3.8097
   2013.62910959      3.4724
   2013.62913813      3.6308
   2013.62916667      3.6815
   2013.62919521      3.8712
   2013.62922374      3.6150
   2013.62925228      3.4072
   2013.62928082      3.2745
   2013.62930936      2.9858
   2013.62933790      2.9127
   2013.62936644      2.7603
   2013.62939498      2.6273
   2013.62942352      2.4462
   2013.62945205      2.4124
   2013.62948059      2.1757
   2013.62950913      2.0060
   2013.62953767      1.8568
   2013.62956621      1.7223
   2013.62959475      1.5337
   2013.62962329      1.4270
   2013.62965183      1.3201
   2013.62968037      1.2787
   2013.62970890      1.1367
   2013.62973744      1.0445
   2013.62976598      0.9558
   2013.62979452      0.8833
   2013.62982306      0.8099
   2013.62985160      0.7408
   2013.62988014      0.6767
   2013.62990868      0.6187
   2013.62993721      0.5663
   2013.62996575      0.5191
   2013.62999429      0.4768
   2013.63002283      0.4388
   2013.63005137      0.4044
   2013.63007991      0.3732
   2013.63010845      0.3447
   2013.63013699      0.3187
   2013.63016553      0.2950
   2013.63019406      0.2733
   2013.63022260      0.2535
   2013.63025114      0.2352
   2013.63027968      0.2182
   2013.63030822      0.2026
   2013.63033676      0.1883
   2013.63036530      0.1752
   2013.63039384      0.1631
   2013.63042237      0.1519
   2013.63045091      0.1417
   2013.63047945      0.1322
   2013.63050799      0.1235
   2013.63053653      0.1154
   2013.63056507      0.1078
   2013.63059361      0.1009
