   2013.62465753      0.0000
   2013.62468607      0.0000
   2013.62471461      0.0000
   2013.62474315      0.0000
   2013.62477169      0.0000
   2013.62480023      0.0000
   2013.62482877      0.0000
   2013.62485731      0.0000
   2013.62488584      0.0000
   2013.62491438      0.0000
   2013.62494292      0.0000
   2013.62497146      0.0000
   2013.62500000      0.0000
   2013.62502854      0.0000
   2013.62505708      0.0000
   2013.62508562      0.0000
   2013.62511416      0.0000
   2013.62514269      0.0000
   2013.62517123      0.0000
   2013.62519977      0.0000
   2013.62522831      0.0000
   2013.62525685      0.0000
   2013.62528539      0.0000
   2013.62531393      0.0000
   2013.62534247      0.0000
   2013.62537100      0.0000
   2013.62539954      0.0000
   2013.62542808      0.0000
   2013.62545662      0.0000
   2013.62548516      0.0000
   2013.62551370      0.0000
   2013.62554224      0.0000
   2013.62557078      0.0000
   2013.62559932      0.0000
   2013.62562785      0.0000
   2013.62565639      0.0000
   2013.62568493      0.0000
   2013.62571347      0.0000
   2013.62574201      0.0000
   2013.62577055      0.0000
   2013.62579909      0.0000
   2013.62582763      0.0000
   2013.62585616      0.0000
   2013.62588470      0.0000
   2013.62591324      0.0000
   2013.62594178      0.0000
   2013.62597032      0.0000
   2013.62599886      0.0000
   2013.62602740      0.0000
   2013.62605594      0.0000
   2013.62608447      0.0000
   2013.62611301      0.0000
   2013.62614155      0.0000
   2013.62617009      0.0000
   2013.62619863      0.0000
   2013.62622717      0.0000
   2013.62625571      0.0000
   2013.62628425      0.0000
   2013.62631279      0.0000
   2013.62634132      0.0000
   2013.62636986      0.0000
   2013.62639840      0.0000
   2013.62642694      0.0000
   2013.62645548      0.0000
   2013.62648402      0.0000
   2013.62651256      0.0000
   2013.62654110      0.0000
   2013.62656963      0.0000
   2013.62659817      0.0000
   2013.62662671      0.0000
   2013.62665525      0.0000
   2013.62668379      0.0000
   2013.62671233      0.0000
   2013.62674087      0.0000
   2013.62676941      0.0000
   2013.62679795      0.0000
   2013.62682648      0.0000
   2013.62685502      0.0000
   2013.62688356      0.0000
   2013.62691210      0.0000
   2013.62694064      0.0000
   2013.62696918      0.5974
   2013.62699772      3.2977
   2013.62702626      9.6702
   2013.62705479     21.1456
   2013.62708333     34.6073
   2013.62711187     32.7878
   2013.62714041     26.6602
   2013.62716895     21.3465
   2013.62719749     16.8953
   2013.62722603     13.5642
   2013.62725457     11.1834
   2013.62728311      9.3509
   2013.62731164      8.1602
   2013.62734018      7.3957
   2013.62736872      5.8403
   2013.62739726      5.1386
   2013.62742580      4.7475
   2013.62745434      3.8947
   2013.62748288      3.4069
   2013.62751142      2.9996
   2013.62753995      2.8125
   2013.62756849      2.4437
   2013.62759703      2.1633
   2013.62762557      1.9253
   2013.62765411      1.6572
   2013.62768265      1.4864
   2013.62771119      1.3371
   2013.62773973      1.2042
   2013.62776826      1.0972
   2013.62779680      1.0002
   2013.62782534      0.9193
   2013.62785388      0.8454
   2013.62788242      0.7766
   2013.62791096      0.7132
   2013.62793950      0.6563
   2013.62796804      0.6057
   2013.62799658      0.5599
   2013.62802511      0.5186
   2013.62805365      0.4816
   2013.62808219      0.4481
   2013.62811073      0.4178
   2013.62813927      0.3899
   2013.62816781      0.3643
   2013.62819635      0.3406
   2013.62822489      0.3186
   2013.62825342      0.2981
   2013.62828196      0.2791
   2013.62831050      0.2614
   2013.62833904      0.2449
   2013.62836758      0.2293
   2013.62839612      0.2146
   2013.62842466      0.2009
   2013.62845320      0.1880
   2013.62848174      0.1759
   2013.62851027      0.1647
   2013.62853881      0.1543
   2013.62856735      0.1445
   2013.62859589      0.1354
   2013.62862443      0.1268
   2013.62865297      0.1188
   2013.62868151      0.1113
   2013.62871005      0.1043
