   2013.62465753      0.0000
   2013.62468607      0.0000
   2013.62471461      0.0000
   2013.62474315      0.0000
   2013.62477169      0.0000
   2013.62480023      0.0000
   2013.62482877      0.0000
   2013.62485731      0.0000
   2013.62488584      0.0000
   2013.62491438      0.0000
   2013.62494292      0.0000
   2013.62497146      0.0000
   2013.62500000      0.0000
   2013.62502854      0.0000
   2013.62505708      0.0000
   2013.62508562      0.0000
   2013.62511416      0.0000
   2013.62514269      0.0000
   2013.62517123      0.0000
   2013.62519977      0.0000
   2013.62522831      0.0000
   2013.62525685      0.0000
   2013.62528539      0.0000
   2013.62531393      0.0000
   2013.62534247      0.0000
   2013.62537100      0.0000
   2013.62539954      0.0000
   2013.62542808      0.0000
   2013.62545662      0.0000
   2013.62548516      0.0000
   2013.62551370      0.0000
   2013.62554224      0.0000
   2013.62557078      0.0000
   2013.62559932      0.0000
   2013.62562785      0.0000
   2013.62565639      0.0000
   2013.62568493      0.0000
   2013.62571347      0.0000
   2013.62574201      0.0000
   2013.62577055      0.0000
   2013.62579909      0.0000
   2013.62582763      0.0000
   2013.62585616      0.0000
   2013.62588470      0.0000
   2013.62591324      0.0000
   2013.62594178      0.0000
   2013.62597032      0.0000
   2013.62599886      0.0000
   2013.62602740      0.0000
   2013.62605594      0.0000
   2013.62608447      0.0000
   2013.62611301      0.0000
   2013.62614155      0.0000
   2013.62617009      0.0000
   2013.62619863      0.0000
   2013.62622717      0.0000
   2013.62625571      0.0000
   2013.62628425      0.0000
   2013.62631279      0.0000
   2013.62634132      0.0000
   2013.62636986      0.0000
   2013.62639840      0.0000
   2013.62642694      0.0000
   2013.62645548      0.0000
   2013.62648402      0.0000
   2013.62651256      0.0000
   2013.62654110      0.0000
   2013.62656963      0.0000
   2013.62659817      0.0000
   2013.62662671      0.1157
   2013.62665525      0.1938
   2013.62668379      0.4575
   2013.62671233      1.1186
   2013.62674087      2.0713
   2013.62676941      3.2955
   2013.62679795      5.4853
   2013.62682648      8.4701
   2013.62685502     10.4779
   2013.62688356     10.7395
   2013.62691210     10.4372
   2013.62694064      9.7364
   2013.62696918      9.1062
   2013.62699772      8.4978
   2013.62702626      8.0766
   2013.62705479      7.4128
   2013.62708333      7.4917
   2013.62711187      7.2743
   2013.62714041      6.9909
   2013.62716895      6.5498
   2013.62719749      6.4984
   2013.62722603      6.2921
   2013.62725457      5.9969
   2013.62728311      5.6038
   2013.62731164      5.4815
   2013.62734018      5.3860
   2013.62736872      4.7239
   2013.62739726      4.4075
   2013.62742580      4.2923
   2013.62745434      3.6609
   2013.62748288      3.3871
   2013.62751142      3.0655
   2013.62753995      2.7857
   2013.62756849      2.5278
   2013.62759703      2.2879
   2013.62762557      2.0759
   2013.62765411      1.8910
   2013.62768265      1.7241
   2013.62771119      1.5725
   2013.62773973      1.4370
   2013.62776826      1.3142
   2013.62779680      1.2313
   2013.62782534      1.1088
   2013.62785388      0.9969
   2013.62788242      0.9306
   2013.62791096      0.8557
   2013.62793950      0.7846
   2013.62796804      0.7188
   2013.62799658      0.6587
   2013.62802511      0.6048
   2013.62805365      0.5560
   2013.62808219      0.5122
   2013.62811073      0.4727
   2013.62813927      0.4369
   2013.62816781      0.4044
   2013.62819635      0.3758
   2013.62822489      0.3486
   2013.62825342      0.3233
   2013.62828196      0.3000
   2013.62831050      0.2836
   2013.62833904      0.2646
   2013.62836758      0.2462
   2013.62839612      0.2288
   2013.62842466      0.2208
   2013.62845320      0.2072
   2013.62848174      0.1931
   2013.62851027      0.1799
   2013.62853881      0.1785
   2013.62856735      0.1690
   2013.62859589      0.1585
   2013.62862443      0.1484
   2013.62865297      0.1535
   2013.62868151      0.1476
   2013.62871005      0.1398
   2013.62873858      0.1326
   2013.62876712      0.1445
   2013.62879566      0.1426
   2013.62882420      0.1383
   2013.62885274      0.1353
   2013.62888128      0.1572
   2013.62890982      0.1627
   2013.62893836      0.1662
   2013.62896689      0.1723
   2013.62899543      0.2129
   2013.62902397      0.2345
   2013.62905251      0.2539
   2013.62908105      0.2793
   2013.62910959      0.3630
   2013.62913813      0.4216
   2013.62916667      0.4896
   2013.62919521      0.5904
   2013.62922374      0.7638
   2013.62925228      1.0083
   2013.62928082      1.2208
   2013.62930936      1.5779
   2013.62933790      2.2491
   2013.62936644      2.6302
   2013.62939498      2.8762
   2013.62942352      2.9634
   2013.62945205      2.9141
   2013.62948059      2.8174
   2013.62950913      2.7590
   2013.62953767      2.8650
   2013.62956621      2.9030
   2013.62959475      3.0089
   2013.62962329      3.1275
   2013.62965183      3.0019
   2013.62968037      2.8918
   2013.62970890      2.7811
   2013.62973744      2.6079
   2013.62976598      2.5527
   2013.62979452      2.2648
   2013.62982306      2.0536
   2013.62985160      1.7598
   2013.62988014      1.6239
   2013.62990868      1.4704
   2013.62993721      1.3322
   2013.62996575      1.2033
   2013.62999429      1.1024
   2013.63002283      1.0099
   2013.63005137      0.9282
   2013.63007991      0.8547
   2013.63010845      0.7855
   2013.63013699      0.7211
   2013.63016553      0.6626
   2013.63019406      0.6100
   2013.63022260      0.5621
   2013.63025114      0.5185
   2013.63027968      0.4789
   2013.63030822      0.4429
   2013.63033676      0.4100
   2013.63036530      0.3799
   2013.63039384      0.3521
   2013.63042237      0.3266
   2013.63045091      0.3031
   2013.63047945      0.2815
   2013.63050799      0.2616
   2013.63053653      0.2432
   2013.63056507      0.2261
   2013.63059361      0.2102
   2013.63062215      0.1956
   2013.63065068      0.1821
   2013.63067922      0.1696
   2013.63070776      0.1581
   2013.63073630      0.1475
   2013.63076484      0.1377
   2013.63079338      0.1286
   2013.63082192      0.1201
   2013.63085046      0.1123
   2013.63087900      0.1050
