   2013.62465753      0.0000
   2013.62468607      0.0000
   2013.62471461      0.0000
   2013.62474315      0.0000
   2013.62477169      0.0000
   2013.62480023      0.0000
   2013.62482877      0.0000
   2013.62485731      0.0000
   2013.62488584      0.0000
   2013.62491438      0.0000
   2013.62494292      0.0000
   2013.62497146      0.0000
   2013.62500000      0.0000
   2013.62502854      0.0000
   2013.62505708      0.0000
   2013.62508562      0.0000
   2013.62511416      0.0000
   2013.62514269      0.0000
   2013.62517123      0.0000
   2013.62519977      0.0000
   2013.62522831      0.0000
   2013.62525685      0.0000
   2013.62528539      0.0000
   2013.62531393      0.0000
   2013.62534247      0.0000
   2013.62537100      0.0000
   2013.62539954      0.0000
   2013.62542808      0.0000
   2013.62545662      0.0000
   2013.62548516      0.0000
   2013.62551370      0.0000
   2013.62554224      0.0000
   2013.62557078      0.0000
   2013.62559932      0.0000
   2013.62562785      0.0000
   2013.62565639      0.0000
   2013.62568493      0.0000
   2013.62571347      0.0015
   2013.62574201      0.0030
   2013.62577055      0.0042
   2013.62579909      0.0053
   2013.62582763      0.0268
   2013.62585616      0.0808
   2013.62588470      0.1551
   2013.62591324      0.3227
   2013.62594178      0.6363
   2013.62597032      1.1693
   2013.62599886      2.0552
   2013.62602740      3.4189
   2013.62605594      5.5530
   2013.62608447      7.9552
   2013.62611301      9.7674
   2013.62614155     10.5162
   2013.62617009     10.7399
   2013.62619863     10.5801
   2013.62622717     10.0747
   2013.62625571      9.3864
   2013.62628425      8.7285
   2013.62631279      8.0392
   2013.62634132      7.4363
   2013.62636986      7.0714
   2013.62639840      6.1843
   2013.62642694      5.1464
   2013.62645548      4.6867
   2013.62648402      4.0722
   2013.62651256      4.1195
   2013.62654110      3.8275
   2013.62656963      3.7892
   2013.62659817      3.5071
   2013.62662671      3.2325
   2013.62665525      2.8791
   2013.62668379      2.5590
   2013.62671233      2.2410
   2013.62674087      1.9905
   2013.62676941      1.8294
   2013.62679795      1.7329
   2013.62682648      1.6754
   2013.62685502      1.6192
   2013.62688356      1.5579
   2013.62691210      1.5308
   2013.62694064      1.5613
   2013.62696918      1.6439
   2013.62699772      1.7371
   2013.62702626      1.8146
   2013.62705479      1.8860
   2013.62708333      1.9720
   2013.62711187      2.0844
   2013.62714041      2.2100
   2013.62716895      2.3379
   2013.62719749      2.4389
   2013.62722603      2.5286
   2013.62725457      2.5767
   2013.62728311      2.5797
   2013.62731164      2.5492
   2013.62734018      2.4272
   2013.62736872      2.3407
   2013.62739726      2.2525
   2013.62742580      2.1572
   2013.62745434      2.0597
   2013.62748288      1.9605
   2013.62751142      1.8615
   2013.62753995      1.7683
   2013.62756849      1.6601
   2013.62759703      1.5722
   2013.62762557      1.4891
   2013.62765411      1.4096
   2013.62768265      1.3320
   2013.62771119      1.2567
   2013.62773973      1.1846
   2013.62776826      1.1578
   2013.62779680      1.0607
   2013.62782534      0.9990
   2013.62785388      0.9332
   2013.62788242      0.8854
   2013.62791096      0.8333
   2013.62793950      0.7830
   2013.62796804      0.7347
   2013.62799658      0.6893
   2013.62802511      0.6478
   2013.62805365      0.6100
   2013.62808219      0.5749
   2013.62811073      0.5424
   2013.62813927      0.5122
   2013.62816781      0.4842
   2013.62819635      0.4579
   2013.62822489      0.4333
   2013.62825342      0.4102
   2013.62828196      0.3884
   2013.62831050      0.3679
   2013.62833904      0.3487
   2013.62836758      0.3306
   2013.62839612      0.3137
   2013.62842466      0.2979
   2013.62845320      0.2830
   2013.62848174      0.2691
   2013.62851027      0.2560
   2013.62853881      0.2436
   2013.62856735      0.2319
   2013.62859589      0.2207
   2013.62862443      0.2101
   2013.62865297      0.2001
   2013.62868151      0.1907
   2013.62871005      0.1818
   2013.62873858      0.1734
   2013.62876712      0.1655
   2013.62879566      0.1579
   2013.62882420      0.1508
   2013.62885274      0.1441
   2013.62888128      0.1376
   2013.62890982      0.1316
   2013.62893836      0.1258
   2013.62896689      0.1204
   2013.62899543      0.1152
   2013.62902397      0.1104
   2013.62905251      0.1057
   2013.62908105      0.1013
