   2013.62465753      0.0000
   2013.62468607      0.0000
   2013.62471461      0.0000
   2013.62474315      0.0000
   2013.62477169      0.0000
   2013.62480023      0.0000
   2013.62482877      0.0000
   2013.62485731      0.0000
   2013.62488584      0.0000
   2013.62491438      0.0000
   2013.62494292      0.0000
   2013.62497146      0.0000
   2013.62500000      0.0000
   2013.62502854      0.0000
   2013.62505708      0.0000
   2013.62508562      0.0000
   2013.62511416      0.0000
   2013.62514269      0.0000
   2013.62517123      0.0000
   2013.62519977      0.0000
   2013.62522831      0.0000
   2013.62525685      0.0000
   2013.62528539      0.0000
   2013.62531393      0.0000
   2013.62534247      0.0000
   2013.62537100      0.0000
   2013.62539954      0.0000
   2013.62542808      0.0000
   2013.62545662      0.0000
   2013.62548516      0.0000
   2013.62551370      0.0000
   2013.62554224      0.0000
   2013.62557078      0.0000
   2013.62559932      0.0000
   2013.62562785      0.0000
   2013.62565639      0.0000
   2013.62568493      0.0000
   2013.62571347      0.0000
   2013.62574201      0.0000
   2013.62577055      0.0000
   2013.62579909      0.0000
   2013.62582763      0.0000
   2013.62585616      0.0000
   2013.62588470      0.0000
   2013.62591324      0.0000
   2013.62594178      0.0000
   2013.62597032      0.0000
   2013.62599886      0.0000
   2013.62602740      0.0000
   2013.62605594      0.0002
   2013.62608447      0.0009
   2013.62611301      0.0014
   2013.62614155      0.0018
   2013.62617009      0.0022
   2013.62619863      0.0026
   2013.62622717      0.0029
   2013.62625571      0.0125
   2013.62628425      0.0509
   2013.62631279      0.0861
   2013.62634132      0.1511
   2013.62636986      0.2630
   2013.62639840      0.4307
   2013.62642694      0.6799
   2013.62645548      1.0506
   2013.62648402      1.6274
   2013.62651256      2.4687
   2013.62654110      3.5800
   2013.62656963      4.7271
   2013.62659817      5.5700
   2013.62662671      6.1225
   2013.62665525      6.4575
   2013.62668379      6.6732
   2013.62671233      6.8077
   2013.62674087      6.9799
   2013.62676941      7.0278
   2013.62679795      7.0939
   2013.62682648      7.1388
   2013.62685502      7.2178
   2013.62688356      7.2165
   2013.62691210      7.2586
   2013.62694064      7.2338
   2013.62696918      7.1550
   2013.62699772      6.9811
   2013.62702626      6.8333
   2013.62705479      6.5543
   2013.62708333      6.2634
   2013.62711187      5.8586
   2013.62714041      5.5976
   2013.62716895      5.2240
   2013.62719749      4.6700
   2013.62722603      4.4339
   2013.62725457      4.3875
   2013.62728311      3.6782
   2013.62731164      3.4056
   2013.62734018      3.1101
   2013.62736872      2.8562
   2013.62739726      2.5996
   2013.62742580      2.3645
   2013.62745434      2.1533
   2013.62748288      2.0082
   2013.62751142      1.8261
   2013.62753995      1.6742
   2013.62756849      1.5393
   2013.62759703      1.4179
   2013.62762557      1.3074
   2013.62765411      1.1861
   2013.62768265      1.1266
   2013.62771119      1.0437
   2013.62773973      0.9610
   2013.62776826      0.9003
   2013.62779680      0.8381
   2013.62782534      0.7802
   2013.62785388      0.7265
   2013.62788242      0.6776
   2013.62791096      0.6340
   2013.62793950      0.5948
   2013.62796804      0.5591
   2013.62799658      0.5265
   2013.62802511      0.4968
   2013.62805365      0.4693
   2013.62808219      0.4439
   2013.62811073      0.4202
   2013.62813927      0.3981
   2013.62816781      0.3774
   2013.62819635      0.3581
   2013.62822489      0.3402
   2013.62825342      0.3234
   2013.62828196      0.3078
   2013.62831050      0.2932
   2013.62833904      0.2795
   2013.62836758      0.2667
   2013.62839612      0.2547
   2013.62842466      0.2434
   2013.62845320      0.2327
   2013.62848174      0.2225
   2013.62851027      0.2128
   2013.62853881      0.2038
   2013.62856735      0.1952
   2013.62859589      0.1872
   2013.62862443      0.1796
   2013.62865297      0.1724
   2013.62868151      0.1655
   2013.62871005      0.1591
   2013.62873858      0.1529
   2013.62876712      0.1471
   2013.62879566      0.1415
   2013.62882420      0.1363
   2013.62885274      0.1313
   2013.62888128      0.1266
   2013.62890982      0.1221
   2013.62893836      0.1178
   2013.62896689      0.1137
   2013.62899543      0.1098
   2013.62902397      0.1061
   2013.62905251      0.1026
