   2013.62465753      0.0000
   2013.62468607      0.0000
   2013.62471461      0.0000
   2013.62474315      0.0000
   2013.62477169      0.0000
   2013.62480023      0.0000
   2013.62482877      0.0000
   2013.62485731      0.0000
   2013.62488584      0.0000
   2013.62491438      0.0000
   2013.62494292      0.0000
   2013.62497146      0.0000
   2013.62500000      0.0000
   2013.62502854      0.0000
   2013.62505708      0.0000
   2013.62508562      0.0000
   2013.62511416      0.0000
   2013.62514269      0.0000
   2013.62517123      0.0000
   2013.62519977      0.0000
   2013.62522831      0.0000
   2013.62525685      0.0000
   2013.62528539      0.0000
   2013.62531393      0.0000
   2013.62534247      0.0000
   2013.62537100      0.0000
   2013.62539954      0.0000
   2013.62542808      0.0000
   2013.62545662      0.0000
   2013.62548516      0.0000
   2013.62551370      0.0000
   2013.62554224      0.0000
   2013.62557078      0.0000
   2013.62559932      0.0000
   2013.62562785      0.0000
   2013.62565639      0.0000
   2013.62568493      0.0000
   2013.62571347      0.0000
   2013.62574201      0.0000
   2013.62577055      0.0000
   2013.62579909      0.0000
   2013.62582763      0.0000
   2013.62585616      0.0000
   2013.62588470      0.0000
   2013.62591324      0.0000
   2013.62594178      0.0000
   2013.62597032      0.0000
   2013.62599886      0.0000
   2013.62602740      0.0000
   2013.62605594      0.0000
   2013.62608447      0.0000
   2013.62611301      0.0000
   2013.62614155      0.0000
   2013.62617009      0.0000
   2013.62619863      0.0000
   2013.62622717      0.0000
   2013.62625571      0.0000
   2013.62628425      0.0000
   2013.62631279      0.0000
   2013.62634132      0.0000
   2013.62636986      0.0000
   2013.62639840      0.0000
   2013.62642694      0.0000
   2013.62645548      0.0000
   2013.62648402      0.0000
   2013.62651256      0.0000
   2013.62654110      0.0000
   2013.62656963      0.0000
   2013.62659817      0.0000
   2013.62662671      0.0000
   2013.62665525      0.0000
   2013.62668379      0.0000
   2013.62671233      0.0000
   2013.62674087      0.0000
   2013.62676941      0.0000
   2013.62679795      0.0000
   2013.62682648      0.0000
   2013.62685502      0.0000
   2013.62688356      0.0000
   2013.62691210      0.0000
   2013.62694064      0.0000
   2013.62696918      0.0000
   2013.62699772      0.0000
   2013.62702626      0.0000
   2013.62705479      0.0000
   2013.62708333      0.0000
   2013.62711187      0.0000
   2013.62714041      0.0000
   2013.62716895      0.0000
   2013.62719749      0.1067
   2013.62722603      0.1919
   2013.62725457      0.4687
   2013.62728311      1.3010
   2013.62731164      2.8068
   2013.62734018      5.5819
   2013.62736872     10.9876
   2013.62739726     15.1739
   2013.62742580     16.0533
   2013.62745434     15.4342
   2013.62748288     14.7027
   2013.62751142     13.9032
   2013.62753995     13.3402
   2013.62756849     12.9678
   2013.62759703     12.4030
   2013.62762557     11.9157
   2013.62765411     11.2904
   2013.62768265     10.4899
   2013.62771119      9.4552
   2013.62773973      8.7156
   2013.62776826      8.0585
   2013.62779680      6.9811
   2013.62782534      6.7061
   2013.62785388      5.3715
   2013.62788242      4.6841
   2013.62791096      4.1206
   2013.62793950      3.5931
   2013.62796804      3.1890
   2013.62799658      2.9192
   2013.62802511      2.5224
   2013.62805365      2.1251
   2013.62808219      1.8802
   2013.62811073      1.6639
   2013.62813927      1.4735
   2013.62816781      1.3368
   2013.62819635      1.1730
   2013.62822489      1.0350
   2013.62825342      0.9411
   2013.62828196      0.8461
   2013.62831050      0.7597
   2013.62833904      0.6826
   2013.62836758      0.6151
   2013.62839612      0.5555
   2013.62842466      0.5027
   2013.62845320      0.4563
   2013.62848174      0.4152
   2013.62851027      0.3787
   2013.62853881      0.3460
   2013.62856735      0.3167
   2013.62859589      0.2904
   2013.62862443      0.2666
   2013.62865297      0.2450
   2013.62868151      0.2252
   2013.62871005      0.2072
   2013.62873858      0.1908
   2013.62876712      0.1758
   2013.62879566      0.1622
   2013.62882420      0.1499
   2013.62885274      0.1386
   2013.62888128      0.1282
   2013.62890982      0.1187
   2013.62893836      0.1100
   2013.62896689      0.1020
