   2013.62465753      0.0000
   2013.62468607      0.0000
   2013.62471461      0.0000
   2013.62474315      0.0000
   2013.62477169      0.0000
   2013.62480023      0.0000
   2013.62482877      0.0000
   2013.62485731      0.0000
   2013.62488584      0.0000
   2013.62491438      0.0000
   2013.62494292      0.0000
   2013.62497146      0.0000
   2013.62500000      0.0000
   2013.62502854      0.0000
   2013.62505708      0.0000
   2013.62508562      0.0000
   2013.62511416      0.0000
   2013.62514269      0.0073
   2013.62517123      0.0201
   2013.62519977      0.0704
   2013.62522831      0.1393
   2013.62525685      0.2980
   2013.62528539      0.6110
   2013.62531393      1.1591
   2013.62534247      2.0924
   2013.62537100      3.5316
   2013.62539954      5.8053
   2013.62542808      8.5537
   2013.62545662     10.1654
   2013.62548516     11.9700
   2013.62551370     12.4223
   2013.62554224     12.2062
   2013.62557078     11.5578
   2013.62559932     11.8343
   2013.62562785     11.4512
   2013.62565639     10.9194
   2013.62568493      9.7274
   2013.62571347      9.6093
   2013.62574201      8.8007
   2013.62577055      8.0515
   2013.62579909      7.0623
   2013.62582763      7.1627
   2013.62585616      6.4361
   2013.62588470      6.1893
   2013.62591324      5.4532
   2013.62594178      5.7412
   2013.62597032      5.4167
   2013.62599886      5.4618
   2013.62602740      5.0865
   2013.62605594      5.5631
   2013.62608447      5.3891
   2013.62611301      5.4881
   2013.62614155      5.3413
   2013.62617009      5.7123
   2013.62619863      5.8282
   2013.62622717      5.9885
   2013.62625571      5.8510
   2013.62628425      6.2630
   2013.62631279      6.4039
   2013.62634132      6.5536
   2013.62636986      6.3869
   2013.62639840      6.8001
   2013.62642694      6.9385
   2013.62645548      7.0461
   2013.62648402      7.1291
   2013.62651256      7.5370
   2013.62654110      7.4375
   2013.62656963      7.4629
   2013.62659817      7.2227
   2013.62662671      7.4593
   2013.62665525      8.0957
   2013.62668379      8.8060
   2013.62671233      8.7021
   2013.62674087      8.2945
   2013.62676941      7.5766
   2013.62679795      6.8904
   2013.62682648      6.4800
   2013.62685502      6.5408
   2013.62688356      6.8193
   2013.62691210      7.0465
   2013.62694064      6.9002
   2013.62696918      7.0244
   2013.62699772      6.2666
   2013.62702626      5.5647
   2013.62705479      5.0171
   2013.62708333      4.2664
   2013.62711187      4.0675
   2013.62714041      3.9371
   2013.62716895      3.8408
   2013.62719749      3.4351
   2013.62722603      3.1500
   2013.62725457      2.8510
   2013.62728311      2.7342
   2013.62731164      2.4001
   2013.62734018      2.1495
   2013.62736872      1.8543
   2013.62739726      1.6798
   2013.62742580      1.5162
   2013.62745434      1.3714
   2013.62748288      1.2979
   2013.62751142      1.1429
   2013.62753995      1.0135
   2013.62756849      0.9510
   2013.62759703      0.8746
   2013.62762557      0.8002
   2013.62765411      0.7312
   2013.62768265      0.6679
   2013.62771119      0.6112
   2013.62773973      0.5599
   2013.62776826      0.5137
   2013.62779680      0.4723
   2013.62782534      0.4351
   2013.62785388      0.4013
   2013.62788242      0.3706
   2013.62791096      0.3425
   2013.62793950      0.3168
   2013.62796804      0.2933
   2013.62799658      0.2718
   2013.62802511      0.2521
   2013.62805365      0.2338
   2013.62808219      0.2169
   2013.62811073      0.2014
   2013.62813927      0.1871
   2013.62816781      0.1739
   2013.62819635      0.1618
   2013.62822489      0.1506
   2013.62825342      0.1403
   2013.62828196      0.1307
   2013.62831050      0.1219
   2013.62833904      0.1137
   2013.62836758      0.1061
