   2013.62465753      0.0000
   2013.62468607      0.0000
   2013.62471461      0.0000
   2013.62474315      0.0000
   2013.62477169      0.0000
   2013.62480023      0.0000
   2013.62482877      0.0000
   2013.62485731      0.0000
   2013.62488584      0.0000
   2013.62491438      0.0000
   2013.62494292      0.0000
   2013.62497146      0.0000
   2013.62500000      0.0000
   2013.62502854      0.0000
   2013.62505708      0.0000
   2013.62508562      0.0000
   2013.62511416      0.0000
   2013.62514269      0.0000
   2013.62517123      0.0000
   2013.62519977      0.0000
   2013.62522831      0.0000
   2013.62525685      0.0000
   2013.62528539      0.0000
   2013.62531393      0.0000
   2013.62534247      0.0000
   2013.62537100      0.0000
   2013.62539954      0.0000
   2013.62542808      0.0000
   2013.62545662      0.0000
   2013.62548516      0.0000
   2013.62551370      0.0000
   2013.62554224      0.0000
   2013.62557078      0.0000
   2013.62559932      0.0000
   2013.62562785      0.0000
   2013.62565639      0.0000
   2013.62568493      0.0000
   2013.62571347      0.0000
   2013.62574201      0.0000
   2013.62577055      0.0000
   2013.62579909      0.0000
   2013.62582763      0.0000
   2013.62585616      0.0000
   2013.62588470      0.0000
   2013.62591324      0.0000
   2013.62594178      0.0000
   2013.62597032      0.0000
   2013.62599886      0.0000
   2013.62602740      0.0000
   2013.62605594      0.0000
   2013.62608447      0.0000
   2013.62611301      0.0000
   2013.62614155      0.0000
   2013.62617009      0.0000
   2013.62619863      0.0000
   2013.62622717      0.0000
   2013.62625571      0.0000
   2013.62628425      0.0000
   2013.62631279      0.0000
   2013.62634132      0.0000
   2013.62636986      0.0000
   2013.62639840      0.0000
   2013.62642694      0.0000
   2013.62645548      0.0000
   2013.62648402      0.0000
   2013.62651256      0.4088
   2013.62654110      1.6651
   2013.62656963      6.2262
   2013.62659817     14.7376
   2013.62662671     32.7616
   2013.62665525     42.9314
   2013.62668379     40.4634
   2013.62671233     34.2180
   2013.62674087     29.5331
   2013.62676941     24.8035
   2013.62679795     20.1000
   2013.62682648     16.0358
   2013.62685502     14.1384
   2013.62688356     12.1613
   2013.62691210     10.6038
   2013.62694064      9.2723
   2013.62696918      8.4662
   2013.62699772      7.5189
   2013.62702626      6.9913
   2013.62705479      6.0119
   2013.62708333      5.8106
   2013.62711187      5.4845
   2013.62714041      5.2418
   2013.62716895      4.8367
   2013.62719749      4.7583
   2013.62722603      4.6368
   2013.62725457      4.4368
   2013.62728311      4.1096
   2013.62731164      4.1934
   2013.62734018      3.9254
   2013.62736872      3.7771
   2013.62739726      3.4700
   2013.62742580      3.5791
   2013.62745434      3.6746
   2013.62748288      3.2687
   2013.62751142      3.2021
   2013.62753995      3.0749
   2013.62756849      2.9173
   2013.62759703      2.7711
   2013.62762557      2.6226
   2013.62765411      2.5396
   2013.62768265      2.3589
   2013.62771119      2.2273
   2013.62773973      2.1368
   2013.62776826      2.0599
   2013.62779680      1.9143
   2013.62782534      1.8039
   2013.62785388      1.6552
   2013.62788242      1.6252
   2013.62791096      1.5430
   2013.62793950      1.4465
   2013.62796804      1.3789
   2013.62799658      1.3064
   2013.62802511      1.2325
   2013.62805365      1.1571
   2013.62808219      1.1230
   2013.62811073      1.0532
   2013.62813927      0.9944
   2013.62816781      0.9298
   2013.62819635      0.9002
   2013.62822489      0.8540
   2013.62825342      0.8041
   2013.62828196      0.7578
   2013.62831050      0.7361
   2013.62833904      0.7025
   2013.62836758      0.6671
   2013.62839612      0.6365
   2013.62842466      0.6350
   2013.62845320      0.6148
   2013.62848174      0.5916
   2013.62851027      0.5722
   2013.62853881      0.5889
   2013.62856735      0.5965
   2013.62859589      0.5765
   2013.62862443      0.5700
   2013.62865297      0.5864
   2013.62868151      0.6355
   2013.62871005      0.6458
   2013.62873858      0.6671
   2013.62876712      0.7169
   2013.62879566      0.7834
   2013.62882420      0.8362
   2013.62885274      0.8616
   2013.62888128      0.9876
   2013.62890982      1.0865
   2013.62893836      1.2208
   2013.62896689      1.3670
   2013.62899543      1.6754
   2013.62902397      2.0200
   2013.62905251      2.4079
   2013.62908105      2.8105
   2013.62910959      2.8915
   2013.62913813      3.0893
   2013.62916667      3.0551
   2013.62919521      3.1374
   2013.62922374      3.5800
   2013.62925228      4.0445
   2013.62928082      4.4290
   2013.62930936      4.6088
   2013.62933790      4.4262
   2013.62936644      4.1937
   2013.62939498      3.9087
   2013.62942352      3.7262
   2013.62945205      3.4577
   2013.62948059      3.4567
   2013.62950913      3.4625
   2013.62953767      3.6754
   2013.62956621      3.3692
   2013.62959475      3.2679
   2013.62962329      2.9875
   2013.62965183      2.7342
   2013.62968037      2.5260
   2013.62970890      2.3053
   2013.62973744      2.0879
   2013.62976598      1.9052
   2013.62979452      1.7487
   2013.62982306      1.5496
   2013.62985160      1.4298
   2013.62988014      1.3179
   2013.62990868      1.2706
   2013.62993721      1.1190
   2013.62996575      1.0335
   2013.62999429      0.9531
   2013.63002283      0.8787
   2013.63005137      0.8071
   2013.63007991      0.7386
   2013.63010845      0.6753
   2013.63013699      0.6183
   2013.63016553      0.5666
   2013.63019406      0.5197
   2013.63022260      0.4774
   2013.63025114      0.4392
   2013.63027968      0.4045
   2013.63030822      0.3730
   2013.63033676      0.3443
   2013.63036530      0.3180
   2013.63039384      0.2941
   2013.63042237      0.2723
   2013.63045091      0.2523
   2013.63047945      0.2339
   2013.63050799      0.2168
   2013.63053653      0.2011
   2013.63056507      0.1867
   2013.63059361      0.1735
   2013.63062215      0.1614
   2013.63065068      0.1502
   2013.63067922      0.1399
   2013.63070776      0.1304
   2013.63073630      0.1217
   2013.63076484      0.1135
   2013.63079338      0.1060
