   2013.62465753      0.0000
   2013.62468607      0.0000
   2013.62471461      0.0000
   2013.62474315      0.0000
   2013.62477169      0.0000
   2013.62480023      0.0000
   2013.62482877      0.0000
   2013.62485731      0.0000
   2013.62488584      0.0000
   2013.62491438      0.0000
   2013.62494292      0.0000
   2013.62497146      0.0000
   2013.62500000      0.0000
   2013.62502854      0.0000
   2013.62505708      0.0000
   2013.62508562      0.0000
   2013.62511416      0.0000
   2013.62514269      0.0000
   2013.62517123      0.0000
   2013.62519977      0.0000
   2013.62522831      0.0000
   2013.62525685      0.0000
   2013.62528539      0.0000
   2013.62531393      0.0000
   2013.62534247      0.0000
   2013.62537100      0.0000
   2013.62539954      0.0000
   2013.62542808      0.0000
   2013.62545662      0.0000
   2013.62548516      0.0000
   2013.62551370      0.0000
   2013.62554224      0.0000
   2013.62557078      0.0000
   2013.62559932      0.0000
   2013.62562785      0.0000
   2013.62565639      0.0000
   2013.62568493      0.0000
   2013.62571347      0.0000
   2013.62574201      0.0000
   2013.62577055      0.0000
   2013.62579909      0.0000
   2013.62582763      0.0000
   2013.62585616      0.0000
   2013.62588470      0.0000
   2013.62591324      0.0000
   2013.62594178      0.0000
   2013.62597032      0.0000
   2013.62599886      0.0000
   2013.62602740      0.0000
   2013.62605594      0.0000
   2013.62608447      0.0000
   2013.62611301      0.0000
   2013.62614155      0.0000
   2013.62617009      0.0000
   2013.62619863      0.0000
   2013.62622717      0.0000
   2013.62625571      0.0000
   2013.62628425      0.0000
   2013.62631279      0.0000
   2013.62634132      0.0000
   2013.62636986      0.0000
   2013.62639840      0.0000
   2013.62642694      0.0000
   2013.62645548      0.0000
   2013.62648402      0.0000
   2013.62651256      0.0000
   2013.62654110      0.0000
   2013.62656963      0.0000
   2013.62659817      0.0000
   2013.62662671      0.0000
   2013.62665525      0.0000
   2013.62668379      0.0000
   2013.62671233      0.0000
   2013.62674087      0.0000
   2013.62676941      0.0000
   2013.62679795      0.0000
   2013.62682648      0.0000
   2013.62685502      0.0277
   2013.62688356      0.1315
   2013.62691210      0.2347
   2013.62694064      0.5455
   2013.62696918      1.1502
   2013.62699772      1.9279
   2013.62702626      2.8680
   2013.62705479      4.3861
   2013.62708333      6.5132
   2013.62711187      7.8763
   2013.62714041      8.2185
   2013.62716895      7.8248
   2013.62719749      7.0333
   2013.62722603      6.1768
   2013.62725457      5.4538
   2013.62728311      4.7727
   2013.62731164      4.5442
   2013.62734018      3.8118
   2013.62736872      3.4476
   2013.62739726      3.0716
   2013.62742580      2.7758
   2013.62745434      2.5170
   2013.62748288      2.2883
   2013.62751142      2.1034
   2013.62753995      1.9419
   2013.62756849      1.7945
   2013.62759703      1.6979
   2013.62762557      1.5556
   2013.62765411      1.4582
   2013.62768265      1.3701
   2013.62771119      1.2897
   2013.62773973      1.1920
   2013.62776826      1.1870
   2013.62779680      1.0878
   2013.62782534      1.0249
   2013.62785388      0.9355
   2013.62788242      0.9187
   2013.62791096      0.8783
   2013.62793950      0.8362
   2013.62796804      0.7974
   2013.62799658      0.7593
   2013.62802511      0.7233
   2013.62805365      0.6904
   2013.62808219      0.6615
   2013.62811073      0.6338
   2013.62813927      0.6074
   2013.62816781      0.5824
   2013.62819635      0.5611
   2013.62822489      0.5390
   2013.62825342      0.5175
   2013.62828196      0.4973
   2013.62831050      0.4819
   2013.62833904      0.4645
   2013.62836758      0.4474
   2013.62839612      0.4313
   2013.62842466      0.4207
   2013.62845320      0.4072
   2013.62848174      0.3936
   2013.62851027      0.3808
   2013.62853881      0.3757
   2013.62856735      0.3662
   2013.62859589      0.3561
   2013.62862443      0.3469
   2013.62865297      0.3462
   2013.62868151      0.3405
   2013.62871005      0.3341
   2013.62873858      0.3285
   2013.62876712      0.3337
   2013.62879566      0.3324
   2013.62882420      0.3302
   2013.62885274      0.3288
   2013.62888128      0.3406
   2013.62890982      0.3445
   2013.62893836      0.3473
   2013.62896689      0.3515
   2013.62899543      0.3710
   2013.62902397      0.3823
   2013.62905251      0.3927
   2013.62908105      0.4058
   2013.62910959      0.4371
   2013.62913813      0.4709
   2013.62916667      0.4965
   2013.62919521      0.5299
   2013.62922374      0.5658
   2013.62925228      0.6290
   2013.62928082      0.6580
   2013.62930936      0.7156
   2013.62933790      0.7945
   2013.62936644      0.8605
   2013.62939498      0.9285
   2013.62942352      0.9974
   2013.62945205      1.0886
   2013.62948059      1.1680
   2013.62950913      1.2388
   2013.62953767      1.2951
   2013.62956621      1.3649
   2013.62959475      1.4178
   2013.62962329      1.4558
   2013.62965183      1.4794
   2013.62968037      1.5204
   2013.62970890      1.5475
   2013.62973744      1.5615
   2013.62976598      1.5640
   2013.62979452      1.5902
   2013.62982306      1.5953
   2013.62985160      1.5928
   2013.62988014      1.5851
   2013.62990868      1.5899
   2013.62993721      1.5792
   2013.62996575      1.5664
   2013.62999429      1.5447
   2013.63002283      1.5331
   2013.63005137      1.5091
   2013.63007991      1.4872
   2013.63010845      1.4567
   2013.63013699      1.4348
   2013.63016553      1.4024
   2013.63019406      1.3742
   2013.63022260      1.3394
   2013.63025114      1.3047
   2013.63027968      1.2546
   2013.63030822      1.2203
   2013.63033676      1.1829
   2013.63036530      1.1443
   2013.63039384      1.0923
   2013.63042237      1.0898
   2013.63045091      1.0203
   2013.63047945      0.9780
   2013.63050799      0.9185
   2013.63053653      0.8948
   2013.63056507      0.8592
   2013.63059361      0.8215
   2013.63062215      0.7841
   2013.63065068      0.7472
   2013.63067922      0.7119
   2013.63070776      0.6789
   2013.63073630      0.6481
   2013.63076484      0.6189
   2013.63079338      0.5909
   2013.63082192      0.5639
   2013.63085046      0.5382
   2013.63087900      0.5136
   2013.63090753      0.4902
   2013.63093607      0.4680
   2013.63096461      0.4468
   2013.63099315      0.4266
   2013.63102169      0.4072
   2013.63105023      0.3888
   2013.63107877      0.3711
   2013.63110731      0.3544
   2013.63113584      0.3385
   2013.63116438      0.3234
   2013.63119292      0.3091
   2013.63122146      0.2956
   2013.63125000      0.2828
   2013.63127854      0.2706
   2013.63130708      0.2592
   2013.63133562      0.2483
   2013.63136416      0.2378
   2013.63139269      0.2279
   2013.63142123      0.2184
   2013.63144977      0.2093
   2013.63147831      0.2007
   2013.63150685      0.1926
   2013.63153539      0.1850
   2013.63156393      0.1777
   2013.63159247      0.1707
   2013.63162100      0.1641
   2013.63164954      0.1578
   2013.63167808      0.1519
   2013.63170662      0.1462
   2013.63173516      0.1408
   2013.63176370      0.1356
   2013.63179224      0.1307
   2013.63182078      0.1261
   2013.63184932      0.1216
   2013.63187785      0.1174
   2013.63190639      0.1134
   2013.63193493      0.1095
   2013.63196347      0.1058
   2013.63199201      0.1023
