   2013.62465753      0.0000
   2013.62468607      0.0000
   2013.62471461      0.0000
   2013.62474315      0.0000
   2013.62477169      0.0000
   2013.62480023      0.0000
   2013.62482877      0.0000
   2013.62485731      0.0000
   2013.62488584      0.0000
   2013.62491438      0.0000
   2013.62494292      0.0000
   2013.62497146      0.0000
   2013.62500000      0.0000
   2013.62502854      0.0000
   2013.62505708      0.0000
   2013.62508562      0.0000
   2013.62511416      0.0000
   2013.62514269      0.0000
   2013.62517123      0.0000
   2013.62519977      0.0000
   2013.62522831      0.0000
   2013.62525685      0.0000
   2013.62528539      0.0000
   2013.62531393      0.0000
   2013.62534247      0.0000
   2013.62537100      0.0000
   2013.62539954      0.0000
   2013.62542808      0.0000
   2013.62545662      0.0000
   2013.62548516      0.0000
   2013.62551370      0.0000
   2013.62554224      0.0000
   2013.62557078      0.0000
   2013.62559932      0.0000
   2013.62562785      0.0000
   2013.62565639      0.0000
   2013.62568493      0.0000
   2013.62571347      0.0000
   2013.62574201      0.0000
   2013.62577055      0.0000
   2013.62579909      0.0000
   2013.62582763      0.0000
   2013.62585616      0.0000
   2013.62588470      0.0000
   2013.62591324      0.0000
   2013.62594178      0.0000
   2013.62597032      0.0000
   2013.62599886      0.0000
   2013.62602740      0.0000
   2013.62605594      0.0000
   2013.62608447      0.0000
   2013.62611301      0.0000
   2013.62614155      0.0000
   2013.62617009      0.0000
   2013.62619863      0.0000
   2013.62622717      0.0000
   2013.62625571      0.0000
   2013.62628425      0.0000
   2013.62631279      0.0000
   2013.62634132      0.0000
   2013.62636986      0.0000
   2013.62639840      0.2938
   2013.62642694      0.8247
   2013.62645548      2.7467
   2013.62648402      5.4305
   2013.62651256      9.9551
   2013.62654110     18.1313
   2013.62656963     21.9402
   2013.62659817     21.0415
   2013.62662671     18.9527
   2013.62665525     17.3553
   2013.62668379     15.5862
   2013.62671233     14.7631
   2013.62674087     14.0459
   2013.62676941     13.6521
   2013.62679795     13.3646
   2013.62682648     13.2599
   2013.62685502     13.1667
   2013.62688356     13.2102
   2013.62691210     12.8644
   2013.62694064     12.7410
   2013.62696918     11.9669
   2013.62699772     11.4971
   2013.62702626     10.7947
   2013.62705479     10.0135
   2013.62708333      9.4165
   2013.62711187      8.6627
   2013.62714041      7.9348
   2013.62716895      6.9346
   2013.62719749      6.6950
   2013.62722603      6.3002
   2013.62725457      5.6498
   2013.62728311      4.8553
   2013.62731164      4.8359
   2013.62734018      4.5811
   2013.62736872      4.3054
   2013.62739726      4.0403
   2013.62742580      3.8827
   2013.62745434      3.7096
   2013.62748288      3.7026
   2013.62751142      3.2388
   2013.62753995      3.3113
   2013.62756849      3.1759
   2013.62759703      3.0317
   2013.62762557      2.9605
   2013.62765411      2.8404
   2013.62768265      2.7150
   2013.62771119      2.5886
   2013.62773973      2.4736
   2013.62776826      2.4065
   2013.62779680      2.2998
   2013.62782534      2.1497
   2013.62785388      2.0906
   2013.62788242      2.0371
   2013.62791096      1.9096
   2013.62793950      1.8247
   2013.62796804      1.7735
   2013.62799658      1.7293
   2013.62802511      1.6622
   2013.62805365      1.5585
   2013.62808219      1.4019
   2013.62811073      1.4797
   2013.62813927      1.4292
   2013.62816781      1.3612
   2013.62819635      1.2472
   2013.62822489      1.3341
   2013.62825342      1.3152
   2013.62828196      1.2096
   2013.62831050      1.0737
   2013.62833904      1.1135
   2013.62836758      1.1248
   2013.62839612      1.1386
   2013.62842466      1.0726
   2013.62845320      1.0807
   2013.62848174      1.0515
   2013.62851027      1.0135
   2013.62853881      0.9991
   2013.62856735      1.0050
   2013.62859589      1.0426
   2013.62862443      1.0416
   2013.62865297      1.0197
   2013.62868151      0.9968
   2013.62871005      1.0006
   2013.62873858      1.0402
   2013.62876712      1.0983
   2013.62879566      1.1496
   2013.62882420      1.1740
   2013.62885274      1.1779
   2013.62888128      1.1866
   2013.62890982      1.2008
   2013.62893836      1.2609
   2013.62896689      1.3519
   2013.62899543      1.3977
   2013.62902397      1.3984
   2013.62905251      1.4093
   2013.62908105      1.4111
   2013.62910959      1.4167
   2013.62913813      1.4254
   2013.62916667      1.4285
   2013.62919521      1.4261
   2013.62922374      1.4057
   2013.62925228      1.3687
   2013.62928082      1.3215
   2013.62930936      1.2721
   2013.62933790      1.2247
   2013.62936644      1.1790
   2013.62939498      1.1322
   2013.62942352      1.1268
   2013.62945205      1.0287
   2013.62948059      0.9760
   2013.62950913      0.9199
   2013.62953767      0.8669
   2013.62956621      0.8136
   2013.62959475      0.7607
   2013.62962329      0.7099
   2013.62965183      0.6623
   2013.62968037      0.6182
   2013.62970890      0.5768
   2013.62973744      0.5378
   2013.62976598      0.5015
   2013.62979452      0.4676
   2013.62982306      0.4360
   2013.62985160      0.4066
   2013.62988014      0.3790
   2013.62990868      0.3532
   2013.62993721      0.3291
   2013.62996575      0.3066
   2013.62999429      0.2857
   2013.63002283      0.2664
   2013.63005137      0.2484
   2013.63007991      0.2315
   2013.63010845      0.2157
   2013.63013699      0.2011
   2013.63016553      0.1875
   2013.63019406      0.1749
   2013.63022260      0.1632
   2013.63025114      0.1524
   2013.63027968      0.1424
   2013.63030822      0.1331
   2013.63033676      0.1245
   2013.63036530      0.1164
   2013.63039384      0.1090
   2013.63042237      0.1020
