   2013.62465753      0.0000
   2013.62468607      0.0000
   2013.62471461      0.0000
   2013.62474315      0.0000
   2013.62477169      0.0000
   2013.62480023      0.0000
   2013.62482877      0.0000
   2013.62485731      0.0000
   2013.62488584      0.0000
   2013.62491438      0.0000
   2013.62494292      0.0000
   2013.62497146      0.0000
   2013.62500000      0.0000
   2013.62502854      0.0000
   2013.62505708      0.0000
   2013.62508562      0.0000
   2013.62511416      0.0000
   2013.62514269      0.0000
   2013.62517123      0.0000
   2013.62519977      0.0000
   2013.62522831      0.0000
   2013.62525685      0.0000
   2013.62528539      0.0000
   2013.62531393      0.0000
   2013.62534247      0.0000
   2013.62537100      0.0003
   2013.62539954      0.0001
   2013.62542808      0.0001
   2013.62545662      0.0001
   2013.62548516      0.0002
   2013.62551370      0.0002
   2013.62554224      0.0002
   2013.62557078      0.0004
   2013.62559932      0.0004
   2013.62562785      0.0005
   2013.62565639      0.0005
   2013.62568493      0.0007
   2013.62571347      0.0008
   2013.62574201      0.0008
   2013.62577055      0.0008
   2013.62579909      0.0012
   2013.62582763      0.0012
   2013.62585616      0.0051
   2013.62588470      0.0237
   2013.62591324      0.0440
   2013.62594178      0.0584
   2013.62597032      0.0770
   2013.62599886      0.1018
   2013.62602740      0.1429
   2013.62605594      0.1934
   2013.62608447      0.2613
   2013.62611301      0.3438
   2013.62614155      0.4649
   2013.62617009      0.5998
   2013.62619863      0.7820
   2013.62622717      0.9983
   2013.62625571      1.2838
   2013.62628425      1.6069
   2013.62631279      1.9212
   2013.62634132      2.1357
   2013.62636986      2.3878
   2013.62639840      2.6503
   2013.62642694      2.7362
   2013.62645548      2.8823
   2013.62648402      2.8132
   2013.62651256      3.0406
   2013.62654110      3.2509
   2013.62656963      2.9934
   2013.62659817      2.9606
   2013.62662671      3.0923
   2013.62665525      3.0410
   2013.62668379      2.9769
   2013.62671233      2.9926
   2013.62674087      2.9028
   2013.62676941      2.8606
   2013.62679795      2.7503
   2013.62682648      2.7472
   2013.62685502      2.6255
   2013.62688356      2.5835
   2013.62691210      2.4874
   2013.62694064      2.4962
   2013.62696918      2.4769
   2013.62699772      2.4023
   2013.62702626      2.3460
   2013.62705479      2.3831
   2013.62708333      2.3786
   2013.62711187      2.3400
   2013.62714041      2.3063
   2013.62716895      2.3321
   2013.62719749      2.3071
   2013.62722603      2.2687
   2013.62725457      2.2132
   2013.62728311      2.2121
   2013.62731164      2.1521
   2013.62734018      2.0966
   2013.62736872      1.9886
   2013.62739726      1.9560
   2013.62742580      1.9258
   2013.62745434      1.8252
   2013.62748288      1.7512
   2013.62751142      1.7015
   2013.62753995      1.6646
   2013.62756849      1.5720
   2013.62759703      1.4965
   2013.62762557      1.4376
   2013.62765411      1.4055
   2013.62768265      1.3227
   2013.62771119      1.2571
   2013.62773973      1.1665
   2013.62776826      1.1337
   2013.62779680      1.0905
   2013.62782534      1.0236
   2013.62785388      0.9536
   2013.62788242      0.9172
   2013.62791096      0.8667
   2013.62793950      0.8167
   2013.62796804      0.7764
   2013.62799658      0.7314
   2013.62802511      0.6864
   2013.62805365      0.6453
   2013.62808219      0.6152
   2013.62811073      0.5806
   2013.62813927      0.5462
   2013.62816781      0.5142
   2013.62819635      0.4931
   2013.62822489      0.4663
   2013.62825342      0.4392
   2013.62828196      0.4135
   2013.62831050      0.4001
   2013.62833904      0.3795
   2013.62836758      0.3578
   2013.62839612      0.3372
   2013.62842466      0.3312
   2013.62845320      0.3162
   2013.62848174      0.2995
   2013.62851027      0.2833
   2013.62853881      0.2829
   2013.62856735      0.2724
   2013.62859589      0.2599
   2013.62862443      0.2478
   2013.62865297      0.2538
   2013.62868151      0.2476
   2013.62871005      0.2391
   2013.62873858      0.2313
   2013.62876712      0.2446
   2013.62879566      0.2441
   2013.62882420      0.2408
   2013.62885274      0.2385
   2013.62888128      0.2617
   2013.62890982      0.2692
   2013.62893836      0.2736
   2013.62896689      0.2801
   2013.62899543      0.3188
   2013.62902397      0.3394
   2013.62905251      0.3670
   2013.62908105      0.3904
   2013.62910959      0.4598
   2013.62913813      0.5107
   2013.62916667      0.5692
   2013.62919521      0.6193
   2013.62922374      0.7412
   2013.62925228      0.8488
   2013.62928082      0.9705
   2013.62930936      1.1104
   2013.62933790      1.3338
   2013.62936644      1.5520
   2013.62939498      1.7286
   2013.62942352      1.8577
   2013.62945205      2.0459
   2013.62948059      2.1891
   2013.62950913      2.2681
   2013.62953767      2.3177
   2013.62956621      2.4462
   2013.62959475      2.4810
   2013.62962329      2.5479
   2013.62965183      2.5451
   2013.62968037      2.6259
   2013.62970890      2.6172
   2013.62973744      2.6444
   2013.62976598      2.6095
   2013.62979452      2.6522
   2013.62982306      2.6118
   2013.62985160      2.5991
   2013.62988014      2.5409
   2013.62990868      2.5570
   2013.62993721      2.5105
   2013.62996575      2.4496
   2013.62999429      2.3803
   2013.63002283      2.3089
   2013.63005137      2.2938
   2013.63007991      2.2278
   2013.63010845      2.1029
   2013.63013699      2.0725
   2013.63016553      2.0381
   2013.63019406      1.9695
   2013.63022260      1.8513
   2013.63025114      1.7731
   2013.63027968      1.6992
   2013.63030822      1.6127
   2013.63033676      1.5224
   2013.63036530      1.4397
   2013.63039384      1.3608
   2013.63042237      1.2841
   2013.63045091      1.2081
   2013.63047945      1.1762
   2013.63050799      1.0700
   2013.63053653      1.0003
   2013.63056507      0.9291
   2013.63059361      0.8721
   2013.63062215      0.8127
   2013.63065068      0.7556
   2013.63067922      0.7011
   2013.63070776      0.6504
   2013.63073630      0.6041
   2013.63076484      0.5613
   2013.63079338      0.5220
   2013.63082192      0.4859
   2013.63085046      0.4527
   2013.63087900      0.4219
   2013.63090753      0.3933
   2013.63093607      0.3667
   2013.63096461      0.3418
   2013.63099315      0.3188
   2013.63102169      0.2973
   2013.63105023      0.2775
   2013.63107877      0.2591
   2013.63110731      0.2419
   2013.63113584      0.2258
   2013.63116438      0.2108
   2013.63119292      0.1968
   2013.63122146      0.1839
   2013.63125000      0.1719
   2013.63127854      0.1607
   2013.63130708      0.1504
   2013.63133562      0.1408
   2013.63136416      0.1318
   2013.63139269      0.1235
   2013.63142123      0.1158
   2013.63144977      0.1085
   2013.63147831      0.1018
