   2013.62465753      0.0000
   2013.62468607      0.0000
   2013.62471461      0.0000
   2013.62474315      0.0000
   2013.62477169      0.0000
   2013.62480023      0.0000
   2013.62482877      0.0000
   2013.62485731      0.0000
   2013.62488584      0.0000
   2013.62491438      0.0002
   2013.62494292      0.0010
   2013.62497146      0.0016
   2013.62500000      0.0066
   2013.62502854      0.0052
   2013.62505708      0.0095
   2013.62508562      0.0497
   2013.62511416      0.0962
   2013.62514269      0.1618
   2013.62517123      0.2716
   2013.62519977      0.4371
   2013.62522831      0.7349
   2013.62525685      1.1266
   2013.62528539      1.6063
   2013.62531393      2.2914
   2013.62534247      3.2307
   2013.62537100      4.5856
   2013.62539954      5.1339
   2013.62542808      5.4229
   2013.62545662      5.3970
   2013.62548516      5.8197
   2013.62551370      5.7796
   2013.62554224      5.7832
   2013.62557078      5.7240
   2013.62559932      6.0820
   2013.62562785      6.1895
   2013.62565639      6.3270
   2013.62568493      6.1546
   2013.62571347      6.5659
   2013.62574201      6.7088
   2013.62577055      6.8372
   2013.62579909      6.7373
   2013.62582763      7.1542
   2013.62585616      7.4571
   2013.62588470      7.5287
   2013.62591324      7.7321
   2013.62594178      7.9822
   2013.62597032      8.2729
   2013.62599886      8.4312
   2013.62602740      8.7946
   2013.62605594      9.2002
   2013.62608447      9.4187
   2013.62611301      9.7267
   2013.62614155     10.2678
   2013.62617009     11.4429
   2013.62619863     13.0601
   2013.62622717     14.0683
   2013.62625571     14.0192
   2013.62628425     13.5204
   2013.62631279     11.7118
   2013.62634132     10.5783
   2013.62636986      9.2915
   2013.62639840      8.4981
   2013.62642694      8.2915
   2013.62645548      8.5733
   2013.62648402      8.7361
   2013.62651256      8.5338
   2013.62654110      8.0199
   2013.62656963      6.9435
   2013.62659817      6.5582
   2013.62662671      5.1685
   2013.62665525      4.8626
   2013.62668379      3.9465
   2013.62671233      3.3800
   2013.62674087      3.1363
   2013.62676941      2.6498
   2013.62679795      2.2111
   2013.62682648      1.9527
   2013.62685502      1.7224
   2013.62688356      1.5217
   2013.62691210      1.3945
   2013.62694064      1.2072
   2013.62696918      1.0560
   2013.62699772      0.9651
   2013.62702626      0.8688
   2013.62705479      0.7805
   2013.62708333      0.7018
   2013.62711187      0.6327
   2013.62714041      0.5720
   2013.62716895      0.5183
   2013.62719749      0.4710
   2013.62722603      0.4292
   2013.62725457      0.3921
   2013.62728311      0.3590
   2013.62731164      0.3293
   2013.62734018      0.3025
   2013.62736872      0.2784
   2013.62739726      0.2565
   2013.62742580      0.2365
   2013.62745434      0.2182
   2013.62748288      0.2015
   2013.62751142      0.1862
   2013.62753995      0.1724
   2013.62756849      0.1597
   2013.62759703      0.1481
   2013.62762557      0.1375
   2013.62765411      0.1278
   2013.62768265      0.1188
   2013.62771119      0.1106
   2013.62773973      0.1030
   2013.62776826      0.0960
   2013.62779680      0.0896
   2013.62782534      0.0836
   2013.62785388      0.0780
   2013.62788242      0.0728
   2013.62791096      0.0679
   2013.62793950      0.0633
   2013.62796804      0.0590
   2013.62799658      0.0549
   2013.62802511      0.0512
   2013.62805365      0.0477
   2013.62808219      0.0445
