   2013.62465753      0.0000
   2013.62468607      0.0000
   2013.62471461      0.0000
   2013.62474315      0.0000
   2013.62477169      0.0000
   2013.62480023      0.0000
   2013.62482877      0.0000
   2013.62485731      0.0000
   2013.62488584      0.0000
   2013.62491438      0.0000
   2013.62494292      0.0000
   2013.62497146      0.0000
   2013.62500000      0.0000
   2013.62502854      0.0000
   2013.62505708      0.0000
   2013.62508562      0.0000
   2013.62511416      0.0000
   2013.62514269      0.0000
   2013.62517123      0.0000
   2013.62519977      0.0000
   2013.62522831      0.0000
   2013.62525685      0.0000
   2013.62528539      0.0000
   2013.62531393      0.0000
   2013.62534247      0.0000
   2013.62537100      0.0000
   2013.62539954      0.0000
   2013.62542808      0.0000
   2013.62545662      0.0000
   2013.62548516      0.0000
   2013.62551370      0.0000
   2013.62554224      0.0000
   2013.62557078      0.0000
   2013.62559932      0.0000
   2013.62562785      0.0000
   2013.62565639      0.0000
   2013.62568493      0.0000
   2013.62571347      0.0000
   2013.62574201      0.0000
   2013.62577055      0.0000
   2013.62579909      0.0000
   2013.62582763      0.0000
   2013.62585616      0.0000
   2013.62588470      0.0000
   2013.62591324      0.0000
   2013.62594178      0.0000
   2013.62597032      0.0000
   2013.62599886      0.0000
   2013.62602740      0.0000
   2013.62605594      0.0015
   2013.62608447      0.0015
   2013.62611301      0.0016
   2013.62614155      0.0023
   2013.62617009      0.0023
   2013.62619863      0.0025
   2013.62622717      0.0217
   2013.62625571      0.0552
   2013.62628425      0.0868
   2013.62631279      0.1412
   2013.62634132      0.2224
   2013.62636986      0.3391
   2013.62639840      0.4885
   2013.62642694      0.7123
   2013.62645548      1.0244
   2013.62648402      1.4862
   2013.62651256      2.1380
   2013.62654110      2.8606
   2013.62656963      3.5550
   2013.62659817      4.0805
   2013.62662671      4.3959
   2013.62665525      4.6002
   2013.62668379      4.7403
   2013.62671233      4.8665
   2013.62674087      4.9275
   2013.62676941      4.9761
   2013.62679795      5.0286
   2013.62682648      5.0753
   2013.62685502      5.0886
   2013.62688356      5.1015
   2013.62691210      5.1277
   2013.62694064      5.1467
   2013.62696918      5.1390
   2013.62699772      5.1455
   2013.62702626      5.1419
   2013.62705479      5.1746
   2013.62708333      5.1352
   2013.62711187      5.1099
   2013.62714041      5.0919
   2013.62716895      4.9901
   2013.62719749      4.8601
   2013.62722603      4.6965
   2013.62725457      4.7604
   2013.62728311      4.3060
   2013.62731164      4.0648
   2013.62734018      3.8671
   2013.62736872      3.8501
   2013.62739726      3.4629
   2013.62742580      3.3048
   2013.62745434      3.1046
   2013.62748288      2.8273
   2013.62751142      2.6386
   2013.62753995      2.4523
   2013.62756849      2.2709
   2013.62759703      2.1037
   2013.62762557      1.9605
   2013.62765411      1.8293
   2013.62768265      1.7162
   2013.62771119      1.5836
   2013.62773973      1.4824
   2013.62776826      1.3905
   2013.62779680      1.3059
   2013.62782534      1.2257
   2013.62785388      1.2012
   2013.62788242      1.0963
   2013.62791096      1.0293
   2013.62793950      0.9525
   2013.62796804      0.9149
   2013.62799658      0.8664
   2013.62802511      0.8184
   2013.62805365      0.7728
   2013.62808219      0.7313
   2013.62811073      0.6920
   2013.62813927      0.6559
   2013.62816781      0.6232
   2013.62819635      0.5944
   2013.62822489      0.5663
   2013.62825342      0.5399
   2013.62828196      0.5152
   2013.62831050      0.4957
   2013.62833904      0.4747
   2013.62836758      0.4543
   2013.62839612      0.4351
   2013.62842466      0.4216
   2013.62845320      0.4056
   2013.62848174      0.3897
   2013.62851027      0.3750
   2013.62853881      0.3681
   2013.62856735      0.3571
   2013.62859589      0.3457
   2013.62862443      0.3353
   2013.62865297      0.3355
   2013.62868151      0.3294
   2013.62871005      0.3224
   2013.62873858      0.3163
   2013.62876712      0.3232
   2013.62879566      0.3226
   2013.62882420      0.3208
   2013.62885274      0.3204
   2013.62888128      0.3359
   2013.62890982      0.3424
   2013.62893836      0.3477
   2013.62896689      0.3550
   2013.62899543      0.3805
   2013.62902397      0.3963
   2013.62905251      0.4171
   2013.62908105      0.4335
   2013.62910959      0.4592
   2013.62913813      0.5177
   2013.62916667      0.5579
   2013.62919521      0.5882
   2013.62922374      0.6613
   2013.62925228      0.7276
   2013.62928082      0.8051
   2013.62930936      0.8857
   2013.62933790      0.9995
   2013.62936644      1.1128
   2013.62939498      1.2302
   2013.62942352      1.3349
   2013.62945205      1.4564
   2013.62948059      1.5511
   2013.62950913      1.6196
   2013.62953767      1.6658
   2013.62956621      1.7400
   2013.62959475      1.7926
   2013.62962329      1.8246
   2013.62965183      1.8408
   2013.62968037      1.8911
   2013.62970890      1.9143
   2013.62973744      1.9207
   2013.62976598      1.9156
   2013.62979452      1.9438
   2013.62982306      1.9428
   2013.62985160      1.9304
   2013.62988014      1.9130
   2013.62990868      1.9175
   2013.62993721      1.8989
   2013.62996575      1.8771
   2013.62999429      1.8445
   2013.63002283      1.8314
   2013.63005137      1.7999
   2013.63007991      1.7701
   2013.63010845      1.7288
   2013.63013699      1.6998
   2013.63016553      1.6618
   2013.63019406      1.6216
   2013.63022260      1.5749
   2013.63025114      1.5276
   2013.63027968      1.4814
   2013.63030822      1.4102
   2013.63033676      1.3725
   2013.63036530      1.3184
   2013.63039384      1.2695
   2013.63042237      1.2210
   2013.63045091      1.1722
   2013.63047945      1.1107
   2013.63050799      1.0826
   2013.63053653      1.0199
   2013.63056507      0.9731
   2013.63059361      0.9178
   2013.63062215      0.8805
   2013.63065068      0.8381
   2013.63067922      0.7965
   2013.63070776      0.7556
   2013.63073630      0.7163
   2013.63076484      0.6794
   2013.63079338      0.6452
   2013.63082192      0.6132
   2013.63085046      0.5829
   2013.63087900      0.5540
   2013.63090753      0.5266
   2013.63093607      0.5008
   2013.63096461      0.4764
   2013.63099315      0.4533
   2013.63102169      0.4314
   2013.63105023      0.4106
   2013.63107877      0.3909
   2013.63110731      0.3722
   2013.63113584      0.3545
   2013.63116438      0.3379
   2013.63119292      0.3222
   2013.63122146      0.3074
   2013.63125000      0.2934
   2013.63127854      0.2803
   2013.63130708      0.2679
   2013.63133562      0.2562
   2013.63136416      0.2451
   2013.63139269      0.2345
   2013.63142123      0.2245
   2013.63144977      0.2149
   2013.63147831      0.2058
   2013.63150685      0.1973
   2013.63153539      0.1892
   2013.63156393      0.1816
   2013.63159247      0.1743
   2013.63162100      0.1674
   2013.63164954      0.1609
   2013.63167808      0.1547
   2013.63170662      0.1488
   2013.63173516      0.1432
   2013.63176370      0.1378
   2013.63179224      0.1328
   2013.63182078      0.1279
   2013.63184932      0.1234
   2013.63187785      0.1190
   2013.63190639      0.1149
   2013.63193493      0.1109
   2013.63196347      0.1072
   2013.63199201      0.1036
   2013.63202055      0.1001
