   2013.62465753      0.0000
   2013.62468607      0.0000
   2013.62471461      0.0000
   2013.62474315      0.0000
   2013.62477169      0.0000
   2013.62480023      0.0000
   2013.62482877      0.0000
   2013.62485731      0.0000
   2013.62488584      0.0000
   2013.62491438      0.0000
   2013.62494292      0.0000
   2013.62497146      0.0000
   2013.62500000      0.0000
   2013.62502854      0.0000
   2013.62505708      0.0000
   2013.62508562      0.0000
   2013.62511416      0.0000
   2013.62514269      0.0000
   2013.62517123      0.0000
   2013.62519977      0.0000
   2013.62522831      0.0000
   2013.62525685      0.0000
   2013.62528539      0.0000
   2013.62531393      0.0000
   2013.62534247      0.0000
   2013.62537100      0.0000
   2013.62539954      0.0000
   2013.62542808      0.0000
   2013.62545662      0.0000
   2013.62548516      0.0000
   2013.62551370      0.0000
   2013.62554224      0.0000
   2013.62557078      0.0000
   2013.62559932      0.0000
   2013.62562785      0.0000
   2013.62565639      0.0000
   2013.62568493      0.0000
   2013.62571347      0.0000
   2013.62574201      0.0000
   2013.62577055      0.0000
   2013.62579909      0.0000
   2013.62582763      0.0857
   2013.62585616      0.1439
   2013.62588470      0.3102
   2013.62591324      0.7345
   2013.62594178      1.4315
   2013.62597032      2.2913
   2013.62599886      3.6277
   2013.62602740      5.8990
   2013.62605594      8.2552
   2013.62608447      9.5683
   2013.62611301      9.3968
   2013.62614155      9.0923
   2013.62617009      8.6482
   2013.62619863      8.1962
   2013.62622717      7.9962
   2013.62625571      7.6405
   2013.62628425      7.6753
   2013.62631279      7.6890
   2013.62634132      7.6879
   2013.62636986      7.9364
   2013.62639840      8.1110
   2013.62642694      8.2934
   2013.62645548      8.4912
   2013.62648402      8.6036
   2013.62651256      8.6270
   2013.62654110      8.5130
   2013.62656963      8.1891
   2013.62659817      7.7990
   2013.62662671      7.9893
   2013.62665525      7.7656
   2013.62668379      7.3840
   2013.62671233      6.8287
   2013.62674087      6.9437
   2013.62676941      6.7011
   2013.62679795      6.5275
   2013.62682648      6.0450
   2013.62685502      6.2853
   2013.62688356      6.2651
   2013.62691210      6.2116
   2013.62694064      6.0253
   2013.62696918      6.4764
   2013.62699772      6.3961
   2013.62702626      6.3220
   2013.62705479      6.2121
   2013.62708333      6.5639
   2013.62711187      6.2630
   2013.62714041      6.1050
   2013.62716895      5.6423
   2013.62719749      6.1359
   2013.62722603      5.9991
   2013.62725457      5.8713
   2013.62728311      5.5436
   2013.62731164      5.2374
   2013.62734018      5.0901
   2013.62736872      5.1998
   2013.62739726      4.6512
   2013.62742580      4.6995
   2013.62745434      4.4164
   2013.62748288      4.2768
   2013.62751142      4.1670
   2013.62753995      4.1789
   2013.62756849      3.8654
   2013.62759703      3.6263
   2013.62762557      3.5596
   2013.62765411      3.2538
   2013.62768265      3.1305
   2013.62771119      3.0336
   2013.62773973      2.8924
   2013.62776826      2.7404
   2013.62779680      2.6008
   2013.62782534      2.4261
   2013.62785388      2.3331
   2013.62788242      2.2281
   2013.62791096      2.1188
   2013.62793950      2.0107
   2013.62796804      1.9064
   2013.62799658      1.8118
   2013.62802511      1.7273
   2013.62805365      1.6420
   2013.62808219      1.5629
   2013.62811073      1.4873
   2013.62813927      1.4115
   2013.62816781      1.3360
   2013.62819635      1.2622
   2013.62822489      1.1920
   2013.62825342      1.1263
   2013.62828196      1.1056
   2013.62831050      1.0183
   2013.62833904      0.9625
   2013.62836758      0.9039
   2013.62839612      0.8652
   2013.62842466      0.8221
   2013.62845320      0.7804
   2013.62848174      0.7394
   2013.62851027      0.6998
   2013.62853881      0.6625
   2013.62856735      0.6279
   2013.62859589      0.5951
   2013.62862443      0.5641
   2013.62865297      0.5349
   2013.62868151      0.5074
   2013.62871005      0.4816
   2013.62873858      0.4574
   2013.62876712      0.4349
   2013.62879566      0.4138
   2013.62882420      0.3940
   2013.62885274      0.3754
   2013.62888128      0.3579
   2013.62890982      0.3415
   2013.62893836      0.3260
   2013.62896689      0.3115
   2013.62899543      0.2978
   2013.62902397      0.2849
   2013.62905251      0.2727
   2013.62908105      0.2612
   2013.62910959      0.2502
   2013.62913813      0.2399
   2013.62916667      0.2300
   2013.62919521      0.2207
   2013.62922374      0.2117
   2013.62925228      0.2030
   2013.62928082      0.1948
   2013.62930936      0.1869
   2013.62933790      0.1794
   2013.62936644      0.1722
   2013.62939498      0.1654
   2013.62942352      0.1588
   2013.62945205      0.1524
   2013.62948059      0.1462
   2013.62950913      0.1402
   2013.62953767      0.1343
   2013.62956621      0.1286
   2013.62959475      0.1231
   2013.62962329      0.1177
   2013.62965183      0.1125
   2013.62968037      0.1075
   2013.62970890      0.1026
