   2013.62465753      0.0000
   2013.62468607      0.0000
   2013.62471461      0.0000
   2013.62474315      0.0000
   2013.62477169      0.0000
   2013.62480023      0.0000
   2013.62482877      0.0000
   2013.62485731      0.0000
   2013.62488584      0.0000
   2013.62491438      0.0000
   2013.62494292      0.0000
   2013.62497146      0.0000
   2013.62500000      0.0000
   2013.62502854      0.0000
   2013.62505708      0.0000
   2013.62508562      0.0000
   2013.62511416      0.0000
   2013.62514269      0.0000
   2013.62517123      0.0000
   2013.62519977      0.0000
   2013.62522831      0.0000
   2013.62525685      0.0000
   2013.62528539      0.0000
   2013.62531393      0.0000
   2013.62534247      0.0000
   2013.62537100      0.0000
   2013.62539954      0.0000
   2013.62542808      0.0000
   2013.62545662      0.0000
   2013.62548516      0.0000
   2013.62551370      0.0000
   2013.62554224      0.0000
   2013.62557078      0.0000
   2013.62559932      0.0000
   2013.62562785      0.0000
   2013.62565639      0.0000
   2013.62568493      0.0000
   2013.62571347      0.0000
   2013.62574201      0.0000
   2013.62577055      0.0000
   2013.62579909      0.0000
   2013.62582763      0.0000
   2013.62585616      0.0000
   2013.62588470      0.0000
   2013.62591324      0.0000
   2013.62594178      0.0000
   2013.62597032      0.0000
   2013.62599886      0.0000
   2013.62602740      0.0000
   2013.62605594      0.0000
   2013.62608447      0.0000
   2013.62611301      0.0000
   2013.62614155      0.0000
   2013.62617009      0.0000
   2013.62619863      0.0000
   2013.62622717      0.0000
   2013.62625571      0.0000
   2013.62628425      0.0044
   2013.62631279      0.0090
   2013.62634132      0.0414
   2013.62636986      0.1390
   2013.62639840      0.3478
   2013.62642694      0.9840
   2013.62645548      2.4709
   2013.62648402      4.9007
   2013.62651256      8.5455
   2013.62654110     13.1454
   2013.62656963     15.9931
   2013.62659817     15.7593
   2013.62662671     15.0400
   2013.62665525     13.3678
   2013.62668379     11.4970
   2013.62671233      9.7530
   2013.62674087      8.4323
   2013.62676941      7.4633
   2013.62679795      6.8166
   2013.62682648      5.4575
   2013.62685502      4.7745
   2013.62688356      4.1021
   2013.62691210      3.7194
   2013.62694064      3.2705
   2013.62696918      2.9294
   2013.62699772      2.6276
   2013.62702626      2.3635
   2013.62705479      2.1427
   2013.62708333      1.9471
   2013.62711187      1.7728
   2013.62714041      1.6235
   2013.62716895      1.4957
   2013.62719749      1.3842
   2013.62722603      1.2845
   2013.62725457      1.2454
   2013.62728311      1.1231
   2013.62731164      1.0453
   2013.62734018      0.9622
   2013.62736872      0.9171
   2013.62739726      0.8634
   2013.62742580      0.8120
   2013.62745434      0.7641
   2013.62748288      0.7198
   2013.62751142      0.6795
   2013.62753995      0.6435
   2013.62756849      0.6108
   2013.62759703      0.5807
   2013.62762557      0.5527
   2013.62765411      0.5266
   2013.62768265      0.5022
   2013.62771119      0.4793
   2013.62773973      0.4577
   2013.62776826      0.4373
   2013.62779680      0.4180
   2013.62782534      0.3996
   2013.62785388      0.3821
   2013.62788242      0.3655
   2013.62791096      0.3497
   2013.62793950      0.3348
   2013.62796804      0.3206
   2013.62799658      0.3071
   2013.62802511      0.2944
   2013.62805365      0.2822
   2013.62808219      0.2707
   2013.62811073      0.2598
   2013.62813927      0.2494
   2013.62816781      0.2394
   2013.62819635      0.2298
   2013.62822489      0.2206
   2013.62825342      0.2119
   2013.62828196      0.2035
   2013.62831050      0.1956
   2013.62833904      0.1881
   2013.62836758      0.1809
   2013.62839612      0.1741
   2013.62842466      0.1675
   2013.62845320      0.1613
   2013.62848174      0.1554
   2013.62851027      0.1497
   2013.62853881      0.1443
   2013.62856735      0.1391
   2013.62859589      0.1342
   2013.62862443      0.1295
   2013.62865297      0.1251
   2013.62868151      0.1208
   2013.62871005      0.1167
   2013.62873858      0.1128
   2013.62876712      0.1091
   2013.62879566      0.1055
   2013.62882420      0.1021
