   2013.62465753      0.0000
   2013.62468607      0.0000
   2013.62471461      0.0000
   2013.62474315      0.0000
   2013.62477169      0.0000
   2013.62480023      0.0000
   2013.62482877      0.0000
   2013.62485731      0.0000
   2013.62488584      0.0000
   2013.62491438      0.0000
   2013.62494292      0.0000
   2013.62497146      0.0000
   2013.62500000      0.0000
   2013.62502854      0.0000
   2013.62505708      0.0000
   2013.62508562      0.0000
   2013.62511416      0.0000
   2013.62514269      0.0000
   2013.62517123      0.0000
   2013.62519977      0.0000
   2013.62522831      0.0000
   2013.62525685      0.0000
   2013.62528539      0.0000
   2013.62531393      0.0000
   2013.62534247      0.0000
   2013.62537100      0.0000
   2013.62539954      0.0000
   2013.62542808      0.0000
   2013.62545662      0.0000
   2013.62548516      0.0000
   2013.62551370      0.0000
   2013.62554224      0.0000
   2013.62557078      0.0000
   2013.62559932      0.0000
   2013.62562785      0.0000
   2013.62565639      0.0000
   2013.62568493      0.0000
   2013.62571347      0.0000
   2013.62574201      0.0000
   2013.62577055      0.0000
   2013.62579909      0.0000
   2013.62582763      0.0000
   2013.62585616      0.0000
   2013.62588470      0.0000
   2013.62591324      0.0000
   2013.62594178      0.0000
   2013.62597032      0.0000
   2013.62599886      0.0000
   2013.62602740      0.0000
   2013.62605594      0.0000
   2013.62608447      0.0000
   2013.62611301      0.0000
   2013.62614155      0.0000
   2013.62617009      0.0005
   2013.62619863      0.0006
   2013.62622717      0.0008
   2013.62625571      0.0014
   2013.62628425      0.0015
   2013.62631279      0.0015
   2013.62634132      0.0016
   2013.62636986      0.0024
   2013.62639840      0.0024
   2013.62642694      0.0251
   2013.62645548      0.0534
   2013.62648402      0.0846
   2013.62651256      0.1358
   2013.62654110      0.2089
   2013.62656963      0.3078
   2013.62659817      0.4419
   2013.62662671      0.6396
   2013.62665525      0.9139
   2013.62668379      1.2752
   2013.62671233      1.8843
   2013.62674087      2.5753
   2013.62676941      3.1611
   2013.62679795      3.6409
   2013.62682648      3.9622
   2013.62685502      4.1712
   2013.62688356      4.3044
   2013.62691210      4.3928
   2013.62694064      4.4980
   2013.62696918      4.6520
   2013.62699772      4.5681
   2013.62702626      4.6096
   2013.62705479      4.5736
   2013.62708333      4.4968
   2013.62711187      4.3890
   2013.62714041      4.5554
   2013.62716895      4.1328
   2013.62719749      3.9257
   2013.62722603      3.7594
   2013.62725457      3.7726
   2013.62728311      3.6658
   2013.62731164      3.2950
   2013.62734018      3.1152
   2013.62736872      2.8440
   2013.62739726      2.6641
   2013.62742580      2.4763
   2013.62745434      2.3008
   2013.62748288      2.1324
   2013.62751142      1.9771
   2013.62753995      1.8379
   2013.62756849      1.6928
   2013.62759703      1.5750
   2013.62762557      1.4676
   2013.62765411      1.3690
   2013.62768265      1.2769
   2013.62771119      1.2548
   2013.62773973      1.1251
   2013.62776826      1.0467
   2013.62779680      0.9641
   2013.62782534      0.9167
   2013.62785388      0.8604
   2013.62788242      0.8059
   2013.62791096      0.7545
   2013.62793950      0.7066
   2013.62796804      0.6629
   2013.62799658      0.6237
   2013.62802511      0.5878
   2013.62805365      0.5548
   2013.62808219      0.5243
   2013.62811073      0.4960
   2013.62813927      0.4698
   2013.62816781      0.4452
   2013.62819635      0.4222
   2013.62822489      0.4006
   2013.62825342      0.3803
   2013.62828196      0.3613
   2013.62831050      0.3435
   2013.62833904      0.3269
   2013.62836758      0.3113
   2013.62839612      0.2967
   2013.62842466      0.2829
   2013.62845320      0.2701
   2013.62848174      0.2580
   2013.62851027      0.2466
   2013.62853881      0.2358
   2013.62856735      0.2255
   2013.62859589      0.2158
   2013.62862443      0.2066
   2013.62865297      0.1994
   2013.62868151      0.1914
   2013.62871005      0.1837
   2013.62873858      0.1764
   2013.62876712      0.1768
   2013.62879566      0.1718
   2013.62882420      0.1660
   2013.62885274      0.1606
   2013.62888128      0.1662
   2013.62890982      0.1643
   2013.62893836      0.1612
   2013.62896689      0.1588
   2013.62899543      0.1707
   2013.62902397      0.1739
   2013.62905251      0.1764
   2013.62908105      0.1809
   2013.62910959      0.2050
   2013.62913813      0.2192
   2013.62916667      0.2327
   2013.62919521      0.2496
   2013.62922374      0.2911
   2013.62925228      0.3214
   2013.62928082      0.3612
   2013.62930936      0.3977
   2013.62933790      0.4742
   2013.62936644      0.5458
   2013.62939498      0.6161
   2013.62942352      0.7233
   2013.62945205      0.8723
   2013.62948059      1.0325
   2013.62950913      1.2390
   2013.62953767      1.4821
   2013.62956621      1.7601
   2013.62959475      1.9520
   2013.62962329      2.1211
   2013.62965183      2.2145
   2013.62968037      2.3266
   2013.62970890      2.3938
   2013.62973744      2.4088
   2013.62976598      2.4069
   2013.62979452      2.4352
   2013.62982306      2.4299
   2013.62985160      2.3990
   2013.62988014      2.3616
   2013.62990868      2.3453
   2013.62993721      2.2951
   2013.62996575      2.2459
   2013.62999429      2.1822
   2013.63002283      2.1314
   2013.63005137      2.0687
   2013.63007991      2.0035
   2013.63010845      1.8881
   2013.63013699      1.8249
   2013.63016553      1.7524
   2013.63019406      1.6774
   2013.63022260      1.6018
   2013.63025114      1.5258
   2013.63027968      1.4493
   2013.63030822      1.3808
   2013.63033676      1.3144
   2013.63036530      1.2492
   2013.63039384      1.1840
   2013.63042237      1.1658
   2013.63045091      1.0711
   2013.63047945      1.0110
   2013.63050799      0.9426
   2013.63053653      0.9029
   2013.63056507      0.8540
   2013.63059361      0.8058
   2013.63062215      0.7592
   2013.63065068      0.7148
   2013.63067922      0.6738
   2013.63070776      0.6364
   2013.63073630      0.6020
   2013.63076484      0.5698
   2013.63079338      0.5397
   2013.63082192      0.5116
   2013.63085046      0.4852
   2013.63087900      0.4605
   2013.63090753      0.4372
   2013.63093607      0.4153
   2013.63096461      0.3946
   2013.63099315      0.3751
   2013.63102169      0.3568
   2013.63105023      0.3396
   2013.63107877      0.3234
   2013.63110731      0.3082
   2013.63113584      0.2940
   2013.63116438      0.2806
   2013.63119292      0.2680
   2013.63122146      0.2562
   2013.63125000      0.2450
   2013.63127854      0.2343
   2013.63130708      0.2242
   2013.63133562      0.2146
   2013.63136416      0.2055
   2013.63139269      0.1969
   2013.63142123      0.1888
   2013.63144977      0.1812
   2013.63147831      0.1739
   2013.63150685      0.1670
   2013.63153539      0.1605
   2013.63156393      0.1543
   2013.63159247      0.1484
   2013.63162100      0.1428
   2013.63164954      0.1375
   2013.63167808      0.1325
   2013.63170662      0.1277
   2013.63173516      0.1231
   2013.63176370      0.1188
   2013.63179224      0.1146
   2013.63182078      0.1107
   2013.63184932      0.1070
   2013.63187785      0.1034
   2013.63190639      0.1000
