   2013.62465753      0.0000
   2013.62468607      0.0000
   2013.62471461      0.0000
   2013.62474315      0.0000
   2013.62477169      0.0000
   2013.62480023      0.0000
   2013.62482877      0.0000
   2013.62485731      0.0000
   2013.62488584      0.0000
   2013.62491438      0.0000
   2013.62494292      0.0000
   2013.62497146      0.0000
   2013.62500000      0.0000
   2013.62502854      0.0000
   2013.62505708      0.0000
   2013.62508562      0.0000
   2013.62511416      0.0000
   2013.62514269      0.0000
   2013.62517123      0.0000
   2013.62519977      0.0000
   2013.62522831      0.0000
   2013.62525685      0.0000
   2013.62528539      0.0000
   2013.62531393      0.0000
   2013.62534247      0.0000
   2013.62537100      0.0000
   2013.62539954      0.0000
   2013.62542808      0.0000
   2013.62545662      0.0000
   2013.62548516      0.0000
   2013.62551370      0.0000
   2013.62554224      0.0000
   2013.62557078      0.0000
   2013.62559932      0.0000
   2013.62562785      0.0000
   2013.62565639      0.0000
   2013.62568493      0.0000
   2013.62571347      0.0000
   2013.62574201      0.0000
   2013.62577055      0.0000
   2013.62579909      0.0000
   2013.62582763      0.0000
   2013.62585616      0.0000
   2013.62588470      0.0000
   2013.62591324      0.0000
   2013.62594178      0.0000
   2013.62597032      0.0000
   2013.62599886      0.0000
   2013.62602740      0.0000
   2013.62605594      0.0000
   2013.62608447      0.0000
   2013.62611301      0.0000
   2013.62614155      0.0000
   2013.62617009      0.0000
   2013.62619863      0.0000
   2013.62622717      0.0000
   2013.62625571      0.0000
   2013.62628425      0.0000
   2013.62631279      0.0000
   2013.62634132      0.0000
   2013.62636986      0.0000
   2013.62639840      0.0000
   2013.62642694      0.0000
   2013.62645548      0.0000
   2013.62648402      0.0000
   2013.62651256      0.0000
   2013.62654110      0.0000
   2013.62656963      0.0000
   2013.62659817      0.0000
   2013.62662671      1.1684
   2013.62665525      6.3651
   2013.62668379     14.4165
   2013.62671233     33.3274
   2013.62674087     43.6574
   2013.62676941     39.5224
   2013.62679795     30.3409
   2013.62682648     24.7932
   2013.62685502     20.3552
   2013.62688356     17.3645
   2013.62691210     15.2189
   2013.62694064     13.9616
   2013.62696918     12.8879
   2013.62699772     12.2126
   2013.62702626     11.5647
   2013.62705479     11.3597
   2013.62708333     11.1063
   2013.62711187     10.9944
   2013.62714041     10.7341
   2013.62716895     10.7911
   2013.62719749     10.6955
   2013.62722603     10.6706
   2013.62725457     10.4732
   2013.62728311     10.5135
   2013.62731164     10.4238
   2013.62734018     10.3950
   2013.62736872     10.1847
   2013.62739726     10.1999
   2013.62742580     10.1102
   2013.62745434     10.0050
   2013.62748288      9.6374
   2013.62751142      9.1566
   2013.62753995      8.6565
   2013.62756849      8.1753
   2013.62759703      7.7519
   2013.62762557      6.9837
   2013.62765411      6.8138
   2013.62768265      6.4046
   2013.62771119      6.2008
   2013.62773973      4.9394
   2013.62776826      5.0772
   2013.62779680      4.6084
   2013.62782534      4.2157
   2013.62785388      3.6937
   2013.62788242      3.7057
   2013.62791096      3.5188
   2013.62793950      3.2810
   2013.62796804      3.0763
   2013.62799658      3.0250
   2013.62802511      2.9302
   2013.62805365      2.7941
   2013.62808219      2.7805
   2013.62811073      2.6752
   2013.62813927      2.6332
   2013.62816781      2.5474
   2013.62819635      2.5731
   2013.62822489      2.4909
   2013.62825342      2.4836
   2013.62828196      2.4220
   2013.62831050      2.4747
   2013.62833904      2.4754
   2013.62836758      2.4377
   2013.62839612      2.3968
   2013.62842466      2.4741
   2013.62845320      2.5026
   2013.62848174      2.4969
   2013.62851027      2.4728
   2013.62853881      2.5773
   2013.62856735      2.6361
   2013.62859589      2.6138
   2013.62862443      2.6538
   2013.62865297      2.7937
   2013.62868151      2.8837
   2013.62871005      2.8857
   2013.62873858      2.9749
   2013.62876712      2.9963
   2013.62879566      3.2545
   2013.62882420      3.2771
   2013.62885274      3.3631
   2013.62888128      3.5301
   2013.62890982      3.7096
   2013.62893836      3.7320
   2013.62896689      3.8978
   2013.62899543      3.8655
   2013.62902397      4.2580
   2013.62905251      4.2728
   2013.62908105      4.4625
   2013.62910959      4.3652
   2013.62913813      4.8231
   2013.62916667      4.8013
   2013.62919521      5.0353
   2013.62922374      4.8238
   2013.62925228      5.3487
   2013.62928082      5.2669
   2013.62930936      5.3912
   2013.62933790      5.2221
   2013.62936644      5.7994
   2013.62939498      5.6467
   2013.62942352      5.6498
   2013.62945205      5.5309
   2013.62948059      6.1055
   2013.62950913      5.8947
   2013.62953767      5.8553
   2013.62956621      5.6909
   2013.62959475      6.2269
   2013.62962329      5.9831
   2013.62965183      5.9135
   2013.62968037      5.6854
   2013.62970890      6.1675
   2013.62973744      5.9275
   2013.62976598      5.8247
   2013.62979452      5.5350
   2013.62982306      5.9791
   2013.62985160      5.7380
   2013.62988014      5.8039
   2013.62990868      5.4172
   2013.62993721      5.6809
   2013.62996575      5.4411
   2013.62999429      5.4362
   2013.63002283      5.0759
   2013.63005137      5.3160
   2013.63007991      5.0835
   2013.63010845      5.0295
   2013.63013699      4.7621
   2013.63016553      4.9195
   2013.63019406      4.7739
   2013.63022260      4.6092
   2013.63025114      4.4410
   2013.63027968      4.2105
   2013.63030822      3.9657
   2013.63033676      3.9268
   2013.63036530      3.4615
   2013.63039384      3.3264
   2013.63042237      3.1340
   2013.63045091      2.8514
   2013.63047945      2.6325
   2013.63050799      2.4278
   2013.63053653      2.2232
   2013.63056507      2.0225
   2013.63059361      1.8506
   2013.63062215      1.6923
   2013.63065068      1.5457
   2013.63067922      1.4093
   2013.63070776      1.3555
   2013.63073630      1.1693
   2013.63076484      1.0680
   2013.63079338      0.9748
   2013.63082192      0.8918
   2013.63085046      0.8134
   2013.63087900      0.7401
   2013.63090753      0.6737
   2013.63093607      0.6147
   2013.63096461      0.5619
   2013.63099315      0.5143
   2013.63102169      0.4718
   2013.63105023      0.4335
   2013.63107877      0.3990
   2013.63110731      0.3676
   2013.63113584      0.3392
   2013.63116438      0.3133
   2013.63119292      0.2897
   2013.63122146      0.2683
   2013.63125000      0.2486
   2013.63127854      0.2304
   2013.63130708      0.2137
   2013.63133562      0.1983
   2013.63136416      0.1842
   2013.63139269      0.1712
   2013.63142123      0.1593
   2013.63144977      0.1484
   2013.63147831      0.1383
   2013.63150685      0.1290
   2013.63153539      0.1205
   2013.63156393      0.1125
   2013.63159247      0.1052
