   2013.62465753      0.0000
   2013.62468607      0.0000
   2013.62471461      0.0000
   2013.62474315      0.0000
   2013.62477169      0.0000
   2013.62480023      0.0000
   2013.62482877      0.0000
   2013.62485731      0.0000
   2013.62488584      0.0000
   2013.62491438      0.0000
   2013.62494292      0.0000
   2013.62497146      0.0000
   2013.62500000      0.0000
   2013.62502854      0.0000
   2013.62505708      0.0000
   2013.62508562      0.0000
   2013.62511416      0.0000
   2013.62514269      0.0000
   2013.62517123      0.0000
   2013.62519977      0.0000
   2013.62522831      0.0000
   2013.62525685      0.0000
   2013.62528539      0.0000
   2013.62531393      0.0000
   2013.62534247      0.0000
   2013.62537100      0.0000
   2013.62539954      0.0000
   2013.62542808      0.0000
   2013.62545662      0.0000
   2013.62548516      0.0000
   2013.62551370      0.0000
   2013.62554224      0.0000
   2013.62557078      0.0000
   2013.62559932      0.0000
   2013.62562785      0.0000
   2013.62565639      0.0000
   2013.62568493      0.0000
   2013.62571347      0.0000
   2013.62574201      0.0000
   2013.62577055      0.0000
   2013.62579909      0.0000
   2013.62582763      0.5749
   2013.62585616      2.5047
   2013.62588470      6.8270
   2013.62591324     13.3452
   2013.62594178     26.5836
   2013.62597032     32.9400
   2013.62599886     28.6574
   2013.62602740     24.2604
   2013.62605594     21.7419
   2013.62608447     19.0547
   2013.62611301     16.6490
   2013.62614155     14.9456
   2013.62617009     13.6612
   2013.62619863     12.9619
   2013.62622717     12.6451
   2013.62625571     12.7222
   2013.62628425     12.9064
   2013.62631279     12.6864
   2013.62634132     12.1498
   2013.62636986     11.4257
   2013.62639840     10.7067
   2013.62642694      9.7124
   2013.62645548      8.9070
   2013.62648402      8.1765
   2013.62651256      7.6777
   2013.62654110      7.1708
   2013.62656963      6.6944
   2013.62659817      6.3680
   2013.62662671      5.8834
   2013.62665525      5.4729
   2013.62668379      5.0099
   2013.62671233      4.5659
   2013.62674087      4.2601
   2013.62676941      4.1747
   2013.62679795      3.5928
   2013.62682648      3.3574
   2013.62685502      3.0151
   2013.62688356      2.7418
   2013.62691210      2.5826
   2013.62694064      2.2930
   2013.62696918      2.0629
   2013.62699772      1.7885
   2013.62702626      1.6147
   2013.62705479      1.4531
   2013.62708333      1.3657
   2013.62711187      1.1770
   2013.62714041      1.0647
   2013.62716895      0.9651
   2013.62719749      0.8763
   2013.62722603      0.7937
   2013.62725457      0.7178
   2013.62728311      0.6501
   2013.62731164      0.5904
   2013.62734018      0.5370
   2013.62736872      0.4894
   2013.62739726      0.4469
   2013.62742580      0.4090
   2013.62745434      0.3749
   2013.62748288      0.3441
   2013.62751142      0.3163
   2013.62753995      0.2912
   2013.62756849      0.2684
   2013.62759703      0.2477
   2013.62762557      0.2286
   2013.62765411      0.2111
   2013.62768265      0.1951
   2013.62771119      0.1806
   2013.62773973      0.1672
   2013.62776826      0.1551
   2013.62779680      0.1439
   2013.62782534      0.1337
   2013.62785388      0.1243
   2013.62788242      0.1156
   2013.62791096      0.1076
   2013.62793950      0.1002
