   2013.62465753      0.0000
   2013.62468607      0.0000
   2013.62471461      0.0000
   2013.62474315      0.0000
   2013.62477169      0.0000
   2013.62480023      0.0000
   2013.62482877      0.0000
   2013.62485731      0.0000
   2013.62488584      0.0000
   2013.62491438      0.0000
   2013.62494292      0.0000
   2013.62497146      0.0000
   2013.62500000      0.0000
   2013.62502854      0.0000
   2013.62505708      0.0000
   2013.62508562      0.0000
   2013.62511416      0.0000
   2013.62514269      0.0000
   2013.62517123      0.0000
   2013.62519977      0.0000
   2013.62522831      0.0000
   2013.62525685      0.0000
   2013.62528539      0.0000
   2013.62531393      0.0000
   2013.62534247      0.0000
   2013.62537100      0.0000
   2013.62539954      0.0000
   2013.62542808      0.0000
   2013.62545662      0.0000
   2013.62548516      0.0000
   2013.62551370      0.0000
   2013.62554224      0.0000
   2013.62557078      0.0000
   2013.62559932      0.0000
   2013.62562785      0.0000
   2013.62565639      0.0000
   2013.62568493      0.0000
   2013.62571347      0.0002
   2013.62574201      0.0005
   2013.62577055      0.0007
   2013.62579909      0.0009
   2013.62582763      0.0010
   2013.62585616      0.0011
   2013.62588470      0.0013
   2013.62591324      0.0014
   2013.62594178      0.0015
   2013.62597032      0.0016
   2013.62599886      0.0025
   2013.62602740      0.0211
   2013.62605594      0.0412
   2013.62608447      0.0567
   2013.62611301      0.0771
   2013.62614155      0.1020
   2013.62617009      0.1317
   2013.62619863      0.1668
   2013.62622717      0.2029
   2013.62625571      0.2392
   2013.62628425      0.2866
   2013.62631279      0.3492
   2013.62634132      0.4135
   2013.62636986      0.5155
   2013.62639840      0.6381
   2013.62642694      0.7680
   2013.62645548      0.8852
   2013.62648402      0.9714
   2013.62651256      1.0119
   2013.62654110      1.0394
   2013.62656963      1.0044
   2013.62659817      0.9821
   2013.62662671      0.9314
   2013.62665525      0.8995
   2013.62668379      0.8562
   2013.62671233      0.8269
   2013.62674087      0.7894
   2013.62676941      0.7505
   2013.62679795      0.7163
   2013.62682648      0.7061
   2013.62685502      0.6858
   2013.62688356      0.6651
   2013.62691210      0.6491
   2013.62694064      0.6608
   2013.62696918      0.6754
   2013.62699772      0.6638
   2013.62702626      0.6617
   2013.62705479      0.6656
   2013.62708333      0.7273
   2013.62711187      0.7539
   2013.62714041      0.7886
   2013.62716895      0.8223
   2013.62719749      0.8626
   2013.62722603      0.9234
   2013.62725457      0.9894
   2013.62728311      1.1007
   2013.62731164      1.2224
   2013.62734018      1.3639
   2013.62736872      1.5043
   2013.62739726      1.6768
   2013.62742580      1.8209
   2013.62745434      1.9289
   2013.62748288      2.0072
   2013.62751142      2.1071
   2013.62753995      2.1692
   2013.62756849      2.1962
   2013.62759703      2.2005
   2013.62762557      2.2305
   2013.62765411      2.2178
   2013.62768265      2.1951
   2013.62771119      2.1556
   2013.62773973      2.1319
   2013.62776826      2.0874
   2013.62779680      2.0358
   2013.62782534      1.9746
   2013.62785388      1.8921
   2013.62788242      1.8707
   2013.62791096      1.8085
   2013.62793950      1.7107
   2013.62796804      1.6639
   2013.62799658      1.6287
   2013.62802511      1.5677
   2013.62805365      1.4800
   2013.62808219      1.3279
   2013.62811073      1.4239
   2013.62813927      1.3278
   2013.62816781      1.2725
   2013.62819635      1.2257
   2013.62822489      1.1259
   2013.62825342      1.1167
   2013.62828196      1.1079
   2013.62831050      1.0369
   2013.62833904      0.9927
   2013.62836758      0.9527
   2013.62839612      0.9060
   2013.62842466      0.8771
   2013.62845320      0.8420
   2013.62848174      0.8072
   2013.62851027      0.7736
   2013.62853881      0.7437
   2013.62856735      0.7149
   2013.62859589      0.6878
   2013.62862443      0.6625
   2013.62865297      0.6400
   2013.62868151      0.6172
   2013.62871005      0.5948
   2013.62873858      0.5735
   2013.62876712      0.5548
   2013.62879566      0.5355
   2013.62882420      0.5169
   2013.62885274      0.4992
   2013.62888128      0.4843
   2013.62890982      0.4685
   2013.62893836      0.4529
   2013.62896689      0.4380
   2013.62899543      0.4266
   2013.62902397      0.4134
   2013.62905251      0.4003
   2013.62908105      0.3878
   2013.62910959      0.3802
   2013.62913813      0.3698
   2013.62916667      0.3593
   2013.62919521      0.3493
   2013.62922374      0.3470
   2013.62925228      0.3399
   2013.62928082      0.3322
   2013.62930936      0.3251
   2013.62933790      0.3289
   2013.62936644      0.3259
   2013.62939498      0.3217
   2013.62942352      0.3184
   2013.62945205      0.3306
   2013.62948059      0.3334
   2013.62950913      0.3347
   2013.62953767      0.3376
   2013.62956621      0.3622
   2013.62959475      0.3746
   2013.62962329      0.3855
   2013.62965183      0.3997
   2013.62968037      0.4429
   2013.62970890      0.4867
   2013.62973744      0.5146
   2013.62976598      0.5535
   2013.62979452      0.6313
   2013.62982306      0.6931
   2013.62985160      0.7451
   2013.62988014      0.8272
   2013.62990868      0.9470
   2013.62993721      1.0650
   2013.62996575      1.2087
   2013.62999429      1.3701
   2013.63002283      1.5823
   2013.63005137      1.7830
   2013.63007991      1.9240
   2013.63010845      2.0420
   2013.63013699      2.1237
   2013.63016553      2.2733
   2013.63019406      2.3640
   2013.63022260      2.3990
   2013.63025114      2.4281
   2013.63027968      2.4297
   2013.63030822      2.4045
   2013.63033676      2.3564
   2013.63036530      2.2967
   2013.63039384      2.1815
   2013.63042237      2.1146
   2013.63045091      2.0282
   2013.63047945      1.9400
   2013.63050799      1.8501
   2013.63053653      1.7588
   2013.63056507      1.6590
   2013.63059361      1.5681
   2013.63062215      1.4815
   2013.63065068      1.3974
   2013.63067922      1.3148
   2013.63070776      1.2338
   2013.63073630      1.1329
   2013.63076484      1.0897
   2013.63079338      1.0196
   2013.63082192      0.9470
   2013.63085046      0.8908
   2013.63087900      0.8321
   2013.63090753      0.7762
   2013.63093607      0.7235
   2013.63096461      0.6750
   2013.63099315      0.6314
   2013.63102169      0.5917
   2013.63105023      0.5555
   2013.63107877      0.5223
   2013.63110731      0.4919
   2013.63113584      0.4638
   2013.63116438      0.4377
   2013.63119292      0.4134
   2013.63122146      0.3908
   2013.63125000      0.3697
   2013.63127854      0.3501
   2013.63130708      0.3319
   2013.63133562      0.3149
   2013.63136416      0.2991
   2013.63139269      0.2844
   2013.63142123      0.2707
   2013.63144977      0.2579
   2013.63147831      0.2459
   2013.63150685      0.2346
   2013.63153539      0.2239
   2013.63156393      0.2137
   2013.63159247      0.2042
   2013.63162100      0.1953
   2013.63164954      0.1870
   2013.63167808      0.1791
   2013.63170662      0.1716
   2013.63173516      0.1646
   2013.63176370      0.1580
   2013.63179224      0.1517
   2013.63182078      0.1457
   2013.63184932      0.1401
   2013.63187785      0.1348
   2013.63190639      0.1297
   2013.63193493      0.1249
   2013.63196347      0.1204
   2013.63199201      0.1160
   2013.63202055      0.1119
   2013.63204909      0.1080
   2013.63207763      0.1043
   2013.63210616      0.1008
   2013.63213470      0.0974
   2013.63216324      0.0942
