   2013.62465753      0.0000
   2013.62468607      0.0000
   2013.62471461      0.0000
   2013.62474315      0.0000
   2013.62477169      0.0000
   2013.62480023      0.0000
   2013.62482877      0.0000
   2013.62485731      0.0000
   2013.62488584      0.0000
   2013.62491438      0.0000
   2013.62494292      0.0000
   2013.62497146      0.0000
   2013.62500000      0.0000
   2013.62502854      0.0000
   2013.62505708      0.0000
   2013.62508562      0.0000
   2013.62511416      0.0000
   2013.62514269      0.0000
   2013.62517123      0.0000
   2013.62519977      0.0000
   2013.62522831      0.0000
   2013.62525685      0.0000
   2013.62528539      0.0000
   2013.62531393      0.0000
   2013.62534247      0.0000
   2013.62537100      0.0000
   2013.62539954      0.0000
   2013.62542808      0.0000
   2013.62545662      0.0000
   2013.62548516      0.0000
   2013.62551370      0.0000
   2013.62554224      0.0000
   2013.62557078      0.0000
   2013.62559932      0.0000
   2013.62562785      0.0000
   2013.62565639      0.0000
   2013.62568493      0.0000
   2013.62571347      0.0001
   2013.62574201      0.0003
   2013.62577055      0.0005
   2013.62579909      0.0007
   2013.62582763      0.0008
   2013.62585616      0.0009
   2013.62588470      0.0010
   2013.62591324      0.0010
   2013.62594178      0.0011
   2013.62597032      0.0012
   2013.62599886      0.0013
   2013.62602740      0.0014
   2013.62605594      0.0161
   2013.62608447      0.0420
   2013.62611301      0.0609
   2013.62614155      0.0872
   2013.62617009      0.1227
   2013.62619863      0.1696
   2013.62622717      0.2325
   2013.62625571      0.3095
   2013.62628425      0.4037
   2013.62631279      0.5437
   2013.62634132      0.7249
   2013.62636986      0.9609
   2013.62639840      1.2806
   2013.62642694      1.6443
   2013.62645548      1.9510
   2013.62648402      2.1741
   2013.62651256      2.3271
   2013.62654110      2.4073
   2013.62656963      2.4885
   2013.62659817      2.5532
   2013.62662671      2.6041
   2013.62665525      2.6725
   2013.62668379      2.6755
   2013.62671233      2.6998
   2013.62674087      2.6992
   2013.62676941      2.6769
   2013.62679795      2.6413
   2013.62682648      2.6423
   2013.62685502      2.6140
   2013.62688356      2.5675
   2013.62691210      2.5183
   2013.62694064      2.5207
   2013.62696918      2.4799
   2013.62699772      2.4125
   2013.62702626      2.3536
   2013.62705479      2.3607
   2013.62708333      2.3291
   2013.62711187      2.2715
   2013.62714041      2.2177
   2013.62716895      2.2459
   2013.62719749      2.2540
   2013.62722603      2.2378
   2013.62725457      2.2261
   2013.62728311      2.3016
   2013.62731164      2.3753
   2013.62734018      2.4150
   2013.62736872      2.4438
   2013.62739726      2.4716
   2013.62742580      2.6059
   2013.62745434      2.6952
   2013.62748288      2.7101
   2013.62751142      2.6684
   2013.62753995      2.7890
   2013.62756849      2.8019
   2013.62759703      2.7716
   2013.62762557      2.7653
   2013.62765411      2.7250
   2013.62768265      2.6584
   2013.62771119      2.5886
   2013.62773973      2.5319
   2013.62776826      2.4484
   2013.62779680      2.3595
   2013.62782534      2.2708
   2013.62785388      2.1497
   2013.62788242      2.0981
   2013.62791096      1.9737
   2013.62793950      1.8873
   2013.62796804      1.8129
   2013.62799658      1.7587
   2013.62802511      1.6483
   2013.62805365      1.5786
   2013.62808219      1.4021
   2013.62811073      1.4604
   2013.62813927      1.3876
   2013.62816781      1.3192
   2013.62819635      1.2636
   2013.62822489      1.2070
   2013.62825342      1.1387
   2013.62828196      1.1296
   2013.62831050      1.0530
   2013.62833904      1.0045
   2013.62836758      0.9611
   2013.62839612      0.9114
   2013.62842466      0.8813
   2013.62845320      0.8452
   2013.62848174      0.8097
   2013.62851027      0.7758
   2013.62853881      0.7458
   2013.62856735      0.7170
   2013.62859589      0.6901
   2013.62862443      0.6653
   2013.62865297      0.6441
   2013.62868151      0.6222
   2013.62871005      0.6007
   2013.62873858      0.5803
   2013.62876712      0.5630
   2013.62879566      0.5448
   2013.62882420      0.5272
   2013.62885274      0.5105
   2013.62888128      0.4972
   2013.62890982      0.4824
   2013.62893836      0.4677
   2013.62896689      0.4537
   2013.62899543      0.4436
   2013.62902397      0.4313
   2013.62905251      0.4188
   2013.62908105      0.4070
   2013.62910959      0.4018
   2013.62913813      0.3925
   2013.62916667      0.3828
   2013.62919521      0.3737
   2013.62922374      0.3746
   2013.62925228      0.3693
   2013.62928082      0.3629
   2013.62930936      0.3575
   2013.62933790      0.3672
   2013.62936644      0.3678
   2013.62939498      0.3668
   2013.62942352      0.3675
   2013.62945205      0.3905
   2013.62948059      0.4009
   2013.62950913      0.4097
   2013.62953767      0.4222
   2013.62956621      0.4667
   2013.62959475      0.5116
   2013.62962329      0.5387
   2013.62965183      0.5780
   2013.62968037      0.6620
   2013.62970890      0.7305
   2013.62973744      0.7850
   2013.62976598      0.8748
   2013.62979452      1.0105
   2013.62982306      1.1508
   2013.62985160      1.3233
   2013.62988014      1.5170
   2013.62990868      1.7869
   2013.62993721      2.0001
   2013.62996575      2.2172
   2013.62999429      2.4137
   2013.63002283      2.5272
   2013.63005137      2.7572
   2013.63007991      2.8676
   2013.63010845      3.1061
   2013.63013699      2.8499
   2013.63016553      3.0693
   2013.63019406      3.0825
   2013.63022260      3.2287
   2013.63025114      3.0092
   2013.63027968      2.9699
   2013.63030822      2.8860
   2013.63033676      2.7812
   2013.63036530      2.6781
   2013.63039384      2.5741
   2013.63042237      2.4045
   2013.63045091      2.2797
   2013.63047945      2.1583
   2013.63050799      2.0367
   2013.63053653      1.9183
   2013.63056507      1.8023
   2013.63059361      1.6822
   2013.63062215      1.5782
   2013.63065068      1.4795
   2013.63067922      1.3850
   2013.63070776      1.2939
   2013.63073630      1.2064
   2013.63076484      1.1384
   2013.63079338      1.0560
   2013.63082192      0.9713
   2013.63085046      0.9175
   2013.63087900      0.8561
   2013.63090753      0.7973
   2013.63093607      0.7420
   2013.63096461      0.6909
   2013.63099315      0.6447
   2013.63102169      0.6031
   2013.63105023      0.5653
   2013.63107877      0.5308
   2013.63110731      0.4992
   2013.63113584      0.4703
   2013.63116438      0.4435
   2013.63119292      0.4186
   2013.63122146      0.3954
   2013.63125000      0.3738
   2013.63127854      0.3538
   2013.63130708      0.3352
   2013.63133562      0.3179
   2013.63136416      0.3018
   2013.63139269      0.2869
   2013.63142123      0.2729
   2013.63144977      0.2599
   2013.63147831      0.2478
   2013.63150685      0.2363
   2013.63153539      0.2254
   2013.63156393      0.2152
   2013.63159247      0.2056
   2013.63162100      0.1966
   2013.63164954      0.1881
   2013.63167808      0.1801
   2013.63170662      0.1726
   2013.63173516      0.1655
   2013.63176370      0.1588
   2013.63179224      0.1524
   2013.63182078      0.1464
   2013.63184932      0.1408
   2013.63187785      0.1354
   2013.63190639      0.1303
   2013.63193493      0.1255
   2013.63196347      0.1209
   2013.63199201      0.1165
   2013.63202055      0.1124
   2013.63204909      0.1085
   2013.63207763      0.1047
   2013.63210616      0.1012
   2013.63213470      0.0978
   2013.63216324      0.0946
   2013.63219178      0.0915
   2013.63222032      0.0886
   2013.63224886      0.0858
   2013.63227740      0.0831
   2013.63230594      0.0806
   2013.63233447      0.0781
   2013.63236301      0.0757
