   2013.62465753      0.0000
   2013.62468607      0.0000
   2013.62471461      0.0000
   2013.62474315      0.0000
   2013.62477169      0.0000
   2013.62480023      0.0000
   2013.62482877      0.0000
   2013.62485731      0.0000
   2013.62488584      0.0000
   2013.62491438      0.0000
   2013.62494292      0.0000
   2013.62497146      0.0000
   2013.62500000      0.0000
   2013.62502854      0.0000
   2013.62505708      0.0000
   2013.62508562      0.0000
   2013.62511416      0.0000
   2013.62514269      0.0073
   2013.62517123      0.0282
   2013.62519977      0.0658
   2013.62522831      0.1246
   2013.62525685      0.2475
   2013.62528539      0.4525
   2013.62531393      0.7636
   2013.62534247      1.2374
   2013.62537100      1.9594
   2013.62539954      3.0867
   2013.62542808      4.5770
   2013.62545662      6.0781
   2013.62548516      6.9713
   2013.62551370      7.2971
   2013.62554224      7.5452
   2013.62557078      7.5683
   2013.62559932      7.6621
   2013.62562785      7.7300
   2013.62565639      7.7044
   2013.62568493      7.7406
   2013.62571347      7.8789
   2013.62574201      7.9882
   2013.62577055      7.7359
   2013.62579909      7.7398
   2013.62582763      7.7440
   2013.62585616      7.4323
   2013.62588470      7.1224
   2013.62591324      6.6612
   2013.62594178      6.7999
   2013.62597032      6.5956
   2013.62599886      6.4193
   2013.62602740      5.9199
   2013.62605594      6.1089
   2013.62608447      6.0284
   2013.62611301      6.0291
   2013.62614155      5.8079
   2013.62617009      6.1868
   2013.62619863      6.3634
   2013.62622717      6.5720
   2013.62625571      6.5575
   2013.62628425      7.0143
   2013.62631279      7.3078
   2013.62634132      7.4449
   2013.62636986      7.3846
   2013.62639840      7.7703
   2013.62642694      7.8699
   2013.62645548      8.1191
   2013.62648402      7.8989
   2013.62651256      8.3065
   2013.62654110      8.3820
   2013.62656963      8.4147
   2013.62659817      8.4650
   2013.62662671      8.6490
   2013.62665525      8.7345
   2013.62668379      8.7228
   2013.62671233      8.4979
   2013.62674087      8.8453
   2013.62676941      9.0691
   2013.62679795      8.8059
   2013.62682648      8.5940
   2013.62685502      8.9067
   2013.62688356      9.0982
   2013.62691210      8.8356
   2013.62694064      8.6859
   2013.62696918      9.5335
   2013.62699772      9.0107
   2013.62702626      8.7022
   2013.62705479      8.1103
   2013.62708333      8.0305
   2013.62711187      8.6959
   2013.62714041      9.1388
   2013.62716895      8.3430
   2013.62719749      8.0152
   2013.62722603      7.4461
   2013.62725457      7.0762
   2013.62728311      7.2659
   2013.62731164      7.9472
   2013.62734018      7.4103
   2013.62736872      6.9560
   2013.62739726      6.3348
   2013.62742580      6.0583
   2013.62745434      5.6315
   2013.62748288      5.6082
   2013.62751142      5.6150
   2013.62753995      5.6263
   2013.62756849      5.2433
   2013.62759703      4.8800
   2013.62762557      4.5276
   2013.62765411      3.9572
   2013.62768265      3.8009
   2013.62771119      3.7250
   2013.62773973      3.3487
   2013.62776826      3.2025
   2013.62779680      2.9226
   2013.62782534      2.6894
   2013.62785388      2.4766
   2013.62788242      2.2949
   2013.62791096      2.2378
   2013.62793950      2.0485
   2013.62796804      1.9103
   2013.62799658      1.7796
   2013.62802511      1.6523
   2013.62805365      1.4704
   2013.62808219      1.3616
   2013.62811073      1.2563
   2013.62813927      1.1421
   2013.62816781      1.0729
   2013.62819635      0.9957
   2013.62822489      0.9243
   2013.62825342      0.8586
   2013.62828196      0.7951
   2013.62831050      0.7341
   2013.62833904      0.6771
   2013.62836758      0.6250
   2013.62839612      0.5771
   2013.62842466      0.5330
   2013.62845320      0.4925
   2013.62848174      0.4556
   2013.62851027      0.4219
   2013.62853881      0.3909
   2013.62856735      0.3623
   2013.62859589      0.3360
   2013.62862443      0.3118
   2013.62865297      0.2895
   2013.62868151      0.2690
   2013.62871005      0.2502
   2013.62873858      0.2326
   2013.62876712      0.2163
   2013.62879566      0.2012
   2013.62882420      0.1872
   2013.62885274      0.1744
   2013.62888128      0.1625
   2013.62890982      0.1515
   2013.62893836      0.1414
   2013.62896689      0.1320
   2013.62899543      0.1233
   2013.62902397      0.1152
   2013.62905251      0.1076
   2013.62908105      0.1006
