   2013.62465753      0.0000
   2013.62468607      0.0000
   2013.62471461      0.0000
   2013.62474315      0.0000
   2013.62477169      0.0000
   2013.62480023      0.0000
   2013.62482877      0.0000
   2013.62485731      0.0000
   2013.62488584      0.0000
   2013.62491438      0.0000
   2013.62494292      0.0000
   2013.62497146      0.0000
   2013.62500000      0.0000
   2013.62502854      0.0000
   2013.62505708      0.0000
   2013.62508562      0.0000
   2013.62511416      0.0000
   2013.62514269      0.0000
   2013.62517123      0.0000
   2013.62519977      0.0000
   2013.62522831      0.0000
   2013.62525685      0.0000
   2013.62528539      0.0000
   2013.62531393      0.0000
   2013.62534247      0.0000
   2013.62537100      0.0000
   2013.62539954      0.0000
   2013.62542808      0.0000
   2013.62545662      0.0000
   2013.62548516      0.0030
   2013.62551370      0.0023
   2013.62554224      0.0022
   2013.62557078      0.0031
   2013.62559932      0.0300
   2013.62562785      0.0613
   2013.62565639      0.0973
   2013.62568493      0.1655
   2013.62571347      0.2621
   2013.62574201      0.3854
   2013.62577055      0.5720
   2013.62579909      0.8435
   2013.62582763      1.2211
   2013.62585616      1.7660
   2013.62588470      2.5092
   2013.62591324      3.3264
   2013.62594178      3.9597
   2013.62597032      4.3920
   2013.62599886      4.5819
   2013.62602740      4.9181
   2013.62605594      5.0511
   2013.62608447      5.0433
   2013.62611301      5.2161
   2013.62614155      5.4814
   2013.62617009      5.5701
   2013.62619863      5.5324
   2013.62622717      5.6714
   2013.62625571      5.9323
   2013.62628425      6.0078
   2013.62631279      5.8981
   2013.62634132      6.0095
   2013.62636986      5.5061
   2013.62639840      5.7645
   2013.62642694      5.5215
   2013.62645548      5.6912
   2013.62648402      4.6722
   2013.62651256      4.8368
   2013.62654110      4.5143
   2013.62656963      4.2096
   2013.62659817      3.7322
   2013.62662671      3.7760
   2013.62665525      3.8211
   2013.62668379      3.3253
   2013.62671233      3.1980
   2013.62674087      2.9710
   2013.62676941      2.8234
   2013.62679795      2.6570
   2013.62682648      2.5931
   2013.62685502      2.4953
   2013.62688356      2.3770
   2013.62691210      2.2802
   2013.62694064      2.2789
   2013.62696918      2.2403
   2013.62699772      2.1900
   2013.62702626      2.1437
   2013.62705479      2.1734
   2013.62708333      2.1623
   2013.62711187      2.1342
   2013.62714041      2.1023
   2013.62716895      2.1310
   2013.62719749      2.1164
   2013.62722603      2.0885
   2013.62725457      2.0470
   2013.62728311      2.0175
   2013.62731164      2.0331
   2013.62734018      1.9976
   2013.62736872      1.9455
   2013.62739726      1.9483
   2013.62742580      1.9041
   2013.62745434      1.8625
   2013.62748288      1.7698
   2013.62751142      1.7595
   2013.62753995      1.7421
   2013.62756849      1.6976
   2013.62759703      1.6086
   2013.62762557      1.5905
   2013.62765411      1.5669
   2013.62768265      1.5231
   2013.62771119      1.4467
   2013.62773973      1.3099
   2013.62776826      1.3916
   2013.62779680      1.3823
   2013.62782534      1.2907
   2013.62785388      1.1630
   2013.62788242      1.2258
   2013.62791096      1.1816
   2013.62793950      1.0955
   2013.62796804      1.0981
   2013.62799658      1.1020
   2013.62802511      1.0377
   2013.62805365      0.9935
   2013.62808219      0.9756
   2013.62811073      0.9454
   2013.62813927      0.8994
   2013.62816781      0.8748
   2013.62819635      0.8621
   2013.62822489      0.8359
   2013.62825342      0.8053
   2013.62828196      0.7775
   2013.62831050      0.7731
   2013.62833904      0.7559
   2013.62836758      0.7348
   2013.62839612      0.7158
   2013.62842466      0.7195
   2013.62845320      0.7080
   2013.62848174      0.6926
   2013.62851027      0.6795
   2013.62853881      0.6922
   2013.62856735      0.6876
   2013.62859589      0.6793
   2013.62862443      0.6737
   2013.62865297      0.6953
   2013.62868151      0.7243
   2013.62871005      0.6960
   2013.62873858      0.7043
   2013.62876712      0.7410
   2013.62879566      0.7842
   2013.62882420      0.7738
   2013.62885274      0.7864
   2013.62888128      0.8349
   2013.62890982      0.8607
   2013.62893836      0.8972
   2013.62896689      0.9259
   2013.62899543      0.9943
   2013.62902397      1.0404
   2013.62905251      1.0950
   2013.62908105      1.1429
   2013.62910959      1.2378
   2013.62913813      1.3124
   2013.62916667      1.3825
   2013.62919521      1.4362
   2013.62922374      1.5435
   2013.62925228      1.6287
   2013.62928082      1.6887
   2013.62930936      1.7275
   2013.62933790      1.8364
   2013.62936644      1.9116
   2013.62939498      1.9517
   2013.62942352      1.9760
   2013.62945205      2.0790
   2013.62948059      2.0956
   2013.62950913      2.1564
   2013.62953767      2.1609
   2013.62956621      2.2491
   2013.62959475      2.2965
   2013.62962329      2.2837
   2013.62965183      2.2694
   2013.62968037      2.3400
   2013.62970890      2.3191
   2013.62973744      2.3379
   2013.62976598      2.3091
   2013.62979452      2.3611
   2013.62982306      2.3612
   2013.62985160      2.3244
   2013.62988014      2.2878
   2013.62990868      2.3160
   2013.62993721      2.2950
   2013.62996575      2.2533
   2013.62999429      2.2095
   2013.63002283      2.2199
   2013.63005137      2.1863
   2013.63007991      2.1440
   2013.63010845      2.0877
   2013.63013699      2.0399
   2013.63016553      2.0391
   2013.63019406      1.9924
   2013.63022260      1.9298
   2013.63025114      1.8439
   2013.63027968      1.7882
   2013.63030822      1.7173
   2013.63033676      1.6425
   2013.63036530      1.5600
   2013.63039384      1.4815
   2013.63042237      1.4086
   2013.63045091      1.3367
   2013.63047945      1.2647
   2013.63050799      1.1923
   2013.63053653      1.1627
   2013.63056507      1.0600
   2013.63059361      0.9587
   2013.63062215      0.9245
   2013.63065068      0.8683
   2013.63067922      0.8098
   2013.63070776      0.7531
   2013.63073630      0.6987
   2013.63076484      0.6480
   2013.63079338      0.6015
   2013.63082192      0.5585
   2013.63085046      0.5189
   2013.63087900      0.4825
   2013.63090753      0.4490
   2013.63093607      0.4180
   2013.63096461      0.3892
   2013.63099315      0.3623
   2013.63102169      0.3374
   2013.63105023      0.3142
   2013.63107877      0.2928
   2013.63110731      0.2729
   2013.63113584      0.2545
   2013.63116438      0.2374
   2013.63119292      0.2213
   2013.63122146      0.2064
   2013.63125000      0.1926
   2013.63127854      0.1798
   2013.63130708      0.1679
   2013.63133562      0.1569
   2013.63136416      0.1467
   2013.63139269      0.1372
   2013.63142123      0.1284
   2013.63144977      0.1203
   2013.63147831      0.1126
   2013.63150685      0.1056
