   2013.62465753      0.0000
   2013.62468607      0.0000
   2013.62471461      0.0000
   2013.62474315      0.0000
   2013.62477169      0.0000
   2013.62480023      0.0000
   2013.62482877      0.0000
   2013.62485731      0.0000
   2013.62488584      0.0000
   2013.62491438      0.0000
   2013.62494292      0.0000
   2013.62497146      0.0000
   2013.62500000      0.0000
   2013.62502854      0.0000
   2013.62505708      0.0000
   2013.62508562      0.0000
   2013.62511416      0.0000
   2013.62514269      0.0050
   2013.62517123      0.0051
   2013.62519977      0.0237
   2013.62522831      0.0773
   2013.62525685      0.1465
   2013.62528539      0.2909
   2013.62531393      0.5591
   2013.62534247      1.0431
   2013.62537100      1.8264
   2013.62539954      3.0213
   2013.62542808      4.8525
   2013.62545662      7.0123
   2013.62548516      9.3184
   2013.62551370     10.1456
   2013.62554224     10.5074
   2013.62557078     10.0962
   2013.62559932     10.2776
   2013.62562785      9.9064
   2013.62565639      9.2480
   2013.62568493      8.7978
   2013.62571347      8.3363
   2013.62574201      7.4933
   2013.62577055      6.9099
   2013.62579909      6.0567
   2013.62582763      6.0696
   2013.62585616      5.4850
   2013.62588470      5.1889
   2013.62591324      4.6682
   2013.62594178      4.8193
   2013.62597032      4.5553
   2013.62599886      4.5382
   2013.62602740      4.3265
   2013.62605594      4.6893
   2013.62608447      4.6182
   2013.62611301      4.8797
   2013.62614155      4.7967
   2013.62617009      5.2195
   2013.62619863      5.4409
   2013.62622717      5.7186
   2013.62625571      5.7834
   2013.62628425      6.2865
   2013.62631279      6.6089
   2013.62634132      6.8547
   2013.62636986      6.9357
   2013.62639840      7.5470
   2013.62642694      7.6364
   2013.62645548      7.9684
   2013.62648402      7.9192
   2013.62651256      8.4552
   2013.62654110      8.5834
   2013.62656963      8.7431
   2013.62659817      8.6994
   2013.62662671      9.3083
   2013.62665525      9.2693
   2013.62668379      9.4867
   2013.62671233      9.1173
   2013.62674087      9.7562
   2013.62676941      9.6103
   2013.62679795      9.5654
   2013.62682648      9.2456
   2013.62685502      9.6917
   2013.62688356      9.6714
   2013.62691210      9.5482
   2013.62694064      9.1849
   2013.62696918      9.5289
   2013.62699772      9.6411
   2013.62702626      9.2426
   2013.62705479      8.8961
   2013.62708333      9.1198
   2013.62711187      9.1291
   2013.62714041      8.8003
   2013.62716895      8.3373
   2013.62719749      8.4993
   2013.62722603      8.3323
   2013.62725457      8.0430
   2013.62728311      7.6047
   2013.62731164      7.7210
   2013.62734018      7.5311
   2013.62736872      7.2188
   2013.62739726      6.7120
   2013.62742580      7.1427
   2013.62745434      6.6703
   2013.62748288      6.3833
   2013.62751142      6.0265
   2013.62753995      6.0360
   2013.62756849      5.8408
   2013.62759703      5.7150
   2013.62762557      5.2472
   2013.62765411      5.2780
   2013.62768265      5.2135
   2013.62771119      4.9617
   2013.62773973      4.6001
   2013.62776826      4.6018
   2013.62779680      4.4949
   2013.62782534      4.3082
   2013.62785388      4.2608
   2013.62788242      4.0170
   2013.62791096      3.8680
   2013.62793950      3.7004
   2013.62796804      3.4118
   2013.62799658      3.5536
   2013.62802511      3.4583
   2013.62805365      3.5150
   2013.62808219      3.1575
   2013.62811073      3.2218
   2013.62813927      3.1426
   2013.62816781      3.0432
   2013.62819635      2.9593
   2013.62822489      2.9806
   2013.62825342      2.9430
   2013.62828196      2.9023
   2013.62831050      2.9596
   2013.62833904      2.9759
   2013.62836758      2.9029
   2013.62839612      2.9003
   2013.62842466      3.0018
   2013.62845320      3.0654
   2013.62848174      3.0319
   2013.62851027      3.0583
   2013.62853881      3.1308
   2013.62856735      3.3412
   2013.62859589      3.3623
   2013.62862443      3.4367
   2013.62865297      3.5329
   2013.62868151      3.8802
   2013.62871005      4.0326
   2013.62873858      4.1607
   2013.62876712      4.1760
   2013.62879566      4.7096
   2013.62882420      4.7478
   2013.62885274      4.9934
   2013.62888128      5.0573
   2013.62890982      5.5275
   2013.62893836      5.7819
   2013.62896689      6.0594
   2013.62899543      6.1107
   2013.62902397      6.6116
   2013.62905251      6.9464
   2013.62908105      7.1533
   2013.62910959      7.2080
   2013.62913813      7.8288
   2013.62916667      7.9164
   2013.62919521      8.1132
   2013.62922374      8.1847
   2013.62925228      8.6883
   2013.62928082      8.8260
   2013.62930936      8.9338
   2013.62933790      8.8770
   2013.62936644      9.5299
   2013.62939498      9.4761
   2013.62942352      9.4900
   2013.62945205      9.2702
   2013.62948059      9.9430
   2013.62950913      9.7858
   2013.62953767      9.7383
   2013.62956621      9.3905
   2013.62959475      9.8601
   2013.62962329      9.8292
   2013.62965183      9.7007
   2013.62968037      9.2986
   2013.62970890      9.6771
   2013.62973744      9.6605
   2013.62976598      9.3852
   2013.62979452      8.9944
   2013.62982306      9.2532
   2013.62985160      9.2562
   2013.62988014      8.8248
   2013.62990868      8.4452
   2013.62993721      8.6127
   2013.62996575      8.3554
   2013.62999429      8.1205
   2013.63002283      7.8048
   2013.63005137      8.0907
   2013.63007991      7.7041
   2013.63010845      7.3294
   2013.63013699      6.6270
   2013.63016553      6.9618
   2013.63019406      6.8850
   2013.63022260      6.6886
   2013.63025114      6.4639
   2013.63027968      5.9900
   2013.63030822      5.5971
   2013.63033676      5.1414
   2013.63036530      5.0765
   2013.63039384      4.3313
   2013.63042237      4.2779
   2013.63045091      3.6577
   2013.63047945      3.4066
   2013.63050799      3.0651
   2013.63053653      2.7872
   2013.63056507      2.6837
   2013.63059361      2.3366
   2013.63062215      1.9893
   2013.63065068      1.8238
   2013.63067922      1.6469
   2013.63070776      1.4848
   2013.63073630      1.3374
   2013.63076484      1.2055
   2013.63079338      1.0930
   2013.63082192      0.9917
   2013.63085046      0.9030
   2013.63087900      0.8205
   2013.63090753      0.7440
   2013.63093607      0.6750
   2013.63096461      0.6142
   2013.63099315      0.5599
   2013.63102169      0.5114
   2013.63105023      0.4681
   2013.63107877      0.4293
   2013.63110731      0.3945
   2013.63113584      0.3630
   2013.63116438      0.3345
   2013.63119292      0.3086
   2013.63122146      0.2851
   2013.63125000      0.2638
   2013.63127854      0.2442
   2013.63130708      0.2261
   2013.63133562      0.2095
   2013.63136416      0.1943
   2013.63139269      0.1804
   2013.63142123      0.1676
   2013.63144977      0.1559
   2013.63147831      0.1451
   2013.63150685      0.1352
   2013.63153539      0.1261
   2013.63156393      0.1177
   2013.63159247      0.1098
   2013.63162100      0.1026
