   2013.62465753      0.0000
   2013.62468607      0.0000
   2013.62471461      0.0000
   2013.62474315      0.0000
   2013.62477169      0.0000
   2013.62480023      0.0000
   2013.62482877      0.0000
   2013.62485731      0.0000
   2013.62488584      0.0000
   2013.62491438      0.0000
   2013.62494292      0.0000
   2013.62497146      0.0000
   2013.62500000      0.0000
   2013.62502854      0.0035
   2013.62505708      0.0060
   2013.62508562      0.0087
   2013.62511416      0.0757
   2013.62514269      0.1685
   2013.62517123      0.3958
   2013.62519977      0.9499
   2013.62522831      2.0969
   2013.62525685      3.9120
   2013.62528539      6.5296
   2013.62531393      9.7745
   2013.62534247     11.8355
   2013.62537100     12.9120
   2013.62539954     12.6468
   2013.62542808     11.4854
   2013.62545662     10.1805
   2013.62548516      9.0259
   2013.62551370      7.8608
   2013.62554224      6.9944
   2013.62557078      6.4507
   2013.62559932      5.2722
   2013.62562785      4.6457
   2013.62565639      4.0689
   2013.62568493      3.7427
   2013.62571347      3.3795
   2013.62574201      3.0521
   2013.62577055      2.7110
   2013.62579909      2.5520
   2013.62582763      2.4037
   2013.62585616      2.2340
   2013.62588470      2.0800
   2013.62591324      2.0440
   2013.62594178      1.9748
   2013.62597032      1.9109
   2013.62599886      1.8437
   2013.62602740      1.8929
   2013.62605594      1.9175
   2013.62608447      1.9364
   2013.62611301      1.9481
   2013.62614155      2.0940
   2013.62617009      2.2104
   2013.62619863      2.2758
   2013.62622717      2.4021
   2013.62625571      2.6340
   2013.62628425      2.8321
   2013.62631279      2.9347
   2013.62634132      3.0887
   2013.62636986      3.2669
   2013.62639840      3.5807
   2013.62642694      3.6573
   2013.62645548      3.8676
   2013.62648402      3.8694
   2013.62651256      4.2860
   2013.62654110      4.3157
   2013.62656963      4.5155
   2013.62659817      4.3979
   2013.62662671      4.8622
   2013.62665525      4.8313
   2013.62668379      5.0413
   2013.62671233      4.7795
   2013.62674087      5.2566
   2013.62676941      5.1703
   2013.62679795      5.3370
   2013.62682648      5.0083
   2013.62685502      5.4536
   2013.62688356      5.3155
   2013.62691210      5.4389
   2013.62694064      5.1640
   2013.62696918      5.4562
   2013.62699772      5.2801
   2013.62702626      5.3221
   2013.62705479      5.0126
   2013.62708333      5.2819
   2013.62711187      5.0801
   2013.62714041      5.0549
   2013.62716895      5.0213
   2013.62719749      4.8283
   2013.62722603      4.8606
   2013.62725457      4.6928
   2013.62728311      4.4548
   2013.62731164      4.4586
   2013.62734018      4.4091
   2013.62736872      4.2653
   2013.62739726      4.0065
   2013.62742580      4.1120
   2013.62745434      3.8772
   2013.62748288      3.7337
   2013.62751142      3.4592
   2013.62753995      3.5756
   2013.62756849      3.4181
   2013.62759703      3.5091
   2013.62762557      3.1036
   2013.62765411      3.1475
   2013.62768265      3.0444
   2013.62771119      2.9030
   2013.62773973      2.8500
   2013.62776826      2.7425
   2013.62779680      2.6316
   2013.62782534      2.5163
   2013.62785388      2.4080
   2013.62788242      2.3614
   2013.62791096      2.2693
   2013.62793950      2.1231
   2013.62796804      2.0919
   2013.62799658      2.0488
   2013.62802511      1.9756
   2013.62805365      1.8551
   2013.62808219      1.8341
   2013.62811073      1.8053
   2013.62813927      1.7489
   2013.62816781      1.6821
   2013.62819635      1.6355
   2013.62822489      1.6261
   2013.62825342      1.5844
   2013.62828196      1.5362
   2013.62831050      1.5361
   2013.62833904      1.5127
   2013.62836758      1.4874
   2013.62839612      1.4554
   2013.62842466      1.4786
   2013.62845320      1.4746
   2013.62848174      1.4709
   2013.62851027      1.4558
   2013.62853881      1.5053
   2013.62856735      1.5302
   2013.62859589      1.5510
   2013.62862443      1.5573
   2013.62865297      1.6441
   2013.62868151      1.7055
   2013.62871005      1.7550
   2013.62873858      1.7886
   2013.62876712      1.9266
   2013.62879566      2.0336
   2013.62882420      2.0895
   2013.62885274      2.1886
   2013.62888128      2.3921
   2013.62890982      2.5467
   2013.62893836      2.6267
   2013.62896689      2.7469
   2013.62899543      3.0206
   2013.62902397      3.2034
   2013.62905251      3.2858
   2013.62908105      3.4914
   2013.62910959      3.5111
   2013.62913813      3.9062
   2013.62916667      3.9573
   2013.62919521      4.1580
   2013.62922374      4.1040
   2013.62925228      4.5474
   2013.62928082      4.5590
   2013.62930936      4.7823
   2013.62933790      4.5995
   2013.62936644      5.0918
   2013.62939498      5.0387
   2013.62942352      5.2620
   2013.62945205      4.9765
   2013.62948059      5.4569
   2013.62950913      5.3498
   2013.62953767      5.5347
   2013.62956621      5.1659
   2013.62959475      5.6307
   2013.62962329      5.4766
   2013.62965183      5.6135
   2013.62968037      5.3062
   2013.62970890      5.6142
   2013.62973744      5.4228
   2013.62976598      5.4936
   2013.62979452      5.1381
   2013.62982306      5.4175
   2013.62985160      5.2083
   2013.62988014      5.1886
   2013.62990868      5.1451
   2013.62993721      4.9474
   2013.62996575      5.0151
   2013.62999429      4.8093
   2013.63002283      4.5595
   2013.63005137      4.5653
   2013.63007991      4.5203
   2013.63010845      4.3705
   2013.63013699      4.0858
   2013.63016553      4.1241
   2013.63019406      4.0505
   2013.63022260      3.8608
   2013.63025114      3.7118
   2013.63027968      3.6887
   2013.63030822      3.3017
   2013.63033676      3.2000
   2013.63036530      3.0259
   2013.63039384      2.7773
   2013.63042237      2.5933
   2013.63045091      2.4143
   2013.63047945      2.2387
   2013.63050799      2.0664
   2013.63053653      1.8972
   2013.63056507      1.7504
   2013.63059361      1.6141
   2013.63062215      1.4864
   2013.63065068      1.3658
   2013.63067922      1.3167
   2013.63070776      1.1491
   2013.63073630      1.0557
   2013.63076484      0.9683
   2013.63079338      0.8904
   2013.63082192      0.8158
   2013.63085046      0.7454
   2013.63087900      0.6809
   2013.63090753      0.6233
   2013.63093607      0.5713
   2013.63096461      0.5243
   2013.63099315      0.4820
   2013.63102169      0.4439
   2013.63105023      0.4093
   2013.63107877      0.3779
   2013.63110731      0.3493
   2013.63113584      0.3231
   2013.63116438      0.2992
   2013.63119292      0.2774
   2013.63122146      0.2574
   2013.63125000      0.2390
   2013.63127854      0.2218
   2013.63130708      0.2061
   2013.63133562      0.1916
   2013.63136416      0.1783
   2013.63139269      0.1660
   2013.63142123      0.1548
   2013.63144977      0.1443
   2013.63147831      0.1347
   2013.63150685      0.1259
   2013.63153539      0.1177
   2013.63156393      0.1100
   2013.63159247      0.1030
