   2013.62465753      0.0000
   2013.62468607      0.0000
   2013.62471461      0.0000
   2013.62474315      0.0000
   2013.62477169      0.0000
   2013.62480023      0.0000
   2013.62482877      0.0000
   2013.62485731      0.0000
   2013.62488584      0.0000
   2013.62491438      0.0000
   2013.62494292      0.0000
   2013.62497146      0.0000
   2013.62500000      0.0000
   2013.62502854      0.0000
   2013.62505708      0.0000
   2013.62508562      0.0000
   2013.62511416      0.0000
   2013.62514269      0.0000
   2013.62517123      0.0000
   2013.62519977      0.0000
   2013.62522831      0.0000
   2013.62525685      0.0000
   2013.62528539      0.0000
   2013.62531393      0.0000
   2013.62534247      0.0000
   2013.62537100      0.0000
   2013.62539954      0.0000
   2013.62542808      0.0000
   2013.62545662      0.0000
   2013.62548516      0.0000
   2013.62551370      0.0000
   2013.62554224      0.0000
   2013.62557078      0.0000
   2013.62559932      0.0000
   2013.62562785      0.0000
   2013.62565639      0.0000
   2013.62568493      0.0000
   2013.62571347      0.0000
   2013.62574201      0.0000
   2013.62577055      0.0000
   2013.62579909      0.0000
   2013.62582763      0.0000
   2013.62585616      0.0000
   2013.62588470      0.0000
   2013.62591324      0.0000
   2013.62594178      0.0000
   2013.62597032      0.0000
   2013.62599886      0.0000
   2013.62602740      0.0000
   2013.62605594      0.0000
   2013.62608447      0.0000
   2013.62611301      0.0000
   2013.62614155      0.0000
   2013.62617009      0.0000
   2013.62619863      0.0000
   2013.62622717      0.0000
   2013.62625571      0.0000
   2013.62628425      0.0000
   2013.62631279      0.0000
   2013.62634132      0.0000
   2013.62636986      0.0000
   2013.62639840      0.0000
   2013.62642694      0.0000
   2013.62645548      0.0000
   2013.62648402      0.0000
   2013.62651256      0.0000
   2013.62654110      0.0000
   2013.62656963      0.0000
   2013.62659817      0.0000
   2013.62662671      5.6594
   2013.62665525     24.3581
   2013.62668379     65.2017
   2013.62671233     83.3724
   2013.62674087     69.7016
   2013.62676941     50.5603
   2013.62679795     37.4335
   2013.62682648     28.1475
   2013.62685502     23.9059
   2013.62688356     20.6826
   2013.62691210     18.1429
   2013.62694064     17.1556
   2013.62696918     16.0146
   2013.62699772     15.5094
   2013.62702626     15.0630
   2013.62705479     14.8987
   2013.62708333     14.6390
   2013.62711187     14.5846
   2013.62714041     14.4131
   2013.62716895     14.3413
   2013.62719749     14.1756
   2013.62722603     14.1022
   2013.62725457     13.9285
   2013.62728311     13.7988
   2013.62731164     13.6211
   2013.62734018     13.5084
   2013.62736872     13.3213
   2013.62739726     13.1603
   2013.62742580     12.9817
   2013.62745434     12.8644
   2013.62748288     12.6765
   2013.62751142     12.4980
   2013.62753995     12.2984
   2013.62756849     12.1794
   2013.62759703     11.8294
   2013.62762557     11.5365
   2013.62765411     12.4515
   2013.62768265     12.0904
   2013.62771119     11.4664
   2013.62773973     11.1621
   2013.62776826     10.4273
   2013.62779680     10.5059
   2013.62782534     10.2549
   2013.62785388      9.0446
   2013.62788242      8.5493
   2013.62791096      7.9658
   2013.62793950      7.2491
   2013.62796804      7.1070
   2013.62799658      6.5260
   2013.62802511      5.9294
   2013.62805365      5.3248
   2013.62808219      4.7832
   2013.62811073      4.3776
   2013.62813927      4.3590
   2013.62816781      3.9835
   2013.62819635      3.8044
   2013.62822489      3.8204
   2013.62825342      3.6091
   2013.62828196      3.3873
   2013.62831050      3.2220
   2013.62833904      2.8874
   2013.62836758      2.8023
   2013.62839612      2.6615
   2013.62842466      2.5593
   2013.62845320      2.4337
   2013.62848174      2.2906
   2013.62851027      2.1492
   2013.62853881      2.0276
   2013.62856735      1.9260
   2013.62859589      1.8218
   2013.62862443      1.7372
   2013.62865297      1.6534
   2013.62868151      1.5659
   2013.62871005      1.4753
   2013.62873858      1.3856
   2013.62876712      1.3011
   2013.62879566      1.2232
   2013.62882420      1.1506
   2013.62885274      1.0779
   2013.62888128      1.0161
   2013.62890982      0.9525
   2013.62893836      0.8917
   2013.62896689      0.8323
   2013.62899543      0.7734
   2013.62902397      0.7167
   2013.62905251      0.6639
   2013.62908105      0.6157
   2013.62910959      0.5712
   2013.62913813      0.5302
   2013.62916667      0.4926
   2013.62919521      0.4581
   2013.62922374      0.4263
   2013.62925228      0.3970
   2013.62928082      0.3698
   2013.62930936      0.3444
   2013.62933790      0.3209
   2013.62936644      0.2990
   2013.62939498      0.2787
   2013.62942352      0.2599
   2013.62945205      0.2424
   2013.62948059      0.2260
   2013.62950913      0.2107
   2013.62953767      0.1965
   2013.62956621      0.1833
   2013.62959475      0.1711
   2013.62962329      0.1598
   2013.62965183      0.1493
   2013.62968037      0.1395
   2013.62970890      0.1304
   2013.62973744      0.1220
   2013.62976598      0.1142
   2013.62979452      0.1068
   2013.62982306      0.1000
