   2013.62465753      0.0000
   2013.62468607      0.0003
   2013.62471461      0.0017
   2013.62474315      0.0029
   2013.62477169      0.0039
   2013.62480023      0.0050
   2013.62482877      0.0253
   2013.62485731      0.0765
   2013.62488584      0.1434
   2013.62491438      0.2902
   2013.62494292      0.5663
   2013.62497146      1.0499
   2013.62500000      1.8254
   2013.62502854      2.9529
   2013.62505708      4.6548
   2013.62508562      6.8297
   2013.62511416      8.6924
   2013.62514269      9.5712
   2013.62517123      9.7940
   2013.62519977      9.5579
   2013.62522831      9.1083
   2013.62525685      8.5599
   2013.62528539      7.8982
   2013.62531393      7.1577
   2013.62534247      6.2677
   2013.62537100      5.6683
   2013.62539954      4.9683
   2013.62542808      4.4806
   2013.62545662      3.8393
   2013.62548516      3.4068
   2013.62551370      3.0173
   2013.62554224      2.6360
   2013.62557078      2.2984
   2013.62559932      2.0890
   2013.62562785      1.8513
   2013.62565639      1.6403
   2013.62568493      1.4542
   2013.62571347      1.3182
   2013.62574201      1.1610
   2013.62577055      1.0266
   2013.62579909      0.9319
   2013.62582763      0.8377
   2013.62585616      0.7522
   2013.62588470      0.6761
   2013.62591324      0.6094
   2013.62594178      0.5504
   2013.62597032      0.4982
   2013.62599886      0.4523
   2013.62602740      0.4117
   2013.62605594      0.3755
   2013.62608447      0.3432
   2013.62611301      0.3142
   2013.62614155      0.2881
   2013.62617009      0.2646
   2013.62619863      0.2432
   2013.62622717      0.2236
   2013.62625571      0.2058
   2013.62628425      0.1896
   2013.62631279      0.1749
   2013.62634132      0.1615
   2013.62636986      0.1492
   2013.62639840      0.1381
   2013.62642694      0.1279
   2013.62645548      0.1185
   2013.62648402      0.1099
   2013.62651256      0.1021
