   2013.62465753      0.0000
   2013.62468607      0.0000
   2013.62471461      0.0000
   2013.62474315      0.0000
   2013.62477169      0.0000
   2013.62480023      0.0000
   2013.62482877      0.0000
   2013.62485731      0.0000
   2013.62488584      0.0000
   2013.62491438      0.0000
   2013.62494292      0.0000
   2013.62497146      0.0000
   2013.62500000      0.0001
   2013.62502854      0.0001
   2013.62505708      0.0001
   2013.62508562      0.0001
   2013.62511416      0.0002
   2013.62514269      0.0002
   2013.62517123      0.0002
   2013.62519977      0.0001
   2013.62522831      0.0003
   2013.62525685      0.0003
   2013.62528539      0.0002
   2013.62531393      0.0002
   2013.62534247      0.0004
   2013.62537100      0.0003
   2013.62539954      0.0003
   2013.62542808      0.0003
   2013.62545662      0.0005
   2013.62548516      0.0005
   2013.62551370      0.0004
   2013.62554224      0.0004
   2013.62557078      0.0006
   2013.62559932      0.0006
   2013.62562785      0.0006
   2013.62565639      0.0006
   2013.62568493      0.0056
   2013.62571347      0.0183
   2013.62574201      0.0277
   2013.62577055      0.0340
   2013.62579909      0.0460
   2013.62582763      0.0537
   2013.62585616      0.0612
   2013.62588470      0.0701
   2013.62591324      0.0978
   2013.62594178      0.1168
   2013.62597032      0.1351
   2013.62599886      0.1557
   2013.62602740      0.2012
   2013.62605594      0.2392
   2013.62608447      0.2732
   2013.62611301      0.3325
   2013.62614155      0.4255
   2013.62617009      0.5186
   2013.62619863      0.6298
   2013.62622717      0.7428
   2013.62625571      0.9232
   2013.62628425      1.0182
   2013.62631279      1.1605
   2013.62634132      1.2732
   2013.62636986      1.5058
   2013.62639840      1.6950
   2013.62642694      1.8975
   2013.62645548      2.0940
   2013.62648402      2.4251
   2013.62651256      2.6868
   2013.62654110      2.9368
   2013.62656963      3.1400
   2013.62659817      3.4487
   2013.62662671      3.6709
   2013.62665525      3.8213
   2013.62668379      3.9283
   2013.62671233      4.0932
   2013.62674087      4.2406
   2013.62676941      4.2977
   2013.62679795      4.3513
   2013.62682648      4.4302
   2013.62685502      4.4739
   2013.62688356      4.5189
   2013.62691210      4.5044
   2013.62694064      4.5569
   2013.62696918      4.5064
   2013.62699772      4.5034
   2013.62702626      4.4299
   2013.62705479      4.4376
   2013.62708333      4.3370
   2013.62711187      4.2840
   2013.62714041      4.1683
   2013.62716895      4.0879
   2013.62719749      4.0603
   2013.62722603      3.9209
   2013.62725457      3.8084
   2013.62728311      3.7402
   2013.62731164      3.6331
   2013.62734018      3.4841
   2013.62736872      3.2425
   2013.62739726      3.0980
   2013.62742580      3.1712
   2013.62745434      3.0126
   2013.62748288      2.8639
   2013.62751142      2.7767
   2013.62753995      2.6570
   2013.62756849      2.5091
   2013.62759703      2.3863
   2013.62762557      2.3117
   2013.62765411      2.1750
   2013.62768265      2.0779
   2013.62771119      1.9622
   2013.62773973      1.8753
   2013.62776826      1.7732
   2013.62779680      1.6726
   2013.62782534      1.6020
   2013.62785388      1.5212
   2013.62788242      1.4401
   2013.62791096      1.3587
   2013.62793950      1.2774
   2013.62796804      1.2093
   2013.62799658      1.1197
   2013.62802511      1.0804
   2013.62805365      1.0134
   2013.62808219      0.9522
   2013.62811073      0.9047
   2013.62813927      0.8485
   2013.62816781      0.7950
   2013.62819635      0.7563
   2013.62822489      0.7110
   2013.62825342      0.6661
   2013.62828196      0.6261
   2013.62831050      0.6054
   2013.62833904      0.5740
   2013.62836758      0.5416
   2013.62839612      0.5122
   2013.62842466      0.5059
   2013.62845320      0.4848
   2013.62848174      0.4613
   2013.62851027      0.4402
   2013.62853881      0.4468
   2013.62856735      0.4354
   2013.62859589      0.4207
   2013.62862443      0.4087
   2013.62865297      0.4302
   2013.62868151      0.4306
   2013.62871005      0.4273
   2013.62873858      0.4281
   2013.62876712      0.4714
   2013.62879566      0.4893
   2013.62882420      0.4975
   2013.62885274      0.5135
   2013.62888128      0.5977
   2013.62890982      0.6477
   2013.62893836      0.6947
   2013.62896689      0.7781
   2013.62899543      0.9380
   2013.62902397      1.0381
   2013.62905251      1.1858
   2013.62908105      1.3655
   2013.62910959      1.6858
   2013.62913813      1.9929
   2013.62916667      2.2570
   2013.62919521      2.4909
   2013.62922374      2.8485
   2013.62925228      3.0970
   2013.62928082      3.3002
   2013.62930936      3.4745
   2013.62933790      3.7150
   2013.62936644      3.9073
   2013.62939498      4.0346
   2013.62942352      4.1267
   2013.62945205      4.2678
   2013.62948059      4.4077
   2013.62950913      4.4547
   2013.62953767      4.5067
   2013.62956621      4.5384
   2013.62959475      4.6088
   2013.62962329      4.6491
   2013.62965183      4.6335
   2013.62968037      4.6021
   2013.62970890      4.6212
   2013.62973744      4.6149
   2013.62976598      4.5392
   2013.62979452      4.5403
   2013.62982306      4.4364
   2013.62985160      4.3882
   2013.62988014      4.2640
   2013.62990868      4.1898
   2013.62993721      4.1503
   2013.62996575      4.0098
   2013.62999429      3.8463
   2013.63002283      3.8531
   2013.63005137      3.7088
   2013.63007991      3.5623
   2013.63010845      3.4139
   2013.63013699      3.1951
   2013.63016553      3.2392
   2013.63019406      3.1122
   2013.63022260      2.9322
   2013.63025114      2.7802
   2013.63027968      2.6435
   2013.63030822      2.5160
   2013.63033676      2.3570
   2013.63036530      2.2109
   2013.63039384      2.0668
   2013.63042237      1.9286
   2013.63045091      1.8269
   2013.63047945      1.6975
   2013.63050799      1.5781
   2013.63053653      1.4663
   2013.63056507      1.3600
   2013.63059361      1.2590
   2013.63062215      1.1891
   2013.63065068      1.0840
   2013.63067922      0.9829
   2013.63070776      0.9221
   2013.63073630      0.8519
   2013.63076484      0.7842
   2013.63079338      0.7206
   2013.63082192      0.6620
   2013.63085046      0.6090
   2013.63087900      0.5608
   2013.63090753      0.5171
   2013.63093607      0.4777
   2013.63096461      0.4420
   2013.63099315      0.4093
   2013.63102169      0.3794
   2013.63105023      0.3518
   2013.63107877      0.3264
   2013.63110731      0.3031
   2013.63113584      0.2816
   2013.63116438      0.2619
   2013.63119292      0.2437
   2013.63122146      0.2267
   2013.63125000      0.2109
   2013.63127854      0.1964
   2013.63130708      0.1830
   2013.63133562      0.1706
   2013.63136416      0.1592
   2013.63139269      0.1486
   2013.63142123      0.1389
   2013.63144977      0.1298
   2013.63147831      0.1214
   2013.63150685      0.1136
   2013.63153539      0.1064
   2013.63156393      0.0997
   2013.63159247      0.0935
   2013.63162100      0.0877
   2013.63164954      0.0823
   2013.63167808      0.0772
   2013.63170662      0.0724
   2013.63173516      0.0679
