   2013.62465753      0.0000
   2013.62468607      0.0000
   2013.62471461      0.0000
   2013.62474315      0.0000
   2013.62477169      0.0000
   2013.62480023      0.0000
   2013.62482877      0.0000
   2013.62485731      0.0000
   2013.62488584      0.0000
   2013.62491438      0.0000
   2013.62494292      0.0000
   2013.62497146      0.0000
   2013.62500000      0.0000
   2013.62502854      0.0000
   2013.62505708      0.0000
   2013.62508562      0.0000
   2013.62511416      0.0000
   2013.62514269      0.0000
   2013.62517123      0.0000
   2013.62519977      0.0000
   2013.62522831      0.0000
   2013.62525685      0.0000
   2013.62528539      0.0000
   2013.62531393      0.0000
   2013.62534247      0.0000
   2013.62537100      0.0000
   2013.62539954      0.0000
   2013.62542808      0.0000
   2013.62545662      0.0000
   2013.62548516      0.0000
   2013.62551370      0.0000
   2013.62554224      0.0000
   2013.62557078      0.0000
   2013.62559932      0.0000
   2013.62562785      0.0000
   2013.62565639      0.0000
   2013.62568493      0.0000
   2013.62571347      0.0000
   2013.62574201      0.0000
   2013.62577055      0.0000
   2013.62579909      0.0000
   2013.62582763      0.0000
   2013.62585616      0.0000
   2013.62588470      0.0000
   2013.62591324      0.0000
   2013.62594178      0.0000
   2013.62597032      0.0000
   2013.62599886      0.0000
   2013.62602740      0.0000
   2013.62605594      0.0000
   2013.62608447      0.0000
   2013.62611301      0.0000
   2013.62614155      0.0000
   2013.62617009      0.0000
   2013.62619863      0.0000
   2013.62622717      0.0000
   2013.62625571      0.0000
   2013.62628425      0.0000
   2013.62631279      0.0000
   2013.62634132      0.0000
   2013.62636986      0.0000
   2013.62639840      0.0000
   2013.62642694      0.0000
   2013.62645548      0.0000
   2013.62648402      0.0000
   2013.62651256      0.0059
   2013.62654110      0.0078
   2013.62656963      0.0352
   2013.62659817      0.0634
   2013.62662671      0.1068
   2013.62665525      0.1893
   2013.62668379      0.3075
   2013.62671233      0.4683
   2013.62674087      0.6654
   2013.62676941      0.9717
   2013.62679795      1.4483
   2013.62682648      2.2394
   2013.62685502      3.0161
   2013.62688356      3.5143
   2013.62691210      3.7862
   2013.62694064      3.4807
   2013.62696918      3.3507
   2013.62699772      3.1562
   2013.62702626      2.9530
   2013.62705479      2.7547
   2013.62708333      2.5792
   2013.62711187      2.4236
   2013.62714041      2.2874
   2013.62716895      2.1702
   2013.62719749      2.0641
   2013.62722603      1.9798
   2013.62725457      1.9094
   2013.62728311      1.8507
   2013.62731164      1.7225
   2013.62734018      1.6515
   2013.62736872      1.5511
   2013.62739726      1.4718
   2013.62742580      1.3915
   2013.62745434      1.3141
   2013.62748288      1.2409
   2013.62751142      1.1709
   2013.62753995      1.1468
   2013.62756849      1.0456
   2013.62759703      0.9481
   2013.62762557      0.9112
   2013.62765411      0.8548
   2013.62768265      0.7962
   2013.62771119      0.7394
   2013.62773973      0.6847
   2013.62776826      0.6338
   2013.62779680      0.5865
   2013.62782534      0.5427
   2013.62785388      0.5023
   2013.62788242      0.4652
   2013.62791096      0.4310
   2013.62793950      0.3994
   2013.62796804      0.3700
   2013.62799658      0.3428
   2013.62802511      0.3176
   2013.62805365      0.2943
   2013.62808219      0.2729
   2013.62811073      0.2531
   2013.62813927      0.2347
   2013.62816781      0.2175
   2013.62819635      0.2017
   2013.62822489      0.1871
   2013.62825342      0.1737
   2013.62828196      0.1613
   2013.62831050      0.1499
   2013.62833904      0.1394
   2013.62836758      0.1297
   2013.62839612      0.1207
   2013.62842466      0.1124
   2013.62845320      0.1048
