   2013.62465753      0.0000
   2013.62468607      0.0000
   2013.62471461      0.0000
   2013.62474315      0.0000
   2013.62477169      0.0000
   2013.62480023      0.0000
   2013.62482877      0.0000
   2013.62485731      0.0000
   2013.62488584      0.0000
   2013.62491438      0.0000
   2013.62494292      0.0001
   2013.62497146      0.0001
   2013.62500000      0.0007
   2013.62502854      0.0006
   2013.62505708      0.0006
   2013.62508562      0.0006
   2013.62511416      0.0031
   2013.62514269      0.0012
   2013.62517123      0.0006
   2013.62519977      0.0003
   2013.62522831      0.0012
   2013.62525685      0.0005
   2013.62528539      0.0003
   2013.62531393      0.0001
   2013.62534247      0.0089
   2013.62537100      0.0251
   2013.62539954      0.0352
   2013.62542808      0.0409
   2013.62545662      0.0556
   2013.62548516      0.0663
   2013.62551370      0.0769
   2013.62554224      0.0895
   2013.62557078      0.1163
   2013.62559932      0.1353
   2013.62562785      0.1539
   2013.62565639      0.1738
   2013.62568493      0.2166
   2013.62571347      0.2513
   2013.62574201      0.2877
   2013.62577055      0.3360
   2013.62579909      0.4173
   2013.62582763      0.5280
   2013.62585616      0.5945
   2013.62588470      0.6629
   2013.62591324      0.7582
   2013.62594178      0.8424
   2013.62597032      0.8544
   2013.62599886      0.8864
   2013.62602740      0.9716
   2013.62605594      1.0578
   2013.62608447      1.0773
   2013.62611301      1.1361
   2013.62614155      1.2791
   2013.62617009      1.4047
   2013.62619863      1.5562
   2013.62622717      1.6974
   2013.62625571      1.9815
   2013.62628425      2.2377
   2013.62631279      2.4289
   2013.62634132      2.6541
   2013.62636986      2.8911
   2013.62639840      3.3147
   2013.62642694      3.4779
   2013.62645548      3.7575
   2013.62648402      3.8300
   2013.62651256      4.3144
   2013.62654110      4.3912
   2013.62656963      4.6761
   2013.62659817      4.5639
   2013.62662671      5.1145
   2013.62665525      5.0880
   2013.62668379      5.3802
   2013.62671233      5.1046
   2013.62674087      5.6588
   2013.62676941      5.5357
   2013.62679795      5.5454
   2013.62682648      5.3841
   2013.62685502      5.8989
   2013.62688356      5.7216
   2013.62691210      5.8901
   2013.62694064      6.0305
   2013.62696918      5.8631
   2013.62699772      5.6401
   2013.62702626      5.7066
   2013.62705479      5.0969
   2013.62708333      5.4433
   2013.62711187      5.4315
   2013.62714041      5.5134
   2013.62716895      5.5861
   2013.62719749      5.4149
   2013.62722603      5.2334
   2013.62725457      4.9374
   2013.62728311      4.5657
   2013.62731164      4.5156
   2013.62734018      3.9286
   2013.62736872      3.6293
   2013.62739726      3.3932
   2013.62742580      3.0358
   2013.62745434      2.9142
   2013.62748288      2.7419
   2013.62751142      2.6427
   2013.62753995      2.5167
   2013.62756849      2.3741
   2013.62759703      2.2870
   2013.62762557      2.0922
   2013.62765411      1.8328
   2013.62768265      1.6842
   2013.62771119      1.5323
   2013.62773973      1.3892
   2013.62776826      1.2501
   2013.62779680      1.1408
   2013.62782534      1.0378
   2013.62785388      0.9466
   2013.62788242      0.8643
   2013.62791096      0.7874
   2013.62793950      0.7166
   2013.62796804      0.6535
   2013.62799658      0.5976
   2013.62802511      0.5476
   2013.62805365      0.5028
   2013.62808219      0.4627
   2013.62811073      0.4267
   2013.62813927      0.3942
   2013.62816781      0.3646
   2013.62819635      0.3376
   2013.62822489      0.3129
   2013.62825342      0.2903
   2013.62828196      0.2696
   2013.62831050      0.2506
   2013.62833904      0.2329
   2013.62836758      0.2165
   2013.62839612      0.2013
   2013.62842466      0.1874
   2013.62845320      0.1744
   2013.62848174      0.1625
   2013.62851027      0.1514
   2013.62853881      0.1412
   2013.62856735      0.1318
   2013.62859589      0.1230
   2013.62862443      0.1148
   2013.62865297      0.1072
   2013.62868151      0.1001
   2013.62871005      0.0936
   2013.62873858      0.0875
   2013.62876712      0.0818
   2013.62879566      0.0765
   2013.62882420      0.0714
   2013.62885274      0.0666
   2013.62888128      0.0622
   2013.62890982      0.0579
   2013.62893836      0.0540
   2013.62896689      0.0503
   2013.62899543      0.0469
   2013.62902397      0.0437
   2013.62905251      0.0406
   2013.62908105      0.0378
   2013.62910959      0.0352
   2013.62913813      0.0328
