   2013.62465753      0.0000
   2013.62468607      0.0000
   2013.62471461      0.0000
   2013.62474315      0.0000
   2013.62477169      0.0000
   2013.62480023      0.0000
   2013.62482877      0.0000
   2013.62485731      0.0000
   2013.62488584      0.0000
   2013.62491438      0.0000
   2013.62494292      0.0000
   2013.62497146      0.0000
   2013.62500000      0.0000
   2013.62502854      0.0000
   2013.62505708      0.0000
   2013.62508562      0.0000
   2013.62511416      0.0000
   2013.62514269      0.0000
   2013.62517123      0.0000
   2013.62519977      0.0000
   2013.62522831      0.0000
   2013.62525685      0.0000
   2013.62528539      0.0000
   2013.62531393      0.0000
   2013.62534247      0.0000
   2013.62537100      0.0000
   2013.62539954      0.0000
   2013.62542808      0.0000
   2013.62545662      0.0000
   2013.62548516      0.0000
   2013.62551370      0.0000
   2013.62554224      0.0000
   2013.62557078      0.0000
   2013.62559932      0.0000
   2013.62562785      0.0000
   2013.62565639      0.0000
   2013.62568493      0.0000
   2013.62571347      0.0000
   2013.62574201      0.0000
   2013.62577055      0.0000
   2013.62579909      0.0000
   2013.62582763      0.0000
   2013.62585616      0.0000
   2013.62588470      0.0000
   2013.62591324      0.0000
   2013.62594178      2.3184
   2013.62597032     12.6618
   2013.62599886     30.9176
   2013.62602740     57.5207
   2013.62605594     59.3106
   2013.62608447     47.5280
   2013.62611301     38.1447
   2013.62614155     30.1552
   2013.62617009     26.5448
   2013.62619863     23.9307
   2013.62622717     22.3540
   2013.62625571     20.8859
   2013.62628425     21.4142
   2013.62631279     21.5114
   2013.62634132     21.5003
   2013.62636986     21.0404
   2013.62639840     21.5846
   2013.62642694     22.1180
   2013.62645548     22.7643
   2013.62648402     22.2466
   2013.62651256     22.8278
   2013.62654110     23.3132
   2013.62656963     23.2783
   2013.62659817     24.0719
   2013.62662671     25.9085
   2013.62665525     27.4147
   2013.62668379     27.0844
   2013.62671233     26.7332
   2013.62674087     28.5204
   2013.62676941     27.0469
   2013.62679795     23.5147
   2013.62682648     20.9772
   2013.62685502     19.6166
   2013.62688356     18.5552
   2013.62691210     17.1073
   2013.62694064     16.2685
   2013.62696918     16.4772
   2013.62699772     16.0816
   2013.62702626     15.4117
   2013.62705479     15.0372
   2013.62708333     15.0557
   2013.62711187     15.1174
   2013.62714041     14.5330
   2013.62716895     14.1802
   2013.62719749     14.1625
   2013.62722603     13.9810
   2013.62725457     13.4773
   2013.62728311     13.0249
   2013.62731164     13.1927
   2013.62734018     12.9667
   2013.62736872     12.4890
   2013.62739726     11.8945
   2013.62742580     12.1969
   2013.62745434     11.9354
   2013.62748288     11.6919
   2013.62751142     10.8650
   2013.62753995     11.2070
   2013.62756849     10.9607
   2013.62759703     10.6453
   2013.62762557     10.0155
   2013.62765411     10.3373
   2013.62768265     10.1185
   2013.62771119      9.8041
   2013.62773973      9.2805
   2013.62776826      9.5531
   2013.62779680      9.5105
   2013.62782534      9.0973
   2013.62785388      8.7219
   2013.62788242      8.8943
   2013.62791096      8.7908
   2013.62793950      8.5835
   2013.62796804      8.4970
   2013.62799658      8.7704
   2013.62802511      8.3365
   2013.62805365      8.1505
   2013.62808219      7.6320
   2013.62811073      7.7853
   2013.62813927      8.5871
   2013.62816781      9.0804
   2013.62819635      8.7893
   2013.62822489      8.4488
   2013.62825342      7.5314
   2013.62828196      7.2006
   2013.62831050      6.6462
   2013.62833904      6.9591
   2013.62836758      7.4604
   2013.62839612      7.5290
   2013.62842466      7.1255
   2013.62845320      6.5713
   2013.62848174      5.9166
   2013.62851027      5.4448
   2013.62853881      5.3968
   2013.62856735      5.2994
   2013.62859589      5.2446
   2013.62862443      4.7238
   2013.62865297      4.3250
   2013.62868151      4.2341
   2013.62871005      3.6158
   2013.62873858      3.2035
   2013.62876712      2.8505
   2013.62879566      2.7322
   2013.62882420      2.3893
   2013.62885274      2.1478
   2013.62888128      1.9527
   2013.62890982      1.7805
   2013.62893836      1.5611
   2013.62896689      1.4266
   2013.62899543      1.3001
   2013.62902397      1.2023
   2013.62905251      1.0881
   2013.62908105      0.9837
   2013.62910959      0.9058
   2013.62913813      0.8261
   2013.62916667      0.7518
   2013.62919521      0.6836
   2013.62922374      0.6224
   2013.62925228      0.5674
   2013.62928082      0.5181
   2013.62930936      0.4742
   2013.62933790      0.4349
   2013.62936644      0.3996
   2013.62939498      0.3677
   2013.62942352      0.3388
   2013.62945205      0.3125
   2013.62948059      0.2887
   2013.62950913      0.2670
   2013.62953767      0.2471
   2013.62956621      0.2287
   2013.62959475      0.2119
   2013.62962329      0.1964
   2013.62965183      0.1823
   2013.62968037      0.1693
   2013.62970890      0.1574
   2013.62973744      0.1464
   2013.62976598      0.1364
   2013.62979452      0.1271
   2013.62982306      0.1185
   2013.62985160      0.1106
   2013.62988014      0.1032
