   2013.62465753      0.0000
   2013.62468607      0.0000
   2013.62471461      0.0000
   2013.62474315      0.0000
   2013.62477169      0.0000
   2013.62480023      0.0000
   2013.62482877      0.0000
   2013.62485731      0.0000
   2013.62488584      0.0000
   2013.62491438      0.0000
   2013.62494292      0.0000
   2013.62497146      0.0000
   2013.62500000      0.0000
   2013.62502854      0.0001
   2013.62505708      0.0001
   2013.62508562      0.0001
   2013.62511416      0.0001
   2013.62514269      0.0001
   2013.62517123      0.0001
   2013.62519977      0.0001
   2013.62522831      0.0001
   2013.62525685      0.0001
   2013.62528539      0.0001
   2013.62531393      0.0001
   2013.62534247      0.0001
   2013.62537100      0.0001
   2013.62539954      0.0001
   2013.62542808      0.0001
   2013.62545662      0.0000
   2013.62548516      0.0002
   2013.62551370      0.0004
   2013.62554224      0.0005
   2013.62557078      0.0006
   2013.62559932      0.0007
   2013.62562785      0.0007
   2013.62565639      0.0008
   2013.62568493      0.0009
   2013.62571347      0.0009
   2013.62574201      0.0010
   2013.62577055      0.0030
   2013.62579909      0.0213
   2013.62582763      0.0404
   2013.62585616      0.0534
   2013.62588470      0.0705
   2013.62591324      0.0940
   2013.62594178      0.1243
   2013.62597032      0.1635
   2013.62599886      0.2149
   2013.62602740      0.2745
   2013.62605594      0.3522
   2013.62608447      0.4342
   2013.62611301      0.5531
   2013.62614155      0.6936
   2013.62617009      0.8477
   2013.62619863      1.0116
   2013.62622717      1.1711
   2013.62625571      1.2987
   2013.62628425      1.3792
   2013.62631279      1.4224
   2013.62634132      1.4103
   2013.62636986      1.4064
   2013.62639840      1.4515
   2013.62642694      1.3560
   2013.62645548      1.3143
   2013.62648402      1.2791
   2013.62651256      1.2353
   2013.62654110      1.1546
   2013.62656963      1.1731
   2013.62659817      1.0935
   2013.62662671      1.0384
   2013.62665525      0.9903
   2013.62668379      0.9321
   2013.62671233      0.9108
   2013.62674087      0.8739
   2013.62676941      0.8347
   2013.62679795      0.7988
   2013.62682648      0.7853
   2013.62685502      0.7626
   2013.62688356      0.7392
   2013.62691210      0.7204
   2013.62694064      0.7272
   2013.62696918      0.7442
   2013.62699772      0.7223
   2013.62702626      0.6988
   2013.62705479      0.7315
   2013.62708333      0.7713
   2013.62711187      0.7893
   2013.62714041      0.7806
   2013.62716895      0.8244
   2013.62719749      0.8486
   2013.62722603      0.8921
   2013.62725457      0.9357
   2013.62728311      1.0102
   2013.62731164      1.0823
   2013.62734018      1.1658
   2013.62736872      1.2506
   2013.62739726      1.3622
   2013.62742580      1.4609
   2013.62745434      1.5410
   2013.62748288      1.5998
   2013.62751142      1.6715
   2013.62753995      1.7234
   2013.62756849      1.7531
   2013.62759703      1.7678
   2013.62762557      1.8009
   2013.62765411      1.8094
   2013.62768265      1.8090
   2013.62771119      1.7928
   2013.62773973      1.7886
   2013.62776826      1.7644
   2013.62779680      1.7404
   2013.62782534      1.7031
   2013.62785388      1.6781
   2013.62788242      1.6412
   2013.62791096      1.6033
   2013.62793950      1.5579
   2013.62796804      1.5230
   2013.62799658      1.4797
   2013.62802511      1.4385
   2013.62805365      1.3920
   2013.62808219      1.2430
   2013.62811073      1.3069
   2013.62813927      1.2706
   2013.62816781      1.2196
   2013.62819635      1.1858
   2013.62822489      1.1088
   2013.62825342      1.0973
   2013.62828196      1.0994
   2013.62831050      1.0394
   2013.62833904      0.9989
   2013.62836758      0.9644
   2013.62839612      0.9066
   2013.62842466      0.8981
   2013.62845320      0.8722
   2013.62848174      0.8419
   2013.62851027      0.8123
   2013.62853881      0.7877
   2013.62856735      0.7617
   2013.62859589      0.7368
   2013.62862443      0.7138
   2013.62865297      0.6956
   2013.62868151      0.6752
   2013.62871005      0.6548
   2013.62873858      0.6354
   2013.62876712      0.6211
   2013.62879566      0.6037
   2013.62882420      0.5863
   2013.62885274      0.5698
   2013.62888128      0.5595
   2013.62890982      0.5456
   2013.62893836      0.5314
   2013.62896689      0.5182
   2013.62899543      0.5122
   2013.62902397      0.5016
   2013.62905251      0.4903
   2013.62908105      0.4799
   2013.62910959      0.4792
   2013.62913813      0.4722
   2013.62916667      0.4641
   2013.62919521      0.4572
   2013.62922374      0.4629
   2013.62925228      0.4605
   2013.62928082      0.4567
   2013.62930936      0.4546
   2013.62933790      0.4688
   2013.62936644      0.4728
   2013.62939498      0.4752
   2013.62942352      0.4799
   2013.62945205      0.5063
   2013.62948059      0.5329
   2013.62950913      0.5373
   2013.62953767      0.5523
   2013.62956621      0.5722
   2013.62959475      0.6384
   2013.62962329      0.6776
   2013.62965183      0.6930
   2013.62968037      0.7586
   2013.62970890      0.8406
   2013.62973744      0.8633
   2013.62976598      0.9201
   2013.62979452      1.0100
   2013.62982306      1.0925
   2013.62985160      1.1850
   2013.62988014      1.2750
   2013.62990868      1.3997
   2013.62993721      1.5094
   2013.62996575      1.6052
   2013.62999429      1.6799
   2013.63002283      1.7865
   2013.63005137      1.8685
   2013.63007991      1.9251
   2013.63010845      1.9625
   2013.63013699      2.0272
   2013.63016553      2.0706
   2013.63019406      2.0899
   2013.63022260      2.0901
   2013.63025114      2.0947
   2013.63027968      2.0827
   2013.63030822      2.0491
   2013.63033676      2.0031
   2013.63036530      1.9576
   2013.63039384      1.8651
   2013.63042237      1.8060
   2013.63045091      1.7386
   2013.63047945      1.6681
   2013.63050799      1.6104
   2013.63053653      1.5185
   2013.63056507      1.4469
   2013.63059361      1.3771
   2013.63062215      1.3081
   2013.63065068      1.2390
   2013.63067922      1.1685
   2013.63070776      1.1193
   2013.63073630      1.0451
   2013.63076484      0.9632
   2013.63079338      0.9220
   2013.63082192      0.8680
   2013.63085046      0.8137
   2013.63087900      0.7616
   2013.63090753      0.7123
   2013.63093607      0.6668
   2013.63096461      0.6256
   2013.63099315      0.5879
   2013.63102169      0.5532
   2013.63105023      0.5211
   2013.63107877      0.4915
   2013.63110731      0.4640
   2013.63113584      0.4384
   2013.63116438      0.4145
   2013.63119292      0.3921
   2013.63122146      0.3712
   2013.63125000      0.3517
   2013.63127854      0.3335
   2013.63130708      0.3166
   2013.63133562      0.3008
   2013.63136416      0.2861
   2013.63139269      0.2724
   2013.63142123      0.2596
   2013.63144977      0.2475
   2013.63147831      0.2361
   2013.63150685      0.2253
   2013.63153539      0.2152
   2013.63156393      0.2056
   2013.63159247      0.1966
   2013.63162100      0.1882
   2013.63164954      0.1802
   2013.63167808      0.1727
   2013.63170662      0.1656
   2013.63173516      0.1589
   2013.63176370      0.1525
   2013.63179224      0.1465
   2013.63182078      0.1408
   2013.63184932      0.1354
   2013.63187785      0.1303
   2013.63190639      0.1255
   2013.63193493      0.1209
   2013.63196347      0.1165
   2013.63199201      0.1124
   2013.63202055      0.1084
   2013.63204909      0.1047
   2013.63207763      0.1011
