   2013.62465753      0.0000
   2013.62468607      0.0000
   2013.62471461      0.0000
   2013.62474315      0.0000
   2013.62477169      0.0000
   2013.62480023      0.0000
   2013.62482877      0.0000
   2013.62485731      0.0000
   2013.62488584      0.0000
   2013.62491438      0.0000
   2013.62494292      0.0000
   2013.62497146      0.0000
   2013.62500000      0.0000
   2013.62502854      0.0000
   2013.62505708      0.0000
   2013.62508562      0.0000
   2013.62511416      0.0000
   2013.62514269      0.0000
   2013.62517123      0.0000
   2013.62519977      0.0000
   2013.62522831      0.0000
   2013.62525685      0.0000
   2013.62528539      0.0000
   2013.62531393      0.0000
   2013.62534247      0.0000
   2013.62537100      0.0000
   2013.62539954      0.0000
   2013.62542808      0.0000
   2013.62545662      0.0000
   2013.62548516      0.0000
   2013.62551370      0.0000
   2013.62554224      0.0000
   2013.62557078      0.0000
   2013.62559932      0.0000
   2013.62562785      0.0000
   2013.62565639      0.0000
   2013.62568493      0.0000
   2013.62571347      0.0000
   2013.62574201      0.0000
   2013.62577055      0.0000
   2013.62579909      0.0000
   2013.62582763      0.0000
   2013.62585616      0.0000
   2013.62588470      0.0000
   2013.62591324      0.0000
   2013.62594178      0.0000
   2013.62597032      0.0000
   2013.62599886      0.0000
   2013.62602740      0.0000
   2013.62605594      0.0000
   2013.62608447      0.0000
   2013.62611301      0.0000
   2013.62614155      0.0000
   2013.62617009      0.0000
   2013.62619863      0.0000
   2013.62622717      0.0000
   2013.62625571      0.0000
   2013.62628425      0.0000
   2013.62631279      0.0000
   2013.62634132      0.0000
   2013.62636986      0.0000
   2013.62639840      0.0000
   2013.62642694      0.0000
   2013.62645548      0.0000
   2013.62648402      0.0000
   2013.62651256      0.0000
   2013.62654110      0.0000
   2013.62656963      0.0000
   2013.62659817      0.0000
   2013.62662671      0.0000
   2013.62665525      0.0000
   2013.62668379      0.0000
   2013.62671233      0.0000
   2013.62674087      0.0000
   2013.62676941      0.0000
   2013.62679795      0.0000
   2013.62682648      0.0000
   2013.62685502      0.0000
   2013.62688356      0.0000
   2013.62691210      0.0000
   2013.62694064      0.0000
   2013.62696918      0.1076
   2013.62699772      0.1897
   2013.62702626      0.4534
   2013.62705479      1.1350
   2013.62708333      2.1515
   2013.62711187      3.4886
   2013.62714041      5.8830
   2013.62716895      9.0914
   2013.62719749     11.0598
   2013.62722603     11.3642
   2013.62725457     11.2339
   2013.62728311     10.1204
   2013.62731164      9.5270
   2013.62734018      8.7563
   2013.62736872      8.0999
   2013.62739726      7.4340
   2013.62742580      6.9222
   2013.62745434      6.5487
   2013.62748288      5.9742
   2013.62751142      5.4891
   2013.62753995      5.3469
   2013.62756849      4.6466
   2013.62759703      4.5872
   2013.62762557      4.0655
   2013.62765411      3.4760
   2013.62768265      3.0828
   2013.62771119      2.7725
   2013.62773973      2.4908
   2013.62776826      2.2416
   2013.62779680      2.0168
   2013.62782534      1.8394
   2013.62785388      1.6805
   2013.62788242      1.5315
   2013.62791096      1.3896
   2013.62793950      1.2508
   2013.62796804      1.1388
   2013.62799658      1.0325
   2013.62802511      0.9380
   2013.62805365      0.8517
   2013.62808219      0.7711
   2013.62811073      0.6975
   2013.62813927      0.6325
   2013.62816781      0.5752
   2013.62819635      0.5242
   2013.62822489      0.4792
   2013.62825342      0.4393
   2013.62828196      0.4038
   2013.62831050      0.3720
   2013.62833904      0.3432
   2013.62836758      0.3173
   2013.62839612      0.2937
   2013.62842466      0.2722
   2013.62845320      0.2526
   2013.62848174      0.2344
   2013.62851027      0.2176
   2013.62853881      0.2021
   2013.62856735      0.1878
   2013.62859589      0.1746
   2013.62862443      0.1624
   2013.62865297      0.1512
   2013.62868151      0.1408
   2013.62871005      0.1312
   2013.62873858      0.1224
   2013.62876712      0.1141
   2013.62879566      0.1064
