   2013.62465753      0.0000
   2013.62468607      0.0000
   2013.62471461      0.0000
   2013.62474315      0.0000
   2013.62477169      0.0000
   2013.62480023      0.0000
   2013.62482877      0.0000
   2013.62485731      0.0000
   2013.62488584      0.0000
   2013.62491438      0.0000
   2013.62494292      0.0000
   2013.62497146      0.0000
   2013.62500000      0.0000
   2013.62502854      0.0000
   2013.62505708      0.0000
   2013.62508562      0.0000
   2013.62511416      0.0000
   2013.62514269      0.0000
   2013.62517123      0.0000
   2013.62519977      0.0000
   2013.62522831      0.0000
   2013.62525685      0.0000
   2013.62528539      0.0000
   2013.62531393      0.0000
   2013.62534247      0.0000
   2013.62537100      0.0000
   2013.62539954      0.0000
   2013.62542808      0.0000
   2013.62545662      0.0000
   2013.62548516      0.0000
   2013.62551370      0.0000
   2013.62554224      0.0000
   2013.62557078      0.0000
   2013.62559932      0.0000
   2013.62562785      0.0000
   2013.62565639      0.0000
   2013.62568493      0.0000
   2013.62571347      0.0000
   2013.62574201      0.0000
   2013.62577055      0.0000
   2013.62579909      0.0000
   2013.62582763      0.0000
   2013.62585616      0.0000
   2013.62588470      0.0000
   2013.62591324      0.0000
   2013.62594178      0.0000
   2013.62597032      0.0000
   2013.62599886      0.0000
   2013.62602740      0.0000
   2013.62605594      1.0195
   2013.62608447      5.4770
   2013.62611301     12.8614
   2013.62614155     29.6303
   2013.62617009     42.6703
   2013.62619863     39.3696
   2013.62622717     32.3370
   2013.62625571     26.3563
   2013.62628425     23.5107
   2013.62631279     20.9824
   2013.62634132     19.4299
   2013.62636986     17.9901
   2013.62639840     18.8015
   2013.62642694     18.2620
   2013.62645548     18.2756
   2013.62648402     17.9744
   2013.62651256     18.7583
   2013.62654110     19.3165
   2013.62656963     19.4650
   2013.62659817     19.1849
   2013.62662671     20.0786
   2013.62665525     20.4647
   2013.62668379     20.3684
   2013.62671233     20.1183
   2013.62674087     20.8774
   2013.62676941     21.1839
   2013.62679795     21.1069
   2013.62682648     20.5646
   2013.62685502     21.1633
   2013.62688356     21.3085
   2013.62691210     21.0959
   2013.62694064     20.4164
   2013.62696918     20.8555
   2013.62699772     20.8589
   2013.62702626     20.0804
   2013.62705479     18.5409
   2013.62708333     18.2590
   2013.62711187     17.2270
   2013.62714041     15.7347
   2013.62716895     14.3183
   2013.62719749     14.0029
   2013.62722603     13.0506
   2013.62725457     11.9874
   2013.62728311     10.8543
   2013.62731164     10.8868
   2013.62734018     10.4517
   2013.62736872     10.0609
   2013.62739726      9.4258
   2013.62742580      9.7617
   2013.62745434      9.6073
   2013.62748288      9.1563
   2013.62751142      8.5978
   2013.62753995      8.8366
   2013.62756849      8.8578
   2013.62759703      8.7112
   2013.62762557      7.7095
   2013.62765411      7.2753
   2013.62768265      6.7109
   2013.62771119      6.2013
   2013.62773973      6.2536
   2013.62776826      6.1265
   2013.62779680      6.3224
   2013.62782534      6.0074
   2013.62785388      6.0069
   2013.62788242      5.4044
   2013.62791096      4.6292
   2013.62793950      4.2495
   2013.62796804      3.8179
   2013.62799658      3.8305
   2013.62802511      3.5387
   2013.62805365      3.2173
   2013.62808219      3.1349
   2013.62811073      2.9065
   2013.62813927      2.6985
   2013.62816781      2.5249
   2013.62819635      2.3232
   2013.62822489      2.1058
   2013.62825342      1.9121
   2013.62828196      1.6723
   2013.62831050      1.5319
   2013.62833904      1.4001
   2013.62836758      1.2839
   2013.62839612      1.2278
   2013.62842466      1.0886
   2013.62845320      1.0075
   2013.62848174      0.9323
   2013.62851027      0.8625
   2013.62853881      0.7947
   2013.62856735      0.7297
   2013.62859589      0.6692
   2013.62862443      0.6144
   2013.62865297      0.5642
   2013.62868151      0.5182
   2013.62871005      0.4766
   2013.62873858      0.4388
   2013.62876712      0.4043
   2013.62879566      0.3729
   2013.62882420      0.3441
   2013.62885274      0.3177
   2013.62888128      0.2937
   2013.62890982      0.2717
   2013.62893836      0.2515
   2013.62896689      0.2328
   2013.62899543      0.2155
   2013.62902397      0.1997
   2013.62905251      0.1851
   2013.62908105      0.1717
   2013.62910959      0.1595
   2013.62913813      0.1482
   2013.62916667      0.1379
   2013.62919521      0.1283
   2013.62922374      0.1195
   2013.62925228      0.1113
   2013.62928082      0.1038
