   2013.62465753      0.0000
   2013.62468607      0.0000
   2013.62471461      0.0000
   2013.62474315      0.0000
   2013.62477169      0.0000
   2013.62480023      0.0000
   2013.62482877      0.0000
   2013.62485731      0.0000
   2013.62488584      0.0000
   2013.62491438      0.0000
   2013.62494292      0.0000
   2013.62497146      0.0000
   2013.62500000      0.0000
   2013.62502854      0.0000
   2013.62505708      0.0000
   2013.62508562      0.0000
   2013.62511416      0.0000
   2013.62514269      0.0000
   2013.62517123      0.0000
   2013.62519977      0.0000
   2013.62522831      0.0000
   2013.62525685      0.0000
   2013.62528539      0.0000
   2013.62531393      0.0000
   2013.62534247      0.0000
   2013.62537100      0.0000
   2013.62539954      0.0000
   2013.62542808      0.0000
   2013.62545662      0.0000
   2013.62548516      0.0000
   2013.62551370      0.0000
   2013.62554224      0.0000
   2013.62557078      0.0000
   2013.62559932      0.0000
   2013.62562785      0.0000
   2013.62565639      0.0000
   2013.62568493      0.0000
   2013.62571347      0.0000
   2013.62574201      0.0000
   2013.62577055      0.0000
   2013.62579909      0.0000
   2013.62582763      0.0000
   2013.62585616      0.0000
   2013.62588470      0.0000
   2013.62591324      0.0000
   2013.62594178      0.0000
   2013.62597032      0.0000
   2013.62599886      0.0000
   2013.62602740      0.0000
   2013.62605594      0.0000
   2013.62608447      0.0000
   2013.62611301      0.0000
   2013.62614155      0.0000
   2013.62617009      0.0000
   2013.62619863      0.0000
   2013.62622717      0.0000
   2013.62625571      0.0000
   2013.62628425      0.0000
   2013.62631279      0.0000
   2013.62634132      0.0000
   2013.62636986      0.0000
   2013.62639840      0.0000
   2013.62642694      0.0000
   2013.62645548      0.0000
   2013.62648402      0.0000
   2013.62651256      0.0000
   2013.62654110      0.0000
   2013.62656963      0.0000
   2013.62659817      0.0000
   2013.62662671      0.3912
   2013.62665525      1.2574
   2013.62668379      3.8580
   2013.62671233      7.1507
   2013.62674087     14.8681
   2013.62676941     21.8502
   2013.62679795     21.0804
   2013.62682648     17.5087
   2013.62685502     14.0654
   2013.62688356     11.3464
   2013.62691210      9.3306
   2013.62694064      7.9149
   2013.62696918      6.5669
   2013.62699772      5.3826
   2013.62702626      4.9513
   2013.62705479      3.8769
   2013.62708333      3.3657
   2013.62711187      3.0403
   2013.62714041      2.5950
   2013.62716895      2.1607
   2013.62719749      1.9017
   2013.62722603      1.6753
   2013.62725457      1.4799
   2013.62728311      1.3096
   2013.62731164      1.1709
   2013.62734018      1.0490
   2013.62736872      0.9471
   2013.62739726      0.8551
   2013.62742580      0.7713
   2013.62745434      0.6966
   2013.62748288      0.6316
   2013.62751142      0.5747
   2013.62753995      0.5244
   2013.62756849      0.4798
   2013.62759703      0.4402
   2013.62762557      0.4026
   2013.62765411      0.3688
   2013.62768265      0.3383
   2013.62771119      0.3109
   2013.62773973      0.2862
   2013.62776826      0.2638
   2013.62779680      0.2434
   2013.62782534      0.2246
   2013.62785388      0.2075
   2013.62788242      0.1919
   2013.62791096      0.1776
   2013.62793950      0.1645
   2013.62796804      0.1525
   2013.62799658      0.1414
   2013.62802511      0.1313
   2013.62805365      0.1220
   2013.62808219      0.1133
   2013.62811073      0.1054
