   2013.62465753      0.0000
   2013.62468607      0.0000
   2013.62471461      0.0000
   2013.62474315      0.0000
   2013.62477169      0.0000
   2013.62480023      0.0000
   2013.62482877      0.0000
   2013.62485731      0.0000
   2013.62488584      0.0000
   2013.62491438      0.0000
   2013.62494292      0.0000
   2013.62497146      0.0000
   2013.62500000      0.0000
   2013.62502854      0.0000
   2013.62505708      0.0000
   2013.62508562      0.0000
   2013.62511416      0.0000
   2013.62514269      0.0000
   2013.62517123      0.0000
   2013.62519977      0.0000
   2013.62522831      0.0000
   2013.62525685      0.0000
   2013.62528539      0.0000
   2013.62531393      0.0000
   2013.62534247      0.0000
   2013.62537100      0.0000
   2013.62539954      0.0000
   2013.62542808      0.0000
   2013.62545662      0.0000
   2013.62548516      0.0000
   2013.62551370      0.0000
   2013.62554224      0.0000
   2013.62557078      0.0000
   2013.62559932      0.0000
   2013.62562785      0.0000
   2013.62565639      0.0000
   2013.62568493      0.0000
   2013.62571347      0.0000
   2013.62574201      0.0000
   2013.62577055      0.0000
   2013.62579909      0.0000
   2013.62582763      1.1225
   2013.62585616      6.1950
   2013.62588470     14.1669
   2013.62591324     34.6527
   2013.62594178     46.2441
   2013.62597032     41.6267
   2013.62599886     35.0600
   2013.62602740     26.9957
   2013.62605594     23.7178
   2013.62608447     20.1393
   2013.62611301     17.4190
   2013.62614155     15.0374
   2013.62617009     14.2097
   2013.62619863     13.0432
   2013.62622717     11.6926
   2013.62625571     10.4215
   2013.62628425     10.1627
   2013.62631279      9.6256
   2013.62634132      9.0515
   2013.62636986      8.8738
   2013.62639840      8.8142
   2013.62642694      8.7480
   2013.62645548      8.7875
   2013.62648402      8.8829
   2013.62651256      9.2924
   2013.62654110      9.2541
   2013.62656963      9.2787
   2013.62659817      9.1296
   2013.62662671      9.7870
   2013.62665525      9.6740
   2013.62668379      9.6683
   2013.62671233      9.3913
   2013.62674087      9.8767
   2013.62676941      9.9129
   2013.62679795      9.8573
   2013.62682648      9.5169
   2013.62685502      9.9666
   2013.62688356      9.9708
   2013.62691210      9.8727
   2013.62694064      9.4785
   2013.62696918      9.9314
   2013.62699772      9.8844
   2013.62702626      9.7441
   2013.62705479      9.3469
   2013.62708333      9.7475
   2013.62711187      9.6822
   2013.62714041      9.5218
   2013.62716895      9.1692
   2013.62719749      9.5094
   2013.62722603      9.5313
   2013.62725457      9.2795
   2013.62728311      8.9762
   2013.62731164      9.2622
   2013.62734018      9.4182
   2013.62736872      9.2157
   2013.62739726      8.7614
   2013.62742580      8.9987
   2013.62745434      8.9314
   2013.62748288      8.7165
   2013.62751142      8.4709
   2013.62753995      8.7108
   2013.62756849      8.6520
   2013.62759703      8.4809
   2013.62762557      8.1793
   2013.62765411      8.3992
   2013.62768265      8.2367
   2013.62771119      8.1185
   2013.62773973      7.8743
   2013.62776826      8.0622
   2013.62779680      7.9872
   2013.62782534      7.9924
   2013.62785388      7.6514
   2013.62788242      7.8759
   2013.62791096      7.8909
   2013.62793950      7.8003
   2013.62796804      7.4807
   2013.62799658      7.6943
   2013.62802511      7.6959
   2013.62805365      7.6403
   2013.62808219      7.6097
   2013.62811073      7.6241
   2013.62813927      7.6066
   2013.62816781      7.5672
   2013.62819635      7.0191
   2013.62822489      7.6362
   2013.62825342      8.1663
   2013.62828196      8.4222
   2013.62831050      7.6248
   2013.62833904      7.2478
   2013.62836758      6.7837
   2013.62839612      6.4695
   2013.62842466      6.7459
   2013.62845320      7.2380
   2013.62848174      7.5473
   2013.62851027      7.3370
   2013.62853881      6.7516
   2013.62856735      6.2552
   2013.62859589      5.6235
   2013.62862443      5.1991
   2013.62865297      5.3867
   2013.62868151      5.3541
   2013.62871005      5.2932
   2013.62873858      4.7341
   2013.62876712      4.3081
   2013.62879566      4.1558
   2013.62882420      3.5544
   2013.62885274      3.1704
   2013.62888128      2.8812
   2013.62890982      2.5947
   2013.62893836      2.4941
   2013.62896689      2.2640
   2013.62899543      2.0848
   2013.62902397      1.9206
   2013.62905251      1.7611
   2013.62908105      1.5439
   2013.62910959      1.4116
   2013.62913813      1.3442
   2013.62916667      1.1773
   2013.62919521      1.0345
   2013.62922374      0.9663
   2013.62925228      0.8826
   2013.62928082      0.8015
   2013.62930936      0.7272
   2013.62933790      0.6600
   2013.62936644      0.6003
   2013.62939498      0.5467
   2013.62942352      0.4989
   2013.62945205      0.4564
   2013.62948059      0.4185
   2013.62950913      0.3844
   2013.62953767      0.3536
   2013.62956621      0.3257
   2013.62959475      0.3005
   2013.62962329      0.2775
   2013.62965183      0.2566
   2013.62968037      0.2374
   2013.62970890      0.2196
   2013.62973744      0.2034
   2013.62976598      0.1886
   2013.62979452      0.1750
   2013.62982306      0.1625
   2013.62985160      0.1511
   2013.62988014      0.1406
   2013.62990868      0.1309
   2013.62993721      0.1220
   2013.62996575      0.1138
   2013.62999429      0.1061
