   2013.62465753      0.0000
   2013.62468607      0.0000
   2013.62471461      0.0000
   2013.62474315      0.0000
   2013.62477169      0.0000
   2013.62480023      0.0000
   2013.62482877      0.0000
   2013.62485731      0.0000
   2013.62488584      0.0000
   2013.62491438      0.0000
   2013.62494292      0.0000
   2013.62497146      0.0000
   2013.62500000      0.0000
   2013.62502854      0.0000
   2013.62505708      0.0000
   2013.62508562      0.0000
   2013.62511416      0.0000
   2013.62514269      0.0000
   2013.62517123      0.0000
   2013.62519977      0.0000
   2013.62522831      0.0000
   2013.62525685      0.0000
   2013.62528539      0.0000
   2013.62531393      0.0000
   2013.62534247      0.0000
   2013.62537100      0.0000
   2013.62539954      0.0000
   2013.62542808      0.0000
   2013.62545662      0.0000
   2013.62548516      0.0000
   2013.62551370      0.0000
   2013.62554224      0.0000
   2013.62557078      0.0000
   2013.62559932      0.0000
   2013.62562785      0.0000
   2013.62565639      0.0000
   2013.62568493      0.0000
   2013.62571347      0.0000
   2013.62574201      0.0000
   2013.62577055      0.0000
   2013.62579909      0.0000
   2013.62582763      0.0000
   2013.62585616      0.0000
   2013.62588470      0.0000
   2013.62591324      0.0000
   2013.62594178      0.0000
   2013.62597032      0.0000
   2013.62599886      0.0000
   2013.62602740      0.0000
   2013.62605594      0.0000
   2013.62608447      0.0000
   2013.62611301      0.0000
   2013.62614155      0.0000
   2013.62617009      0.0000
   2013.62619863      0.0000
   2013.62622717      0.0000
   2013.62625571      0.0000
   2013.62628425      0.0000
   2013.62631279      0.0000
   2013.62634132      0.0000
   2013.62636986      0.0000
   2013.62639840      0.0000
   2013.62642694      0.0000
   2013.62645548      0.0000
   2013.62648402      0.0000
   2013.62651256      0.0000
   2013.62654110      0.0000
   2013.62656963      0.0000
   2013.62659817      0.0000
   2013.62662671      0.0000
   2013.62665525      0.0000
   2013.62668379      0.0000
   2013.62671233      0.0000
   2013.62674087      0.0000
   2013.62676941      0.0000
   2013.62679795      0.0000
   2013.62682648      0.0000
   2013.62685502      0.0000
   2013.62688356      0.0000
   2013.62691210      0.0000
   2013.62694064      0.0000
   2013.62696918      0.0075
   2013.62699772      0.0291
   2013.62702626      0.0655
   2013.62705479      0.1125
   2013.62708333      0.2143
   2013.62711187      0.3766
   2013.62714041      0.6075
   2013.62716895      0.9017
   2013.62719749      1.2796
   2013.62722603      1.8503
   2013.62725457      2.6527
   2013.62728311      3.5938
   2013.62731164      4.4574
   2013.62734018      4.6980
   2013.62736872      4.3638
   2013.62739726      4.0581
   2013.62742580      3.9949
   2013.62745434      3.5198
   2013.62748288      3.2936
   2013.62751142      2.9882
   2013.62753995      2.7471
   2013.62756849      2.5266
   2013.62759703      2.3213
   2013.62762557      2.1344
   2013.62765411      1.9769
   2013.62768265      1.8000
   2013.62771119      1.6628
   2013.62773973      1.5396
   2013.62776826      1.4276
   2013.62779680      1.3241
   2013.62782534      1.2280
   2013.62785388      1.1568
   2013.62788242      1.0682
   2013.62791096      0.9778
   2013.62793950      0.9265
   2013.62796804      0.8659
   2013.62799658      0.8077
   2013.62802511      0.7532
   2013.62805365      0.7027
   2013.62808219      0.6570
   2013.62811073      0.6161
   2013.62813927      0.5789
   2013.62816781      0.5450
   2013.62819635      0.5138
   2013.62822489      0.4852
   2013.62825342      0.4587
   2013.62828196      0.4340
   2013.62831050      0.4110
   2013.62833904      0.3894
   2013.62836758      0.3693
   2013.62839612      0.3506
   2013.62842466      0.3331
   2013.62845320      0.3167
   2013.62848174      0.3015
   2013.62851027      0.2872
   2013.62853881      0.2739
   2013.62856735      0.2614
   2013.62859589      0.2497
   2013.62862443      0.2386
   2013.62865297      0.2280
   2013.62868151      0.2181
   2013.62871005      0.2086
   2013.62873858      0.1998
   2013.62876712      0.1914
   2013.62879566      0.1835
   2013.62882420      0.1761
   2013.62885274      0.1690
   2013.62888128      0.1624
   2013.62890982      0.1560
   2013.62893836      0.1500
   2013.62896689      0.1443
   2013.62899543      0.1389
   2013.62902397      0.1337
   2013.62905251      0.1289
   2013.62908105      0.1242
   2013.62910959      0.1198
   2013.62913813      0.1156
   2013.62916667      0.1116
   2013.62919521      0.1078
   2013.62922374      0.1042
   2013.62925228      0.1008
