   2013.62465753      0.0000
   2013.62468607      0.0000
   2013.62471461      0.0000
   2013.62474315      0.0000
   2013.62477169      0.0000
   2013.62480023      0.0000
   2013.62482877      0.0000
   2013.62485731      0.0000
   2013.62488584      0.0000
   2013.62491438      0.0000
   2013.62494292      0.0000
   2013.62497146      0.0000
   2013.62500000      0.0000
   2013.62502854      0.0000
   2013.62505708      0.0000
   2013.62508562      0.0000
   2013.62511416      0.0000
   2013.62514269      0.0000
   2013.62517123      0.0000
   2013.62519977      0.0000
   2013.62522831      0.0000
   2013.62525685      0.0000
   2013.62528539      0.0000
   2013.62531393      0.0000
   2013.62534247      0.0000
   2013.62537100      0.0000
   2013.62539954      0.0000
   2013.62542808      0.0000
   2013.62545662      0.0000
   2013.62548516      0.0000
   2013.62551370      0.0000
   2013.62554224      0.0000
   2013.62557078      0.0000
   2013.62559932      0.0000
   2013.62562785      0.0000
   2013.62565639      0.0000
   2013.62568493      0.0000
   2013.62571347      0.0000
   2013.62574201      0.0000
   2013.62577055      0.0000
   2013.62579909      0.0000
   2013.62582763      0.0000
   2013.62585616      0.0000
   2013.62588470      0.0000
   2013.62591324      0.0000
   2013.62594178      0.0000
   2013.62597032      0.0000
   2013.62599886      0.0000
   2013.62602740      0.0000
   2013.62605594      0.0000
   2013.62608447      0.0000
   2013.62611301      0.0000
   2013.62614155      0.0000
   2013.62617009      0.0000
   2013.62619863      0.0000
   2013.62622717      0.0000
   2013.62625571      0.0000
   2013.62628425      0.0000
   2013.62631279      0.0000
   2013.62634132      0.0000
   2013.62636986      0.0000
   2013.62639840      0.0000
   2013.62642694      0.0000
   2013.62645548      0.0000
   2013.62648402      0.0000
   2013.62651256      1.4937
   2013.62654110      7.1569
   2013.62656963     16.0293
   2013.62659817     36.5340
   2013.62662671     45.1455
   2013.62665525     39.3579
   2013.62668379     29.9201
   2013.62671233     23.8488
   2013.62674087     19.1558
   2013.62676941     16.2483
   2013.62679795     14.1837
   2013.62682648     12.5779
   2013.62685502     11.3794
   2013.62688356     10.1456
   2013.62691210      9.3528
   2013.62694064      8.8300
   2013.62696918      8.4644
   2013.62699772      8.1404
   2013.62702626      7.9123
   2013.62705479      7.5670
   2013.62708333      7.2503
   2013.62711187      6.8767
   2013.62714041      6.5631
   2013.62716895      6.2946
   2013.62719749      6.0419
   2013.62722603      5.8092
   2013.62725457      5.5249
   2013.62728311      5.2448
   2013.62731164      5.1487
   2013.62734018      4.4869
   2013.62736872      4.3210
   2013.62739726      4.2018
   2013.62742580      3.8367
   2013.62745434      3.3841
   2013.62748288      3.0864
   2013.62751142      2.8357
   2013.62753995      2.5613
   2013.62756849      2.4259
   2013.62759703      2.1946
   2013.62762557      1.9933
   2013.62765411      1.7401
   2013.62768265      1.5862
   2013.62771119      1.4371
   2013.62773973      1.3016
   2013.62776826      1.1922
   2013.62779680      1.0780
   2013.62782534      0.9744
   2013.62785388      0.8914
   2013.62788242      0.8100
   2013.62791096      0.7350
   2013.62793950      0.6669
   2013.62796804      0.6062
   2013.62799658      0.5518
   2013.62802511      0.5033
   2013.62805365      0.4601
   2013.62808219      0.4215
   2013.62811073      0.3868
   2013.62813927      0.3555
   2013.62816781      0.3271
   2013.62819635      0.3013
   2013.62822489      0.2779
   2013.62825342      0.2565
   2013.62828196      0.2369
   2013.62831050      0.2188
   2013.62833904      0.2022
   2013.62836758      0.1870
   2013.62839612      0.1731
   2013.62842466      0.1603
   2013.62845320      0.1486
   2013.62848174      0.1379
   2013.62851027      0.1280
   2013.62853881      0.1189
   2013.62856735      0.1105
   2013.62859589      0.1027
