   2013.62465753      0.0000
   2013.62468607      0.0000
   2013.62471461      0.0000
   2013.62474315      0.0000
   2013.62477169      0.0000
   2013.62480023      0.0000
   2013.62482877      0.0004
   2013.62485731      0.0011
   2013.62488584      0.0016
   2013.62491438      0.0022
   2013.62494292      0.0026
   2013.62497146      0.0031
   2013.62500000      0.0039
   2013.62502854      0.0385
   2013.62505708      0.0772
   2013.62508562      0.1347
   2013.62511416      0.2390
   2013.62514269      0.3645
   2013.62517123      0.5595
   2013.62519977      0.8143
   2013.62522831      1.1169
   2013.62525685      1.5117
   2013.62528539      1.9519
   2013.62531393      2.5091
   2013.62534247      2.9769
   2013.62537100      3.2247
   2013.62539954      3.0676
   2013.62542808      2.9008
   2013.62545662      2.7200
   2013.62548516      2.6446
   2013.62551370      2.3447
   2013.62554224      2.1197
   2013.62557078      1.8411
   2013.62559932      1.6612
   2013.62562785      1.4931
   2013.62565639      1.3399
   2013.62568493      1.2161
   2013.62571347      1.0520
   2013.62574201      0.9796
   2013.62577055      0.8893
   2013.62579909      0.8025
   2013.62582763      0.7236
   2013.62585616      0.6531
   2013.62588470      0.5908
   2013.62591324      0.5352
   2013.62594178      0.4859
   2013.62597032      0.4423
   2013.62599886      0.4035
   2013.62602740      0.3688
   2013.62605594      0.3377
   2013.62608447      0.3096
   2013.62611301      0.2843
   2013.62614155      0.2613
   2013.62617009      0.2404
   2013.62619863      0.2212
   2013.62622717      0.2037
   2013.62625571      0.1878
   2013.62628425      0.1733
   2013.62631279      0.1601
   2013.62634132      0.1480
   2013.62636986      0.1370
   2013.62639840      0.1269
   2013.62642694      0.1177
   2013.62645548      0.1092
   2013.62648402      0.1013
