   2013.62465753      0.0000
   2013.62468607      0.0000
   2013.62471461      0.0000
   2013.62474315      0.0000
   2013.62477169      0.0000
   2013.62480023      0.0000
   2013.62482877      0.0000
   2013.62485731      0.0000
   2013.62488584      0.0000
   2013.62491438      0.0000
   2013.62494292      0.0000
   2013.62497146      0.0000
   2013.62500000      0.0000
   2013.62502854      0.0000
   2013.62505708      0.0000
   2013.62508562      0.0000
   2013.62511416      0.0000
   2013.62514269      0.0000
   2013.62517123      0.0000
   2013.62519977      0.0000
   2013.62522831      0.0000
   2013.62525685      0.0000
   2013.62528539      0.0000
   2013.62531393      0.0000
   2013.62534247      0.0000
   2013.62537100      0.0000
   2013.62539954      0.0000
   2013.62542808      0.0000
   2013.62545662      0.0000
   2013.62548516      0.1688
   2013.62551370      0.3305
   2013.62554224      0.9282
   2013.62557078      2.1337
   2013.62559932      3.5347
   2013.62562785      5.9481
   2013.62565639      9.7959
   2013.62568493     12.3096
   2013.62571347     12.6301
   2013.62574201     12.1100
   2013.62577055     10.8780
   2013.62579909      9.7606
   2013.62582763      9.0014
   2013.62585616      8.2464
   2013.62588470      7.7876
   2013.62591324      7.4472
   2013.62594178      7.0871
   2013.62597032      6.9473
   2013.62599886      6.9420
   2013.62602740      6.8631
   2013.62605594      7.0074
   2013.62608447      7.0010
   2013.62611301      6.8751
   2013.62614155      6.9719
   2013.62617009      6.9502
   2013.62619863      7.0995
   2013.62622717      7.2945
   2013.62625571      7.2063
   2013.62628425      7.0794
   2013.62631279      6.8427
   2013.62634132      6.6663
   2013.62636986      6.5690
   2013.62639840      6.5506
   2013.62642694      6.4581
   2013.62645548      6.2245
   2013.62648402      6.3264
   2013.62651256      5.7739
   2013.62654110      5.3027
   2013.62656963      4.8987
   2013.62659817      4.2465
   2013.62662671      3.9124
   2013.62665525      3.9373
   2013.62668379      3.4292
   2013.62671233      3.2950
   2013.62674087      3.0960
   2013.62676941      2.7906
   2013.62679795      2.5782
   2013.62682648      2.4086
   2013.62685502      2.2877
   2013.62688356      2.1671
   2013.62691210      2.1484
   2013.62694064      2.0266
   2013.62696918      1.8978
   2013.62699772      1.6875
   2013.62702626      1.5713
   2013.62705479      1.4436
   2013.62708333      1.3252
   2013.62711187      1.2175
   2013.62714041      1.1324
   2013.62716895      1.0398
   2013.62719749      0.9527
   2013.62722603      0.8844
   2013.62725457      0.8143
   2013.62728311      0.7480
   2013.62731164      0.6859
   2013.62734018      0.6293
   2013.62736872      0.5778
   2013.62739726      0.5310
   2013.62742580      0.4888
   2013.62745434      0.4507
   2013.62748288      0.4160
   2013.62751142      0.3844
   2013.62753995      0.3554
   2013.62756849      0.3288
   2013.62759703      0.3044
   2013.62762557      0.2821
   2013.62765411      0.2616
   2013.62768265      0.2427
   2013.62771119      0.2251
   2013.62773973      0.2089
   2013.62776826      0.1940
   2013.62779680      0.1803
   2013.62782534      0.1677
   2013.62785388      0.1561
   2013.62788242      0.1454
   2013.62791096      0.1355
   2013.62793950      0.1264
   2013.62796804      0.1179
   2013.62799658      0.1101
   2013.62802511      0.1028
