   2013.62465753      0.0000
   2013.62468607      0.0000
   2013.62471461      0.0000
   2013.62474315      0.0000
   2013.62477169      0.0000
   2013.62480023      0.0000
   2013.62482877      0.0000
   2013.62485731      0.0000
   2013.62488584      0.0000
   2013.62491438      0.0000
   2013.62494292      0.0000
   2013.62497146      0.0000
   2013.62500000      0.0000
   2013.62502854      0.0070
   2013.62505708      0.0105
   2013.62508562      0.0720
   2013.62511416      0.1681
   2013.62514269      0.3940
   2013.62517123      0.9252
   2013.62519977      2.0315
   2013.62522831      3.8089
   2013.62525685      6.9789
   2013.62528539     11.8744
   2013.62531393     15.2817
   2013.62534247     16.0084
   2013.62537100     16.6247
   2013.62539954     15.8927
   2013.62542808     15.0200
   2013.62545662     13.0751
   2013.62548516     12.5558
   2013.62551370     11.3436
   2013.62554224     10.4128
   2013.62557078      9.0511
   2013.62559932      8.6833
   2013.62562785      8.0794
   2013.62565639      7.4283
   2013.62568493      6.8365
   2013.62571347      6.9717
   2013.62574201      6.8566
   2013.62577055      6.8405
   2013.62579909      6.6033
   2013.62582763      6.9747
   2013.62585616      7.1331
   2013.62588470      7.2431
   2013.62591324      7.1658
   2013.62594178      7.5343
   2013.62597032      7.6312
   2013.62599886      7.8384
   2013.62602740      7.7221
   2013.62605594      8.1869
   2013.62608447      8.2971
   2013.62611301      8.3846
   2013.62614155      8.4920
   2013.62617009      8.7645
   2013.62619863      8.8499
   2013.62622717      8.9203
   2013.62625571      8.8618
   2013.62628425      9.4921
   2013.62631279      9.4595
   2013.62634132      9.5294
   2013.62636986      9.7013
   2013.62639840     10.3896
   2013.62642694     10.0671
   2013.62645548     10.1157
   2013.62648402      9.4654
   2013.62651256     10.4668
   2013.62654110     11.7069
   2013.62656963     12.3360
   2013.62659817     11.4859
   2013.62662671     10.5650
   2013.62665525      9.6662
   2013.62668379      8.8865
   2013.62671233      9.2727
   2013.62674087      9.9401
   2013.62676941     10.3875
   2013.62679795      9.8420
   2013.62682648      9.0137
   2013.62685502      8.1768
   2013.62688356      7.1963
   2013.62691210      6.7509
   2013.62694064      6.5531
   2013.62696918      6.2709
   2013.62699772      6.5883
   2013.62702626      5.5774
   2013.62705479      5.0635
   2013.62708333      4.9612
   2013.62711187      4.2215
   2013.62714041      3.5559
   2013.62716895      3.1622
   2013.62719749      2.8435
   2013.62722603      2.8058
   2013.62725457      2.4470
   2013.62728311      2.2295
   2013.62731164      2.0354
   2013.62734018      1.8544
   2013.62736872      1.6816
   2013.62739726      1.4530
   2013.62742580      1.3321
   2013.62745434      1.2225
   2013.62748288      1.1018
   2013.62751142      0.9924
   2013.62753995      0.9084
   2013.62756849      0.8246
   2013.62759703      0.7478
   2013.62762557      0.6784
   2013.62765411      0.6167
   2013.62768265      0.5616
   2013.62771119      0.5123
   2013.62773973      0.4686
   2013.62776826      0.4295
   2013.62779680      0.3944
   2013.62782534      0.3627
   2013.62785388      0.3340
   2013.62788242      0.3080
   2013.62791096      0.2843
   2013.62793950      0.2628
   2013.62796804      0.2431
   2013.62799658      0.2249
   2013.62802511      0.2082
   2013.62805365      0.1929
   2013.62808219      0.1789
   2013.62811073      0.1661
   2013.62813927      0.1543
   2013.62816781      0.1435
   2013.62819635      0.1336
   2013.62822489      0.1244
   2013.62825342      0.1159
   2013.62828196      0.1080
   2013.62831050      0.1008
