   2013.62465753      0.0000
   2013.62468607      0.0000
   2013.62471461      0.0000
   2013.62474315      0.0000
   2013.62477169      0.0000
   2013.62480023      0.0000
   2013.62482877      0.0000
   2013.62485731      0.0000
   2013.62488584      0.0000
   2013.62491438      0.0000
   2013.62494292      0.0000
   2013.62497146      0.0000
   2013.62500000      0.0000
   2013.62502854      0.0000
   2013.62505708      0.0000
   2013.62508562      0.0000
   2013.62511416      0.0000
   2013.62514269      0.0000
   2013.62517123      0.0000
   2013.62519977      0.0000
   2013.62522831      0.0000
   2013.62525685      0.0000
   2013.62528539      0.0000
   2013.62531393      0.0000
   2013.62534247      0.0000
   2013.62537100      0.0000
   2013.62539954      0.0000
   2013.62542808      0.0000
   2013.62545662      0.0000
   2013.62548516      0.0000
   2013.62551370      0.0000
   2013.62554224      0.0000
   2013.62557078      0.0000
   2013.62559932      0.0000
   2013.62562785      0.0000
   2013.62565639      0.0000
   2013.62568493      0.0000
   2013.62571347      0.0000
   2013.62574201      0.0000
   2013.62577055      0.0000
   2013.62579909      0.0000
   2013.62582763      0.0000
   2013.62585616      0.0000
   2013.62588470      0.0000
   2013.62591324      0.0000
   2013.62594178      0.0000
   2013.62597032      0.0000
   2013.62599886      0.0000
   2013.62602740      0.0000
   2013.62605594      0.0000
   2013.62608447      0.0000
   2013.62611301      0.0000
   2013.62614155      0.0000
   2013.62617009      0.0000
   2013.62619863      0.0000
   2013.62622717      0.0000
   2013.62625571      0.0000
   2013.62628425      0.0000
   2013.62631279      0.0000
   2013.62634132      0.0000
   2013.62636986      0.0000
   2013.62639840      0.0000
   2013.62642694      0.0000
   2013.62645548      0.0000
   2013.62648402      0.0000
   2013.62651256      0.0000
   2013.62654110      0.0000
   2013.62656963      0.0000
   2013.62659817      0.0000
   2013.62662671      0.0000
   2013.62665525      0.0000
   2013.62668379      0.0000
   2013.62671233      0.0000
   2013.62674087      0.0000
   2013.62676941      0.0000
   2013.62679795      0.0000
   2013.62682648      0.0000
   2013.62685502      0.0000
   2013.62688356      0.0000
   2013.62691210      0.0000
   2013.62694064      0.0000
   2013.62696918      8.1962
   2013.62699772     32.6109
   2013.62702626     83.2325
   2013.62705479     95.2828
   2013.62708333     74.1773
   2013.62711187     51.7393
   2013.62714041     37.1014
   2013.62716895     27.5466
   2013.62719749     22.7365
   2013.62722603     19.2519
   2013.62725457     16.8436
   2013.62728311     15.4541
   2013.62731164     14.2842
   2013.62734018     13.5827
   2013.62736872     12.8471
   2013.62739726     12.6515
   2013.62742580     12.3429
   2013.62745434     12.1690
   2013.62748288     11.9851
   2013.62751142     11.8567
   2013.62753995     11.7027
   2013.62756849     11.6245
   2013.62759703     11.4965
   2013.62762557     11.3928
   2013.62765411     11.2657
   2013.62768265     11.2083
   2013.62771119     10.9626
   2013.62773973     10.9854
   2013.62776826     10.8691
   2013.62779680     10.8170
   2013.62782534     10.7397
   2013.62785388      9.8602
   2013.62788242      9.7803
   2013.62791096      9.3993
   2013.62793950      8.7477
   2013.62796804      8.0745
   2013.62799658      7.8502
   2013.62802511      7.3267
   2013.62805365      6.7214
   2013.62808219      6.0082
   2013.62811073      5.7944
   2013.62813927      5.5672
   2013.62816781      5.0937
   2013.62819635      4.6002
   2013.62822489      4.6200
   2013.62825342      4.4014
   2013.62828196      4.1898
   2013.62831050      4.2018
   2013.62833904      4.0895
   2013.62836758      4.0393
   2013.62839612      3.9690
   2013.62842466      4.0679
   2013.62845320      4.0999
   2013.62848174      4.0366
   2013.62851027      4.1204
   2013.62853881      3.9994
   2013.62856735      4.3402
   2013.62859589      4.2944
   2013.62862443      4.4222
   2013.62865297      4.2907
   2013.62868151      4.6945
   2013.62871005      4.6555
   2013.62873858      4.8589
   2013.62876712      4.8597
   2013.62879566      5.4594
   2013.62882420      5.1886
   2013.62885274      5.2998
   2013.62888128      5.0008
   2013.62890982      5.4110
   2013.62893836      6.1308
   2013.62896689      6.6442
   2013.62899543      6.8507
   2013.62902397      6.6582
   2013.62905251      6.2546
   2013.62908105      5.7646
   2013.62910959      5.3657
   2013.62913813      5.2729
   2013.62916667      5.5504
   2013.62919521      5.9275
   2013.62922374      6.2029
   2013.62925228      6.3976
   2013.62928082      5.8753
   2013.62930936      5.3754
   2013.62933790      4.5340
   2013.62936644      4.1232
   2013.62939498      3.6735
   2013.62942352      3.6763
   2013.62945205      3.5228
   2013.62948059      3.2095
   2013.62950913      2.9798
   2013.62953767      2.7313
   2013.62956621      2.6125
   2013.62959475      2.3396
   2013.62962329      2.1069
   2013.62965183      1.8213
   2013.62968037      1.6427
   2013.62970890      1.4741
   2013.62973744      1.3838
   2013.62976598      1.1991
   2013.62979452      1.0480
   2013.62982306      0.9717
   2013.62985160      0.8831
   2013.62988014      0.7992
   2013.62990868      0.7232
   2013.62993721      0.6554
   2013.62996575      0.5955
   2013.62999429      0.5421
   2013.63002283      0.4948
   2013.63005137      0.4530
   2013.63007991      0.4156
   2013.63010845      0.3821
   2013.63013699      0.3519
   2013.63016553      0.3246
   2013.63019406      0.2998
   2013.63022260      0.2773
   2013.63025114      0.2567
   2013.63027968      0.2379
   2013.63030822      0.2205
   2013.63033676      0.2045
   2013.63036530      0.1898
   2013.63039384      0.1764
   2013.63042237      0.1641
   2013.63045091      0.1527
   2013.63047945      0.1423
   2013.63050799      0.1327
   2013.63053653      0.1238
   2013.63056507      0.1156
   2013.63059361      0.1080
   2013.63062215      0.1010
