   2013.62465753      0.0000
   2013.62468607      0.0000
   2013.62471461      0.0000
   2013.62474315      0.0000
   2013.62477169      0.0000
   2013.62480023      0.0000
   2013.62482877      0.0000
   2013.62485731      0.0000
   2013.62488584      0.0000
   2013.62491438      0.0000
   2013.62494292      0.0000
   2013.62497146      0.0000
   2013.62500000      0.0000
   2013.62502854      0.0000
   2013.62505708      0.0000
   2013.62508562      0.0000
   2013.62511416      0.0000
   2013.62514269      0.0000
   2013.62517123      0.0000
   2013.62519977      0.0000
   2013.62522831      0.0000
   2013.62525685      0.0000
   2013.62528539      0.0000
   2013.62531393      0.0000
   2013.62534247      0.0000
   2013.62537100      0.0000
   2013.62539954      0.0000
   2013.62542808      0.0000
   2013.62545662      0.0000
   2013.62548516      0.0000
   2013.62551370      0.0000
   2013.62554224      0.0000
   2013.62557078      0.0000
   2013.62559932      0.0000
   2013.62562785      0.0000
   2013.62565639      0.0000
   2013.62568493      0.0000
   2013.62571347      0.0000
   2013.62574201      0.0000
   2013.62577055      0.0000
   2013.62579909      0.0000
   2013.62582763      0.0000
   2013.62585616      0.0000
   2013.62588470      0.0000
   2013.62591324      0.0000
   2013.62594178      0.0000
   2013.62597032      0.0000
   2013.62599886      0.0000
   2013.62602740      0.0000
   2013.62605594      0.0000
   2013.62608447      0.0000
   2013.62611301      0.0000
   2013.62614155      0.0000
   2013.62617009      0.0000
   2013.62619863      0.0000
   2013.62622717      0.0000
   2013.62625571      0.0000
   2013.62628425      0.0000
   2013.62631279      0.0000
   2013.62634132      0.0000
   2013.62636986      0.0000
   2013.62639840      0.0000
   2013.62642694      0.0000
   2013.62645548      0.0000
   2013.62648402      0.0000
   2013.62651256      0.0247
   2013.62654110      0.0777
   2013.62656963      0.1375
   2013.62659817      0.3016
   2013.62662671      0.6266
   2013.62665525      1.1338
   2013.62668379      1.8117
   2013.62671233      2.9338
   2013.62674087      4.7047
   2013.62676941      6.8579
   2013.62679795      8.1358
   2013.62682648      8.6225
   2013.62685502      8.6453
   2013.62688356      8.4894
   2013.62691210      8.2963
   2013.62694064      7.7203
   2013.62696918      7.7850
   2013.62699772      7.3998
   2013.62702626      7.4366
   2013.62705479      6.6149
   2013.62708333      6.6074
   2013.62711187      6.3116
   2013.62714041      6.0500
   2013.62716895      5.3834
   2013.62719749      5.3203
   2013.62722603      4.9073
   2013.62725457      4.8508
   2013.62728311      4.1832
   2013.62731164      3.9943
   2013.62734018      3.9021
   2013.62736872      3.4549
   2013.62739726      3.2758
   2013.62742580      3.0414
   2013.62745434      2.8271
   2013.62748288      2.5897
   2013.62751142      2.4499
   2013.62753995      2.3076
   2013.62756849      2.1625
   2013.62759703      2.0162
   2013.62762557      1.8671
   2013.62765411      1.7327
   2013.62768265      1.6105
   2013.62771119      1.4991
   2013.62773973      1.3967
   2013.62776826      1.3019
   2013.62779680      1.2130
   2013.62782534      1.1518
   2013.62785388      1.0559
   2013.62788242      0.9641
   2013.62791096      0.9061
   2013.62793950      0.8387
   2013.62796804      0.7732
   2013.62799658      0.7114
   2013.62802511      0.6542
   2013.62805365      0.6025
   2013.62808219      0.5553
   2013.62811073      0.5126
   2013.62813927      0.4741
   2013.62816781      0.4391
   2013.62819635      0.4071
   2013.62822489      0.3777
   2013.62825342      0.3506
   2013.62828196      0.3255
   2013.62831050      0.3035
   2013.62833904      0.2822
   2013.62836758      0.2625
   2013.62839612      0.2441
   2013.62842466      0.2315
   2013.62845320      0.2160
   2013.62848174      0.2010
   2013.62851027      0.1870
   2013.62853881      0.1823
   2013.62856735      0.1715
   2013.62859589      0.1600
   2013.62862443      0.1491
   2013.62865297      0.1499
   2013.62868151      0.1423
   2013.62871005      0.1334
   2013.62873858      0.1250
   2013.62876712      0.1316
   2013.62879566      0.1269
   2013.62882420      0.1201
   2013.62885274      0.1140
   2013.62888128      0.1268
   2013.62890982      0.1256
   2013.62893836      0.1219
   2013.62896689      0.1193
   2013.62899543      0.1404
   2013.62902397      0.1454
   2013.62905251      0.1481
   2013.62908105      0.1531
   2013.62910959      0.1891
   2013.62913813      0.2074
   2013.62916667      0.2231
   2013.62919521      0.2423
   2013.62922374      0.3028
   2013.62925228      0.3443
   2013.62928082      0.3955
   2013.62930936      0.4540
   2013.62933790      0.5801
   2013.62936644      0.6954
   2013.62939498      0.8008
   2013.62942352      0.9410
   2013.62945205      1.1559
   2013.62948059      1.4108
   2013.62950913      1.6921
   2013.62953767      1.9347
   2013.62956621      2.2760
   2013.62959475      2.5087
   2013.62962329      2.5500
   2013.62965183      2.6418
   2013.62968037      2.6082
   2013.62970890      2.7976
   2013.62973744      2.9149
   2013.62976598      2.8568
   2013.62979452      2.7085
   2013.62982306      2.7436
   2013.62985160      2.7807
   2013.62988014      2.7662
   2013.62990868      2.7232
   2013.62993721      2.6335
   2013.62996575      2.5277
   2013.62999429      2.4661
   2013.63002283      2.3624
   2013.63005137      2.3250
   2013.63007991      2.1716
   2013.63010845      2.0803
   2013.63013699      1.9969
   2013.63016553      1.9169
   2013.63019406      1.8218
   2013.63022260      1.7250
   2013.63025114      1.6266
   2013.63027968      1.5413
   2013.63030822      1.4605
   2013.63033676      1.3783
   2013.63036530      1.2954
   2013.63039384      1.2130
   2013.63042237      1.1619
   2013.63045091      1.0639
   2013.63047945      0.9689
   2013.63050799      0.9193
   2013.63053653      0.8564
   2013.63056507      0.7939
   2013.63059361      0.7342
   2013.63062215      0.6781
   2013.63065068      0.6269
   2013.63067922      0.5801
   2013.63070776      0.5372
   2013.63073630      0.4982
   2013.63076484      0.4626
   2013.63079338      0.4300
   2013.63082192      0.3998
   2013.63085046      0.3719
   2013.63087900      0.3460
   2013.63090753      0.3220
   2013.63093607      0.2998
   2013.63096461      0.2792
   2013.63099315      0.2602
   2013.63102169      0.2426
   2013.63105023      0.2261
   2013.63107877      0.2107
   2013.63110731      0.1964
   2013.63113584      0.1832
   2013.63116438      0.1710
   2013.63119292      0.1596
   2013.63122146      0.1491
   2013.63125000      0.1394
   2013.63127854      0.1303
   2013.63130708      0.1219
   2013.63133562      0.1141
   2013.63136416      0.1068
   2013.63139269      0.1000
