   2013.62465753      0.0000
   2013.62468607      0.0000
   2013.62471461      0.0000
   2013.62474315      0.0000
   2013.62477169      0.0000
   2013.62480023      0.0000
   2013.62482877      0.0000
   2013.62485731      0.0000
   2013.62488584      0.0000
   2013.62491438      0.0000
   2013.62494292      0.0000
   2013.62497146      0.0000
   2013.62500000      0.0000
   2013.62502854      0.0000
   2013.62505708      0.0000
   2013.62508562      0.0000
   2013.62511416      0.0000
   2013.62514269      0.0000
   2013.62517123      0.0000
   2013.62519977      0.0000
   2013.62522831      0.0000
   2013.62525685      0.0000
   2013.62528539      0.0000
   2013.62531393      0.0000
   2013.62534247      0.0000
   2013.62537100      0.0000
   2013.62539954      0.0000
   2013.62542808      0.0000
   2013.62545662      0.0000
   2013.62548516      0.0000
   2013.62551370      0.0000
   2013.62554224      0.0000
   2013.62557078      0.0000
   2013.62559932      0.0000
   2013.62562785      0.0000
   2013.62565639      0.0000
   2013.62568493      0.0000
   2013.62571347      0.0000
   2013.62574201      0.0000
   2013.62577055      0.0000
   2013.62579909      0.0000
   2013.62582763      0.0000
   2013.62585616      0.0000
   2013.62588470      0.0000
   2013.62591324      0.0000
   2013.62594178      0.0008
   2013.62597032      0.0017
   2013.62599886      0.0024
   2013.62602740      0.0030
   2013.62605594      0.0036
   2013.62608447      0.0075
   2013.62611301      0.0483
   2013.62614155      0.0910
   2013.62617009      0.1681
   2013.62619863      0.3050
   2013.62622717      0.5225
   2013.62625571      0.8621
   2013.62628425      1.3528
   2013.62631279      2.0101
   2013.62634132      2.9073
   2013.62636986      3.9718
   2013.62639840      4.8517
   2013.62642694      5.4160
   2013.62645548      5.3296
   2013.62648402      5.4331
   2013.62651256      4.7455
   2013.62654110      4.4298
   2013.62656963      4.3385
   2013.62659817      3.7162
   2013.62662671      3.4283
   2013.62665525      3.0653
   2013.62668379      2.7764
   2013.62671233      2.5172
   2013.62674087      2.2799
   2013.62676941      2.0630
   2013.62679795      1.8652
   2013.62682648      1.7125
   2013.62685502      1.5733
   2013.62688356      1.4465
   2013.62691210      1.3311
   2013.62694064      1.2919
   2013.62696918      1.1645
   2013.62699772      1.0797
   2013.62702626      0.9853
   2013.62705479      0.9538
   2013.62708333      0.9026
   2013.62711187      0.8502
   2013.62714041      0.8038
   2013.62716895      0.7760
   2013.62719749      0.7438
   2013.62722603      0.7138
   2013.62725457      0.6897
   2013.62728311      0.6825
   2013.62731164      0.6686
   2013.62734018      0.6553
   2013.62736872      0.6458
   2013.62739726      0.6510
   2013.62742580      0.6476
   2013.62745434      0.6486
   2013.62748288      0.6521
   2013.62751142      0.6570
   2013.62753995      0.6835
   2013.62756849      0.6956
   2013.62759703      0.7114
   2013.62762557      0.7280
   2013.62765411      0.7700
   2013.62768265      0.7934
   2013.62771119      0.8461
   2013.62773973      0.8180
   2013.62776826      0.8790
   2013.62779680      0.8947
   2013.62782534      0.9115
   2013.62785388      0.9313
   2013.62788242      0.9422
   2013.62791096      0.9470
   2013.62793950      0.9766
   2013.62796804      0.9234
   2013.62799658      0.9480
   2013.62802511      0.9344
   2013.62805365      0.9210
   2013.62808219      0.8832
   2013.62811073      0.8805
   2013.62813927      0.8608
   2013.62816781      0.8371
   2013.62819635      0.8146
   2013.62822489      0.7897
   2013.62825342      0.7645
   2013.62828196      0.7405
   2013.62831050      0.7186
   2013.62833904      0.6957
   2013.62836758      0.6728
   2013.62839612      0.6501
   2013.62842466      0.6294
   2013.62845320      0.6077
   2013.62848174      0.5862
   2013.62851027      0.5654
   2013.62853881      0.5465
   2013.62856735      0.5274
   2013.62859589      0.5087
   2013.62862443      0.4909
   2013.62865297      0.4746
   2013.62868151      0.4582
   2013.62871005      0.4420
   2013.62873858      0.4265
   2013.62876712      0.4119
   2013.62879566      0.3974
   2013.62882420      0.3835
   2013.62885274      0.3700
   2013.62888128      0.3577
   2013.62890982      0.3455
   2013.62893836      0.3337
   2013.62896689      0.3223
   2013.62899543      0.3119
   2013.62902397      0.3016
   2013.62905251      0.2917
   2013.62908105      0.2822
   2013.62910959      0.2737
   2013.62913813      0.2651
   2013.62916667      0.2568
   2013.62919521      0.2488
   2013.62922374      0.2425
   2013.62925228      0.2353
   2013.62928082      0.2282
   2013.62930936      0.2213
   2013.62933790      0.2170
   2013.62936644      0.2113
   2013.62939498      0.2055
   2013.62942352      0.1999
   2013.62945205      0.1983
   2013.62948059      0.1942
   2013.62950913      0.1898
   2013.62953767      0.1856
   2013.62956621      0.1869
   2013.62959475      0.1846
   2013.62962329      0.1818
   2013.62965183      0.1794
   2013.62968037      0.1842
   2013.62970890      0.1844
   2013.62973744      0.1839
   2013.62976598      0.1839
   2013.62979452      0.1932
   2013.62982306      0.1969
   2013.62985160      0.1999
   2013.62988014      0.2035
   2013.62990868      0.2176
   2013.62993721      0.2259
   2013.62996575      0.2335
   2013.62999429      0.2424
   2013.63002283      0.2629
   2013.63005137      0.2774
   2013.63007991      0.2916
   2013.63010845      0.3079
   2013.63013699      0.3370
   2013.63016553      0.3699
   2013.63019406      0.3917
   2013.63022260      0.4211
   2013.63025114      0.4558
   2013.63027968      0.4946
   2013.63030822      0.5390
   2013.63033676      0.5884
   2013.63036530      0.6387
   2013.63039384      0.6862
   2013.63042237      0.7088
   2013.63045091      0.7584
   2013.63047945      0.7864
   2013.63050799      0.8034
   2013.63053653      0.8133
   2013.63056507      0.8157
   2013.63059361      0.8115
   2013.63062215      0.8017
   2013.63065068      0.7871
   2013.63067922      0.7683
   2013.63070776      0.7464
   2013.63073630      0.7222
   2013.63076484      0.6964
   2013.63079338      0.6696
   2013.63082192      0.6425
   2013.63085046      0.6154
   2013.63087900      0.5884
   2013.63090753      0.5619
   2013.63093607      0.5362
   2013.63096461      0.5114
   2013.63099315      0.4876
   2013.63102169      0.4648
   2013.63105023      0.4430
   2013.63107877      0.4220
   2013.63110731      0.4020
   2013.63113584      0.3829
   2013.63116438      0.3647
   2013.63119292      0.3475
   2013.63122146      0.3312
   2013.63125000      0.3158
   2013.63127854      0.3013
   2013.63130708      0.2876
   2013.63133562      0.2747
   2013.63136416      0.2625
   2013.63139269      0.2510
   2013.63142123      0.2401
   2013.63144977      0.2297
   2013.63147831      0.2198
   2013.63150685      0.2103
   2013.63153539      0.2015
   2013.63156393      0.1931
   2013.63159247      0.1852
   2013.63162100      0.1777
   2013.63164954      0.1706
   2013.63167808      0.1638
   2013.63170662      0.1574
   2013.63173516      0.1514
   2013.63176370      0.1456
   2013.63179224      0.1401
   2013.63182078      0.1349
   2013.63184932      0.1300
   2013.63187785      0.1253
   2013.63190639      0.1208
   2013.63193493      0.1165
   2013.63196347      0.1125
   2013.63199201      0.1086
   2013.63202055      0.1050
   2013.63204909      0.1015
