   2013.62465753      0.0000
   2013.62468607      0.0000
   2013.62471461      0.0000
   2013.62474315      0.0000
   2013.62477169      0.0000
   2013.62480023      0.0000
   2013.62482877      0.0000
   2013.62485731      0.0000
   2013.62488584      0.0000
   2013.62491438      0.0000
   2013.62494292      0.0000
   2013.62497146      0.0000
   2013.62500000      0.0000
   2013.62502854      0.0000
   2013.62505708      0.0000
   2013.62508562      0.0000
   2013.62511416      0.0000
   2013.62514269      0.0000
   2013.62517123      0.0000
   2013.62519977      0.0000
   2013.62522831      0.0000
   2013.62525685      0.0000
   2013.62528539      0.0000
   2013.62531393      0.0000
   2013.62534247      0.0000
   2013.62537100      0.0000
   2013.62539954      0.0000
   2013.62542808      0.0000
   2013.62545662      0.0000
   2013.62548516      0.0000
   2013.62551370      0.0000
   2013.62554224      0.0000
   2013.62557078      0.0000
   2013.62559932      0.0000
   2013.62562785      0.0000
   2013.62565639      0.0000
   2013.62568493      0.0000
   2013.62571347      0.0000
   2013.62574201      0.0000
   2013.62577055      0.0000
   2013.62579909      0.0000
   2013.62582763      0.0000
   2013.62585616      0.0000
   2013.62588470      0.0000
   2013.62591324      0.0000
   2013.62594178      0.0000
   2013.62597032      0.0000
   2013.62599886      0.0000
   2013.62602740      0.0000
   2013.62605594      0.0001
   2013.62608447      0.0005
   2013.62611301      0.0009
   2013.62614155      0.0012
   2013.62617009      0.0015
   2013.62619863      0.0017
   2013.62622717      0.0019
   2013.62625571      0.0023
   2013.62628425      0.0027
   2013.62631279      0.0234
   2013.62634132      0.0577
   2013.62636986      0.0954
   2013.62639840      0.1633
   2013.62642694      0.2639
   2013.62645548      0.3987
   2013.62648402      0.6194
   2013.62651256      0.9416
   2013.62654110      1.4104
   2013.62656963      2.1103
   2013.62659817      3.0742
   2013.62662671      4.0739
   2013.62665525      4.7684
   2013.62668379      5.3052
   2013.62671233      5.6748
   2013.62674087      5.9204
   2013.62676941      6.0945
   2013.62679795      6.2119
   2013.62682648      6.3371
   2013.62685502      6.3903
   2013.62688356      6.4320
   2013.62691210      6.4751
   2013.62694064      6.4940
   2013.62696918      6.4444
   2013.62699772      6.2687
   2013.62702626      6.1342
   2013.62705479      6.0812
   2013.62708333      5.8339
   2013.62711187      5.5541
   2013.62714041      5.5035
   2013.62716895      4.6565
   2013.62719749      4.5986
   2013.62722603      4.2639
   2013.62725457      4.1803
   2013.62728311      3.8958
   2013.62731164      3.4067
   2013.62734018      3.0873
   2013.62736872      2.8499
   2013.62739726      2.6133
   2013.62742580      2.3944
   2013.62745434      2.1944
   2013.62748288      2.0145
   2013.62751142      1.8425
   2013.62753995      1.6960
   2013.62756849      1.5678
   2013.62759703      1.4525
   2013.62762557      1.3474
   2013.62765411      1.2506
   2013.62768265      1.1896
   2013.62771119      1.0888
   2013.62773973      0.9803
   2013.62776826      0.9430
   2013.62779680      0.8852
   2013.62782534      0.8271
   2013.62785388      0.7725
   2013.62788242      0.7215
   2013.62791096      0.6748
   2013.62793950      0.6329
   2013.62796804      0.5950
   2013.62799658      0.5602
   2013.62802511      0.5283
   2013.62805365      0.4989
   2013.62808219      0.4717
   2013.62811073      0.4464
   2013.62813927      0.4228
   2013.62816781      0.4006
   2013.62819635      0.3799
   2013.62822489      0.3605
   2013.62825342      0.3424
   2013.62828196      0.3254
   2013.62831050      0.3096
   2013.62833904      0.2949
   2013.62836758      0.2811
   2013.62839612      0.2681
   2013.62842466      0.2560
   2013.62845320      0.2446
   2013.62848174      0.2337
   2013.62851027      0.2234
   2013.62853881      0.2136
   2013.62856735      0.2045
   2013.62859589      0.1958
   2013.62862443      0.1877
   2013.62865297      0.1800
   2013.62868151      0.1727
   2013.62871005      0.1658
   2013.62873858      0.1593
   2013.62876712      0.1531
   2013.62879566      0.1472
   2013.62882420      0.1416
   2013.62885274      0.1363
   2013.62888128      0.1313
   2013.62890982      0.1265
   2013.62893836      0.1220
   2013.62896689      0.1177
   2013.62899543      0.1136
   2013.62902397      0.1097
   2013.62905251      0.1060
   2013.62908105      0.1024
