   2013.62465753      0.0000
   2013.62468607      0.0000
   2013.62471461      0.0000
   2013.62474315      0.0000
   2013.62477169      0.0000
   2013.62480023      0.0000
   2013.62482877      0.0000
   2013.62485731      0.0000
   2013.62488584      0.0000
   2013.62491438      0.0000
   2013.62494292      0.0000
   2013.62497146      0.0000
   2013.62500000      0.0000
   2013.62502854      0.0000
   2013.62505708      0.0000
   2013.62508562      0.0000
   2013.62511416      0.0000
   2013.62514269      0.0000
   2013.62517123      0.0000
   2013.62519977      0.0000
   2013.62522831      0.0000
   2013.62525685      0.0000
   2013.62528539      0.0000
   2013.62531393      0.0000
   2013.62534247      0.0000
   2013.62537100      0.0000
   2013.62539954      0.0000
   2013.62542808      0.0000
   2013.62545662      0.0000
   2013.62548516      0.0000
   2013.62551370      0.0000
   2013.62554224      0.0000
   2013.62557078      0.0000
   2013.62559932      0.0000
   2013.62562785      0.0000
   2013.62565639      0.0000
   2013.62568493      0.0000
   2013.62571347      0.0004
   2013.62574201      0.0003
   2013.62577055      0.0002
   2013.62579909      0.0001
   2013.62582763      0.0001
   2013.62585616      0.0001
   2013.62588470      0.0001
   2013.62591324      0.0001
   2013.62594178      0.0001
   2013.62597032      0.0001
   2013.62599886      0.0001
   2013.62602740      0.0001
   2013.62605594      0.0001
   2013.62608447      0.0000
   2013.62611301      0.0000
   2013.62614155      0.0000
   2013.62617009      0.0000
   2013.62619863      0.0000
   2013.62622717      0.0000
   2013.62625571      0.0000
   2013.62628425      0.0000
   2013.62631279      0.0000
   2013.62634132      0.0000
   2013.62636986      0.0000
   2013.62639840      0.0000
   2013.62642694      0.0000
   2013.62645548      0.0000
   2013.62648402      0.0000
   2013.62651256      0.0000
   2013.62654110      0.0000
   2013.62656963      0.0000
   2013.62659817      0.0000
   2013.62662671      0.0000
   2013.62665525      0.0000
   2013.62668379      0.0000
   2013.62671233      0.0000
   2013.62674087      0.0000
   2013.62676941      0.0000
   2013.62679795      0.0000
   2013.62682648      0.0000
   2013.62685502      0.0000
   2013.62688356      0.0020
   2013.62691210      0.0051
   2013.62694064      0.0078
   2013.62696918      0.0095
   2013.62699772      0.0107
   2013.62702626      0.0116
   2013.62705479      0.0126
   2013.62708333      0.0133
   2013.62711187      0.0141
   2013.62714041      0.0148
   2013.62716895      0.0158
   2013.62719749      0.0168
   2013.62722603      0.0177
   2013.62725457      0.0187
   2013.62728311      0.0200
   2013.62731164      0.0213
   2013.62734018      0.0226
   2013.62736872      0.0240
   2013.62739726      0.0259
   2013.62742580      0.0278
   2013.62745434      0.0299
   2013.62748288      0.0317
   2013.62751142      0.0343
   2013.62753995      0.0371
   2013.62756849      0.0405
   2013.62759703      0.0442
   2013.62762557      0.0488
   2013.62765411      0.0527
   2013.62768265      0.0564
   2013.62771119      0.0597
   2013.62773973      0.0632
   2013.62776826      0.0655
   2013.62779680      0.0672
   2013.62782534      0.0686
   2013.62785388      0.0704
   2013.62788242      0.0713
   2013.62791096      0.0717
   2013.62793950      0.0720
   2013.62796804      0.0730
   2013.62799658      0.0731
   2013.62802511      0.0730
   2013.62805365      0.0728
   2013.62808219      0.0736
   2013.62811073      0.0735
   2013.62813927      0.0732
   2013.62816781      0.0730
   2013.62819635      0.0738
   2013.62822489      0.0738
   2013.62825342      0.0736
   2013.62828196      0.0734
   2013.62831050      0.0745
   2013.62833904      0.0746
   2013.62836758      0.0747
   2013.62839612      0.0748
   2013.62842466      0.0762
   2013.62845320      0.0766
   2013.62848174      0.0770
   2013.62851027      0.0774
   2013.62853881      0.0792
   2013.62856735      0.0800
   2013.62859589      0.0808
   2013.62862443      0.0816
   2013.62865297      0.0840
   2013.62868151      0.0853
   2013.62871005      0.0866
   2013.62873858      0.0880
   2013.62876712      0.0911
   2013.62879566      0.0932
   2013.62882420      0.0951
   2013.62885274      0.0974
   2013.62888128      0.1015
   2013.62890982      0.1044
   2013.62893836      0.1074
   2013.62896689      0.1107
   2013.62899543      0.1161
   2013.62902397      0.1203
   2013.62905251      0.1245
   2013.62908105      0.1290
   2013.62910959      0.1359
   2013.62913813      0.1413
   2013.62916667      0.1465
   2013.62919521      0.1519
   2013.62922374      0.1597
   2013.62925228      0.1656
   2013.62928082      0.1711
   2013.62930936      0.1763
   2013.62933790      0.1840
   2013.62936644      0.1897
   2013.62939498      0.1948
   2013.62942352      0.1998
   2013.62945205      0.2079
   2013.62948059      0.2137
   2013.62950913      0.2187
   2013.62953767      0.2235
   2013.62956621      0.2317
   2013.62959475      0.2371
   2013.62962329      0.2417
   2013.62965183      0.2461
   2013.62968037      0.2545
   2013.62970890      0.2600
   2013.62973744      0.2646
   2013.62976598      0.2690
   2013.62979452      0.2778
   2013.62982306      0.2835
   2013.62985160      0.2881
   2013.62988014      0.2927
   2013.62990868      0.3020
   2013.62993721      0.3079
   2013.62996575      0.3127
   2013.62999429      0.3174
   2013.63002283      0.3273
   2013.63005137      0.3337
   2013.63007991      0.3387
   2013.63010845      0.3437
   2013.63013699      0.3543
   2013.63016553      0.3611
   2013.63019406      0.3664
   2013.63022260      0.3717
   2013.63025114      0.3772
   2013.63027968      0.3821
   2013.63030822      0.3865
   2013.63033676      0.3906
   2013.63036530      0.3943
   2013.63039384      0.3971
   2013.63042237      0.3988
   2013.63045091      0.3995
   2013.63047945      0.3993
   2013.63050799      0.3985
   2013.63053653      0.3971
   2013.63056507      0.3953
   2013.63059361      0.3929
   2013.63062215      0.3900
   2013.63065068      0.3865
   2013.63067922      0.3823
   2013.63070776      0.3776
   2013.63073630      0.3724
   2013.63076484      0.3667
   2013.63079338      0.3606
   2013.63082192      0.3542
   2013.63085046      0.3475
   2013.63087900      0.3405
   2013.63090753      0.3332
   2013.63093607      0.3256
   2013.63096461      0.3179
   2013.63099315      0.3099
   2013.63102169      0.3018
   2013.63105023      0.2936
   2013.63107877      0.2853
   2013.63110731      0.2770
   2013.63113584      0.2687
   2013.63116438      0.2605
   2013.63119292      0.2524
   2013.63122146      0.2443
   2013.63125000      0.2364
   2013.63127854      0.2285
   2013.63130708      0.2208
   2013.63133562      0.2132
   2013.63136416      0.2058
   2013.63139269      0.1986
   2013.63142123      0.1918
   2013.63144977      0.1851
   2013.63147831      0.1787
   2013.63150685      0.1724
   2013.63153539      0.1664
   2013.63156393      0.1607
   2013.63159247      0.1551
   2013.63162100      0.1497
   2013.63164954      0.1446
   2013.63167808      0.1396
   2013.63170662      0.1349
   2013.63173516      0.1303
   2013.63176370      0.1260
   2013.63179224      0.1218
   2013.63182078      0.1178
   2013.63184932      0.1139
   2013.63187785      0.1103
   2013.63190639      0.1067
   2013.63193493      0.1033
   2013.63196347      0.1001
   2013.63199201      0.0970
   2013.63202055      0.0940
   2013.63204909      0.0911
   2013.63207763      0.0884
   2013.63210616      0.0857
   2013.63213470      0.0832
   2013.63216324      0.0808
   2013.63219178      0.0784
   2013.63222032      0.0761
   2013.63224886      0.0739
   2013.63227740      0.0718
   2013.63230594      0.0698
   2013.63233447      0.0678
   2013.63236301      0.0659
   2013.63239155      0.0641
   2013.63242009      0.0623
   2013.63244863      0.0606
   2013.63247717      0.0590
   2013.63250571      0.0574
   2013.63253425      0.0559
   2013.63256279      0.0544
   2013.63259132      0.0530
   2013.63261986      0.0516
   2013.63264840      0.0503
   2013.63267694      0.0490
   2013.63270548      0.0478
   2013.63273402      0.0466
   2013.63276256      0.0455
   2013.63279110      0.0444
   2013.63281963      0.0433
   2013.63284817      0.0422
   2013.63287671      0.0412
   2013.63290525      0.0403
   2013.63293379      0.0393
   2013.63296233      0.0384
   2013.63299087      0.0376
   2013.63301941      0.0367
   2013.63304795      0.0359
   2013.63307648      0.0351
   2013.63310502      0.0343
   2013.63313356      0.0336
   2013.63316210      0.0329
   2013.63319064      0.0322
   2013.63321918      0.0315
   2013.63324772      0.0308
   2013.63327626      0.0302
   2013.63330479      0.0295
   2013.63333333      0.0289
   2013.63336187      0.0283
   2013.63339041      0.0277
   2013.63341895      0.0271
   2013.63344749      0.0266
   2013.63347603      0.0260
   2013.63350457      0.0255
   2013.63353311      0.0250
   2013.63356164      0.0245
   2013.63359018      0.0240
   2013.63361872      0.0236
   2013.63364726      0.0231
   2013.63367580      0.0226
   2013.63370434      0.0222
   2013.63373288      0.0218
   2013.63376142      0.0214
   2013.63378995      0.0210
   2013.63381849      0.0206
   2013.63384703      0.0202
   2013.63387557      0.0198
   2013.63390411      0.0195
   2013.63393265      0.0191
   2013.63396119      0.0188
