   2013.62465753      0.0000
   2013.62468607      0.0000
   2013.62471461      0.0000
   2013.62474315      0.0000
   2013.62477169      0.0000
   2013.62480023      0.0000
   2013.62482877      0.0000
   2013.62485731      0.0000
   2013.62488584      0.0000
   2013.62491438      0.0000
   2013.62494292      0.0000
   2013.62497146      0.0000
   2013.62500000      0.0000
   2013.62502854      0.0000
   2013.62505708      0.0000
   2013.62508562      0.0000
   2013.62511416      0.0000
   2013.62514269      0.0000
   2013.62517123      0.0000
   2013.62519977      0.0000
   2013.62522831      0.0000
   2013.62525685      0.0000
   2013.62528539      0.0000
   2013.62531393      0.0000
   2013.62534247      0.0000
   2013.62537100      0.0000
   2013.62539954      0.0000
   2013.62542808      0.0000
   2013.62545662      0.0000
   2013.62548516      0.0000
   2013.62551370      0.0000
   2013.62554224      0.0000
   2013.62557078      0.0000
   2013.62559932      0.0000
   2013.62562785      0.0000
   2013.62565639      0.0000
   2013.62568493      0.0000
   2013.62571347      0.0000
   2013.62574201      0.0000
   2013.62577055      0.0000
   2013.62579909      0.0000
   2013.62582763      0.0000
   2013.62585616      0.0000
   2013.62588470      0.0000
   2013.62591324      0.0000
   2013.62594178      0.0000
   2013.62597032      0.0000
   2013.62599886      0.0000
   2013.62602740      0.0000
   2013.62605594      0.0000
   2013.62608447      0.0000
   2013.62611301      0.0000
   2013.62614155      0.0000
   2013.62617009      0.0000
   2013.62619863      0.0000
   2013.62622717      0.0000
   2013.62625571      0.0000
   2013.62628425      0.0044
   2013.62631279      0.0035
   2013.62634132      0.0148
   2013.62636986      0.0521
   2013.62639840      0.0842
   2013.62642694      0.1643
   2013.62645548      0.3352
   2013.62648402      0.7352
   2013.62651256      2.0419
   2013.62654110      4.6258
   2013.62656963      6.3495
   2013.62659817      5.7018
   2013.62662671      5.2300
   2013.62665525      4.6788
   2013.62668379      4.0704
   2013.62671233      3.5275
   2013.62674087      3.0752
   2013.62676941      2.8312
   2013.62679795      2.4415
   2013.62682648      2.1341
   2013.62685502      1.8748
   2013.62688356      1.5831
   2013.62691210      1.4087
   2013.62694064      1.2599
   2013.62696918      1.0824
   2013.62699772      0.9933
   2013.62702626      0.8925
   2013.62705479      0.7989
   2013.62708333      0.7159
   2013.62711187      0.6431
   2013.62714041      0.5795
   2013.62716895      0.5233
   2013.62719749      0.4738
   2013.62722603      0.4303
   2013.62725457      0.3918
   2013.62728311      0.3575
   2013.62731164      0.3269
   2013.62734018      0.2994
   2013.62736872      0.2747
   2013.62739726      0.2524
   2013.62742580      0.2320
   2013.62745434      0.2134
   2013.62748288      0.1966
   2013.62751142      0.1812
   2013.62753995      0.1673
   2013.62756849      0.1546
   2013.62759703      0.1431
   2013.62762557      0.1325
   2013.62765411      0.1228
   2013.62768265      0.1139
   2013.62771119      0.1058
