   2013.62465753      0.0000
   2013.62468607      0.0000
   2013.62471461      0.0000
   2013.62474315      0.0000
   2013.62477169      0.0000
   2013.62480023      0.0000
   2013.62482877      0.0000
   2013.62485731      0.0000
   2013.62488584      0.0000
   2013.62491438      0.0000
   2013.62494292      0.0000
   2013.62497146      0.0000
   2013.62500000      0.0000
   2013.62502854      0.0000
   2013.62505708      0.0000
   2013.62508562      0.0000
   2013.62511416      0.0000
   2013.62514269      0.0000
   2013.62517123      0.0000
   2013.62519977      0.0000
   2013.62522831      0.0000
   2013.62525685      0.0000
   2013.62528539      0.0000
   2013.62531393      0.0000
   2013.62534247      0.0000
   2013.62537100      0.0000
   2013.62539954      0.0000
   2013.62542808      0.0000
   2013.62545662      0.0000
   2013.62548516      0.0000
   2013.62551370      0.0000
   2013.62554224      0.0000
   2013.62557078      0.0000
   2013.62559932      0.0000
   2013.62562785      0.0000
   2013.62565639      0.0000
   2013.62568493      0.0000
   2013.62571347      0.0000
   2013.62574201      0.0000
   2013.62577055      0.0000
   2013.62579909      0.0000
   2013.62582763      0.0000
   2013.62585616      0.0000
   2013.62588470      0.0000
   2013.62591324      0.0000
   2013.62594178      0.0000
   2013.62597032      0.0000
   2013.62599886      0.0000
   2013.62602740      0.0000
   2013.62605594      0.0000
   2013.62608447      0.0000
   2013.62611301      0.0000
   2013.62614155      0.0000
   2013.62617009      0.0000
   2013.62619863      0.0000
   2013.62622717      0.0000
   2013.62625571      0.0000
   2013.62628425      0.0000
   2013.62631279      0.0000
   2013.62634132      0.0000
   2013.62636986      0.0000
   2013.62639840      0.0000
   2013.62642694      0.0000
   2013.62645548      0.0000
   2013.62648402      0.0000
   2013.62651256      0.0000
   2013.62654110      0.0000
   2013.62656963      0.0000
   2013.62659817      0.0000
   2013.62662671      0.0000
   2013.62665525      0.0000
   2013.62668379      0.0000
   2013.62671233      0.0000
   2013.62674087      0.0000
   2013.62676941      0.0000
   2013.62679795      0.0000
   2013.62682648      0.0000
   2013.62685502      0.0000
   2013.62688356      0.0000
   2013.62691210      0.0000
   2013.62694064      0.0000
   2013.62696918      0.0000
   2013.62699772      0.0000
   2013.62702626      0.0000
   2013.62705479      0.0000
   2013.62708333      0.0000
   2013.62711187      0.0000
   2013.62714041      0.0000
   2013.62716895      0.0000
   2013.62719749      0.0000
   2013.62722603      0.0000
   2013.62725457      0.0000
   2013.62728311      0.0000
   2013.62731164      1.1081
   2013.62734018      5.8162
   2013.62736872     12.8049
   2013.62739726     28.1387
   2013.62742580     39.3087
   2013.62745434     34.6029
   2013.62748288     26.7660
   2013.62751142     20.6217
   2013.62753995     16.3603
   2013.62756849     13.2078
   2013.62759703     10.7138
   2013.62762557      9.0482
   2013.62765411      7.8742
   2013.62768265      6.6245
   2013.62771119      6.1267
   2013.62773973      4.8955
   2013.62776826      4.5908
   2013.62779680      3.8233
   2013.62782534      3.4327
   2013.62785388      3.0364
   2013.62788242      2.8099
   2013.62791096      2.4923
   2013.62793950      2.2690
   2013.62796804      2.0870
   2013.62799658      1.9687
   2013.62802511      1.7882
   2013.62805365      1.7023
   2013.62808219      1.5858
   2013.62811073      1.5020
   2013.62813927      1.4228
   2013.62816781      1.3325
   2013.62819635      1.2094
   2013.62822489      1.2638
   2013.62825342      1.2250
   2013.62828196      1.1285
   2013.62831050      1.0573
   2013.62833904      1.0369
   2013.62836758      0.9906
   2013.62839612      0.9398
   2013.62842466      0.9479
   2013.62845320      0.9278
   2013.62848174      0.8917
   2013.62851027      0.8655
   2013.62853881      0.8244
   2013.62856735      0.7842
   2013.62859589      0.7531
   2013.62862443      0.7327
   2013.62865297      0.7201
   2013.62868151      0.7105
   2013.62871005      0.6995
   2013.62873858      0.6845
   2013.62876712      0.6645
   2013.62879566      0.6403
   2013.62882420      0.6136
   2013.62885274      0.5869
   2013.62888128      0.5626
   2013.62890982      0.5426
   2013.62893836      0.5273
   2013.62896689      0.5162
   2013.62899543      0.5077
   2013.62902397      0.5005
   2013.62905251      0.4932
   2013.62908105      0.4848
   2013.62910959      0.4748
   2013.62913813      0.4631
   2013.62916667      0.4503
   2013.62919521      0.4369
   2013.62922374      0.4237
   2013.62925228      0.4117
   2013.62928082      0.4010
   2013.62930936      0.3917
   2013.62933790      0.3834
   2013.62936644      0.3754
   2013.62939498      0.3669
   2013.62942352      0.3573
   2013.62945205      0.3466
   2013.62948059      0.3346
   2013.62950913      0.3215
   2013.62953767      0.3078
   2013.62956621      0.2938
   2013.62959475      0.2797
   2013.62962329      0.2657
   2013.62965183      0.2521
   2013.62968037      0.2389
   2013.62970890      0.2260
   2013.62973744      0.2134
   2013.62976598      0.2014
   2013.62979452      0.1899
   2013.62982306      0.1790
   2013.62985160      0.1687
   2013.62988014      0.1589
   2013.62990868      0.1496
   2013.62993721      0.1408
   2013.62996575      0.1326
   2013.62999429      0.1247
   2013.63002283      0.1173
   2013.63005137      0.1104
   2013.63007991      0.1038
