   2013.62465753      0.0000
   2013.62468607      0.0000
   2013.62471461      0.0000
   2013.62474315      0.0000
   2013.62477169      0.0000
   2013.62480023      0.0000
   2013.62482877      0.0000
   2013.62485731      0.0000
   2013.62488584      0.0000
   2013.62491438      0.0000
   2013.62494292      0.0000
   2013.62497146      0.0000
   2013.62500000      0.0000
   2013.62502854      0.0000
   2013.62505708      0.0000
   2013.62508562      0.0000
   2013.62511416      0.0000
   2013.62514269      0.0000
   2013.62517123      0.0000
   2013.62519977      0.0000
   2013.62522831      0.0000
   2013.62525685      0.0000
   2013.62528539      0.0000
   2013.62531393      0.0000
   2013.62534247      0.0000
   2013.62537100      0.0000
   2013.62539954      0.0000
   2013.62542808      0.0000
   2013.62545662      0.0000
   2013.62548516      0.0000
   2013.62551370      0.0000
   2013.62554224      0.0000
   2013.62557078      0.0000
   2013.62559932      0.0000
   2013.62562785      0.0000
   2013.62565639      0.0000
   2013.62568493      0.0000
   2013.62571347      0.0000
   2013.62574201      0.0000
   2013.62577055      0.0000
   2013.62579909      0.0000
   2013.62582763      0.0000
   2013.62585616      0.0000
   2013.62588470      0.0000
   2013.62591324      0.0000
   2013.62594178      0.0000
   2013.62597032      0.0000
   2013.62599886      0.0000
   2013.62602740      0.0000
   2013.62605594      0.0000
   2013.62608447      0.0000
   2013.62611301      0.0000
   2013.62614155      0.0000
   2013.62617009      0.0000
   2013.62619863      0.0000
   2013.62622717      0.0000
   2013.62625571      0.0000
   2013.62628425      0.0102
   2013.62631279      0.0691
   2013.62634132      0.1671
   2013.62636986      0.6539
   2013.62639840      4.4258
   2013.62642694     21.0158
   2013.62645548     26.6715
   2013.62648402     24.9768
   2013.62651256     22.3209
   2013.62654110     19.5332
   2013.62656963     17.1459
   2013.62659817     15.2901
   2013.62662671     13.6889
   2013.62665525     12.3629
   2013.62668379     10.8450
   2013.62671233      9.4126
   2013.62674087      8.5971
   2013.62676941      7.8419
   2013.62679795      6.1466
   2013.62682648      5.3932
   2013.62685502      4.9753
   2013.62688356      4.0052
   2013.62691210      3.4353
   2013.62694064      3.2251
   2013.62696918      2.7006
   2013.62699772      2.3524
   2013.62702626      1.9785
   2013.62705479      1.7467
   2013.62708333      1.5415
   2013.62711187      1.4236
   2013.62714041      1.2180
   2013.62716895      1.0605
   2013.62719749      0.9682
   2013.62722603      0.8701
   2013.62725457      0.7801
   2013.62728311      0.6999
   2013.62731164      0.6297
   2013.62734018      0.5680
   2013.62736872      0.5135
   2013.62739726      0.4656
   2013.62742580      0.4233
   2013.62745434      0.3859
   2013.62748288      0.3525
   2013.62751142      0.3226
   2013.62753995      0.2958
   2013.62756849      0.2717
   2013.62759703      0.2498
   2013.62762557      0.2298
   2013.62765411      0.2116
   2013.62768265      0.1950
   2013.62771119      0.1799
   2013.62773973      0.1662
   2013.62776826      0.1537
   2013.62779680      0.1423
   2013.62782534      0.1319
   2013.62785388      0.1224
   2013.62788242      0.1136
   2013.62791096      0.1055
