   2013.62465753      0.0000
   2013.62468607      0.0000
   2013.62471461      0.0000
   2013.62474315      0.0000
   2013.62477169      0.0000
   2013.62480023      0.0000
   2013.62482877      0.0000
   2013.62485731      0.0000
   2013.62488584      0.0000
   2013.62491438      0.0000
   2013.62494292      0.0000
   2013.62497146      0.0000
   2013.62500000      0.0000
   2013.62502854      0.0000
   2013.62505708      0.0000
   2013.62508562      0.0000
   2013.62511416      0.0000
   2013.62514269      0.0000
   2013.62517123      0.0000
   2013.62519977      0.0000
   2013.62522831      0.0000
   2013.62525685      0.0000
   2013.62528539      0.0000
   2013.62531393      0.0000
   2013.62534247      0.0000
   2013.62537100      0.0000
   2013.62539954      0.0000
   2013.62542808      0.0000
   2013.62545662      0.0000
   2013.62548516      0.0000
   2013.62551370      0.0000
   2013.62554224      0.0000
   2013.62557078      0.0000
   2013.62559932      0.0000
   2013.62562785      0.0000
   2013.62565639      0.0000
   2013.62568493      0.0000
   2013.62571347      0.0000
   2013.62574201      0.0000
   2013.62577055      0.0000
   2013.62579909      0.0000
   2013.62582763      0.0000
   2013.62585616      0.0000
   2013.62588470      0.0000
   2013.62591324      0.0000
   2013.62594178      0.0000
   2013.62597032      0.0000
   2013.62599886      0.0000
   2013.62602740      0.0000
   2013.62605594      0.0031
   2013.62608447      0.0015
   2013.62611301      0.0009
   2013.62614155      0.0007
   2013.62617009      0.0006
   2013.62619863      0.0005
   2013.62622717      0.0004
   2013.62625571      0.0003
   2013.62628425      0.0003
   2013.62631279      0.0081
   2013.62634132      0.0242
   2013.62636986      0.0363
   2013.62639840      0.0453
   2013.62642694      0.0551
   2013.62645548      0.0658
   2013.62648402      0.0773
   2013.62651256      0.0898
   2013.62654110      0.1029
   2013.62656963      0.1173
   2013.62659817      0.1340
   2013.62662671      0.1536
   2013.62665525      0.1767
   2013.62668379      0.2045
   2013.62671233      0.2400
   2013.62674087      0.2885
   2013.62676941      0.3510
   2013.62679795      0.4179
   2013.62682648      0.4739
   2013.62685502      0.5100
   2013.62688356      0.5263
   2013.62691210      0.5274
   2013.62694064      0.5185
   2013.62696918      0.5035
   2013.62699772      0.4851
   2013.62702626      0.4652
   2013.62705479      0.4446
   2013.62708333      0.4240
   2013.62711187      0.4037
   2013.62714041      0.3840
   2013.62716895      0.3652
   2013.62719749      0.3473
   2013.62722603      0.3303
   2013.62725457      0.3143
   2013.62728311      0.2992
   2013.62731164      0.2851
   2013.62734018      0.2717
   2013.62736872      0.2592
   2013.62739726      0.2475
   2013.62742580      0.2363
   2013.62745434      0.2256
   2013.62748288      0.2156
   2013.62751142      0.2062
   2013.62753995      0.1973
   2013.62756849      0.1889
   2013.62759703      0.1810
   2013.62762557      0.1736
   2013.62765411      0.1666
   2013.62768265      0.1599
   2013.62771119      0.1535
   2013.62773973      0.1476
   2013.62776826      0.1420
   2013.62779680      0.1366
   2013.62782534      0.1315
   2013.62785388      0.1268
   2013.62788242      0.1222
   2013.62791096      0.1179
   2013.62793950      0.1138
   2013.62796804      0.1100
   2013.62799658      0.1062
   2013.62802511      0.1027
