   2013.62465753      0.0000
   2013.62468607      0.0000
   2013.62471461      0.0000
   2013.62474315      0.0000
   2013.62477169      0.0000
   2013.62480023      0.0000
   2013.62482877      0.0000
   2013.62485731      0.0000
   2013.62488584      0.0000
   2013.62491438      0.0000
   2013.62494292      0.0000
   2013.62497146      0.0000
   2013.62500000      0.0000
   2013.62502854      0.0000
   2013.62505708      0.0000
   2013.62508562      0.0000
   2013.62511416      0.0000
   2013.62514269      0.0000
   2013.62517123      0.0000
   2013.62519977      0.0000
   2013.62522831      0.0000
   2013.62525685      0.0000
   2013.62528539      0.0000
   2013.62531393      0.0000
   2013.62534247      0.0000
   2013.62537100      0.0000
   2013.62539954      0.0000
   2013.62542808      0.0000
   2013.62545662      0.0000
   2013.62548516      0.0000
   2013.62551370      0.0000
   2013.62554224      0.0000
   2013.62557078      0.0000
   2013.62559932      0.0002
   2013.62562785      0.0005
   2013.62565639      0.0008
   2013.62568493      0.0010
   2013.62571347      0.0011
   2013.62574201      0.0013
   2013.62577055      0.0008
   2013.62579909      0.0006
   2013.62582763      0.0005
   2013.62585616      0.0004
   2013.62588470      0.0003
   2013.62591324      0.0003
   2013.62594178      0.0078
   2013.62597032      0.0239
   2013.62599886      0.0362
   2013.62602740      0.0455
   2013.62605594      0.0552
   2013.62608447      0.0660
   2013.62611301      0.0775
   2013.62614155      0.1240
   2013.62617009      0.1496
   2013.62619863      0.1749
   2013.62622717      0.2127
   2013.62625571      0.2648
   2013.62628425      0.3352
   2013.62631279      0.4454
   2013.62634132      0.5948
   2013.62636986      0.7425
   2013.62639840      0.8667
   2013.62642694      0.9621
   2013.62645548      1.0301
   2013.62648402      1.0721
   2013.62651256      1.0877
   2013.62654110      1.1001
   2013.62656963      1.1272
   2013.62659817      1.1314
   2013.62662671      1.1412
   2013.62665525      1.1481
   2013.62668379      1.1462
   2013.62671233      1.1309
   2013.62674087      1.1008
   2013.62676941      1.0808
   2013.62679795      1.0236
   2013.62682648      0.9519
   2013.62685502      0.8791
   2013.62688356      0.8121
   2013.62691210      0.7473
   2013.62694064      0.6866
   2013.62696918      0.6307
   2013.62699772      0.5786
   2013.62702626      0.5299
   2013.62705479      0.4852
   2013.62708333      0.4448
   2013.62711187      0.4086
   2013.62714041      0.3761
   2013.62716895      0.3467
   2013.62719749      0.3199
   2013.62722603      0.2955
   2013.62725457      0.2731
   2013.62728311      0.2525
   2013.62731164      0.2334
   2013.62734018      0.2156
   2013.62736872      0.1992
   2013.62739726      0.1840
   2013.62742580      0.1701
   2013.62745434      0.1574
   2013.62748288      0.1456
   2013.62751142      0.1349
   2013.62753995      0.1249
   2013.62756849      0.1158
   2013.62759703      0.1074
   2013.62762557      0.0996
   2013.62765411      0.0925
   2013.62768265      0.0859
   2013.62771119      0.0798
   2013.62773973      0.0741
