   2013.62465753      0.0000
   2013.62468607      0.0000
   2013.62471461      0.0000
   2013.62474315      0.0000
   2013.62477169      0.0000
   2013.62480023      0.0000
   2013.62482877      0.0000
   2013.62485731      0.0000
   2013.62488584      0.0000
   2013.62491438      0.0000
   2013.62494292      0.0000
   2013.62497146      0.0000
   2013.62500000      0.0000
   2013.62502854      0.0000
   2013.62505708      0.0000
   2013.62508562      0.0000
   2013.62511416      0.0000
   2013.62514269      0.0000
   2013.62517123      0.0000
   2013.62519977      0.0000
   2013.62522831      0.0000
   2013.62525685      0.0000
   2013.62528539      0.0000
   2013.62531393      0.0000
   2013.62534247      0.0000
   2013.62537100      0.0661
   2013.62539954      0.1242
   2013.62542808      0.2528
   2013.62545662      0.6031
   2013.62548516      1.2206
   2013.62551370      2.0687
   2013.62554224      3.3318
   2013.62557078      5.6192
   2013.62559932      8.1898
   2013.62562785      9.6878
   2013.62565639     10.0341
   2013.62568493      9.9860
   2013.62571347      9.6585
   2013.62574201      9.4061
   2013.62577055      9.1668
   2013.62579909      9.0407
   2013.62582763      8.9554
   2013.62585616      8.9728
   2013.62588470      9.0078
   2013.62591324      9.2623
   2013.62594178      9.1811
   2013.62597032      9.3166
   2013.62599886      9.4159
   2013.62602740      9.7284
   2013.62605594      9.6694
   2013.62608447      9.8461
   2013.62611301      9.9476
   2013.62614155     10.3144
   2013.62617009     10.2532
   2013.62619863     10.4452
   2013.62622717     10.5402
   2013.62625571     10.6983
   2013.62628425     10.8451
   2013.62631279     11.0264
   2013.62634132     10.8676
   2013.62636986     10.8086
   2013.62639840     10.4956
   2013.62642694     10.1603
   2013.62645548      9.7679
   2013.62648402      9.0459
   2013.62651256      9.0283
   2013.62654110      8.6005
   2013.62656963      8.2744
   2013.62659817      7.4851
   2013.62662671      7.4893
   2013.62665525      7.2418
   2013.62668379      7.0769
   2013.62671233      6.7235
   2013.62674087      6.9958
   2013.62676941      7.0940
   2013.62679795      7.1959
   2013.62682648      7.0738
   2013.62685502      7.4204
   2013.62688356      7.5728
   2013.62691210      7.6023
   2013.62694064      7.3479
   2013.62696918      7.6191
   2013.62699772      7.6323
   2013.62702626      7.4569
   2013.62705479      7.2494
   2013.62708333      7.4679
   2013.62711187      7.4233
   2013.62714041      7.2306
   2013.62716895      6.9203
   2013.62719749      7.1777
   2013.62722603      7.1081
   2013.62725457      6.9286
   2013.62728311      6.6014
   2013.62731164      6.8466
   2013.62734018      6.7703
   2013.62736872      6.5947
   2013.62739726      6.2409
   2013.62742580      6.7283
   2013.62745434      6.3777
   2013.62748288      6.1959
   2013.62751142      5.8280
   2013.62753995      6.2442
   2013.62756849      5.9408
   2013.62759703      5.9708
   2013.62762557      5.8590
   2013.62765411      5.7815
   2013.62768265      5.5140
   2013.62771119      5.5208
   2013.62773973      5.1311
   2013.62776826      5.3690
   2013.62779680      5.1389
   2013.62782534      5.1045
   2013.62785388      4.8614
   2013.62788242      5.0364
   2013.62791096      4.8442
   2013.62793950      4.8256
   2013.62796804      4.6231
   2013.62799658      4.7889
   2013.62802511      4.6209
   2013.62805365      4.6075
   2013.62808219      4.4361
   2013.62811073      4.6045
   2013.62813927      4.4668
   2013.62816781      4.4782
   2013.62819635      4.3375
   2013.62822489      4.5131
   2013.62825342      4.3987
   2013.62828196      4.4264
   2013.62831050      4.4983
   2013.62833904      4.5110
   2013.62836758      4.4115
   2013.62839612      4.4777
   2013.62842466      4.5750
   2013.62845320      4.6122
   2013.62848174      4.5276
   2013.62851027      4.6219
   2013.62853881      4.4167
   2013.62856735      4.8057
   2013.62859589      4.7314
   2013.62862443      4.8904
   2013.62865297      4.6684
   2013.62868151      5.1333
   2013.62871005      5.0484
   2013.62873858      5.2820
   2013.62876712      5.0301
   2013.62879566      5.6011
   2013.62882420      5.4645
   2013.62885274      5.6025
   2013.62888128      5.4964
   2013.62890982      5.8594
   2013.62893836      5.9812
   2013.62896689      6.1379
   2013.62899543      5.9833
   2013.62902397      6.3796
   2013.62905251      6.4995
   2013.62908105      6.6277
   2013.62910959      6.4470
   2013.62913813      6.8355
   2013.62916667      6.9588
   2013.62919521      7.0518
   2013.62922374      6.9164
   2013.62925228      7.2319
   2013.62928082      7.3699
   2013.62930936      7.4283
   2013.62933790      7.2551
   2013.62936644      7.5782
   2013.62939498      7.7589
   2013.62942352      7.7358
   2013.62945205      7.5152
   2013.62948059      7.8284
   2013.62950913      8.0281
   2013.62953767      7.9088
   2013.62956621      7.6364
   2013.62959475      7.9253
   2013.62962329      8.0267
   2013.62965183      7.9210
   2013.62968037      7.5927
   2013.62970890      7.8514
   2013.62973744      7.8604
   2013.62976598      7.7789
   2013.62979452      7.4277
   2013.62982306      7.6362
   2013.62985160      7.5929
   2013.62988014      7.5202
   2013.62990868      7.1114
   2013.62993721      7.3274
   2013.62996575      7.2570
   2013.62999429      7.0672
   2013.63002283      6.7504
   2013.63005137      6.9847
   2013.63007991      6.9056
   2013.63010845      6.7257
   2013.63013699      6.3555
   2013.63016553      6.8888
   2013.63019406      6.5040
   2013.63022260      6.3158
   2013.63025114      6.0909
   2013.63027968      5.9268
   2013.63030822      5.6139
   2013.63033676      5.2101
   2013.63036530      5.1168
   2013.63039384      4.5073
   2013.63042237      4.4945
   2013.63045091      4.0141
   2013.63047945      3.4899
   2013.63050799      3.1535
   2013.63053653      2.8737
   2013.63056507      2.5738
   2013.63059361      2.4110
   2013.63062215      2.1627
   2013.63065068      1.8716
   2013.63067922      1.6896
   2013.63070776      1.5222
   2013.63073630      1.3698
   2013.63076484      1.2324
   2013.63079338      1.1165
   2013.63082192      1.0117
   2013.63085046      0.9211
   2013.63087900      0.8371
   2013.63090753      0.7591
   2013.63093607      0.6884
   2013.63096461      0.6260
   2013.63099315      0.5705
   2013.63102169      0.5210
   2013.63105023      0.4767
   2013.63107877      0.4372
   2013.63110731      0.4016
   2013.63113584      0.3695
   2013.63116438      0.3405
   2013.63119292      0.3142
   2013.63122146      0.2903
   2013.63125000      0.2686
   2013.63127854      0.2487
   2013.63130708      0.2304
   2013.63133562      0.2136
   2013.63136416      0.1981
   2013.63139269      0.1840
   2013.63142123      0.1710
   2013.63144977      0.1591
   2013.63147831      0.1482
   2013.63150685      0.1381
   2013.63153539      0.1288
   2013.63156393      0.1203
   2013.63159247      0.1124
   2013.63162100      0.1050
