   2013.62465753      0.0000
   2013.62468607      0.0000
   2013.62471461      0.0000
   2013.62474315      0.0000
   2013.62477169      0.0000
   2013.62480023      0.0000
   2013.62482877      0.0000
   2013.62485731      0.0000
   2013.62488584      0.0000
   2013.62491438      0.0000
   2013.62494292      0.0000
   2013.62497146      0.0000
   2013.62500000      0.0000
   2013.62502854      0.0000
   2013.62505708      0.0000
   2013.62508562      0.0000
   2013.62511416      0.0000
   2013.62514269      0.0000
   2013.62517123      0.0000
   2013.62519977      0.0000
   2013.62522831      0.0000
   2013.62525685      0.0000
   2013.62528539      0.0000
   2013.62531393      0.0000
   2013.62534247      0.0000
   2013.62537100      0.0000
   2013.62539954      0.0000
   2013.62542808      0.0000
   2013.62545662      0.0000
   2013.62548516      0.0000
   2013.62551370      0.0000
   2013.62554224      0.0000
   2013.62557078      0.0000
   2013.62559932      0.0094
   2013.62562785      0.0533
   2013.62565639      0.1122
   2013.62568493      0.2541
   2013.62571347      0.6195
   2013.62574201      1.3785
   2013.62577055      2.9111
   2013.62579909      5.9802
   2013.62582763      9.9605
   2013.62585616     12.2430
   2013.62588470     12.9044
   2013.62591324     12.9489
   2013.62594178     12.8249
   2013.62597032     12.7030
   2013.62599886     12.6276
   2013.62602740     12.5974
   2013.62605594     12.2540
   2013.62608447     11.9163
   2013.62611301     11.3552
   2013.62614155     10.5792
   2013.62617009      9.6387
   2013.62619863      8.7839
   2013.62622717      8.1029
   2013.62625571      7.6824
   2013.62628425      6.1828
   2013.62631279      5.8842
   2013.62634132      4.6961
   2013.62636986      4.1335
   2013.62639840      3.5937
   2013.62642694      3.1404
   2013.62645548      2.9129
   2013.62648402      2.5141
   2013.62651256      2.1167
   2013.62654110      1.8713
   2013.62656963      1.6546
   2013.62659817      1.4642
   2013.62662671      1.3235
   2013.62665525      1.1644
   2013.62668379      1.0296
   2013.62671233      0.9341
   2013.62674087      0.8393
   2013.62676941      0.7535
   2013.62679795      0.6772
   2013.62682648      0.6105
   2013.62685502      0.5516
   2013.62688356      0.4995
   2013.62691210      0.4538
   2013.62694064      0.4133
   2013.62696918      0.3773
   2013.62699772      0.3452
   2013.62702626      0.3164
   2013.62705479      0.2904
   2013.62708333      0.2671
   2013.62711187      0.2458
   2013.62714041      0.2263
   2013.62716895      0.2086
   2013.62719749      0.1925
   2013.62722603      0.1778
   2013.62725457      0.1644
   2013.62728311      0.1522
   2013.62731164      0.1410
   2013.62734018      0.1308
   2013.62736872      0.1214
   2013.62739726      0.1128
   2013.62742580      0.1049
