   2013.62465753      0.0000
   2013.62468607      0.0000
   2013.62471461      0.0000
   2013.62474315      0.0000
   2013.62477169      0.0000
   2013.62480023      0.0000
   2013.62482877      0.0000
   2013.62485731      0.0001
   2013.62488584      0.0003
   2013.62491438      0.0012
   2013.62494292      0.0018
   2013.62497146      0.0021
   2013.62500000      0.0048
   2013.62502854      0.0043
   2013.62505708      0.0212
   2013.62508562      0.0609
   2013.62511416      0.1115
   2013.62514269      0.2054
   2013.62517123      0.3584
   2013.62519977      0.6126
   2013.62522831      0.9859
   2013.62525685      1.4823
   2013.62528539      2.1137
   2013.62531393      2.8828
   2013.62534247      3.8498
   2013.62537100      4.6389
   2013.62539954      4.9708
   2013.62542808      5.0536
   2013.62545662      4.6893
   2013.62548516      4.8429
   2013.62551370      4.6273
   2013.62554224      4.2347
   2013.62557078      4.2180
   2013.62559932      3.8964
   2013.62562785      3.7109
   2013.62565639      3.5884
   2013.62568493      3.2716
   2013.62571347      3.3608
   2013.62574201      3.2885
   2013.62577055      3.2247
   2013.62579909      3.0881
   2013.62582763      3.2260
   2013.62585616      3.2576
   2013.62588470      3.2456
   2013.62591324      3.3105
   2013.62594178      3.4072
   2013.62597032      3.4260
   2013.62599886      3.4855
   2013.62602740      3.6694
   2013.62605594      3.6650
   2013.62608447      3.7120
   2013.62611301      3.7407
   2013.62614155      3.9049
   2013.62617009      3.9667
   2013.62619863      4.0234
   2013.62622717      4.0529
   2013.62625571      4.0953
   2013.62628425      4.3022
   2013.62631279      4.3644
   2013.62634132      4.4115
   2013.62636986      4.4258
   2013.62639840      4.6586
   2013.62642694      4.7121
   2013.62645548      4.7205
   2013.62648402      4.7294
   2013.62651256      4.9821
   2013.62654110      4.9847
   2013.62656963      5.0123
   2013.62659817      5.0000
   2013.62662671      5.2526
   2013.62665525      5.2248
   2013.62668379      5.2603
   2013.62671233      5.1786
   2013.62674087      5.3740
   2013.62676941      5.3693
   2013.62679795      5.3742
   2013.62682648      5.2655
   2013.62685502      5.4499
   2013.62688356      5.4315
   2013.62691210      5.4234
   2013.62694064      5.2933
   2013.62696918      5.4441
   2013.62699772      5.4175
   2013.62702626      5.3687
   2013.62705479      5.3211
   2013.62708333      5.3479
   2013.62711187      5.3189
   2013.62714041      5.2268
   2013.62716895      5.1891
   2013.62719749      5.1916
   2013.62722603      5.1547
   2013.62725457      5.0943
   2013.62728311      4.9801
   2013.62731164      4.9706
   2013.62734018      4.9269
   2013.62736872      4.8309
   2013.62739726      4.7335
   2013.62742580      4.7061
   2013.62745434      4.6616
   2013.62748288      4.5546
   2013.62751142      4.5440
   2013.62753995      4.4388
   2013.62756849      4.4198
   2013.62759703      4.2866
   2013.62762557      4.2822
   2013.62765411      4.1797
   2013.62768265      4.1418
   2013.62771119      4.0339
   2013.62773973      4.0392
   2013.62776826      3.9466
   2013.62779680      3.9068
   2013.62782534      3.8177
   2013.62785388      3.8858
   2013.62788242      3.7545
   2013.62791096      3.6799
   2013.62793950      3.6469
   2013.62796804      3.6770
   2013.62799658      3.5946
   2013.62802511      3.5628
   2013.62805365      3.5042
   2013.62808219      3.4653
   2013.62811073      3.4834
   2013.62813927      3.4590
   2013.62816781      3.4080
   2013.62819635      3.2366
   2013.62822489      3.4019
   2013.62825342      3.3958
   2013.62828196      3.3477
   2013.62831050      3.2047
   2013.62833904      3.3779
   2013.62836758      3.3909
   2013.62839612      3.3659
   2013.62842466      3.3822
   2013.62845320      3.4196
   2013.62848174      3.4493
   2013.62851027      3.4376
   2013.62853881      3.6220
   2013.62856735      3.5633
   2013.62859589      3.5729
   2013.62862443      3.5508
   2013.62865297      3.7521
   2013.62868151      3.7376
   2013.62871005      3.7994
   2013.62873858      3.7643
   2013.62876712      3.9059
   2013.62879566      3.9517
   2013.62882420      3.9909
   2013.62885274      4.0052
   2013.62888128      4.1109
   2013.62890982      4.2124
   2013.62893836      4.2654
   2013.62896689      4.2922
   2013.62899543      4.3091
   2013.62902397      4.5280
   2013.62905251      4.5839
   2013.62908105      4.5943
   2013.62910959      4.6193
   2013.62913813      4.8692
   2013.62916667      4.9111
   2013.62919521      4.9267
   2013.62922374      4.9134
   2013.62925228      5.1754
   2013.62928082      5.1591
   2013.62930936      5.2115
   2013.62933790      5.2440
   2013.62936644      5.5989
   2013.62939498      5.4441
   2013.62942352      5.4211
   2013.62945205      5.1362
   2013.62948059      5.3194
   2013.62950913      5.6829
   2013.62953767      5.8111
   2013.62956621      5.4193
   2013.62959475      5.2483
   2013.62962329      5.0405
   2013.62965183      5.1902
   2013.62968037      5.4780
   2013.62970890      5.5177
   2013.62973744      5.2777
   2013.62976598      4.9197
   2013.62979452      4.6197
   2013.62982306      4.4657
   2013.62985160      4.4920
   2013.62988014      4.5470
   2013.62990868      4.4768
   2013.62993721      4.2190
   2013.62996575      3.9610
   2013.62999429      3.7756
   2013.63002283      3.5617
   2013.63005137      3.4590
   2013.63007991      3.3389
   2013.63010845      3.1619
   2013.63013699      3.0537
   2013.63016553      2.8487
   2013.63019406      2.6628
   2013.63022260      2.5071
   2013.63025114      2.3696
   2013.63027968      2.2432
   2013.63030822      2.1140
   2013.63033676      1.9899
   2013.63036530      1.9045
   2013.63039384      1.7775
   2013.63042237      1.6638
   2013.63045091      1.5613
   2013.63047945      1.4670
   2013.63050799      1.3779
   2013.63053653      1.2936
   2013.63056507      1.2134
   2013.63059361      1.1195
   2013.63062215      1.0632
   2013.63065068      0.9962
   2013.63067922      0.9308
   2013.63070776      0.8718
   2013.63073630      0.8143
   2013.63076484      0.7584
   2013.63079338      0.7053
   2013.63082192      0.6561
   2013.63085046      0.6108
   2013.63087900      0.5684
   2013.63090753      0.5288
   2013.63093607      0.4922
   2013.63096461      0.4583
   2013.63099315      0.4268
   2013.63102169      0.3975
   2013.63105023      0.3701
   2013.63107877      0.3447
   2013.63110731      0.3210
   2013.63113584      0.2990
   2013.63116438      0.2786
   2013.63119292      0.2597
   2013.63122146      0.2421
   2013.63125000      0.2256
   2013.63127854      0.2103
   2013.63130708      0.1960
   2013.63133562      0.1828
   2013.63136416      0.1706
   2013.63139269      0.1593
   2013.63142123      0.1488
   2013.63144977      0.1391
   2013.63147831      0.1301
   2013.63150685      0.1217
   2013.63153539      0.1139
   2013.63156393      0.1067
