   2013.62465753      0.0000
   2013.62468607      0.0000
   2013.62471461      0.0000
   2013.62474315      0.0000
   2013.62477169      0.0000
   2013.62480023      0.0000
   2013.62482877      0.0000
   2013.62485731      0.0000
   2013.62488584      0.0000
   2013.62491438      0.0000
   2013.62494292      0.0000
   2013.62497146      0.0000
   2013.62500000      0.0000
   2013.62502854      0.0000
   2013.62505708      0.0000
   2013.62508562      0.0000
   2013.62511416      0.0000
   2013.62514269      0.0000
   2013.62517123      0.0000
   2013.62519977      0.0000
   2013.62522831      0.0000
   2013.62525685      0.0000
   2013.62528539      0.0000
   2013.62531393      0.0000
   2013.62534247      0.0000
   2013.62537100      0.0000
   2013.62539954      0.0000
   2013.62542808      0.0000
   2013.62545662      0.0000
   2013.62548516      0.0000
   2013.62551370      0.0000
   2013.62554224      0.0000
   2013.62557078      0.0000
   2013.62559932      0.0000
   2013.62562785      0.0000
   2013.62565639      0.0000
   2013.62568493      0.0000
   2013.62571347      0.0000
   2013.62574201      0.0000
   2013.62577055      0.0000
   2013.62579909      0.0000
   2013.62582763      0.6465
   2013.62585616      3.0385
   2013.62588470      8.0322
   2013.62591324     16.5791
   2013.62594178     31.4030
   2013.62597032     34.5905
   2013.62599886     30.3886
   2013.62602740     25.5191
   2013.62605594     23.0737
   2013.62608447     20.7118
   2013.62611301     18.6796
   2013.62614155     16.6483
   2013.62617009     16.0336
   2013.62619863     14.7992
   2013.62622717     13.6815
   2013.62625571     12.2259
   2013.62628425     11.9874
   2013.62631279     11.3732
   2013.62634132     10.2834
   2013.62636986      9.4218
   2013.62639840      9.4462
   2013.62642694      8.8878
   2013.62645548      8.6549
   2013.62648402      8.5695
   2013.62651256      8.7768
   2013.62654110      8.9764
   2013.62656963      9.2114
   2013.62659817      9.0175
   2013.62662671      9.7699
   2013.62665525      9.7709
   2013.62668379      9.8490
   2013.62671233      9.5877
   2013.62674087     10.3347
   2013.62676941     10.1851
   2013.62679795     10.1579
   2013.62682648      9.7904
   2013.62685502     10.2622
   2013.62688356     10.2661
   2013.62691210     10.1761
   2013.62694064      9.7820
   2013.62696918     10.2267
   2013.62699772     10.1766
   2013.62702626     10.0376
   2013.62705479      9.5803
   2013.62708333      9.9913
   2013.62711187      9.8887
   2013.62714041      9.6891
   2013.62716895      9.2675
   2013.62719749      9.5828
   2013.62722603      9.6081
   2013.62725457      9.2020
   2013.62728311      8.8229
   2013.62731164      9.0114
   2013.62734018      8.8750
   2013.62736872      8.6637
   2013.62739726      8.2843
   2013.62742580      8.4565
   2013.62745434      8.2358
   2013.62748288      8.2684
   2013.62751142      7.7254
   2013.62753995      7.8963
   2013.62756849      7.7920
   2013.62759703      7.5176
   2013.62762557      7.1732
   2013.62765411      7.3722
   2013.62768265      7.2599
   2013.62771119      7.0343
   2013.62773973      6.6488
   2013.62776826      6.8850
   2013.62779680      6.7799
   2013.62782534      6.5812
   2013.62785388      6.2171
   2013.62788242      6.7410
   2013.62791096      6.3559
   2013.62793950      6.1884
   2013.62796804      5.8980
   2013.62799658      6.3693
   2013.62802511      6.0570
   2013.62805365      5.9326
   2013.62808219      5.6620
   2013.62811073      6.1566
   2013.62813927      5.8927
   2013.62816781      5.7967
   2013.62819635      5.5716
   2013.62822489      6.0853
   2013.62825342      5.8409
   2013.62828196      5.8716
   2013.62831050      5.5844
   2013.62833904      6.1500
   2013.62836758      5.8948
   2013.62839612      5.8488
   2013.62842466      5.7191
   2013.62845320      6.0342
   2013.62848174      6.0886
   2013.62851027      6.1838
   2013.62853881      5.9571
   2013.62856735      6.3461
   2013.62859589      6.4515
   2013.62862443      6.5706
   2013.62865297      6.4171
   2013.62868151      6.8086
   2013.62871005      6.9636
   2013.62873858      7.0805
   2013.62876712      7.0073
   2013.62879566      7.3639
   2013.62882420      7.6377
   2013.62885274      7.6637
   2013.62888128      7.5681
   2013.62890982      7.9583
   2013.62893836      8.1723
   2013.62896689      8.2627
   2013.62899543      8.2098
   2013.62902397      8.6734
   2013.62905251      8.7900
   2013.62908105      8.8990
   2013.62910959      8.8465
   2013.62913813      9.4913
   2013.62916667      9.4695
   2013.62919521      9.5461
   2013.62922374      9.3560
   2013.62925228     10.4638
   2013.62928082     11.3828
   2013.62930936     11.2792
   2013.62933790     10.2980
   2013.62936644      9.5243
   2013.62939498      8.9351
   2013.62942352      8.9875
   2013.62945205      9.9712
   2013.62948059     10.6956
   2013.62950913     10.4711
   2013.62953767      9.4979
   2013.62956621      8.6975
   2013.62959475      7.7852
   2013.62962329      7.2102
   2013.62965183      6.9182
   2013.62968037      6.8842
   2013.62970890      6.9175
   2013.62973744      7.0009
   2013.62976598      5.8348
   2013.62979452      5.6404
   2013.62982306      4.5955
   2013.62985160      4.3351
   2013.62988014      3.8802
   2013.62990868      3.3478
   2013.62993721      3.0372
   2013.62996575      2.7697
   2013.62999429      2.7064
   2013.63002283      2.4117
   2013.63005137      2.1956
   2013.63007991      1.9961
   2013.63010845      1.7401
   2013.63013699      1.5752
   2013.63016553      1.4209
   2013.63019406      1.3297
   2013.63022260      1.1672
   2013.63025114      1.0325
   2013.63027968      0.9559
   2013.63030822      0.8699
   2013.63033676      0.7888
   2013.63036530      0.7150
   2013.63039384      0.6488
   2013.63042237      0.5902
   2013.63045091      0.5378
   2013.63047945      0.4911
   2013.63050799      0.4497
   2013.63053653      0.4127
   2013.63056507      0.3795
   2013.63059361      0.3494
   2013.63062215      0.3222
   2013.63065068      0.2974
   2013.63067922      0.2750
   2013.63070776      0.2545
   2013.63073630      0.2356
   2013.63076484      0.2182
   2013.63079338      0.2023
   2013.63082192      0.1877
   2013.63085046      0.1743
   2013.63087900      0.1621
   2013.63090753      0.1508
   2013.63093607      0.1405
   2013.63096461      0.1309
   2013.63099315      0.1222
   2013.63102169      0.1140
   2013.63105023      0.1065
