   2013.62465753      0.0000
   2013.62468607      0.0000
   2013.62471461      0.0000
   2013.62474315      0.0000
   2013.62477169      0.0000
   2013.62480023      0.0000
   2013.62482877      0.0000
   2013.62485731      0.0000
   2013.62488584      0.0000
   2013.62491438      0.0000
   2013.62494292      0.0000
   2013.62497146      0.0000
   2013.62500000      0.0000
   2013.62502854      0.0000
   2013.62505708      0.0000
   2013.62508562      0.0000
   2013.62511416      0.0000
   2013.62514269      0.0000
   2013.62517123      0.0000
   2013.62519977      0.0000
   2013.62522831      0.0000
   2013.62525685      0.0000
   2013.62528539      0.0000
   2013.62531393      0.0000
   2013.62534247      0.0000
   2013.62537100      0.0000
   2013.62539954      0.0000
   2013.62542808      0.0000
   2013.62545662      0.0000
   2013.62548516      0.0000
   2013.62551370      0.0000
   2013.62554224      0.0000
   2013.62557078      0.0000
   2013.62559932      0.0000
   2013.62562785      0.0000
   2013.62565639      0.0000
   2013.62568493      0.0000
   2013.62571347      0.0000
   2013.62574201      0.0000
   2013.62577055      0.0000
   2013.62579909      0.0000
   2013.62582763      0.0000
   2013.62585616      0.0000
   2013.62588470      0.0000
   2013.62591324      0.0000
   2013.62594178      0.0000
   2013.62597032      0.0000
   2013.62599886      0.0000
   2013.62602740      0.0000
   2013.62605594      0.0000
   2013.62608447      0.0000
   2013.62611301      0.0000
   2013.62614155      0.0000
   2013.62617009      0.0000
   2013.62619863      0.0000
   2013.62622717      0.0000
   2013.62625571      0.0000
   2013.62628425      0.0000
   2013.62631279      0.0000
   2013.62634132      0.0000
   2013.62636986      0.0000
   2013.62639840      0.0000
   2013.62642694      0.0000
   2013.62645548      0.0000
   2013.62648402      0.0000
   2013.62651256      0.0000
   2013.62654110      0.0000
   2013.62656963      0.0000
   2013.62659817      0.0000
   2013.62662671      0.0000
   2013.62665525      0.0000
   2013.62668379      0.0000
   2013.62671233      0.0000
   2013.62674087      0.0000
   2013.62676941      0.0000
   2013.62679795      0.0000
   2013.62682648      0.0000
   2013.62685502      0.0000
   2013.62688356      0.0000
   2013.62691210      0.0000
   2013.62694064      0.0000
   2013.62696918      0.0000
   2013.62699772      0.0000
   2013.62702626      0.0000
   2013.62705479      0.0000
   2013.62708333      4.1640
   2013.62711187     18.2479
   2013.62714041     44.5901
   2013.62716895     71.4215
   2013.62719749     62.6069
   2013.62722603     48.3077
   2013.62725457     34.5537
   2013.62728311     26.5225
   2013.62731164     20.9394
   2013.62734018     17.2358
   2013.62736872     14.7104
   2013.62739726     13.0181
   2013.62742580     11.9491
   2013.62745434     10.7138
   2013.62748288      9.6841
   2013.62751142      8.8894
   2013.62753995      8.1619
   2013.62756849      7.9532
   2013.62759703      6.4169
   2013.62762557      6.1500
   2013.62765411      5.0801
   2013.62768265      4.6837
   2013.62771119      3.8748
   2013.62773973      3.3790
   2013.62776826      2.9662
   2013.62779680      2.7268
   2013.62782534      2.3880
   2013.62785388      2.0254
   2013.62788242      1.7982
   2013.62791096      1.5967
   2013.62793950      1.4184
   2013.62796804      1.2814
   2013.62799658      1.1364
   2013.62802511      1.0112
   2013.62805365      0.9172
   2013.62808219      0.8253
   2013.62811073      0.7423
   2013.62813927      0.6682
   2013.62816781      0.6033
   2013.62819635      0.5457
   2013.62822489      0.4948
   2013.62825342      0.4498
   2013.62828196      0.4100
   2013.62831050      0.3745
   2013.62833904      0.3426
   2013.62836758      0.3140
   2013.62839612      0.2882
   2013.62842466      0.2649
   2013.62845320      0.2437
   2013.62848174      0.2242
   2013.62851027      0.2064
   2013.62853881      0.1902
   2013.62856735      0.1754
   2013.62859589      0.1620
   2013.62862443      0.1497
   2013.62865297      0.1385
   2013.62868151      0.1282
   2013.62871005      0.1187
   2013.62873858      0.1100
   2013.62876712      0.1021
