   2013.62465753      0.0000
   2013.62468607      0.0000
   2013.62471461      0.0000
   2013.62474315      0.0000
   2013.62477169      0.0000
   2013.62480023      0.0000
   2013.62482877      0.0000
   2013.62485731      0.0000
   2013.62488584      0.0000
   2013.62491438      0.0000
   2013.62494292      0.0000
   2013.62497146      0.0000
   2013.62500000      0.0000
   2013.62502854      0.0000
   2013.62505708      0.0000
   2013.62508562      0.0000
   2013.62511416      0.0000
   2013.62514269      0.0000
   2013.62517123      0.0000
   2013.62519977      0.0000
   2013.62522831      0.0000
   2013.62525685      0.0000
   2013.62528539      0.0000
   2013.62531393      0.0000
   2013.62534247      0.0000
   2013.62537100      0.0000
   2013.62539954      0.0000
   2013.62542808      0.0000
   2013.62545662      0.0000
   2013.62548516      0.0000
   2013.62551370      0.0000
   2013.62554224      0.0000
   2013.62557078      0.0000
   2013.62559932      0.0000
   2013.62562785      0.0000
   2013.62565639      0.0000
   2013.62568493      0.0000
   2013.62571347      0.0000
   2013.62574201      0.0000
   2013.62577055      0.0000
   2013.62579909      0.0000
   2013.62582763      0.0000
   2013.62585616      0.0000
   2013.62588470      0.0000
   2013.62591324      0.0000
   2013.62594178      0.0000
   2013.62597032      0.0000
   2013.62599886      0.0000
   2013.62602740      0.0000
   2013.62605594      0.0000
   2013.62608447      0.0000
   2013.62611301      0.0000
   2013.62614155      0.0000
   2013.62617009      0.4542
   2013.62619863      1.7276
   2013.62622717      5.3181
   2013.62625571     10.7249
   2013.62628425     23.2331
   2013.62631279     28.8840
   2013.62634132     26.4286
   2013.62636986     21.9619
   2013.62639840     18.3991
   2013.62642694     15.6139
   2013.62645548     13.7175
   2013.62648402     12.1807
   2013.62651256     11.1001
   2013.62654110     10.3072
   2013.62656963      9.8101
   2013.62659817      9.3924
   2013.62662671      9.1016
   2013.62665525      8.9289
   2013.62668379      8.8317
   2013.62671233      8.7856
   2013.62674087      8.7731
   2013.62676941      8.7808
   2013.62679795      8.7986
   2013.62682648      8.5836
   2013.62685502      8.4369
   2013.62688356      8.0138
   2013.62691210      7.6789
   2013.62694064      7.1943
   2013.62696918      6.7710
   2013.62699772      6.5751
   2013.62702626      5.4991
   2013.62705479      4.9875
   2013.62708333      4.9264
   2013.62711187      3.9575
   2013.62714041      3.5144
   2013.62716895      3.1606
   2013.62719749      3.0497
   2013.62722603      2.5640
   2013.62725457      2.2654
   2013.62728311      1.9338
   2013.62731164      1.7242
   2013.62734018      1.5363
   2013.62736872      1.3692
   2013.62739726      1.2357
   2013.62742580      1.0577
   2013.62745434      0.9882
   2013.62748288      0.8952
   2013.62751142      0.8067
   2013.62753995      0.7268
   2013.62756849      0.6557
   2013.62759703      0.5932
   2013.62762557      0.5377
   2013.62765411      0.4885
   2013.62768265      0.4451
   2013.62771119      0.4066
   2013.62773973      0.3721
   2013.62776826      0.3411
   2013.62779680      0.3133
   2013.62782534      0.2881
   2013.62785388      0.2653
   2013.62788242      0.2446
   2013.62791096      0.2255
   2013.62793950      0.2081
   2013.62796804      0.1922
   2013.62799658      0.1777
   2013.62802511      0.1645
   2013.62805365      0.1525
   2013.62808219      0.1414
   2013.62811073      0.1313
   2013.62813927      0.1219
   2013.62816781      0.1134
   2013.62819635      0.1054
