   2013.62465753      0.0000
   2013.62468607      0.0000
   2013.62471461      0.0000
   2013.62474315      0.0000
   2013.62477169      0.0000
   2013.62480023      0.0000
   2013.62482877      0.0000
   2013.62485731      0.0000
   2013.62488584      0.0000
   2013.62491438      0.0000
   2013.62494292      0.0000
   2013.62497146      0.0000
   2013.62500000      0.0000
   2013.62502854      0.0000
   2013.62505708      0.0000
   2013.62508562      0.0000
   2013.62511416      0.0000
   2013.62514269      0.0000
   2013.62517123      0.0000
   2013.62519977      0.0000
   2013.62522831      0.0000
   2013.62525685      0.0000
   2013.62528539      0.0000
   2013.62531393      0.0000
   2013.62534247      0.0000
   2013.62537100      0.0000
   2013.62539954      0.0000
   2013.62542808      0.0000
   2013.62545662      0.0000
   2013.62548516      0.0000
   2013.62551370      0.0000
   2013.62554224      0.0000
   2013.62557078      0.0000
   2013.62559932      0.0000
   2013.62562785      0.0000
   2013.62565639      0.0000
   2013.62568493      0.0000
   2013.62571347      0.0000
   2013.62574201      0.0000
   2013.62577055      0.0000
   2013.62579909      0.0000
   2013.62582763      0.0000
   2013.62585616      0.0000
   2013.62588470      0.0000
   2013.62591324      0.0000
   2013.62594178      0.0000
   2013.62597032      0.0000
   2013.62599886      0.0000
   2013.62602740      0.0000
   2013.62605594      0.0000
   2013.62608447      0.0000
   2013.62611301      0.0000
   2013.62614155      0.0000
   2013.62617009      0.0000
   2013.62619863      0.0000
   2013.62622717      0.0000
   2013.62625571      0.0000
   2013.62628425      0.0000
   2013.62631279      0.0000
   2013.62634132      0.0000
   2013.62636986      0.0000
   2013.62639840      0.0000
   2013.62642694      0.0000
   2013.62645548      0.0000
   2013.62648402      0.0000
   2013.62651256      0.0000
   2013.62654110      0.0000
   2013.62656963      0.0000
   2013.62659817      0.0000
   2013.62662671      0.0000
   2013.62665525      0.0000
   2013.62668379      0.0000
   2013.62671233      0.0000
   2013.62674087      0.0000
   2013.62676941      0.0000
   2013.62679795      0.0000
   2013.62682648      0.0000
   2013.62685502      0.0000
   2013.62688356      0.0000
   2013.62691210      0.0000
   2013.62694064      0.0000
   2013.62696918      0.0000
   2013.62699772      0.0000
   2013.62702626      0.0000
   2013.62705479      0.0000
   2013.62708333      0.0000
   2013.62711187      0.0000
   2013.62714041      0.0000
   2013.62716895      0.0000
   2013.62719749      0.0000
   2013.62722603      0.0000
   2013.62725457      0.0000
   2013.62728311      0.0000
   2013.62731164      0.0009
   2013.62734018      0.0031
   2013.62736872      0.0050
   2013.62739726      0.0069
   2013.62742580      0.0452
   2013.62745434      0.1093
   2013.62748288      0.2344
   2013.62751142      0.5518
   2013.62753995      5.0003
   2013.62756849     13.2455
   2013.62759703     15.0545
   2013.62762557     14.8563
   2013.62765411     14.5405
   2013.62768265     13.1782
   2013.62771119     11.9036
   2013.62773973     10.6223
   2013.62776826      9.2982
   2013.62779680      8.4870
   2013.62782534      7.7834
   2013.62785388      6.1265
   2013.62788242      5.3806
   2013.62791096      4.5946
   2013.62793950      4.0056
   2013.62796804      3.4372
   2013.62799658      3.2359
   2013.62802511      2.7052
   2013.62805365      2.3570
   2013.62808219      1.9836
   2013.62811073      1.7504
   2013.62813927      1.5448
   2013.62816781      1.4262
   2013.62819635      1.2206
   2013.62822489      1.0615
   2013.62825342      0.9696
   2013.62828196      0.8712
   2013.62831050      0.7807
   2013.62833904      0.7002
   2013.62836758      0.6295
   2013.62839612      0.5674
   2013.62842466      0.5125
   2013.62845320      0.4642
   2013.62848174      0.4217
   2013.62851027      0.3839
   2013.62853881      0.3503
   2013.62856735      0.3202
   2013.62859589      0.2932
   2013.62862443      0.2688
   2013.62865297      0.2468
   2013.62868151      0.2266
   2013.62871005      0.2083
   2013.62873858      0.1916
   2013.62876712      0.1764
   2013.62879566      0.1626
   2013.62882420      0.1501
   2013.62885274      0.1387
   2013.62888128      0.1282
   2013.62890982      0.1186
   2013.62893836      0.1098
   2013.62896689      0.1017
