   2013.62465753      0.0000
   2013.62468607      0.0000
   2013.62471461      0.0000
   2013.62474315      0.0000
   2013.62477169      0.0000
   2013.62480023      0.0000
   2013.62482877      0.0000
   2013.62485731      0.0000
   2013.62488584      0.0000
   2013.62491438      0.0000
   2013.62494292      0.0000
   2013.62497146      0.0000
   2013.62500000      0.0000
   2013.62502854      0.0000
   2013.62505708      0.0000
   2013.62508562      0.0000
   2013.62511416      0.0000
   2013.62514269      0.0004
   2013.62517123      0.0003
   2013.62519977      0.0002
   2013.62522831      0.0003
   2013.62525685      0.0010
   2013.62528539      0.0015
   2013.62531393      0.0019
   2013.62534247      0.0025
   2013.62537100      0.0026
   2013.62539954      0.0046
   2013.62542808      0.0360
   2013.62545662      0.0696
   2013.62548516      0.1162
   2013.62551370      0.1966
   2013.62554224      0.3133
   2013.62557078      0.4659
   2013.62559932      0.7046
   2013.62562785      1.0434
   2013.62565639      1.5308
   2013.62568493      2.1718
   2013.62571347      2.8897
   2013.62574201      3.5126
   2013.62577055      3.9000
   2013.62579909      4.2966
   2013.62582763      4.0430
   2013.62585616      3.9227
   2013.62588470      4.0610
   2013.62591324      3.7826
   2013.62594178      3.4055
   2013.62597032      3.2279
   2013.62599886      2.9440
   2013.62602740      2.7188
   2013.62605594      2.5004
   2013.62608447      2.2937
   2013.62611301      2.1065
   2013.62614155      1.9150
   2013.62617009      1.7579
   2013.62619863      1.6156
   2013.62622717      1.4861
   2013.62625571      1.3724
   2013.62628425      1.2769
   2013.62631279      1.1181
   2013.62634132      0.9923
   2013.62636986      0.9273
   2013.62639840      0.8497
   2013.62642694      0.7725
   2013.62645548      0.7013
   2013.62648402      0.6466
   2013.62651256      0.5914
   2013.62654110      0.5396
   2013.62656963      0.4938
   2013.62659817      0.4652
   2013.62662671      0.4308
   2013.62665525      0.3968
   2013.62668379      0.3653
   2013.62671233      0.3508
   2013.62674087      0.3273
   2013.62676941      0.3028
   2013.62679795      0.2797
   2013.62682648      0.2741
   2013.62685502      0.2580
   2013.62688356      0.2402
   2013.62691210      0.2232
   2013.62694064      0.2232
   2013.62696918      0.2123
   2013.62699772      0.1995
   2013.62702626      0.1874
   2013.62705479      0.1915
   2013.62708333      0.1846
   2013.62711187      0.1757
   2013.62714041      0.1674
   2013.62716895      0.1743
   2013.62719749      0.1705
   2013.62722603      0.1649
   2013.62725457      0.1597
   2013.62728311      0.1683
   2013.62731164      0.1671
   2013.62734018      0.1641
   2013.62736872      0.1615
   2013.62739726      0.1710
   2013.62742580      0.1719
   2013.62745434      0.1711
   2013.62748288      0.1704
   2013.62751142      0.1795
   2013.62753995      0.1817
   2013.62756849      0.1824
   2013.62759703      0.1831
   2013.62762557      0.1923
   2013.62765411      0.1954
   2013.62768265      0.1972
   2013.62771119      0.1990
   2013.62773973      0.2086
   2013.62776826      0.2128
   2013.62779680      0.2156
   2013.62782534      0.2182
   2013.62785388      0.2277
   2013.62788242      0.2324
   2013.62791096      0.2364
   2013.62793950      0.2413
   2013.62796804      0.2541
   2013.62799658      0.2639
   2013.62802511      0.2733
   2013.62805365      0.2821
   2013.62808219      0.2958
   2013.62811073      0.3024
   2013.62813927      0.3045
   2013.62816781      0.3034
   2013.62819635      0.3048
   2013.62822489      0.3000
   2013.62825342      0.2923
   2013.62828196      0.2830
   2013.62831050      0.2777
   2013.62833904      0.2681
   2013.62836758      0.2573
   2013.62839612      0.2460
   2013.62842466      0.2386
   2013.62845320      0.2281
   2013.62848174      0.2171
   2013.62851027      0.2061
   2013.62853881      0.1988
   2013.62856735      0.1892
   2013.62859589      0.1794
   2013.62862443      0.1699
   2013.62865297      0.1639
   2013.62868151      0.1557
   2013.62871005      0.1474
   2013.62873858      0.1393
   2013.62876712      0.1349
   2013.62879566      0.1281
   2013.62882420      0.1208
   2013.62885274      0.1139
   2013.62888128      0.1721
   2013.62890982      0.1859
   2013.62893836      0.1911
   2013.62896689      0.2049
   2013.62899543      0.2170
   2013.62902397      0.2169
   2013.62905251      0.2040
   2013.62908105      0.1842
   2013.62910959      0.1647
   2013.62913813      0.1542
   2013.62916667      0.1660
   2013.62919521      0.2046
   2013.62922374      0.2522
   2013.62925228      0.2854
   2013.62928082      0.2976
   2013.62930936      0.2966
   2013.62933790      0.2932
   2013.62936644      0.2961
   2013.62939498      0.3193
   2013.62942352      0.3469
   2013.62945205      0.3783
   2013.62948059      0.4036
   2013.62950913      0.4079
   2013.62953767      0.4249
   2013.62956621      0.4542
   2013.62959475      0.4988
   2013.62962329      0.5464
   2013.62965183      0.5900
   2013.62968037      0.6374
   2013.62970890      0.6928
   2013.62973744      0.7591
   2013.62976598      0.8343
   2013.62979452      0.9119
   2013.62982306      0.9766
   2013.62985160      1.0131
   2013.62988014      1.0185
   2013.62990868      0.9817
   2013.62993721      0.9682
   2013.62996575      0.9314
   2013.62999429      0.8893
   2013.63002283      0.8488
   2013.63005137      0.8060
   2013.63007991      0.7616
   2013.63010845      0.7167
   2013.63013699      0.6729
   2013.63016553      0.6311
   2013.63019406      0.5911
   2013.63022260      0.5530
   2013.63025114      0.5172
   2013.63027968      0.4839
   2013.63030822      0.4529
   2013.63033676      0.4240
   2013.63036530      0.3971
   2013.63039384      0.3719
   2013.63042237      0.3483
   2013.63045091      0.3261
   2013.63047945      0.3054
   2013.63050799      0.2860
   2013.63053653      0.2679
   2013.63056507      0.2510
   2013.63059361      0.2351
   2013.63062215      0.2201
   2013.63065068      0.2060
   2013.63067922      0.1928
   2013.63070776      0.1805
   2013.63073630      0.1690
   2013.63076484      0.1584
   2013.63079338      0.1484
   2013.63082192      0.1391
   2013.63085046      0.1305
   2013.63087900      0.1224
   2013.63090753      0.1148
   2013.63093607      0.1077
   2013.63096461      0.1011
