   2013.62465753      0.0000
   2013.62468607      0.0000
   2013.62471461      0.0000
   2013.62474315      0.0000
   2013.62477169      0.0000
   2013.62480023      0.0000
   2013.62482877      0.0000
   2013.62485731      0.0000
   2013.62488584      0.0000
   2013.62491438      0.0000
   2013.62494292      0.0000
   2013.62497146      0.0000
   2013.62500000      0.0000
   2013.62502854      0.0000
   2013.62505708      0.0000
   2013.62508562      0.0000
   2013.62511416      0.0000
   2013.62514269      0.0000
   2013.62517123      0.0000
   2013.62519977      0.0000
   2013.62522831      0.0000
   2013.62525685      0.0000
   2013.62528539      0.0000
   2013.62531393      0.0000
   2013.62534247      0.0000
   2013.62537100      0.0000
   2013.62539954      0.0000
   2013.62542808      0.0000
   2013.62545662      0.0000
   2013.62548516      0.0000
   2013.62551370      0.0000
   2013.62554224      0.0000
   2013.62557078      0.0000
   2013.62559932      0.0000
   2013.62562785      0.0000
   2013.62565639      0.0000
   2013.62568493      0.0000
   2013.62571347      0.0000
   2013.62574201      0.0000
   2013.62577055      0.0000
   2013.62579909      0.0000
   2013.62582763      0.0000
   2013.62585616      0.0000
   2013.62588470      0.0000
   2013.62591324      0.0000
   2013.62594178      0.0001
   2013.62597032      0.0001
   2013.62599886      0.0002
   2013.62602740      0.0003
   2013.62605594      0.0004
   2013.62608447      0.0004
   2013.62611301      0.0005
   2013.62614155      0.0005
   2013.62617009      0.0005
   2013.62619863      0.0006
   2013.62622717      0.0006
   2013.62625571      0.0006
   2013.62628425      0.0007
   2013.62631279      0.0007
   2013.62634132      0.0007
   2013.62636986      0.0007
   2013.62639840      0.0008
   2013.62642694      0.0121
   2013.62645548      0.0312
   2013.62648402      0.0451
   2013.62651256      0.0581
   2013.62654110      0.0747
   2013.62656963      0.0946
   2013.62659817      0.1210
   2013.62662671      0.1561
   2013.62665525      0.1945
   2013.62668379      0.2359
   2013.62671233      0.2993
   2013.62674087      0.3728
   2013.62676941      0.4681
   2013.62679795      0.5901
   2013.62682648      0.7332
   2013.62685502      0.8747
   2013.62688356      0.9985
   2013.62691210      1.0947
   2013.62694064      1.1663
   2013.62696918      1.2012
   2013.62699772      1.2187
   2013.62702626      1.2406
   2013.62705479      1.1161
   2013.62708333      1.2027
   2013.62711187      1.1870
   2013.62714041      1.1583
   2013.62716895      1.1470
   2013.62719749      1.1229
   2013.62722603      1.0845
   2013.62725457      1.0585
   2013.62728311      1.0178
   2013.62731164      1.0256
   2013.62734018      0.9924
   2013.62736872      0.9653
   2013.62739726      0.9513
   2013.62742580      0.9301
   2013.62745434      0.8961
   2013.62748288      0.8785
   2013.62751142      0.8659
   2013.62753995      0.8480
   2013.62756849      0.8298
   2013.62759703      0.8144
   2013.62762557      0.8104
   2013.62765411      0.8030
   2013.62768265      0.7955
   2013.62771119      0.7901
   2013.62773973      0.7929
   2013.62776826      0.7921
   2013.62779680      0.7909
   2013.62782534      0.7910
   2013.62785388      0.7960
   2013.62788242      0.7981
   2013.62791096      0.7991
   2013.62793950      0.7997
   2013.62796804      0.8031
   2013.62799658      0.8032
   2013.62802511      0.8011
   2013.62805365      0.7972
   2013.62808219      0.7937
   2013.62811073      0.7861
   2013.62813927      0.7761
   2013.62816781      0.7646
   2013.62819635      0.7545
   2013.62822489      0.7412
   2013.62825342      0.7260
   2013.62828196      0.7101
   2013.62831050      0.6953
   2013.62833904      0.6779
   2013.62836758      0.6596
   2013.62839612      0.6415
   2013.62842466      0.6244
   2013.62845320      0.6063
   2013.62848174      0.5881
   2013.62851027      0.5702
   2013.62853881      0.5540
   2013.62856735      0.5368
   2013.62859589      0.5196
   2013.62862443      0.5029
   2013.62865297      0.4877
   2013.62868151      0.4720
   2013.62871005      0.4565
   2013.62873858      0.4414
   2013.62876712      0.4273
   2013.62879566      0.4132
   2013.62882420      0.3992
   2013.62885274      0.3858
   2013.62888128      0.3734
   2013.62890982      0.3610
   2013.62893836      0.3489
   2013.62896689      0.3373
   2013.62899543      0.3267
   2013.62902397      0.3160
   2013.62905251      0.3057
   2013.62908105      0.2958
   2013.62910959      0.2873
   2013.62913813      0.2784
   2013.62916667      0.2697
   2013.62919521      0.2614
   2013.62922374      0.2548
   2013.62925228      0.2475
   2013.62928082      0.2403
   2013.62930936      0.2333
   2013.62933790      0.2288
   2013.62936644      0.2228
   2013.62939498      0.2168
   2013.62942352      0.2110
   2013.62945205      0.2089
   2013.62948059      0.2045
   2013.62950913      0.1998
   2013.62953767      0.1954
   2013.62956621      0.1958
   2013.62959475      0.1931
   2013.62962329      0.1900
   2013.62965183      0.1871
   2013.62968037      0.1903
   2013.62970890      0.1896
   2013.62973744      0.1883
   2013.62976598      0.1874
   2013.62979452      0.1943
   2013.62982306      0.1962
   2013.62985160      0.1976
   2013.62988014      0.1995
   2013.62990868      0.2099
   2013.62993721      0.2152
   2013.62996575      0.2198
   2013.62999429      0.2251
   2013.63002283      0.2401
   2013.63005137      0.2500
   2013.63007991      0.2593
   2013.63010845      0.2697
   2013.63013699      0.2902
   2013.63016553      0.3063
   2013.63019406      0.3226
   2013.63022260      0.3411
   2013.63025114      0.3621
   2013.63027968      0.3848
   2013.63030822      0.4094
   2013.63033676      0.4366
   2013.63036530      0.4660
   2013.63039384      0.4967
   2013.63042237      0.5278
   2013.63045091      0.5585
   2013.63047945      0.5879
   2013.63050799      0.6141
   2013.63053653      0.6355
   2013.63056507      0.6505
   2013.63059361      0.6595
   2013.63062215      0.6627
   2013.63065068      0.6607
   2013.63067922      0.6542
   2013.63070776      0.6441
   2013.63073630      0.6309
   2013.63076484      0.6153
   2013.63079338      0.5977
   2013.63082192      0.5789
   2013.63085046      0.5591
   2013.63087900      0.5387
   2013.63090753      0.5182
   2013.63093607      0.4977
   2013.63096461      0.4774
   2013.63099315      0.4576
   2013.63102169      0.4381
   2013.63105023      0.4191
   2013.63107877      0.4006
   2013.63110731      0.3828
   2013.63113584      0.3656
   2013.63116438      0.3492
   2013.63119292      0.3336
   2013.63122146      0.3187
   2013.63125000      0.3045
   2013.63127854      0.2911
   2013.63130708      0.2784
   2013.63133562      0.2663
   2013.63136416      0.2549
   2013.63139269      0.2441
   2013.63142123      0.2337
   2013.63144977      0.2238
   2013.63147831      0.2143
   2013.63150685      0.2054
   2013.63153539      0.1969
   2013.63156393      0.1889
   2013.63159247      0.1813
   2013.63162100      0.1741
   2013.63164954      0.1672
   2013.63167808      0.1607
   2013.63170662      0.1546
   2013.63173516      0.1487
   2013.63176370      0.1431
   2013.63179224      0.1378
   2013.63182078      0.1327
   2013.63184932      0.1279
   2013.63187785      0.1234
   2013.63190639      0.1190
   2013.63193493      0.1149
   2013.63196347      0.1109
   2013.63199201      0.1072
   2013.63202055      0.1036
   2013.63204909      0.1001
   2013.63207763      0.0969
   2013.63210616      0.0938
   2013.63213470      0.0908
   2013.63216324      0.0879
   2013.63219178      0.0852
   2013.63222032      0.0826
   2013.63224886      0.0801
   2013.63227740      0.0777
   2013.63230594      0.0754
   2013.63233447      0.0731
   2013.63236301      0.0710
   2013.63239155      0.0689
   2013.63242009      0.0669
   2013.63244863      0.0650
   2013.63247717      0.0632
   2013.63250571      0.0614
   2013.63253425      0.0597
   2013.63256279      0.0581
   2013.63259132      0.0565
   2013.63261986      0.0550
   2013.63264840      0.0535
   2013.63267694      0.0521
   2013.63270548      0.0508
   2013.63273402      0.0494
   2013.63276256      0.0482
   2013.63279110      0.0470
   2013.63281963      0.0458
   2013.63284817      0.0446
   2013.63287671      0.0436
   2013.63290525      0.0425
   2013.63293379      0.0415
   2013.63296233      0.0405
   2013.63299087      0.0395
   2013.63301941      0.0386
   2013.63304795      0.0377
   2013.63307648      0.0368
   2013.63310502      0.0360
   2013.63313356      0.0352
   2013.63316210      0.0344
   2013.63319064      0.0337
   2013.63321918      0.0329
   2013.63324772      0.0322
   2013.63327626      0.0316
   2013.63330479      0.0309
   2013.63333333      0.0302
   2013.63336187      0.0296
   2013.63339041      0.0290
   2013.63341895      0.0283
   2013.63344749      0.0278
   2013.63347603      0.0272
   2013.63350457      0.0266
   2013.63353311      0.0261
   2013.63356164      0.0255
   2013.63359018      0.0250
   2013.63361872      0.0245
   2013.63364726      0.0240
   2013.63367580      0.0235
   2013.63370434      0.0231
   2013.63373288      0.0226
