   2013.62465753      0.0000
   2013.62468607      0.0000
   2013.62471461      0.0000
   2013.62474315      0.0000
   2013.62477169      0.0000
   2013.62480023      0.0000
   2013.62482877      0.0000
   2013.62485731      0.0000
   2013.62488584      0.0000
   2013.62491438      0.0000
   2013.62494292      0.0000
   2013.62497146      0.0000
   2013.62500000      0.0000
   2013.62502854      0.0000
   2013.62505708      0.0000
   2013.62508562      0.0000
   2013.62511416      0.0000
   2013.62514269      0.0000
   2013.62517123      0.0000
   2013.62519977      0.0000
   2013.62522831      0.0000
   2013.62525685      0.0000
   2013.62528539      0.0000
   2013.62531393      0.0000
   2013.62534247      0.0000
   2013.62537100      0.0000
   2013.62539954      0.0000
   2013.62542808      0.0000
   2013.62545662      0.0000
   2013.62548516      0.0000
   2013.62551370      0.0000
   2013.62554224      0.0000
   2013.62557078      0.0000
   2013.62559932      0.0000
   2013.62562785      0.0000
   2013.62565639      0.0000
   2013.62568493      0.0000
   2013.62571347      0.0000
   2013.62574201      0.0000
   2013.62577055      0.0000
   2013.62579909      0.0000
   2013.62582763      0.0000
   2013.62585616      0.0000
   2013.62588470      0.0000
   2013.62591324      0.0000
   2013.62594178      0.2405
   2013.62597032      0.6101
   2013.62599886      2.0377
   2013.62602740      4.3308
   2013.62605594      7.8387
   2013.62608447     14.9883
   2013.62611301     20.2684
   2013.62614155     21.0969
   2013.62617009     19.7244
   2013.62619863     18.2491
   2013.62622717     17.0895
   2013.62625571     16.4304
   2013.62628425     15.9929
   2013.62631279     15.9147
   2013.62634132     15.8894
   2013.62636986     16.1522
   2013.62639840     16.1578
   2013.62642694     16.5298
   2013.62645548     16.6720
   2013.62648402     16.4508
   2013.62651256     16.0425
   2013.62654110     15.2704
   2013.62656963     14.4560
   2013.62659817     13.0694
   2013.62662671     12.8216
   2013.62665525     12.2135
   2013.62668379     10.9722
   2013.62671233      9.8292
   2013.62674087      9.6077
   2013.62676941      8.9699
   2013.62679795      8.5323
   2013.62682648      7.9888
   2013.62685502      8.0587
   2013.62688356      7.9276
   2013.62691210      7.9614
   2013.62694064      7.6387
   2013.62696918      7.9194
   2013.62699772      7.9828
   2013.62702626      7.8837
   2013.62705479      7.5188
   2013.62708333      7.7135
   2013.62711187      7.6390
   2013.62714041      7.4038
   2013.62716895      6.9930
   2013.62719749      7.2186
   2013.62722603      7.0796
   2013.62725457      6.8347
   2013.62728311      6.3869
   2013.62731164      6.8154
   2013.62734018      6.4159
   2013.62736872      6.4265
   2013.62739726      5.8529
   2013.62742580      5.8787
   2013.62745434      5.7318
   2013.62748288      5.6389
   2013.62751142      5.2535
   2013.62753995      5.2380
   2013.62756849      5.2147
   2013.62759703      4.9629
   2013.62762557      4.6613
   2013.62765411      4.6337
   2013.62768265      4.5467
   2013.62771119      4.3716
   2013.62773973      4.0794
   2013.62776826      4.0931
   2013.62779680      3.9272
   2013.62782534      3.7720
   2013.62785388      3.5126
   2013.62788242      3.6103
   2013.62791096      3.5030
   2013.62793950      3.5447
   2013.62796804      3.1858
   2013.62799658      3.2245
   2013.62802511      3.1614
   2013.62805365      3.0214
   2013.62808219      3.0056
   2013.62811073      2.9046
   2013.62813927      2.8661
   2013.62816781      2.7656
   2013.62819635      2.7777
   2013.62822489      2.6942
   2013.62825342      2.6911
   2013.62828196      2.6188
   2013.62831050      2.6670
   2013.62833904      2.6775
   2013.62836758      2.6521
   2013.62839612      2.6013
   2013.62842466      2.6916
   2013.62845320      2.7363
   2013.62848174      2.7010
   2013.62851027      2.7342
   2013.62853881      2.8764
   2013.62856735      2.9646
   2013.62859589      2.9689
   2013.62862443      3.0327
   2013.62865297      3.2585
   2013.62868151      3.3811
   2013.62871005      3.4166
   2013.62873858      3.5869
   2013.62876712      3.6190
   2013.62879566      4.0141
   2013.62882420      4.0628
   2013.62885274      4.3038
   2013.62888128      4.3006
   2013.62890982      4.8468
   2013.62893836      4.8574
   2013.62896689      5.0812
   2013.62899543      5.0874
   2013.62902397      5.5348
   2013.62905251      5.7429
   2013.62908105      5.9832
   2013.62910959      5.9665
   2013.62913813      6.4437
   2013.62916667      6.6943
   2013.62919521      6.8878
   2013.62922374      6.8837
   2013.62925228      7.2756
   2013.62928082      7.5985
   2013.62930936      7.6398
   2013.62933790      7.5519
   2013.62936644      7.9296
   2013.62939498      8.0275
   2013.62942352      8.0773
   2013.62945205      7.9838
   2013.62948059      8.3721
   2013.62950913      8.4290
   2013.62953767      8.4095
   2013.62956621      8.2238
   2013.62959475      8.5149
   2013.62962329      8.5146
   2013.62965183      8.4218
   2013.62968037      8.1283
   2013.62970890      8.3799
   2013.62973744      8.2246
   2013.62976598      8.1040
   2013.62979452      7.7972
   2013.62982306      8.0379
   2013.62985160      7.9427
   2013.62988014      7.7942
   2013.62990868      7.3359
   2013.62993721      7.4595
   2013.62996575      7.3100
   2013.62999429      7.0531
   2013.63002283      6.6206
   2013.63005137      7.1156
   2013.63007991      6.7966
   2013.63010845      6.4121
   2013.63013699      5.8941
   2013.63016553      5.8720
   2013.63019406      5.7869
   2013.63022260      6.0092
   2013.63025114      5.6348
   2013.63027968      5.2676
   2013.63030822      5.1790
   2013.63033676      4.5376
   2013.63036530      4.2146
   2013.63039384      4.1529
   2013.63042237      3.8413
   2013.63045091      3.3682
   2013.63047945      3.0646
   2013.63050799      2.8101
   2013.63053653      2.5643
   2013.63056507      2.4139
   2013.63059361      2.1712
   2013.63062215      1.8883
   2013.63065068      1.7172
   2013.63067922      1.5558
   2013.63070776      1.4064
   2013.63073630      1.2622
   2013.63076484      1.1515
   2013.63079338      1.0463
   2013.63082192      0.9529
   2013.63085046      0.8685
   2013.63087900      0.7892
   2013.63090753      0.7162
   2013.63093607      0.6510
   2013.63096461      0.5933
   2013.63099315      0.5415
   2013.63102169      0.4952
   2013.63105023      0.4538
   2013.63107877      0.4167
   2013.63110731      0.3832
   2013.63113584      0.3528
   2013.63116438      0.3253
   2013.63119292      0.3003
   2013.63122146      0.2776
   2013.63125000      0.2569
   2013.63127854      0.2379
   2013.63130708      0.2203
   2013.63133562      0.2042
   2013.63136416      0.1894
   2013.63139269      0.1759
   2013.63142123      0.1635
   2013.63144977      0.1521
   2013.63147831      0.1416
   2013.63150685      0.1320
   2013.63153539      0.1231
   2013.63156393      0.1148
   2013.63159247      0.1072
   2013.63162100      0.1002
