   2013.62465753      0.0000
   2013.62468607      0.0000
   2013.62471461      0.0000
   2013.62474315      0.0000
   2013.62477169      0.0000
   2013.62480023      0.0000
   2013.62482877      0.0000
   2013.62485731      0.0000
   2013.62488584      0.0000
   2013.62491438      0.0000
   2013.62494292      0.0000
   2013.62497146      0.0000
   2013.62500000      0.0000
   2013.62502854      0.0000
   2013.62505708      0.0000
   2013.62508562      0.0000
   2013.62511416      0.0000
   2013.62514269      0.0000
   2013.62517123      0.0000
   2013.62519977      0.0000
   2013.62522831      0.0000
   2013.62525685      0.0000
   2013.62528539      0.0000
   2013.62531393      0.0000
   2013.62534247      0.0000
   2013.62537100      0.2747
   2013.62539954      0.7577
   2013.62542808      2.6078
   2013.62545662      5.4373
   2013.62548516     10.3306
   2013.62551370     19.6203
   2013.62554224     24.1745
   2013.62557078     22.6988
   2013.62559932     22.0129
   2013.62562785     20.3592
   2013.62565639     19.4913
   2013.62568493     18.2303
   2013.62571347     18.6081
   2013.62574201     18.4621
   2013.62577055     18.3998
   2013.62579909     17.8909
   2013.62582763     18.4966
   2013.62585616     18.7464
   2013.62588470     18.7887
   2013.62591324     18.3809
   2013.62594178     19.0086
   2013.62597032     19.3365
   2013.62599886     19.3561
   2013.62602740     19.4940
   2013.62605594     21.2009
   2013.62608447     21.8350
   2013.62611301     21.2660
   2013.62614155     20.3987
   2013.62617009     21.2576
   2013.62619863     20.3700
   2013.62622717     18.6630
   2013.62625571     17.0769
   2013.62628425     15.9579
   2013.62631279     14.7860
   2013.62634132     13.5994
   2013.62636986     12.8018
   2013.62639840     12.8511
   2013.62642694     12.8159
   2013.62645548     12.3858
   2013.62648402     12.3417
   2013.62651256     12.7426
   2013.62654110     12.7303
   2013.62656963     12.4740
   2013.62659817     12.5390
   2013.62662671     12.9695
   2013.62665525     12.9817
   2013.62668379     12.7176
   2013.62671233     12.7688
   2013.62674087     13.1750
   2013.62676941     13.1500
   2013.62679795     12.8428
   2013.62682648     12.8516
   2013.62685502     13.2163
   2013.62688356     13.1444
   2013.62691210     12.8083
   2013.62694064     12.7619
   2013.62696918     13.0974
   2013.62699772     12.9753
   2013.62702626     12.4915
   2013.62705479     12.5015
   2013.62708333     12.5332
   2013.62711187     12.4654
   2013.62714041     12.1338
   2013.62716895     11.7461
   2013.62719749     12.1101
   2013.62722603     11.9830
   2013.62725457     11.6413
   2013.62728311     11.1435
   2013.62731164     11.5661
   2013.62734018     11.4176
   2013.62736872     11.2725
   2013.62739726     10.5826
   2013.62742580     10.9924
   2013.62745434     10.8406
   2013.62748288     10.6135
   2013.62751142     10.0453
   2013.62753995     10.4312
   2013.62756849     10.2805
   2013.62759703     10.0403
   2013.62762557      9.5392
   2013.62765411      9.9053
   2013.62768265      9.7763
   2013.62771119      9.5584
   2013.62773973      9.1617
   2013.62776826      9.4626
   2013.62779680      9.6298
   2013.62782534      9.1856
   2013.62785388      8.9095
   2013.62788242      9.1367
   2013.62791096      9.2458
   2013.62793950      8.9210
   2013.62796804      8.6371
   2013.62799658      8.8989
   2013.62802511      9.0426
   2013.62805365      8.6835
   2013.62808219      8.4617
   2013.62811073      8.7602
   2013.62813927      8.7336
   2013.62816781      8.6658
   2013.62819635      8.3967
   2013.62822489      8.7219
   2013.62825342      8.7361
   2013.62828196      8.6076
   2013.62831050      8.4666
   2013.62833904      8.8136
   2013.62836758      9.0409
   2013.62839612      8.7867
   2013.62842466      8.6308
   2013.62845320      9.1396
   2013.62848174      9.0185
   2013.62851027      8.9831
   2013.62853881      8.8658
   2013.62856735      9.4229
   2013.62859589      9.3252
   2013.62862443      9.5024
   2013.62865297      9.1372
   2013.62868151      9.8128
   2013.62871005      9.8647
   2013.62873858      9.7877
   2013.62876712      9.5665
   2013.62879566     10.3463
   2013.62882420     10.4202
   2013.62885274     10.3538
   2013.62888128     10.1699
   2013.62890982     10.9639
   2013.62893836     11.0545
   2013.62896689     10.9667
   2013.62899543     10.7958
   2013.62902397     11.6147
   2013.62905251     11.7229
   2013.62908105     11.6033
   2013.62910959     11.7469
   2013.62913813     12.2615
   2013.62916667     12.3568
   2013.62919521     12.1899
   2013.62922374     12.3290
   2013.62925228     12.8090
   2013.62928082     12.8649
   2013.62930936     12.6417
   2013.62933790     12.7548
   2013.62936644     13.1816
   2013.62939498     13.2013
   2013.62942352     12.9257
   2013.62945205     13.0011
   2013.62948059     13.3897
   2013.62950913     13.3625
   2013.62953767     13.0426
   2013.62956621     13.0725
   2013.62959475     13.1246
   2013.62962329     13.3372
   2013.62965183     12.9886
   2013.62968037     13.2109
   2013.62970890     14.1786
   2013.62973744     13.3901
   2013.62976598     12.8092
   2013.62979452     12.1573
   2013.62982306     11.4462
   2013.62985160     13.2740
   2013.62988014     14.0631
   2013.62990868     13.0137
   2013.62993721     11.8904
   2013.62996575     10.7256
   2013.62999429      9.8764
   2013.63002283     10.0343
   2013.63005137     10.7155
   2013.63007991     10.5303
   2013.63010845      9.8820
   2013.63013699      8.9744
   2013.63016553      8.0570
   2013.63019406      7.4944
   2013.63022260      7.1887
   2013.63025114      7.0638
   2013.63027968      6.8453
   2013.63030822      6.7960
   2013.63033676      6.1106
   2013.63036530      5.4556
   2013.63039384      4.9323
   2013.63042237      4.2516
   2013.63045091      3.9058
   2013.63047945      3.9122
   2013.63050799      3.4682
   2013.63053653      3.1818
   2013.63056507      2.9250
   2013.63059361      2.8058
   2013.63062215      2.4404
   2013.63065068      2.1824
   2013.63067922      1.8706
   2013.63070776      1.6895
   2013.63073630      1.5144
   2013.63076484      1.3574
   2013.63079338      1.2178
   2013.63082192      1.0992
   2013.63085046      0.9940
   2013.63087900      0.9021
   2013.63090753      0.8173
   2013.63093607      0.7393
   2013.63096461      0.6694
   2013.63099315      0.6081
   2013.63102169      0.5535
   2013.63105023      0.5047
   2013.63107877      0.4614
   2013.63110731      0.4226
   2013.63113584      0.3878
   2013.63116438      0.3565
   2013.63119292      0.3281
   2013.63122146      0.3025
   2013.63125000      0.2793
   2013.63127854      0.2581
   2013.63130708      0.2387
   2013.63133562      0.2209
   2013.63136416      0.2045
   2013.63139269      0.1896
   2013.63142123      0.1759
   2013.63144977      0.1634
   2013.63147831      0.1519
   2013.63150685      0.1414
   2013.63153539      0.1317
   2013.63156393      0.1227
   2013.63159247      0.1144
   2013.63162100      0.1068
