   2013.62465753      0.0000
   2013.62468607      0.0000
   2013.62471461      0.0000
   2013.62474315      0.0000
   2013.62477169      0.0000
   2013.62480023      0.0000
   2013.62482877      0.0000
   2013.62485731      0.0000
   2013.62488584      0.0000
   2013.62491438      0.0000
   2013.62494292      0.0000
   2013.62497146      0.0000
   2013.62500000      0.0000
   2013.62502854      0.0000
   2013.62505708      0.0000
   2013.62508562      0.0000
   2013.62511416      0.0000
   2013.62514269      0.0000
   2013.62517123      0.0000
   2013.62519977      0.0000
   2013.62522831      0.0000
   2013.62525685      0.0000
   2013.62528539      0.0000
   2013.62531393      0.0000
   2013.62534247      0.0000
   2013.62537100      0.0000
   2013.62539954      0.0000
   2013.62542808      0.0000
   2013.62545662      0.0000
   2013.62548516      0.0000
   2013.62551370      0.0000
   2013.62554224      0.0000
   2013.62557078      0.0000
   2013.62559932      0.0000
   2013.62562785      0.0000
   2013.62565639      0.0000
   2013.62568493      0.0000
   2013.62571347      0.0000
   2013.62574201      0.0000
   2013.62577055      0.0000
   2013.62579909      0.0000
   2013.62582763      0.0000
   2013.62585616      0.0000
   2013.62588470      0.0000
   2013.62591324      0.0000
   2013.62594178      0.0000
   2013.62597032      0.0000
   2013.62599886      0.0000
   2013.62602740      0.0000
   2013.62605594      0.0000
   2013.62608447      0.0000
   2013.62611301      0.0000
   2013.62614155      0.0000
   2013.62617009      0.0000
   2013.62619863      0.0000
   2013.62622717      0.0000
   2013.62625571      0.0000
   2013.62628425      0.1380
   2013.62631279      0.2621
   2013.62634132      0.7358
   2013.62636986      1.9780
   2013.62639840      3.9605
   2013.62642694      8.1114
   2013.62645548     14.0819
   2013.62648402     16.0020
   2013.62651256     15.2175
   2013.62654110     13.7094
   2013.62656963     12.3691
   2013.62659817     11.1621
   2013.62662671     10.2419
   2013.62665525      9.6496
   2013.62668379      9.0726
   2013.62671233      8.6802
   2013.62674087      8.4237
   2013.62676941      8.2586
   2013.62679795      8.0780
   2013.62682648      7.6959
   2013.62685502      7.4239
   2013.62688356      6.9919
   2013.62691210      6.5649
   2013.62694064      6.6302
   2013.62696918      5.5324
   2013.62699772      5.4748
   2013.62702626      4.5962
   2013.62705479      4.4510
   2013.62708333      3.7620
   2013.62711187      3.3373
   2013.62714041      3.0040
   2013.62716895      2.7934
   2013.62719749      2.4396
   2013.62722603      2.0593
   2013.62725457      1.8560
   2013.62728311      1.6560
   2013.62731164      1.4770
   2013.62734018      1.3674
   2013.62736872      1.1884
   2013.62739726      1.0440
   2013.62742580      0.9586
   2013.62745434      0.8662
   2013.62748288      0.7805
   2013.62751142      0.7033
   2013.62753995      0.6351
   2013.62756849      0.5748
   2013.62759703      0.5213
   2013.62762557      0.4740
   2013.62765411      0.4321
   2013.62768265      0.3948
   2013.62771119      0.3615
   2013.62773973      0.3315
   2013.62776826      0.3045
   2013.62779680      0.2801
   2013.62782534      0.2580
   2013.62785388      0.2378
   2013.62788242      0.2192
   2013.62791096      0.2023
   2013.62793950      0.1869
   2013.62796804      0.1728
   2013.62799658      0.1600
   2013.62802511      0.1482
   2013.62805365      0.1375
   2013.62808219      0.1276
   2013.62811073      0.1186
   2013.62813927      0.1102
   2013.62816781      0.1025
