   2013.62465753      0.0000
   2013.62468607      0.0000
   2013.62471461      0.0000
   2013.62474315      0.0000
   2013.62477169      0.0000
   2013.62480023      0.0000
   2013.62482877      0.0000
   2013.62485731      0.0000
   2013.62488584      0.0000
   2013.62491438      0.0000
   2013.62494292      0.0000
   2013.62497146      0.0000
   2013.62500000      0.0000
   2013.62502854      0.0000
   2013.62505708      0.0000
   2013.62508562      0.0000
   2013.62511416      0.0000
   2013.62514269      0.0000
   2013.62517123      0.0000
   2013.62519977      0.0000
   2013.62522831      0.0000
   2013.62525685      0.0000
   2013.62528539      0.0000
   2013.62531393      0.0000
   2013.62534247      0.0000
   2013.62537100      0.0000
   2013.62539954      0.0000
   2013.62542808      0.0000
   2013.62545662      0.0000
   2013.62548516      0.0000
   2013.62551370      0.0000
   2013.62554224      0.0000
   2013.62557078      0.0000
   2013.62559932      0.0000
   2013.62562785      0.0000
   2013.62565639      0.0000
   2013.62568493      0.0000
   2013.62571347      0.0000
   2013.62574201      0.0000
   2013.62577055      0.0000
   2013.62579909      0.0000
   2013.62582763      0.0000
   2013.62585616      0.0000
   2013.62588470      0.0000
   2013.62591324      0.0000
   2013.62594178      0.0000
   2013.62597032      0.0000
   2013.62599886      0.0000
   2013.62602740      0.0000
   2013.62605594      0.0000
   2013.62608447      0.0000
   2013.62611301      0.0000
   2013.62614155      0.0000
   2013.62617009      0.0000
   2013.62619863      0.0000
   2013.62622717      0.0000
   2013.62625571      0.0000
   2013.62628425      0.0000
   2013.62631279      0.0000
   2013.62634132      0.0000
   2013.62636986      0.0000
   2013.62639840      0.0000
   2013.62642694      0.0000
   2013.62645548      0.0000
   2013.62648402      0.0000
   2013.62651256      0.0000
   2013.62654110      0.0000
   2013.62656963      0.0000
   2013.62659817      0.0000
   2013.62662671      0.0000
   2013.62665525      0.0000
   2013.62668379      0.0000
   2013.62671233      0.0000
   2013.62674087      0.0000
   2013.62676941      0.0000
   2013.62679795      0.0000
   2013.62682648      0.0000
   2013.62685502      0.3955
   2013.62688356      1.3444
   2013.62691210      4.3658
   2013.62694064      8.7280
   2013.62696918     19.7179
   2013.62699772     26.5416
   2013.62702626     24.4706
   2013.62705479     20.3993
   2013.62708333     16.8855
   2013.62711187     14.1426
   2013.62714041     12.1979
   2013.62716895     10.6111
   2013.62719749      9.6023
   2013.62722603      8.5587
   2013.62725457      7.8485
   2013.62728311      7.2646
   2013.62731164      6.8366
   2013.62734018      6.5147
   2013.62736872      6.2965
   2013.62739726      6.1583
   2013.62742580      6.0764
   2013.62745434      6.0345
   2013.62748288      6.0204
   2013.62751142      6.0245
   2013.62753995      6.0396
   2013.62756849      6.0599
   2013.62759703      5.9987
   2013.62762557      5.8200
   2013.62765411      5.7774
   2013.62768265      5.5230
   2013.62771119      5.1711
   2013.62773973      5.1139
   2013.62776826      4.5086
   2013.62779680      4.6063
   2013.62782534      4.0390
   2013.62785388      3.5187
   2013.62788242      3.1768
   2013.62791096      2.8948
   2013.62793950      2.7997
   2013.62796804      2.4145
   2013.62799658      2.1634
   2013.62802511      1.8643
   2013.62805365      1.6831
   2013.62808219      1.5118
   2013.62811073      1.3569
   2013.62813927      1.2176
   2013.62816781      1.0996
   2013.62819635      0.9945
   2013.62822489      0.9019
   2013.62825342      0.8165
   2013.62828196      0.7376
   2013.62831050      0.6668
   2013.62833904      0.6045
   2013.62836758      0.5489
   2013.62839612      0.4994
   2013.62842466      0.4553
   2013.62845320      0.4159
   2013.62848174      0.3805
   2013.62851027      0.3487
   2013.62853881      0.3200
   2013.62856735      0.2940
   2013.62859589      0.2705
   2013.62862443      0.2491
   2013.62865297      0.2295
   2013.62868151      0.2115
   2013.62871005      0.1951
   2013.62873858      0.1801
   2013.62876712      0.1664
   2013.62879566      0.1539
   2013.62882420      0.1425
   2013.62885274      0.1320
   2013.62888128      0.1224
   2013.62890982      0.1136
   2013.62893836      0.1054
