   2013.62465753      0.0000
   2013.62468607      0.0000
   2013.62471461      0.0000
   2013.62474315      0.0000
   2013.62477169      0.0000
   2013.62480023      0.0000
   2013.62482877      0.0006
   2013.62485731      0.0013
   2013.62488584      0.0020
   2013.62491438      0.0028
   2013.62494292      0.0035
   2013.62497146      0.0042
   2013.62500000      0.0342
   2013.62502854      0.0797
   2013.62505708      0.1432
   2013.62508562      0.2665
   2013.62511416      0.4819
   2013.62514269      0.8445
   2013.62517123      1.3952
   2013.62519977      2.1746
   2013.62522831      3.2942
   2013.62525685      4.8073
   2013.62528539      6.3355
   2013.62531393      7.3409
   2013.62534247      7.9311
   2013.62537100      8.2638
   2013.62539954      8.4623
   2013.62542808      8.5690
   2013.62545662      8.6416
   2013.62548516      8.6901
   2013.62551370      8.7287
   2013.62554224      8.6253
   2013.62557078      8.3771
   2013.62559932      8.0771
   2013.62562785      7.6834
   2013.62565639      7.1964
   2013.62568493      6.7794
   2013.62571347      6.3603
   2013.62574201      5.6925
   2013.62577055      5.0169
   2013.62579909      4.7274
   2013.62582763      4.3414
   2013.62585616      3.8187
   2013.62588470      3.5187
   2013.62591324      3.3062
   2013.62594178      3.0168
   2013.62597032      2.7370
   2013.62599886      2.5165
   2013.62602740      2.4159
   2013.62605594      2.2436
   2013.62608447      2.0997
   2013.62611301      1.9560
   2013.62614155      1.9763
   2013.62617009      1.9083
   2013.62619863      1.8636
   2013.62622717      1.8133
   2013.62625571      1.9061
   2013.62628425      1.9327
   2013.62631279      1.9781
   2013.62634132      2.0242
   2013.62636986      2.2167
   2013.62639840      2.3792
   2013.62642694      2.5177
   2013.62645548      2.6551
   2013.62648402      2.9412
   2013.62651256      3.1360
   2013.62654110      3.2979
   2013.62656963      3.4363
   2013.62659817      3.6569
   2013.62662671      3.8267
   2013.62665525      3.9391
   2013.62668379      4.0169
   2013.62671233      4.1575
   2013.62674087      4.2898
   2013.62676941      4.3357
   2013.62679795      4.3823
   2013.62682648      4.4538
   2013.62685502      4.4937
   2013.62688356      4.5367
   2013.62691210      4.5204
   2013.62694064      4.5018
   2013.62696918      4.5191
   2013.62699772      4.5151
   2013.62702626      4.4411
   2013.62705479      4.4502
   2013.62708333      4.3495
   2013.62711187      4.3122
   2013.62714041      4.1961
   2013.62716895      4.1351
   2013.62719749      4.0934
   2013.62722603      3.9695
   2013.62725457      3.8134
   2013.62728311      3.8458
   2013.62731164      3.7132
   2013.62734018      3.5682
   2013.62736872      3.4639
   2013.62739726      3.1698
   2013.62742580      3.2823
   2013.62745434      3.1067
   2013.62748288      2.9927
   2013.62751142      2.9174
   2013.62753995      2.8109
   2013.62756849      2.6636
   2013.62759703      2.5351
   2013.62762557      2.4893
   2013.62765411      2.3454
   2013.62768265      2.2387
   2013.62771119      2.1307
   2013.62773973      2.0498
   2013.62776826      1.9338
   2013.62779680      1.8519
   2013.62782534      1.7450
   2013.62785388      1.6451
   2013.62788242      1.5842
   2013.62791096      1.5404
   2013.62793950      1.4463
   2013.62796804      1.3830
   2013.62799658      1.3140
   2013.62802511      1.2434
   2013.62805365      1.1705
   2013.62808219      1.0909
   2013.62811073      1.0724
   2013.62813927      1.0127
   2013.62816781      0.9421
   2013.62819635      0.9188
   2013.62822489      0.8744
   2013.62825342      0.8258
   2013.62828196      0.7803
   2013.62831050      0.7574
   2013.62833904      0.7235
   2013.62836758      0.6879
   2013.62839612      0.6570
   2013.62842466      0.6541
   2013.62845320      0.6335
   2013.62848174      0.6103
   2013.62851027      0.5907
   2013.62853881      0.6041
   2013.62856735      0.6070
   2013.62859589      0.5895
   2013.62862443      0.5827
   2013.62865297      0.5921
   2013.62868151      0.6117
   2013.62871005      0.6098
   2013.62873858      0.6473
   2013.62876712      0.6856
   2013.62879566      0.7140
   2013.62882420      0.7548
   2013.62885274      0.8057
   2013.62888128      0.9247
   2013.62890982      0.9754
   2013.62893836      1.0763
   2013.62896689      1.1714
   2013.62899543      1.3876
   2013.62902397      1.5773
   2013.62905251      1.7796
   2013.62908105      1.9623
   2013.62910959      2.2616
   2013.62913813      2.4872
   2013.62916667      2.6970
   2013.62919521      2.8666
   2013.62922374      3.2230
   2013.62925228      3.3528
   2013.62928082      3.5032
   2013.62930936      3.6346
   2013.62933790      3.8387
   2013.62936644      4.0041
   2013.62939498      4.1090
   2013.62942352      4.1822
   2013.62945205      4.3074
   2013.62948059      4.4371
   2013.62950913      4.4763
   2013.62953767      4.5228
   2013.62956621      4.5499
   2013.62959475      4.6188
   2013.62962329      4.6573
   2013.62965183      4.6412
   2013.62968037      4.6084
   2013.62970890      4.6273
   2013.62973744      4.6209
   2013.62976598      4.5450
   2013.62979452      4.5476
   2013.62982306      4.4442
   2013.62985160      4.4150
   2013.62988014      4.2882
   2013.62990868      4.2217
   2013.62993721      4.1798
   2013.62996575      4.0548
   2013.62999429      3.9313
   2013.63002283      3.9037
   2013.63005137      3.7542
   2013.63007991      3.6598
   2013.63010845      3.6696
   2013.63013699      3.2234
   2013.63016553      3.3483
   2013.63019406      3.2008
   2013.63022260      3.0495
   2013.63025114      2.9376
   2013.63027968      2.7806
   2013.63030822      2.6325
   2013.63033676      2.5022
   2013.63036530      2.3445
   2013.63039384      2.1964
   2013.63042237      2.0509
   2013.63045091      1.9631
   2013.63047945      1.8075
   2013.63050799      1.6797
   2013.63053653      1.5606
   2013.63056507      1.4483
   2013.63059361      1.3414
   2013.63062215      1.2399
   2013.63065068      1.1622
   2013.63067922      1.0651
   2013.63070776      0.9714
   2013.63073630      0.9046
   2013.63076484      0.8333
   2013.63079338      0.7657
   2013.63082192      0.7025
   2013.63085046      0.6448
   2013.63087900      0.5927
   2013.63090753      0.5454
   2013.63093607      0.5026
   2013.63096461      0.4641
   2013.63099315      0.4291
   2013.63102169      0.3972
   2013.63105023      0.3679
   2013.63107877      0.3410
   2013.63110731      0.3163
   2013.63113584      0.2936
   2013.63116438      0.2727
   2013.63119292      0.2535
   2013.63122146      0.2357
   2013.63125000      0.2192
   2013.63127854      0.2039
   2013.63130708      0.1899
   2013.63133562      0.1769
   2013.63136416      0.1649
   2013.63139269      0.1539
   2013.63142123      0.1437
   2013.63144977      0.1342
   2013.63147831      0.1255
   2013.63150685      0.1174
   2013.63153539      0.1099
   2013.63156393      0.1029
