   2013.62465753      0.0000
   2013.62468607      0.0000
   2013.62471461      0.0000
   2013.62474315      0.0000
   2013.62477169      0.0000
   2013.62480023      0.0000
   2013.62482877      0.0000
   2013.62485731      0.0000
   2013.62488584      0.0000
   2013.62491438      0.0000
   2013.62494292      0.0000
   2013.62497146      0.0000
   2013.62500000      0.0006
   2013.62502854      0.0005
   2013.62505708      0.0005
   2013.62508562      0.0006
   2013.62511416      0.0006
   2013.62514269      0.0007
   2013.62517123      0.0008
   2013.62519977      0.0008
   2013.62522831      0.0009
   2013.62525685      0.0010
   2013.62528539      0.0011
   2013.62531393      0.0167
   2013.62534247      0.0448
   2013.62537100      0.0677
   2013.62539954      0.1007
   2013.62542808      0.1505
   2013.62545662      0.2145
   2013.62548516      0.2990
   2013.62551370      0.4191
   2013.62554224      0.5853
   2013.62557078      0.7809
   2013.62559932      1.0270
   2013.62562785      1.3642
   2013.62565639      1.7606
   2013.62568493      2.1210
   2013.62571347      2.4112
   2013.62574201      2.6044
   2013.62577055      2.7628
   2013.62579909      2.8969
   2013.62582763      3.0109
   2013.62585616      3.1118
   2013.62588470      3.2197
   2013.62591324      3.2819
   2013.62594178      3.3845
   2013.62597032      3.4201
   2013.62599886      3.4283
   2013.62602740      3.4183
   2013.62605594      3.3944
   2013.62608447      3.3762
   2013.62611301      3.3122
   2013.62614155      3.1888
   2013.62617009      3.0216
   2013.62619863      2.9893
   2013.62622717      2.8639
   2013.62625571      2.7173
   2013.62628425      2.5944
   2013.62631279      2.4486
   2013.62634132      2.2884
   2013.62636986      2.1200
   2013.62639840      1.9539
   2013.62642694      1.8000
   2013.62645548      1.6667
   2013.62648402      1.5828
   2013.62651256      1.4910
   2013.62654110      1.4178
   2013.62656963      1.3546
   2013.62659817      1.2949
   2013.62662671      1.2370
   2013.62665525      1.1836
   2013.62668379      1.1383
   2013.62671233      1.1024
   2013.62674087      1.0736
   2013.62676941      1.0469
   2013.62679795      1.0025
   2013.62682648      0.9817
   2013.62685502      0.9458
   2013.62688356      0.9028
   2013.62691210      0.8603
   2013.62694064      0.8158
   2013.62696918      0.7697
   2013.62699772      0.7234
   2013.62702626      0.6785
   2013.62705479      0.6356
   2013.62708333      0.5946
   2013.62711187      0.5552
   2013.62714041      0.5178
   2013.62716895      0.4826
   2013.62719749      0.4497
   2013.62722603      0.4190
   2013.62725457      0.3902
   2013.62728311      0.3632
   2013.62731164      0.3381
   2013.62734018      0.3146
   2013.62736872      0.2929
   2013.62739726      0.2727
   2013.62742580      0.2540
   2013.62745434      0.2366
   2013.62748288      0.2203
   2013.62751142      0.2052
   2013.62753995      0.1912
   2013.62756849      0.1782
   2013.62759703      0.1662
   2013.62762557      0.1552
   2013.62765411      0.1449
   2013.62768265      0.1354
   2013.62771119      0.1266
   2013.62773973      0.1183
   2013.62776826      0.1107
   2013.62779680      0.1036
