   2013.62465753      0.0000
   2013.62468607      0.0000
   2013.62471461      0.0000
   2013.62474315      0.0000
   2013.62477169      0.0000
   2013.62480023      0.0000
   2013.62482877      0.0000
   2013.62485731      0.0000
   2013.62488584      0.0000
   2013.62491438      0.0000
   2013.62494292      0.0000
   2013.62497146      0.0000
   2013.62500000      0.0000
   2013.62502854      0.0000
   2013.62505708      0.0000
   2013.62508562      0.0000
   2013.62511416      0.0000
   2013.62514269      0.0000
   2013.62517123      0.0000
   2013.62519977      0.0000
   2013.62522831      0.0000
   2013.62525685      0.0002
   2013.62528539      0.0001
   2013.62531393      0.0001
   2013.62534247      0.0001
   2013.62537100      0.0001
   2013.62539954      0.0001
   2013.62542808      0.0001
   2013.62545662      0.0001
   2013.62548516      0.0005
   2013.62551370      0.0009
   2013.62554224      0.0012
   2013.62557078      0.0014
   2013.62559932      0.0016
   2013.62562785      0.0017
   2013.62565639      0.0019
   2013.62568493      0.0038
   2013.62571347      0.0308
   2013.62574201      0.0582
   2013.62577055      0.0890
   2013.62579909      0.1395
   2013.62582763      0.2101
   2013.62585616      0.3037
   2013.62588470      0.4211
   2013.62591324      0.5976
   2013.62594178      0.8165
   2013.62597032      1.1024
   2013.62599886      1.5610
   2013.62602740      2.0519
   2013.62605594      2.4971
   2013.62608447      2.6311
   2013.62611301      2.7951
   2013.62614155      2.8216
   2013.62617009      2.7766
   2013.62619863      2.6342
   2013.62622717      2.5214
   2013.62625571      2.3968
   2013.62628425      2.2552
   2013.62631279      2.1106
   2013.62634132      1.9983
   2013.62636986      1.8285
   2013.62639840      1.7031
   2013.62642694      1.5856
   2013.62645548      1.4750
   2013.62648402      1.3805
   2013.62651256      1.2871
   2013.62654110      1.2488
   2013.62656963      1.1279
   2013.62659817      1.0628
   2013.62662671      0.9744
   2013.62665525      0.9351
   2013.62668379      0.8826
   2013.62671233      0.8461
   2013.62674087      0.8040
   2013.62676941      0.7626
   2013.62679795      0.7272
   2013.62682648      0.7151
   2013.62685502      0.6949
   2013.62688356      0.6751
   2013.62691210      0.6604
   2013.62694064      0.6692
   2013.62696918      0.6855
   2013.62699772      0.6726
   2013.62702626      0.6701
   2013.62705479      0.6866
   2013.62708333      0.7309
   2013.62711187      0.7551
   2013.62714041      0.7542
   2013.62716895      0.8029
   2013.62719749      0.8411
   2013.62722603      0.8871
   2013.62725457      0.9381
   2013.62728311      1.0200
   2013.62731164      1.1026
   2013.62734018      1.1928
   2013.62736872      1.2793
   2013.62739726      1.3848
   2013.62742580      1.4284
   2013.62745434      1.4406
   2013.62748288      1.4454
   2013.62751142      1.4166
   2013.62753995      1.4344
   2013.62756849      1.4049
   2013.62759703      1.3516
   2013.62762557      1.3191
   2013.62765411      1.2755
   2013.62768265      1.2233
   2013.62771119      1.1670
   2013.62773973      1.1216
   2013.62776826      1.0711
   2013.62779680      1.0460
   2013.62782534      0.9816
   2013.62785388      0.9206
   2013.62788242      0.8959
   2013.62791096      0.8536
   2013.62793950      0.8080
   2013.62796804      0.7691
   2013.62799658      0.7233
   2013.62802511      0.6756
   2013.62805365      0.6309
   2013.62808219      0.5936
   2013.62811073      0.5538
   2013.62813927      0.5148
   2013.62816781      0.4784
   2013.62819635      0.4486
   2013.62822489      0.4175
   2013.62825342      0.3874
   2013.62828196      0.3592
   2013.62831050      0.3366
   2013.62833904      0.3130
   2013.62836758      0.2905
   2013.62839612      0.2695
   2013.62842466      0.2526
   2013.62845320      0.2349
   2013.62848174      0.2181
   2013.62851027      0.2024
   2013.62853881      0.1899
   2013.62856735      0.1768
   2013.62859589      0.1644
   2013.62862443      0.1529
   2013.62865297      0.1442
   2013.62868151      0.1345
   2013.62871005      0.1254
   2013.62873858      0.1168
   2013.62876712      0.1106
   2013.62879566      0.1034
