   2013.62465753      0.0000
   2013.62468607      0.0000
   2013.62471461      0.0000
   2013.62474315      0.0000
   2013.62477169      0.0000
   2013.62480023      0.0000
   2013.62482877      0.0000
   2013.62485731      0.0000
   2013.62488584      0.0000
   2013.62491438      0.0000
   2013.62494292      0.0000
   2013.62497146      0.0000
   2013.62500000      0.0000
   2013.62502854      0.0000
   2013.62505708      0.0000
   2013.62508562      0.0000
   2013.62511416      0.0000
   2013.62514269      0.0000
   2013.62517123      0.0000
   2013.62519977      0.0000
   2013.62522831      0.0000
   2013.62525685      0.0000
   2013.62528539      0.0000
   2013.62531393      0.0000
   2013.62534247      0.0000
   2013.62537100      0.2412
   2013.62539954      0.5921
   2013.62542808      1.9321
   2013.62545662      3.8893
   2013.62548516      7.0277
   2013.62551370     12.7444
   2013.62554224     17.6111
   2013.62557078     18.2749
   2013.62559932     16.7764
   2013.62562785     15.1894
   2013.62565639     13.7627
   2013.62568493     12.8916
   2013.62571347     12.1115
   2013.62574201     11.6457
   2013.62577055     11.3053
   2013.62579909     11.3672
   2013.62582763     11.0634
   2013.62585616     10.8871
   2013.62588470     10.6862
   2013.62591324      9.9940
   2013.62594178     10.3939
   2013.62597032     10.2061
   2013.62599886      9.7883
   2013.62602740      9.2353
   2013.62605594      9.2898
   2013.62608447      9.1716
   2013.62611301      8.8432
   2013.62614155      8.7364
   2013.62617009      9.0416
   2013.62619863      9.0658
   2013.62622717      9.4520
   2013.62625571      9.2317
   2013.62628425     10.1647
   2013.62631279     10.5039
   2013.62634132     10.6589
   2013.62636986     10.6385
   2013.62639840     11.5623
   2013.62642694     11.7171
   2013.62645548     11.6091
   2013.62648402     11.4349
   2013.62651256     12.2156
   2013.62654110     12.2669
   2013.62656963     12.0671
   2013.62659817     12.1547
   2013.62662671     12.6262
   2013.62665525     12.6648
   2013.62668379     12.4383
   2013.62671233     12.5151
   2013.62674087     12.9405
   2013.62676941     12.9322
   2013.62679795     12.6572
   2013.62682648     12.6519
   2013.62685502     13.0180
   2013.62688356     12.9175
   2013.62691210     12.4505
   2013.62694064     12.4817
   2013.62696918     12.5243
   2013.62699772     12.4965
   2013.62702626     12.1801
   2013.62705479     11.8814
   2013.62708333     12.2350
   2013.62711187     12.1996
   2013.62714041     11.8919
   2013.62716895     11.5159
   2013.62719749     11.9251
   2013.62722603     11.8376
   2013.62725457     11.5342
   2013.62728311     11.0707
   2013.62731164     11.5083
   2013.62734018     11.3812
   2013.62736872     11.2490
   2013.62739726     10.5551
   2013.62742580     10.9557
   2013.62745434     10.7919
   2013.62748288     10.5350
   2013.62751142      9.9763
   2013.62753995     10.3491
   2013.62756849     10.1873
   2013.62759703      9.9376
   2013.62762557      9.4367
   2013.62765411      9.7679
   2013.62768265      9.7274
   2013.62771119      9.4161
   2013.62773973      9.0559
   2013.62776826      9.3152
   2013.62779680      9.3921
   2013.62782534      9.0101
   2013.62785388      8.7127
   2013.62788242      8.9301
   2013.62791096      8.8820
   2013.62793950      8.7613
   2013.62796804      8.4161
   2013.62799658      8.6720
   2013.62802511      8.6389
   2013.62805365      8.5075
   2013.62808219      8.2620
   2013.62811073      8.5198
   2013.62813927      8.5012
   2013.62816781      8.4061
   2013.62819635      8.1677
   2013.62822489      8.4768
   2013.62825342      8.4878
   2013.62828196      8.4246
   2013.62831050      8.2376
   2013.62833904      8.5558
   2013.62836758      8.5850
   2013.62839612      8.5728
   2013.62842466      8.4022
   2013.62845320      8.7702
   2013.62848174      8.7834
   2013.62851027      8.8146
   2013.62853881      8.6959
   2013.62856735      9.2275
   2013.62859589      9.1341
   2013.62862443      9.3197
   2013.62865297      9.0218
   2013.62868151      9.6606
   2013.62871005      9.5983
   2013.62873858      9.8361
   2013.62876712      9.6063
   2013.62879566     11.0020
   2013.62882420     11.4706
   2013.62885274     10.8606
   2013.62888128      9.9497
   2013.62890982      9.7271
   2013.62893836      9.7160
   2013.62896689     10.9511
   2013.62899543     12.1072
   2013.62902397     12.3800
   2013.62905251     11.3353
   2013.62908105     10.2923
   2013.62910959      9.2254
   2013.62913813      8.2755
   2013.62916667      7.9292
   2013.62919521      8.2837
   2013.62922374      8.4895
   2013.62925228      9.1903
   2013.62928082      7.5528
   2013.62930936      7.1815
   2013.62933790      5.7346
   2013.62936644      5.4275
   2013.62939498      4.5039
   2013.62942352      4.4055
   2013.62945205      3.9084
   2013.62948059      3.4398
   2013.62950913      3.1458
   2013.62953767      2.8568
   2013.62956621      2.7061
   2013.62959475      2.4164
   2013.62962329      2.1692
   2013.62965183      1.9483
   2013.62968037      1.6823
   2013.62970890      1.5096
   2013.62973744      1.3541
   2013.62976598      1.2300
   2013.62979452      1.1033
   2013.62982306      0.9906
   2013.62985160      0.9018
   2013.62988014      0.8161
   2013.62990868      0.7383
   2013.62993721      0.6684
   2013.62996575      0.6067
   2013.62999429      0.5518
   2013.63002283      0.5030
   2013.63005137      0.4597
   2013.63007991      0.4211
   2013.63010845      0.3866
   2013.63013699      0.3554
   2013.63016553      0.3273
   2013.63019406      0.3018
   2013.63022260      0.2787
   2013.63025114      0.2576
   2013.63027968      0.2383
   2013.63030822      0.2205
   2013.63033676      0.2042
   2013.63036530      0.1893
   2013.63039384      0.1756
   2013.63042237      0.1631
   2013.63045091      0.1517
   2013.63047945      0.1412
   2013.63050799      0.1315
   2013.63053653      0.1226
   2013.63056507      0.1143
   2013.63059361      0.1067
