   2013.62465753      0.0000
   2013.62468607      0.0000
   2013.62471461      0.0000
   2013.62474315      0.0000
   2013.62477169      0.0000
   2013.62480023      0.0000
   2013.62482877      0.0000
   2013.62485731      0.0000
   2013.62488584      0.0000
   2013.62491438      0.0000
   2013.62494292      0.0000
   2013.62497146      0.0000
   2013.62500000      0.0000
   2013.62502854      0.0000
   2013.62505708      0.0000
   2013.62508562      0.0000
   2013.62511416      0.0000
   2013.62514269      0.0000
   2013.62517123      0.0000
   2013.62519977      0.0000
   2013.62522831      0.0000
   2013.62525685      0.0000
   2013.62528539      0.0000
   2013.62531393      0.0000
   2013.62534247      0.0000
   2013.62537100      0.0000
   2013.62539954      0.0000
   2013.62542808      0.0000
   2013.62545662      0.0000
   2013.62548516      0.0000
   2013.62551370      0.0000
   2013.62554224      0.0000
   2013.62557078      0.0000
   2013.62559932      0.0000
   2013.62562785      0.0000
   2013.62565639      0.0000
   2013.62568493      0.0000
   2013.62571347      0.0000
   2013.62574201      0.0000
   2013.62577055      0.0000
   2013.62579909      0.0000
   2013.62582763      0.0000
   2013.62585616      0.0000
   2013.62588470      0.0000
   2013.62591324      0.0000
   2013.62594178      0.0000
   2013.62597032      0.0000
   2013.62599886      0.0000
   2013.62602740      0.0000
   2013.62605594      0.0000
   2013.62608447      0.0000
   2013.62611301      0.0000
   2013.62614155      0.0000
   2013.62617009      0.0000
   2013.62619863      0.0000
   2013.62622717      0.0000
   2013.62625571      0.0000
   2013.62628425      0.0000
   2013.62631279      0.0000
   2013.62634132      0.0000
   2013.62636986      0.0000
   2013.62639840      0.0000
   2013.62642694      0.0000
   2013.62645548      0.0000
   2013.62648402      0.0000
   2013.62651256      0.0000
   2013.62654110      0.0000
   2013.62656963      0.0000
   2013.62659817      0.0000
   2013.62662671      5.7006
   2013.62665525     32.3094
   2013.62668379     93.0192
   2013.62671233    100.3474
   2013.62674087     74.6699
   2013.62676941     50.5646
   2013.62679795     33.6475
   2013.62682648     24.5145
   2013.62685502     18.6677
   2013.62688356     14.9191
   2013.62691210     12.3618
   2013.62694064     10.4361
   2013.62696918      8.8731
   2013.62699772      7.8199
   2013.62702626      6.8301
   2013.62705479      6.0584
   2013.62708333      5.5373
   2013.62711187      5.0069
   2013.62714041      4.6421
   2013.62716895      4.3830
   2013.62719749      4.0497
   2013.62722603      3.8639
   2013.62725457      3.7427
   2013.62728311      3.5803
   2013.62731164      3.2134
   2013.62734018      3.0476
   2013.62736872      2.8800
   2013.62739726      2.6395
   2013.62742580      2.4709
   2013.62745434      2.3055
   2013.62748288      2.2331
   2013.62751142      2.0369
   2013.62753995      1.8784
   2013.62756849      1.6663
   2013.62759703      1.5343
   2013.62762557      1.4047
   2013.62765411      1.2823
   2013.62768265      1.1678
   2013.62771119      1.0684
   2013.62773973      0.9763
   2013.62776826      0.8938
   2013.62779680      0.8157
   2013.62782534      0.7421
   2013.62785388      0.6748
   2013.62788242      0.6148
   2013.62791096      0.5608
   2013.62793950      0.5122
   2013.62796804      0.4687
   2013.62799658      0.4296
   2013.62802511      0.3943
   2013.62805365      0.3624
   2013.62808219      0.3334
   2013.62811073      0.3071
   2013.62813927      0.2832
   2013.62816781      0.2614
   2013.62819635      0.2415
   2013.62822489      0.2230
   2013.62825342      0.2061
   2013.62828196      0.1906
   2013.62831050      0.1764
   2013.62833904      0.1634
   2013.62836758      0.1515
   2013.62839612      0.1405
   2013.62842466      0.1305
   2013.62845320      0.1211
   2013.62848174      0.1125
   2013.62851027      0.1046
