   2013.62465753      0.0000
   2013.62468607      0.0000
   2013.62471461      0.0000
   2013.62474315      0.0000
   2013.62477169      0.0000
   2013.62480023      0.0000
   2013.62482877      0.0000
   2013.62485731      0.0000
   2013.62488584      0.0000
   2013.62491438      0.0000
   2013.62494292      0.0000
   2013.62497146      0.0000
   2013.62500000      0.0000
   2013.62502854      0.0000
   2013.62505708      0.0000
   2013.62508562      0.0000
   2013.62511416      0.0000
   2013.62514269      0.0000
   2013.62517123      0.0000
   2013.62519977      0.0000
   2013.62522831      0.0000
   2013.62525685      0.0000
   2013.62528539      0.0000
   2013.62531393      0.0000
   2013.62534247      0.0000
   2013.62537100      0.0000
   2013.62539954      0.0000
   2013.62542808      0.0000
   2013.62545662      0.0000
   2013.62548516      0.0000
   2013.62551370      0.0000
   2013.62554224      0.0000
   2013.62557078      0.0000
   2013.62559932      0.0000
   2013.62562785      0.0000
   2013.62565639      0.0000
   2013.62568493      0.0000
   2013.62571347      0.1531
   2013.62574201      0.2884
   2013.62577055      0.7952
   2013.62579909      1.8989
   2013.62582763      3.2935
   2013.62585616      6.0016
   2013.62588470     10.3110
   2013.62591324     12.3901
   2013.62594178     11.9404
   2013.62597032     10.4059
   2013.62599886      9.0417
   2013.62602740      7.9931
   2013.62605594      6.8000
   2013.62608447      5.8340
   2013.62611301      4.9709
   2013.62614155      4.7000
   2013.62617009      3.8993
   2013.62619863      3.5007
   2013.62622717      3.1535
   2013.62625571      2.7883
   2013.62628425      2.5875
   2013.62631279      2.3654
   2013.62634132      2.1805
   2013.62636986      2.0265
   2013.62639840      1.8929
   2013.62642694      1.7860
   2013.62645548      1.6970
   2013.62648402      1.6231
   2013.62651256      1.5623
   2013.62654110      1.5130
   2013.62656963      1.4744
   2013.62659817      1.4454
   2013.62662671      1.4251
   2013.62665525      1.4127
   2013.62668379      1.4070
   2013.62671233      1.4071
   2013.62674087      1.4119
   2013.62676941      1.4036
   2013.62679795      1.3971
   2013.62682648      1.3833
   2013.62685502      1.3684
   2013.62688356      1.3380
   2013.62691210      1.2889
   2013.62694064      1.2521
   2013.62696918      1.1971
   2013.62699772      1.1607
   2013.62702626      1.1091
   2013.62705479      1.0929
   2013.62708333      1.0121
   2013.62711187      0.9303
   2013.62714041      0.9011
   2013.62716895      0.8540
   2013.62719749      0.8034
   2013.62722603      0.7528
   2013.62725457      0.7026
   2013.62728311      0.6547
   2013.62731164      0.6099
   2013.62734018      0.5680
   2013.62736872      0.5287
   2013.62739726      0.4923
   2013.62742580      0.4584
   2013.62745434      0.4268
   2013.62748288      0.3973
   2013.62751142      0.3697
   2013.62753995      0.3439
   2013.62756849      0.3199
   2013.62759703      0.2976
   2013.62762557      0.2770
   2013.62765411      0.2578
   2013.62768265      0.2399
   2013.62771119      0.2232
   2013.62773973      0.2077
   2013.62776826      0.1933
   2013.62779680      0.1799
   2013.62782534      0.1676
   2013.62785388      0.1562
   2013.62788242      0.1456
   2013.62791096      0.1358
   2013.62793950      0.1268
   2013.62796804      0.1183
   2013.62799658      0.1105
   2013.62802511      0.1033
