   2013.62465753      0.0000
   2013.62468607      0.0000
   2013.62471461      0.0000
   2013.62474315      0.0000
   2013.62477169      0.0000
   2013.62480023      0.0000
   2013.62482877      0.0000
   2013.62485731      0.0000
   2013.62488584      0.0000
   2013.62491438      0.0000
   2013.62494292      0.0000
   2013.62497146      0.0000
   2013.62500000      0.0000
   2013.62502854      0.0000
   2013.62505708      0.0000
   2013.62508562      0.0000
   2013.62511416      0.0000
   2013.62514269      0.0000
   2013.62517123      0.0000
   2013.62519977      0.0000
   2013.62522831      0.0000
   2013.62525685      0.0000
   2013.62528539      0.0000
   2013.62531393      0.0000
   2013.62534247      0.0000
   2013.62537100      0.0000
   2013.62539954      0.0000
   2013.62542808      0.0000
   2013.62545662      0.0000
   2013.62548516      0.0000
   2013.62551370      0.0000
   2013.62554224      0.0000
   2013.62557078      0.0000
   2013.62559932      0.0000
   2013.62562785      0.0000
   2013.62565639      0.0000
   2013.62568493      0.0000
   2013.62571347      0.0000
   2013.62574201      0.0000
   2013.62577055      0.0000
   2013.62579909      0.0000
   2013.62582763      0.0000
   2013.62585616      0.0000
   2013.62588470      0.0000
   2013.62591324      0.0000
   2013.62594178      0.0000
   2013.62597032      0.0000
   2013.62599886      0.0000
   2013.62602740      0.0000
   2013.62605594      0.0000
   2013.62608447      0.0000
   2013.62611301      0.0000
   2013.62614155      0.0000
   2013.62617009      0.0000
   2013.62619863      0.0000
   2013.62622717      0.0000
   2013.62625571      0.0000
   2013.62628425      0.0000
   2013.62631279      0.0000
   2013.62634132      0.0000
   2013.62636986      0.0000
   2013.62639840      0.0000
   2013.62642694      0.0000
   2013.62645548      0.0000
   2013.62648402      0.0000
   2013.62651256      0.0000
   2013.62654110      0.0000
   2013.62656963      0.0000
   2013.62659817      0.0000
   2013.62662671      0.0000
   2013.62665525      0.0000
   2013.62668379      0.0000
   2013.62671233      0.0000
   2013.62674087      0.0000
   2013.62676941      0.0000
   2013.62679795      0.0000
   2013.62682648      0.0000
   2013.62685502      0.0000
   2013.62688356      0.0000
   2013.62691210      0.0000
   2013.62694064      0.0000
   2013.62696918      0.0000
   2013.62699772      0.0000
   2013.62702626      0.0000
   2013.62705479      0.0000
   2013.62708333      3.8859
   2013.62711187     21.9388
   2013.62714041     70.7482
   2013.62716895     86.5155
   2013.62719749     67.4253
   2013.62722603     47.2863
   2013.62725457     31.5413
   2013.62728311     22.9345
   2013.62731164     17.8354
   2013.62734018     13.7974
   2013.62736872     11.0208
   2013.62739726      9.1648
   2013.62742580      7.8751
   2013.62745434      6.6105
   2013.62748288      5.5711
   2013.62751142      4.8832
   2013.62753995      4.1421
   2013.62756849      3.6730
   2013.62759703      3.1961
   2013.62762557      2.8460
   2013.62765411      2.5486
   2013.62768265      2.2976
   2013.62771119      2.1283
   2013.62773973      1.9339
   2013.62776826      1.7792
   2013.62779680      1.6460
   2013.62782534      1.5339
   2013.62785388      1.4394
   2013.62788242      1.3583
   2013.62791096      1.2893
   2013.62793950      1.2308
   2013.62796804      1.1818
   2013.62799658      1.1412
   2013.62802511      1.1080
   2013.62805365      1.0816
   2013.62808219      1.0610
   2013.62811073      1.0259
   2013.62813927      0.9970
   2013.62816781      1.0061
   2013.62819635      0.9645
   2013.62822489      0.9357
   2013.62825342      0.9115
   2013.62828196      0.8739
   2013.62831050      0.8521
   2013.62833904      0.8222
   2013.62836758      0.7907
   2013.62839612      0.7578
   2013.62842466      0.7240
   2013.62845320      0.6904
   2013.62848174      0.6573
   2013.62851027      0.6246
   2013.62853881      0.5921
   2013.62856735      0.5598
   2013.62859589      0.5283
   2013.62862443      0.4979
   2013.62865297      0.4687
   2013.62868151      0.4408
   2013.62871005      0.4142
   2013.62873858      0.3888
   2013.62876712      0.3645
   2013.62879566      0.3414
   2013.62882420      0.3194
   2013.62885274      0.2987
   2013.62888128      0.2792
   2013.62890982      0.2609
   2013.62893836      0.2436
   2013.62896689      0.2273
   2013.62899543      0.2120
   2013.62902397      0.1976
   2013.62905251      0.1842
   2013.62908105      0.1717
   2013.62910959      0.1601
   2013.62913813      0.1494
   2013.62916667      0.1394
   2013.62919521      0.1301
   2013.62922374      0.1214
   2013.62925228      0.1134
   2013.62928082      0.1059
