   2013.62465753      0.0000
   2013.62468607      0.0000
   2013.62471461      0.0000
   2013.62474315      0.0000
   2013.62477169      0.0000
   2013.62480023      0.0000
   2013.62482877      0.0000
   2013.62485731      0.0000
   2013.62488584      0.0000
   2013.62491438      0.0000
   2013.62494292      0.0000
   2013.62497146      0.0000
   2013.62500000      0.0000
   2013.62502854      0.0000
   2013.62505708      0.0000
   2013.62508562      0.0000
   2013.62511416      0.0000
   2013.62514269      0.0000
   2013.62517123      0.0000
   2013.62519977      0.0000
   2013.62522831      0.0000
   2013.62525685      0.0000
   2013.62528539      0.0000
   2013.62531393      0.0000
   2013.62534247      0.0000
   2013.62537100      0.0000
   2013.62539954      0.0000
   2013.62542808      0.0000
   2013.62545662      0.0000
   2013.62548516      0.0000
   2013.62551370      0.0000
   2013.62554224      0.0000
   2013.62557078      0.0000
   2013.62559932      0.0000
   2013.62562785      0.0000
   2013.62565639      0.0000
   2013.62568493      0.0000
   2013.62571347      0.0000
   2013.62574201      0.0000
   2013.62577055      0.0000
   2013.62579909      0.0000
   2013.62582763      0.0000
   2013.62585616      0.0000
   2013.62588470      0.0000
   2013.62591324      0.0000
   2013.62594178      0.0000
   2013.62597032      0.0000
   2013.62599886      0.0000
   2013.62602740      0.0000
   2013.62605594      0.0054
   2013.62608447      0.0152
   2013.62611301      0.0518
   2013.62614155      0.1209
   2013.62617009      0.4300
   2013.62619863      3.8493
   2013.62622717     13.5819
   2013.62625571     15.2648
   2013.62628425     13.6224
   2013.62631279     11.5742
   2013.62634132      9.5806
   2013.62636986      8.5255
   2013.62639840      7.1210
   2013.62642694      6.0526
   2013.62645548      5.0976
   2013.62648402      4.8745
   2013.62651256      3.9781
   2013.62654110      3.5611
   2013.62656963      3.2067
   2013.62659817      2.8149
   2013.62662671      2.6151
   2013.62665525      2.3725
   2013.62668379      2.1781
   2013.62671233      2.0165
   2013.62674087      1.8773
   2013.62676941      1.7639
   2013.62679795      1.6694
   2013.62682648      1.5902
   2013.62685502      1.5242
   2013.62688356      1.4700
   2013.62691210      1.4265
   2013.62694064      1.3927
   2013.62696918      1.3678
   2013.62699772      1.3507
   2013.62702626      1.3406
   2013.62705479      1.3365
   2013.62708333      1.3218
   2013.62711187      1.3101
   2013.62714041      1.2945
   2013.62716895      1.2870
   2013.62719749      1.2382
   2013.62722603      1.2090
   2013.62725457      1.1752
   2013.62728311      1.1387
   2013.62731164      1.0809
   2013.62734018      1.0267
   2013.62736872      1.0055
   2013.62739726      0.9565
   2013.62742580      0.9011
   2013.62745434      0.8570
   2013.62748288      0.8090
   2013.62751142      0.7611
   2013.62753995      0.7134
   2013.62756849      0.6673
   2013.62759703      0.6238
   2013.62762557      0.5827
   2013.62765411      0.5439
   2013.62768265      0.5075
   2013.62771119      0.4735
   2013.62773973      0.4416
   2013.62776826      0.4118
   2013.62779680      0.3838
   2013.62782534      0.3575
   2013.62785388      0.3330
   2013.62788242      0.3100
   2013.62791096      0.2887
   2013.62793950      0.2689
   2013.62796804      0.2505
   2013.62799658      0.2333
   2013.62802511      0.2172
   2013.62805365      0.2022
   2013.62808219      0.1882
   2013.62811073      0.1753
   2013.62813927      0.1634
   2013.62816781      0.1523
   2013.62819635      0.1421
   2013.62822489      0.1325
   2013.62825342      0.1237
   2013.62828196      0.1154
   2013.62831050      0.1077
   2013.62833904      0.1006
