   2013.62465753      0.0000
   2013.62468607      0.0000
   2013.62471461      0.0000
   2013.62474315      0.0000
   2013.62477169      0.0000
   2013.62480023      0.0000
   2013.62482877      0.0000
   2013.62485731      0.0000
   2013.62488584      0.0000
   2013.62491438      0.0000
   2013.62494292      0.0000
   2013.62497146      0.0000
   2013.62500000      0.0000
   2013.62502854      0.0000
   2013.62505708      0.0000
   2013.62508562      0.0000
   2013.62511416      0.0000
   2013.62514269      0.0000
   2013.62517123      0.0000
   2013.62519977      0.0000
   2013.62522831      0.0000
   2013.62525685      0.0000
   2013.62528539      0.0000
   2013.62531393      0.0000
   2013.62534247      0.0000
   2013.62537100      0.0012
   2013.62539954      0.0011
   2013.62542808      0.0012
   2013.62545662      0.0017
   2013.62548516      0.0018
   2013.62551370      0.0020
   2013.62554224      0.0022
   2013.62557078      0.0264
   2013.62559932      0.0565
   2013.62562785      0.0869
   2013.62565639      0.1362
   2013.62568493      0.2147
   2013.62571347      0.3264
   2013.62574201      0.4768
   2013.62577055      0.7068
   2013.62579909      1.0255
   2013.62582763      1.4599
   2013.62585616      2.0642
   2013.62588470      2.7998
   2013.62591324      3.5239
   2013.62594178      4.1139
   2013.62597032      4.5671
   2013.62599886      4.9138
   2013.62602740      5.2251
   2013.62605594      5.4600
   2013.62608447      5.6864
   2013.62611301      5.6921
   2013.62614155      5.5659
   2013.62617009      5.7787
   2013.62619863      5.6503
   2013.62622717      5.6725
   2013.62625571      5.2677
   2013.62628425      5.2943
   2013.62631279      5.1508
   2013.62634132      5.1387
   2013.62636986      4.5163
   2013.62639840      4.6034
   2013.62642694      4.3830
   2013.62645548      4.0919
   2013.62648402      3.8810
   2013.62651256      3.9484
   2013.62654110      3.7543
   2013.62656963      3.6856
   2013.62659817      3.7144
   2013.62662671      3.7904
   2013.62665525      3.7421
   2013.62668379      3.8733
   2013.62671233      4.0780
   2013.62674087      4.2060
   2013.62676941      4.2301
   2013.62679795      4.3899
   2013.62682648      4.3682
   2013.62685502      4.6436
   2013.62688356      4.5857
   2013.62691210      4.6651
   2013.62694064      4.7341
   2013.62696918      4.7534
   2013.62699772      4.6192
   2013.62702626      4.6223
   2013.62705479      4.4347
   2013.62708333      4.4799
   2013.62711187      4.4807
   2013.62714041      4.3631
   2013.62716895      4.0991
   2013.62719749      4.1652
   2013.62722603      4.0985
   2013.62725457      3.9018
   2013.62728311      3.7236
   2013.62731164      3.7324
   2013.62734018      3.6030
   2013.62736872      3.6262
   2013.62739726      3.1669
   2013.62742580      3.2509
   2013.62745434      3.1281
   2013.62748288      2.9723
   2013.62751142      2.8892
   2013.62753995      2.7553
   2013.62756849      2.6294
   2013.62759703      2.5025
   2013.62762557      2.3575
   2013.62765411      2.2804
   2013.62768265      2.1234
   2013.62771119      2.0029
   2013.62773973      1.9193
   2013.62776826      1.8131
   2013.62779680      1.7209
   2013.62782534      1.6157
   2013.62785388      1.5341
   2013.62788242      1.4537
   2013.62791096      1.3722
   2013.62793950      1.2906
   2013.62796804      1.2245
   2013.62799658      1.2048
   2013.62802511      1.0973
   2013.62805365      1.0266
   2013.62808219      0.9609
   2013.62811073      0.9181
   2013.62813927      0.8630
   2013.62816781      0.8097
   2013.62819635      0.7724
   2013.62822489      0.7273
   2013.62825342      0.6817
   2013.62828196      0.6411
   2013.62831050      0.6218
   2013.62833904      0.5910
   2013.62836758      0.5588
   2013.62839612      0.5297
   2013.62842466      0.5240
   2013.62845320      0.5032
   2013.62848174      0.4801
   2013.62851027      0.4595
   2013.62853881      0.4669
   2013.62856735      0.4559
   2013.62859589      0.4415
   2013.62862443      0.4299
   2013.62865297      0.4537
   2013.62868151      0.4552
   2013.62871005      0.4527
   2013.62873858      0.4549
   2013.62876712      0.5004
   2013.62879566      0.5204
   2013.62882420      0.5535
   2013.62885274      0.5817
   2013.62888128      0.6676
   2013.62890982      0.7260
   2013.62893836      0.7998
   2013.62896689      0.8478
   2013.62899543      0.9943
   2013.62902397      1.1239
   2013.62905251      1.3012
   2013.62908105      1.4993
   2013.62910959      1.8377
   2013.62913813      2.1535
   2013.62916667      2.3870
   2013.62919521      2.6342
   2013.62922374      3.0245
   2013.62925228      3.2776
   2013.62928082      3.4229
   2013.62930936      3.6657
   2013.62933790      3.9481
   2013.62936644      4.1248
   2013.62939498      4.1725
   2013.62942352      4.3642
   2013.62945205      4.5554
   2013.62948059      4.6619
   2013.62950913      4.6326
   2013.62953767      4.7580
   2013.62956621      4.6562
   2013.62959475      4.9176
   2013.62962329      4.8201
   2013.62965183      4.8892
   2013.62968037      4.6741
   2013.62970890      4.9408
   2013.62973744      4.7905
   2013.62976598      4.7913
   2013.62979452      4.5823
   2013.62982306      4.6287
   2013.62985160      4.6372
   2013.62988014      4.5065
   2013.62990868      4.2464
   2013.62993721      4.2945
   2013.62996575      4.2280
   2013.62999429      4.0895
   2013.63002283      3.9831
   2013.63005137      3.8393
   2013.63007991      3.7123
   2013.63010845      3.7426
   2013.63013699      3.2361
   2013.63016553      3.3471
   2013.63019406      3.2108
   2013.63022260      3.0699
   2013.63025114      2.9362
   2013.63027968      2.7960
   2013.63030822      2.5868
   2013.63033676      2.4294
   2013.63036530      2.2813
   2013.63039384      2.1327
   2013.63042237      1.9897
   2013.63045091      1.8424
   2013.63047945      1.7117
   2013.63050799      1.5917
   2013.63053653      1.4793
   2013.63056507      1.3723
   2013.63059361      1.2705
   2013.63062215      1.2040
   2013.63065068      1.0926
   2013.63067922      0.9882
   2013.63070776      0.9291
   2013.63073630      0.8586
   2013.63076484      0.7901
   2013.63079338      0.7258
   2013.63082192      0.6664
   2013.63085046      0.6127
   2013.63087900      0.5639
   2013.63090753      0.5197
   2013.63093607      0.4798
   2013.63096461      0.4436
   2013.63099315      0.4107
   2013.63102169      0.3805
   2013.63105023      0.3527
   2013.63107877      0.3271
   2013.63110731      0.3036
   2013.63113584      0.2820
   2013.63116438      0.2622
   2013.63119292      0.2438
   2013.63122146      0.2268
   2013.63125000      0.2110
   2013.63127854      0.1964
   2013.63130708      0.1829
   2013.63133562      0.1705
   2013.63136416      0.1590
   2013.63139269      0.1485
   2013.63142123      0.1387
   2013.63144977      0.1296
   2013.63147831      0.1212
   2013.63150685      0.1134
   2013.63153539      0.1062
