   2013.62465753      0.0000
   2013.62468607      0.0000
   2013.62471461      0.0000
   2013.62474315      0.0000
   2013.62477169      0.0000
   2013.62480023      0.0000
   2013.62482877      0.0000
   2013.62485731      0.0000
   2013.62488584      0.0000
   2013.62491438      0.0000
   2013.62494292      0.0000
   2013.62497146      0.0000
   2013.62500000      0.0000
   2013.62502854      0.0053
   2013.62505708      0.0052
   2013.62508562      0.0285
   2013.62511416      0.0874
   2013.62514269      0.1676
   2013.62517123      0.3353
   2013.62519977      0.6526
   2013.62522831      1.2410
   2013.62525685      2.1947
   2013.62528539      3.6169
   2013.62531393      5.8504
   2013.62534247      8.3969
   2013.62537100     10.2359
   2013.62539954     11.1414
   2013.62542808     11.6695
   2013.62545662     12.0019
   2013.62548516     12.2161
   2013.62551370     12.4157
   2013.62554224     12.4736
   2013.62557078     12.5878
   2013.62559932     12.6848
   2013.62562785     12.8455
   2013.62565639     12.8925
   2013.62568493     13.2804
   2013.62571347     13.1588
   2013.62574201     13.0116
   2013.62577055     12.6551
   2013.62579909     11.8923
   2013.62582763     12.0298
   2013.62585616     11.6281
   2013.62588470     11.1253
   2013.62591324     10.0619
   2013.62594178     10.1494
   2013.62597032      9.6988
   2013.62599886      9.1213
   2013.62602740      8.9827
   2013.62605594      8.8984
   2013.62608447      8.9472
   2013.62611301      8.9520
   2013.62614155      9.1198
   2013.62617009     10.0256
   2013.62619863     10.5055
   2013.62622717     10.8301
   2013.62625571     11.5418
   2013.62628425     12.2697
   2013.62631279     12.7291
   2013.62634132     12.7937
   2013.62636986     13.1506
   2013.62639840     13.9620
   2013.62642694     14.2877
   2013.62645548     14.1727
   2013.62648402     14.4158
   2013.62651256     15.2382
   2013.62654110     15.4472
   2013.62656963     15.2136
   2013.62659817     15.2357
   2013.62662671     15.7581
   2013.62665525     16.1888
   2013.62668379     15.8283
   2013.62671233     15.7253
   2013.62674087     16.5031
   2013.62676941     16.4919
   2013.62679795     16.0513
   2013.62682648     15.8376
   2013.62685502     16.1049
   2013.62688356     16.3427
   2013.62691210     15.8301
   2013.62694064     16.0528
   2013.62696918     17.3838
   2013.62699772     16.1238
   2013.62702626     15.3121
   2013.62705479     14.3129
   2013.62708333     13.5930
   2013.62711187     14.9693
   2013.62714041     15.7398
   2013.62716895     15.8765
   2013.62719749     15.4898
   2013.62722603     14.3593
   2013.62725457     12.7392
   2013.62728311     11.0598
   2013.62731164      9.5877
   2013.62734018      8.4603
   2013.62736872      7.5990
   2013.62739726      7.3572
   2013.62742580      7.0803
   2013.62745434      6.8451
   2013.62748288      6.7870
   2013.62751142      5.5289
   2013.62753995      4.8746
   2013.62756849      4.2160
   2013.62759703      3.7022
   2013.62762557      3.2760
   2013.62765411      3.0273
   2013.62768265      2.5905
   2013.62771119      2.1240
   2013.62773973      1.9243
   2013.62776826      1.7040
   2013.62779680      1.5109
   2013.62782534      1.3995
   2013.62785388      1.2059
   2013.62788242      1.0540
   2013.62791096      0.9684
   2013.62793950      0.8750
   2013.62796804      0.7886
   2013.62799658      0.7113
   2013.62802511      0.6430
   2013.62805365      0.5829
   2013.62808219      0.5297
   2013.62811073      0.4827
   2013.62813927      0.4411
   2013.62816781      0.4041
   2013.62819635      0.3710
   2013.62822489      0.3412
   2013.62825342      0.3142
   2013.62828196      0.2898
   2013.62831050      0.2677
   2013.62833904      0.2474
   2013.62836758      0.2287
   2013.62839612      0.2116
   2013.62842466      0.1960
   2013.62845320      0.1816
   2013.62848174      0.1684
   2013.62851027      0.1564
   2013.62853881      0.1453
   2013.62856735      0.1351
   2013.62859589      0.1257
   2013.62862443      0.1171
   2013.62865297      0.1090
   2013.62868151      0.1016
