   2013.62465753      0.0000
   2013.62468607      0.0000
   2013.62471461      0.0000
   2013.62474315      0.0000
   2013.62477169      0.0000
   2013.62480023      0.0000
   2013.62482877      0.0000
   2013.62485731      0.0000
   2013.62488584      0.0000
   2013.62491438      0.0000
   2013.62494292      0.0000
   2013.62497146      0.0000
   2013.62500000      0.0000
   2013.62502854      0.0000
   2013.62505708      0.0000
   2013.62508562      0.0000
   2013.62511416      0.0000
   2013.62514269      0.0000
   2013.62517123      0.0000
   2013.62519977      0.0000
   2013.62522831      0.0000
   2013.62525685      0.0000
   2013.62528539      0.0000
   2013.62531393      0.0000
   2013.62534247      0.0000
   2013.62537100      0.0000
   2013.62539954      0.0000
   2013.62542808      0.0000
   2013.62545662      0.0000
   2013.62548516      0.0000
   2013.62551370      0.0000
   2013.62554224      0.0000
   2013.62557078      0.0000
   2013.62559932      0.0000
   2013.62562785      0.0000
   2013.62565639      0.0000
   2013.62568493      0.0000
   2013.62571347      0.0000
   2013.62574201      0.0000
   2013.62577055      0.0000
   2013.62579909      0.0000
   2013.62582763      0.0000
   2013.62585616      0.0000
   2013.62588470      0.0000
   2013.62591324      0.0000
   2013.62594178      0.0000
   2013.62597032      0.0000
   2013.62599886      0.0000
   2013.62602740      0.0000
   2013.62605594      0.0000
   2013.62608447      0.0000
   2013.62611301      0.0000
   2013.62614155      0.0000
   2013.62617009      0.0000
   2013.62619863      0.0000
   2013.62622717      0.0000
   2013.62625571      0.0000
   2013.62628425      0.0000
   2013.62631279      0.0000
   2013.62634132      0.0000
   2013.62636986      0.0000
   2013.62639840      0.0000
   2013.62642694      0.0000
   2013.62645548      0.0000
   2013.62648402      0.0000
   2013.62651256      0.0000
   2013.62654110      0.0000
   2013.62656963      0.0000
   2013.62659817      0.0000
   2013.62662671      0.2101
   2013.62665525      0.4738
   2013.62668379      1.4640
   2013.62671233      3.0542
   2013.62674087      5.2826
   2013.62676941      9.1456
   2013.62679795     13.7733
   2013.62682648     15.3662
   2013.62685502     14.4951
   2013.62688356     13.0587
   2013.62691210     12.0199
   2013.62694064     10.4528
   2013.62696918      9.6195
   2013.62699772      8.9486
   2013.62702626      8.2661
   2013.62705479      7.8942
   2013.62708333      7.6776
   2013.62711187      7.3772
   2013.62714041      7.2032
   2013.62716895      7.0596
   2013.62719749      7.0489
   2013.62722603      6.9769
   2013.62725457      6.9253
   2013.62728311      6.8536
   2013.62731164      6.8716
   2013.62734018      6.8161
   2013.62736872      6.7785
   2013.62739726      6.7466
   2013.62742580      6.6738
   2013.62745434      6.6082
   2013.62748288      6.5566
   2013.62751142      6.5026
   2013.62753995      6.4222
   2013.62756849      6.3497
   2013.62759703      6.2937
   2013.62762557      6.2321
   2013.62765411      6.1506
   2013.62768265      6.0315
   2013.62771119      5.8043
   2013.62773973      5.7324
   2013.62776826      5.4616
   2013.62779680      5.5874
   2013.62782534      5.0959
   2013.62785388      4.5498
   2013.62788242      4.2276
   2013.62791096      4.1897
   2013.62793950      3.5769
   2013.62796804      3.4337
   2013.62799658      3.1932
   2013.62802511      2.8762
   2013.62805365      2.6280
   2013.62808219      2.4321
   2013.62811073      2.2283
   2013.62813927      2.0522
   2013.62816781      1.8507
   2013.62819635      1.7248
   2013.62822489      1.6520
   2013.62825342      1.4896
   2013.62828196      1.3734
   2013.62831050      1.2667
   2013.62833904      1.2532
   2013.62836758      1.1339
   2013.62839612      1.0560
   2013.62842466      0.9932
   2013.62845320      0.9564
   2013.62848174      0.9026
   2013.62851027      0.8546
   2013.62853881      0.8388
   2013.62856735      0.8080
   2013.62859589      0.7746
   2013.62862443      0.7473
   2013.62865297      0.7548
   2013.62868151      0.7681
   2013.62871005      0.7117
   2013.62873858      0.7195
   2013.62876712      0.7496
   2013.62879566      0.7842
   2013.62882420      0.7680
   2013.62885274      0.7795
   2013.62888128      0.8275
   2013.62890982      0.8944
   2013.62893836      0.8939
   2013.62896689      0.9298
   2013.62899543      1.0124
   2013.62902397      1.0754
   2013.62905251      1.1494
   2013.62908105      1.2191
   2013.62910959      1.3981
   2013.62913813      1.4620
   2013.62916667      1.5559
   2013.62919521      1.6314
   2013.62922374      1.7071
   2013.62925228      1.9366
   2013.62928082      2.0800
   2013.62930936      2.1120
   2013.62933790      2.1424
   2013.62936644      2.1711
   2013.62939498      2.2451
   2013.62942352      2.3931
   2013.62945205      2.5095
   2013.62948059      2.5322
   2013.62950913      2.4428
   2013.62953767      2.4616
   2013.62956621      2.5633
   2013.62959475      2.6372
   2013.62962329      2.6204
   2013.62965183      2.5463
   2013.62968037      2.5063
   2013.62970890      2.5274
   2013.62973744      2.5669
   2013.62976598      2.5663
   2013.62979452      2.5106
   2013.62982306      2.4299
   2013.62985160      2.3492
   2013.62988014      2.2889
   2013.62990868      2.2375
   2013.62993721      2.1789
   2013.62996575      2.1110
   2013.62999429      2.0139
   2013.63002283      1.9670
   2013.63005137      1.9310
   2013.63007991      1.8923
   2013.63010845      1.8392
   2013.63013699      1.7716
   2013.63016553      1.6948
   2013.63019406      1.6196
   2013.63022260      1.5319
   2013.63025114      1.4625
   2013.63027968      1.3970
   2013.63030822      1.3339
   2013.63033676      1.2714
   2013.63036530      1.2098
   2013.63039384      1.1505
   2013.63042237      1.0941
   2013.63045091      1.0254
   2013.63047945      0.9892
   2013.63050799      0.9419
   2013.63053653      0.8942
   2013.63056507      0.8513
   2013.63059361      0.8084
   2013.63062215      0.7658
   2013.63065068      0.7242
   2013.63067922      0.6842
   2013.63070776      0.6461
   2013.63073630      0.6096
   2013.63076484      0.5741
   2013.63079338      0.5399
   2013.63082192      0.5073
   2013.63085046      0.4762
   2013.63087900      0.4467
   2013.63090753      0.4187
   2013.63093607      0.3921
   2013.63096461      0.3669
   2013.63099315      0.3431
   2013.63102169      0.3207
   2013.63105023      0.2996
   2013.63107877      0.2799
   2013.63110731      0.2615
   2013.63113584      0.2442
   2013.63116438      0.2280
   2013.63119292      0.2128
   2013.63122146      0.1985
   2013.63125000      0.1853
   2013.63127854      0.1730
   2013.63130708      0.1616
   2013.63133562      0.1510
   2013.63136416      0.1412
   2013.63139269      0.1320
   2013.63142123      0.1235
   2013.63144977      0.1156
   2013.63147831      0.1082
   2013.63150685      0.1013
