   2013.62465753      0.0000
   2013.62468607      0.0000
   2013.62471461      0.0000
   2013.62474315      0.0000
   2013.62477169      0.0000
   2013.62480023      0.0003
   2013.62482877      0.0006
   2013.62485731      0.0008
   2013.62488584      0.0025
   2013.62491438      0.0014
   2013.62494292      0.0011
   2013.62497146      0.0010
   2013.62500000      0.0009
   2013.62502854      0.0009
   2013.62505708      0.0009
   2013.62508562      0.0087
   2013.62511416      0.0221
   2013.62514269      0.0338
   2013.62517123      0.0455
   2013.62519977      0.0665
   2013.62522831      0.1073
   2013.62525685      0.1844
   2013.62528539      0.3053
   2013.62531393      0.4894
   2013.62534247      0.6978
   2013.62537100      0.9370
   2013.62539954      1.2648
   2013.62542808      1.6782
   2013.62545662      2.0741
   2013.62548516      2.2905
   2013.62551370      2.3875
   2013.62554224      2.3618
   2013.62557078      2.2376
   2013.62559932      2.1788
   2013.62562785      2.0111
   2013.62565639      1.8460
   2013.62568493      1.6277
   2013.62571347      1.4834
   2013.62574201      1.3467
   2013.62577055      1.2174
   2013.62579909      1.1083
   2013.62582763      1.0073
   2013.62585616      0.9184
   2013.62588470      0.8361
   2013.62591324      0.7587
   2013.62594178      0.6879
   2013.62597032      0.6248
   2013.62599886      0.5685
   2013.62602740      0.5179
   2013.62605594      0.4727
   2013.62608447      0.4322
   2013.62611301      0.3958
   2013.62614155      0.3630
   2013.62617009      0.3333
   2013.62619863      0.3064
   2013.62622717      0.2821
   2013.62625571      0.2600
   2013.62628425      0.2397
   2013.62631279      0.2211
   2013.62634132      0.2041
   2013.62636986      0.1885
   2013.62639840      0.1743
   2013.62642694      0.1613
   2013.62645548      0.1494
   2013.62648402      0.1385
   2013.62651256      0.1286
   2013.62654110      0.1194
   2013.62656963      0.1110
   2013.62659817      0.1032
