   2013.62465753      0.0000
   2013.62468607      0.0000
   2013.62471461      0.0000
   2013.62474315      0.0000
   2013.62477169      0.0000
   2013.62480023      0.0000
   2013.62482877      0.0000
   2013.62485731      0.0000
   2013.62488584      0.0000
   2013.62491438      0.0000
   2013.62494292      0.0000
   2013.62497146      0.0000
   2013.62500000      0.0000
   2013.62502854      0.0000
   2013.62505708      0.0000
   2013.62508562      0.0000
   2013.62511416      0.0000
   2013.62514269      0.0000
   2013.62517123      0.0000
   2013.62519977      0.0000
   2013.62522831      0.0000
   2013.62525685      0.0000
   2013.62528539      0.0000
   2013.62531393      0.0000
   2013.62534247      0.0000
   2013.62537100      0.0000
   2013.62539954      0.0000
   2013.62542808      0.0000
   2013.62545662      0.0000
   2013.62548516      0.0000
   2013.62551370      0.0000
   2013.62554224      0.0000
   2013.62557078      0.0000
   2013.62559932      0.0000
   2013.62562785      0.0000
   2013.62565639      0.0000
   2013.62568493      0.0000
   2013.62571347      0.0000
   2013.62574201      0.0000
   2013.62577055      0.0000
   2013.62579909      0.0000
   2013.62582763      0.0000
   2013.62585616      0.0000
   2013.62588470      0.0000
   2013.62591324      0.0000
   2013.62594178      0.0000
   2013.62597032      0.0000
   2013.62599886      0.0000
   2013.62602740      0.0000
   2013.62605594      0.0006
   2013.62608447      0.0008
   2013.62611301      0.0010
   2013.62614155      0.0014
   2013.62617009      0.0015
   2013.62619863      0.0016
   2013.62622717      0.0016
   2013.62625571      0.0022
   2013.62628425      0.0070
   2013.62631279      0.0351
   2013.62634132      0.0605
   2013.62636986      0.0948
   2013.62639840      0.1500
   2013.62642694      0.2240
   2013.62645548      0.3138
   2013.62648402      0.4539
   2013.62651256      0.6460
   2013.62654110      0.9092
   2013.62656963      1.2527
   2013.62659817      1.7868
   2013.62662671      2.4047
   2013.62665525      3.0194
   2013.62668379      3.4282
   2013.62671233      3.6702
   2013.62674087      3.8707
   2013.62676941      3.9811
   2013.62679795      4.1407
   2013.62682648      4.1200
   2013.62685502      4.1816
   2013.62688356      4.2170
   2013.62691210      4.3071
   2013.62694064      4.2376
   2013.62696918      4.2658
   2013.62699772      4.2783
   2013.62702626      4.3208
   2013.62705479      4.2796
   2013.62708333      4.2767
   2013.62711187      4.2954
   2013.62714041      4.2261
   2013.62716895      4.1597
   2013.62719749      4.0521
   2013.62722603      3.8545
   2013.62725457      3.7144
   2013.62728311      3.7695
   2013.62731164      3.6339
   2013.62734018      3.3063
   2013.62736872      3.1784
   2013.62739726      3.0212
   2013.62742580      2.8464
   2013.62745434      2.6174
   2013.62748288      2.4472
   2013.62751142      2.2925
   2013.62753995      2.1351
   2013.62756849      1.9862
   2013.62759703      1.8571
   2013.62762557      1.7086
   2013.62765411      1.5924
   2013.62768265      1.4853
   2013.62771119      1.3862
   2013.62773973      1.2934
   2013.62776826      1.2058
   2013.62779680      1.1448
   2013.62782534      1.0614
   2013.62785388      0.9710
   2013.62788242      0.9293
   2013.62791096      0.8747
   2013.62793950      0.8206
   2013.62796804      0.7697
   2013.62799658      0.7221
   2013.62802511      0.6787
   2013.62805365      0.6397
   2013.62808219      0.6043
   2013.62811073      0.5718
   2013.62813927      0.5417
   2013.62816781      0.5139
   2013.62819635      0.4881
   2013.62822489      0.4639
   2013.62825342      0.4413
   2013.62828196      0.4200
   2013.62831050      0.4014
   2013.62833904      0.3827
   2013.62836758      0.3649
   2013.62839612      0.3483
   2013.62842466      0.3357
   2013.62845320      0.3207
   2013.62848174      0.3069
   2013.62851027      0.2940
   2013.62853881      0.2820
   2013.62856735      0.2745
   2013.62859589      0.2645
   2013.62862443      0.2547
   2013.62865297      0.2456
   2013.62868151      0.2442
   2013.62871005      0.2376
   2013.62873858      0.2299
   2013.62876712      0.2227
   2013.62879566      0.2173
   2013.62882420      0.2158
   2013.62885274      0.2151
   2013.62888128      0.2135
   2013.62890982      0.2114
   2013.62893836      0.2099
   2013.62896689      0.2113
   2013.62899543      0.2155
   2013.62902397      0.2205
   2013.62905251      0.2247
   2013.62908105      0.2295
   2013.62910959      0.2377
   2013.62913813      0.2489
   2013.62916667      0.2608
   2013.62919521      0.2724
   2013.62922374      0.2858
   2013.62925228      0.3048
   2013.62928082      0.3384
   2013.62930936      0.3705
   2013.62933790      0.4072
   2013.62936644      0.4461
   2013.62939498      0.4862
   2013.62942352      0.5509
   2013.62945205      0.6222
   2013.62948059      0.7026
   2013.62950913      0.7959
   2013.62953767      0.8965
   2013.62956621      0.9972
   2013.62959475      1.0994
   2013.62962329      1.1955
   2013.62965183      1.2679
   2013.62968037      1.3175
   2013.62970890      1.3592
   2013.62973744      1.3965
   2013.62976598      1.4234
   2013.62979452      1.4352
   2013.62982306      1.4369
   2013.62985160      1.4365
   2013.62988014      1.4359
   2013.62990868      1.4319
   2013.62993721      1.4211
   2013.62996575      1.4046
   2013.62999429      1.3858
   2013.63002283      1.3661
   2013.63005137      1.3446
   2013.63007991      1.3201
   2013.63010845      1.2928
   2013.63013699      1.2607
   2013.63016553      1.2241
   2013.63019406      1.1965
   2013.63022260      1.1671
   2013.63025114      1.1370
   2013.63027968      1.1044
   2013.63030822      1.0579
   2013.63033676      1.0661
   2013.63036530      1.0051
   2013.63039384      0.9653
   2013.63042237      0.9327
   2013.63045091      0.8906
   2013.63047945      0.8644
   2013.63050799      0.8320
   2013.63053653      0.7988
   2013.63056507      0.7649
   2013.63059361      0.7314
   2013.63062215      0.6993
   2013.63065068      0.6689
   2013.63067922      0.6400
   2013.63070776      0.6122
   2013.63073630      0.5851
   2013.63076484      0.5590
   2013.63079338      0.5339
   2013.63082192      0.5099
   2013.63085046      0.4871
   2013.63087900      0.4653
   2013.63090753      0.4445
   2013.63093607      0.4247
   2013.63096461      0.4056
   2013.63099315      0.3873
   2013.63102169      0.3699
   2013.63105023      0.3533
   2013.63107877      0.3375
   2013.63110731      0.3225
   2013.63113584      0.3083
   2013.63116438      0.2948
   2013.63119292      0.2820
   2013.63122146      0.2698
   2013.63125000      0.2583
   2013.63127854      0.2474
   2013.63130708      0.2370
   2013.63133562      0.2270
   2013.63136416      0.2174
   2013.63139269      0.2083
   2013.63142123      0.1997
   2013.63144977      0.1915
   2013.63147831      0.1837
   2013.63150685      0.1763
   2013.63153539      0.1693
   2013.63156393      0.1626
   2013.63159247      0.1562
   2013.63162100      0.1502
   2013.63164954      0.1444
   2013.63167808      0.1389
   2013.63170662      0.1337
   2013.63173516      0.1287
   2013.63176370      0.1240
   2013.63179224      0.1194
   2013.63182078      0.1151
   2013.63184932      0.1110
   2013.63187785      0.1071
   2013.63190639      0.1034
