   2013.62465753      0.0000
   2013.62468607      0.0000
   2013.62471461      0.0000
   2013.62474315      0.0000
   2013.62477169      0.0000
   2013.62480023      0.0000
   2013.62482877      0.0000
   2013.62485731      0.0000
   2013.62488584      0.0000
   2013.62491438      0.0000
   2013.62494292      0.0000
   2013.62497146      0.0000
   2013.62500000      0.0000
   2013.62502854      0.0000
   2013.62505708      0.0000
   2013.62508562      0.0000
   2013.62511416      0.0000
   2013.62514269      0.0000
   2013.62517123      0.0000
   2013.62519977      0.0000
   2013.62522831      0.0000
   2013.62525685      0.0000
   2013.62528539      0.0000
   2013.62531393      0.0000
   2013.62534247      0.0000
   2013.62537100      0.0000
   2013.62539954      0.0000
   2013.62542808      0.0000
   2013.62545662      0.0000
   2013.62548516      0.0000
   2013.62551370      0.0000
   2013.62554224      0.0000
   2013.62557078      0.0000
   2013.62559932      0.0000
   2013.62562785      0.0000
   2013.62565639      0.0000
   2013.62568493      0.0000
   2013.62571347      0.0000
   2013.62574201      0.0000
   2013.62577055      0.0000
   2013.62579909      0.0000
   2013.62582763      0.0971
   2013.62585616      0.1605
   2013.62588470      0.3696
   2013.62591324      0.9277
   2013.62594178      1.8634
   2013.62597032      3.2471
   2013.62599886      6.0011
   2013.62602740      9.4958
   2013.62605594     10.9748
   2013.62608447     10.7225
   2013.62611301      9.8802
   2013.62614155      8.9514
   2013.62617009      8.2392
   2013.62619863      7.4473
   2013.62622717      6.8292
   2013.62625571      6.3121
   2013.62628425      5.9278
   2013.62631279      5.6492
   2013.62634132      5.4490
   2013.62636986      5.3101
   2013.62639840      5.2203
   2013.62642694      5.1686
   2013.62645548      5.1455
   2013.62648402      5.1426
   2013.62651256      5.1528
   2013.62654110      5.1708
   2013.62656963      5.1930
   2013.62659817      5.2168
   2013.62662671      5.2407
   2013.62665525      5.2634
   2013.62668379      5.2196
   2013.62671233      5.1837
   2013.62674087      5.0376
   2013.62676941      5.1586
   2013.62679795      4.8098
   2013.62682648      4.3047
   2013.62685502      4.3752
   2013.62688356      3.9230
   2013.62691210      3.4546
   2013.62694064      3.1593
   2013.62696918      2.9119
   2013.62699772      2.6564
   2013.62702626      2.5024
   2013.62705479      2.2384
   2013.62708333      2.0205
   2013.62711187      1.7568
   2013.62714041      1.5897
   2013.62716895      1.4333
   2013.62719749      1.3457
   2013.62722603      1.1651
   2013.62725457      1.0553
   2013.62728311      0.9577
   2013.62731164      0.8704
   2013.62734018      0.7890
   2013.62736872      0.7141
   2013.62739726      0.6473
   2013.62742580      0.5883
   2013.62745434      0.5355
   2013.62748288      0.4883
   2013.62751142      0.4463
   2013.62753995      0.4086
   2013.62756849      0.3748
   2013.62759703      0.3442
   2013.62762557      0.3165
   2013.62765411      0.2915
   2013.62768265      0.2688
   2013.62771119      0.2481
   2013.62773973      0.2291
   2013.62776826      0.2116
   2013.62779680      0.1957
   2013.62782534      0.1811
   2013.62785388      0.1678
   2013.62788242      0.1556
   2013.62791096      0.1445
   2013.62793950      0.1342
   2013.62796804      0.1248
   2013.62799658      0.1161
   2013.62802511      0.1081
   2013.62805365      0.1007
