   2013.62465753      0.0000
   2013.62468607      0.0000
   2013.62471461      0.0000
   2013.62474315      0.0000
   2013.62477169      0.0000
   2013.62480023      0.0000
   2013.62482877      0.0000
   2013.62485731      0.0000
   2013.62488584      0.0000
   2013.62491438      0.0000
   2013.62494292      0.0000
   2013.62497146      0.0000
   2013.62500000      0.0000
   2013.62502854      0.0000
   2013.62505708      0.0000
   2013.62508562      0.0000
   2013.62511416      0.0000
   2013.62514269      0.0000
   2013.62517123      0.0000
   2013.62519977      0.0000
   2013.62522831      0.0000
   2013.62525685      0.0000
   2013.62528539      0.0000
   2013.62531393      0.0000
   2013.62534247      0.0000
   2013.62537100      0.0000
   2013.62539954      0.0000
   2013.62542808      0.0000
   2013.62545662      0.0000
   2013.62548516      0.0000
   2013.62551370      0.0000
   2013.62554224      0.0000
   2013.62557078      0.0000
   2013.62559932      0.0000
   2013.62562785      0.0000
   2013.62565639      0.0000
   2013.62568493      0.0000
   2013.62571347      0.0000
   2013.62574201      0.0000
   2013.62577055      0.0000
   2013.62579909      0.0000
   2013.62582763      0.0000
   2013.62585616      0.0000
   2013.62588470      0.0000
   2013.62591324      0.0000
   2013.62594178      0.0000
   2013.62597032      0.0000
   2013.62599886      0.0000
   2013.62602740      0.0000
   2013.62605594      0.0019
   2013.62608447      0.0034
   2013.62611301      0.0046
   2013.62614155      0.0064
   2013.62617009      0.0470
   2013.62619863      0.1035
   2013.62622717      0.2096
   2013.62625571      0.3949
   2013.62628425      0.7084
   2013.62631279      1.1569
   2013.62634132      1.7434
   2013.62636986      2.5354
   2013.62639840      3.6126
   2013.62642694      4.8788
   2013.62645548      5.6273
   2013.62648402      5.8751
   2013.62651256      5.9490
   2013.62654110      5.5192
   2013.62656963      4.8137
   2013.62659817      4.0719
   2013.62662671      4.2047
   2013.62665525      3.5906
   2013.62668379      3.2953
   2013.62671233      2.9842
   2013.62674087      2.8019
   2013.62676941      2.5767
   2013.62679795      2.3260
   2013.62682648      2.2428
   2013.62685502      2.0873
   2013.62688356      1.9675
   2013.62691210      1.8541
   2013.62694064      1.7807
   2013.62696918      1.7041
   2013.62699772      1.6365
   2013.62702626      1.5775
   2013.62705479      1.5393
   2013.62708333      1.4968
   2013.62711187      1.4587
   2013.62714041      1.4247
   2013.62716895      1.4031
   2013.62719749      1.3745
   2013.62722603      1.3500
   2013.62725457      1.3233
   2013.62728311      1.3033
   2013.62731164      1.2760
   2013.62734018      1.2528
   2013.62736872      1.2187
   2013.62739726      1.1909
   2013.62742580      1.1652
   2013.62745434      1.1374
   2013.62748288      1.0853
   2013.62751142      1.0673
   2013.62753995      1.0677
   2013.62756849      1.0086
   2013.62759703      0.9724
   2013.62762557      0.9394
   2013.62765411      0.8972
   2013.62768265      0.8703
   2013.62771119      0.8375
   2013.62773973      0.8040
   2013.62776826      0.7703
   2013.62779680      0.7375
   2013.62782534      0.7066
   2013.62785388      0.6775
   2013.62788242      0.6497
   2013.62791096      0.6231
   2013.62793950      0.5973
   2013.62796804      0.5721
   2013.62799658      0.5479
   2013.62802511      0.5247
   2013.62805365      0.5026
   2013.62808219      0.4814
   2013.62811073      0.4612
   2013.62813927      0.4418
   2013.62816781      0.4231
   2013.62819635      0.4052
   2013.62822489      0.3880
   2013.62825342      0.3715
   2013.62828196      0.3558
   2013.62831050      0.3408
   2013.62833904      0.3265
   2013.62836758      0.3129
   2013.62839612      0.3000
   2013.62842466      0.2887
   2013.62845320      0.2772
   2013.62848174      0.2661
   2013.62851027      0.2555
   2013.62853881      0.2483
   2013.62856735      0.2392
   2013.62859589      0.2300
   2013.62862443      0.2213
   2013.62865297      0.2175
   2013.62868151      0.2107
   2013.62871005      0.2036
   2013.62873858      0.1970
   2013.62876712      0.1968
   2013.62879566      0.1926
   2013.62882420      0.1878
   2013.62885274      0.1836
   2013.62888128      0.1866
   2013.62890982      0.1851
   2013.62893836      0.1832
   2013.62896689      0.1818
   2013.62899543      0.1897
   2013.62902397      0.1919
   2013.62905251      0.1936
   2013.62908105      0.1959
   2013.62910959      0.2090
   2013.62913813      0.2156
   2013.62916667      0.2213
   2013.62919521      0.2281
   2013.62922374      0.2478
   2013.62925228      0.2608
   2013.62928082      0.2733
   2013.62930936      0.2877
   2013.62933790      0.3177
   2013.62936644      0.3513
   2013.62939498      0.3779
   2013.62942352      0.4113
   2013.62945205      0.4541
   2013.62948059      0.4988
   2013.62950913      0.5573
   2013.62953767      0.6259
   2013.62956621      0.7165
   2013.62959475      0.8031
   2013.62962329      0.8872
   2013.62965183      0.9676
   2013.62968037      1.0568
   2013.62970890      1.1297
   2013.62973744      1.1861
   2013.62976598      1.2253
   2013.62979452      1.2647
   2013.62982306      1.2886
   2013.62985160      1.3011
   2013.62988014      1.3060
   2013.62990868      1.3148
   2013.62993721      1.3093
   2013.62996575      1.3019
   2013.62999429      1.2887
   2013.63002283      1.2785
   2013.63005137      1.2583
   2013.63007991      1.2403
   2013.63010845      1.2098
   2013.63013699      1.1851
   2013.63016553      1.1612
   2013.63019406      1.1348
   2013.63022260      1.0837
   2013.63025114      1.0646
   2013.63027968      1.0641
   2013.63030822      1.0052
   2013.63033676      0.9693
   2013.63036530      0.9361
   2013.63039384      0.8948
   2013.63042237      0.8661
   2013.63045091      0.8325
   2013.63047945      0.7987
   2013.63050799      0.7647
   2013.63053653      0.7319
   2013.63056507      0.7009
   2013.63059361      0.6717
   2013.63062215      0.6438
   2013.63065068      0.6171
   2013.63067922      0.5911
   2013.63070776      0.5659
   2013.63073630      0.5417
   2013.63076484      0.5186
   2013.63079338      0.4965
   2013.63082192      0.4754
   2013.63085046      0.4552
   2013.63087900      0.4359
   2013.63090753      0.4173
   2013.63093607      0.3994
   2013.63096461      0.3823
   2013.63099315      0.3659
   2013.63102169      0.3503
   2013.63105023      0.3354
   2013.63107877      0.3212
   2013.63110731      0.3077
   2013.63113584      0.2949
   2013.63116438      0.2827
   2013.63119292      0.2711
   2013.63122146      0.2601
   2013.63125000      0.2496
   2013.63127854      0.2396
   2013.63130708      0.2299
   2013.63133562      0.2207
   2013.63136416      0.2118
   2013.63139269      0.2034
   2013.63142123      0.1955
   2013.63144977      0.1879
   2013.63147831      0.1807
   2013.63150685      0.1738
   2013.63153539      0.1673
   2013.63156393      0.1611
   2013.63159247      0.1551
   2013.63162100      0.1494
   2013.63164954      0.1440
   2013.63167808      0.1388
   2013.63170662      0.1339
   2013.63173516      0.1292
   2013.63176370      0.1247
   2013.63179224      0.1205
   2013.63182078      0.1164
   2013.63184932      0.1125
   2013.63187785      0.1088
   2013.63190639      0.1052
   2013.63193493      0.1018
