   2013.62465753      0.0000
   2013.62468607      0.0000
   2013.62471461      0.0004
   2013.62474315      0.0010
   2013.62477169      0.0016
   2013.62480023      0.0028
   2013.62482877      0.0035
   2013.62485731      0.0017
   2013.62488584      0.0039
   2013.62491438      0.0168
   2013.62494292      0.0299
   2013.62497146      0.0371
   2013.62500000      0.0409
   2013.62502854      0.0450
   2013.62505708      0.0545
   2013.62508562      0.0778
   2013.62511416      0.1153
   2013.62514269      0.1667
   2013.62517123      0.2317
   2013.62519977      0.3096
   2013.62522831      0.4027
   2013.62525685      0.4760
   2013.62528539      0.5273
   2013.62531393      0.5895
   2013.62534247      0.7069
   2013.62537100      0.9096
   2013.62539954      1.1647
   2013.62542808      1.3414
   2013.62545662      1.4103
   2013.62548516      1.4120
   2013.62551370      1.3781
   2013.62554224      1.3345
   2013.62557078      1.2864
   2013.62559932      1.2553
   2013.62562785      1.2352
   2013.62565639      1.2203
   2013.62568493      1.2010
   2013.62571347      1.1705
   2013.62574201      1.1272
   2013.62577055      1.0707
   2013.62579909      1.0137
   2013.62582763      0.9496
   2013.62585616      0.8881
   2013.62588470      0.8267
   2013.62591324      0.7661
   2013.62594178      0.7087
   2013.62597032      0.6560
   2013.62599886      0.6083
   2013.62602740      0.5646
   2013.62605594      0.5244
   2013.62608447      0.4877
   2013.62611301      0.4539
   2013.62614155      0.4227
   2013.62617009      0.3937
   2013.62619863      0.3667
   2013.62622717      0.3414
   2013.62625571      0.3179
   2013.62628425      0.2959
   2013.62631279      0.2755
   2013.62634132      0.2565
   2013.62636986      0.2387
   2013.62639840      0.2221
   2013.62642694      0.2065
   2013.62645548      0.1921
   2013.62648402      0.1787
   2013.62651256      0.1664
   2013.62654110      0.1549
   2013.62656963      0.1444
   2013.62659817      0.1346
   2013.62662671      0.1255
   2013.62665525      0.1171
   2013.62668379      0.1093
   2013.62671233      0.1020
   2013.62674087      0.0953
   2013.62676941      0.0891
   2013.62679795      0.0833
