   2013.62465753      0.0000
   2013.62468607      0.0000
   2013.62471461      0.0000
   2013.62474315      0.0000
   2013.62477169      0.0000
   2013.62480023      0.0000
   2013.62482877      0.0000
   2013.62485731      0.0000
   2013.62488584      0.0000
   2013.62491438      0.0000
   2013.62494292      0.0000
   2013.62497146      0.0000
   2013.62500000      0.0000
   2013.62502854      0.0000
   2013.62505708      0.0000
   2013.62508562      0.0000
   2013.62511416      0.0000
   2013.62514269      0.0000
   2013.62517123      0.0000
   2013.62519977      0.0000
   2013.62522831      0.0000
   2013.62525685      0.0000
   2013.62528539      0.0000
   2013.62531393      0.0000
   2013.62534247      0.0000
   2013.62537100      0.0000
   2013.62539954      0.0000
   2013.62542808      0.0000
   2013.62545662      0.0000
   2013.62548516      0.0000
   2013.62551370      0.0000
   2013.62554224      0.0000
   2013.62557078      0.0000
   2013.62559932      0.0000
   2013.62562785      0.0000
   2013.62565639      0.0000
   2013.62568493      0.0000
   2013.62571347      0.0000
   2013.62574201      0.0000
   2013.62577055      0.0000
   2013.62579909      0.0000
   2013.62582763      0.0000
   2013.62585616      0.0000
   2013.62588470      0.0000
   2013.62591324      0.0000
   2013.62594178      0.0000
   2013.62597032      0.0000
   2013.62599886      0.0000
   2013.62602740      0.0000
   2013.62605594      0.0000
   2013.62608447      0.0000
   2013.62611301      0.0000
   2013.62614155      0.0000
   2013.62617009      0.0000
   2013.62619863      0.0000
   2013.62622717      0.0000
   2013.62625571      0.0000
   2013.62628425      0.0000
   2013.62631279      0.0000
   2013.62634132      0.0000
   2013.62636986      0.0000
   2013.62639840      0.0000
   2013.62642694      0.0000
   2013.62645548      0.0000
   2013.62648402      0.0000
   2013.62651256      0.3348
   2013.62654110      1.1607
   2013.62656963      4.4894
   2013.62659817     12.0917
   2013.62662671     28.4174
   2013.62665525     31.1726
   2013.62668379     26.5822
   2013.62671233     21.1719
   2013.62674087     17.1479
   2013.62676941     14.4157
   2013.62679795     12.1835
   2013.62682648     10.5444
   2013.62685502      9.5111
   2013.62688356      8.3734
   2013.62691210      7.7717
   2013.62694064      7.1814
   2013.62696918      6.7155
   2013.62699772      6.3290
   2013.62702626      6.0265
   2013.62705479      5.8044
   2013.62708333      5.6345
   2013.62711187      5.5080
   2013.62714041      5.4189
   2013.62716895      5.3602
   2013.62719749      5.3254
   2013.62722603      5.3092
   2013.62725457      5.3065
   2013.62728311      5.3131
   2013.62731164      5.3254
   2013.62734018      5.3409
   2013.62736872      5.3580
   2013.62739726      5.3756
   2013.62742580      5.3932
   2013.62745434      5.4101
   2013.62748288      5.4263
   2013.62751142      5.4411
   2013.62753995      5.3888
   2013.62756849      5.3601
   2013.62759703      5.1889
   2013.62762557      4.9763
   2013.62765411      4.5629
   2013.62768265      4.3884
   2013.62771119      4.1223
   2013.62773973      4.0270
   2013.62776826      3.5146
   2013.62779680      3.2094
   2013.62782534      2.9726
   2013.62785388      2.7107
   2013.62788242      2.5700
   2013.62791096      2.2809
   2013.62793950      2.0566
   2013.62796804      1.7836
   2013.62799658      1.6156
   2013.62802511      1.4561
   2013.62805365      1.3726
   2013.62808219      1.1821
   2013.62811073      1.0703
   2013.62813927      0.9706
   2013.62816781      0.8821
   2013.62819635      0.7998
   2013.62822489      0.7237
   2013.62825342      0.6557
   2013.62828196      0.5956
   2013.62831050      0.5419
   2013.62833904      0.4938
   2013.62836758      0.4510
   2013.62839612      0.4127
   2013.62842466      0.3782
   2013.62845320      0.3470
   2013.62848174      0.3188
   2013.62851027      0.2933
   2013.62853881      0.2702
   2013.62856735      0.2491
   2013.62859589      0.2297
   2013.62862443      0.2119
   2013.62865297      0.1956
   2013.62868151      0.1808
   2013.62871005      0.1672
   2013.62873858      0.1547
   2013.62876712      0.1434
   2013.62879566      0.1329
   2013.62882420      0.1233
   2013.62885274      0.1145
   2013.62888128      0.1063
