   2013.62465753      0.0000
   2013.62468607      0.0000
   2013.62471461      0.0000
   2013.62474315      0.0000
   2013.62477169      0.0000
   2013.62480023      0.0000
   2013.62482877      0.0000
   2013.62485731      0.0000
   2013.62488584      0.0000
   2013.62491438      0.0000
   2013.62494292      0.0000
   2013.62497146      0.0000
   2013.62500000      0.0000
   2013.62502854      0.0000
   2013.62505708      0.0000
   2013.62508562      0.0000
   2013.62511416      0.0000
   2013.62514269      0.0000
   2013.62517123      0.0000
   2013.62519977      0.0000
   2013.62522831      0.0000
   2013.62525685      0.0000
   2013.62528539      0.0000
   2013.62531393      0.0000
   2013.62534247      0.0000
   2013.62537100      0.0000
   2013.62539954      0.0000
   2013.62542808      0.0000
   2013.62545662      0.0000
   2013.62548516      0.0429
   2013.62551370      0.1104
   2013.62554224      0.2264
   2013.62557078      0.5557
   2013.62559932      1.2528
   2013.62562785      2.3750
   2013.62565639      4.1685
   2013.62568493      7.2608
   2013.62571347     10.9979
   2013.62574201     13.1511
   2013.62577055     14.0936
   2013.62579909     14.8194
   2013.62582763     14.6813
   2013.62585616     14.8800
   2013.62588470     15.0121
   2013.62591324     15.5724
   2013.62594178     15.4610
   2013.62597032     15.7682
   2013.62599886     15.4897
   2013.62602740     15.1248
   2013.62605594     14.4884
   2013.62608447     13.7804
   2013.62611301     13.0220
   2013.62614155     11.2993
   2013.62617009     11.0379
   2013.62619863     10.0892
   2013.62622717      9.1725
   2013.62625571      8.1754
   2013.62628425      7.9672
   2013.62631279      7.4431
   2013.62634132      7.0771
   2013.62636986      6.5100
   2013.62639840      6.6927
   2013.62642694      6.7225
   2013.62645548      6.8034
   2013.62648402      6.8013
   2013.62651256      7.2373
   2013.62654110      7.4807
   2013.62656963      7.8216
   2013.62659817      7.7844
   2013.62662671      8.2858
   2013.62665525      8.4410
   2013.62668379      8.4307
   2013.62671233      8.3964
   2013.62674087      8.8136
   2013.62676941      8.8938
   2013.62679795      8.8327
   2013.62682648      8.6233
   2013.62685502      8.9313
   2013.62688356      9.1019
   2013.62691210      8.8326
   2013.62694064      8.5588
   2013.62696918      8.8236
   2013.62699772      8.7615
   2013.62702626      8.6160
   2013.62705479      8.2680
   2013.62708333      8.4604
   2013.62711187      8.2537
   2013.62714041      8.3247
   2013.62716895      7.7212
   2013.62719749      7.8792
   2013.62722603      7.7351
   2013.62725457      7.4392
   2013.62728311      6.9568
   2013.62731164      7.5020
   2013.62734018      6.9679
   2013.62736872      6.6883
   2013.62739726      6.5596
   2013.62742580      6.5804
   2013.62745434      6.1819
   2013.62748288      6.1293
   2013.62751142      5.5972
   2013.62753995      5.6155
   2013.62756849      5.4465
   2013.62759703      5.3200
   2013.62762557      4.9162
   2013.62765411      4.9364
   2013.62768265      4.8364
   2013.62771119      4.6294
   2013.62773973      4.2252
   2013.62776826      4.3014
   2013.62779680      4.1911
   2013.62782534      3.9587
   2013.62785388      3.7428
   2013.62788242      3.7515
   2013.62791096      3.6207
   2013.62793950      3.6596
   2013.62796804      3.2300
   2013.62799658      3.3160
   2013.62802511      3.4868
   2013.62805365      3.0893
   2013.62808219      2.9590
   2013.62811073      2.9640
   2013.62813927      2.9225
   2013.62816781      2.8141
   2013.62819635      2.8229
   2013.62822489      2.8117
   2013.62825342      2.7333
   2013.62828196      2.6578
   2013.62831050      2.7047
   2013.62833904      2.7151
   2013.62836758      2.6925
   2013.62839612      2.6375
   2013.62842466      2.7312
   2013.62845320      2.7780
   2013.62848174      2.7462
   2013.62851027      2.7788
   2013.62853881      2.9213
   2013.62856735      3.0317
   2013.62859589      3.0437
   2013.62862443      3.1175
   2013.62865297      3.1879
   2013.62868151      3.5002
   2013.62871005      3.5443
   2013.62873858      3.7583
   2013.62876712      3.8041
   2013.62879566      4.2585
   2013.62882420      4.3217
   2013.62885274      4.6392
   2013.62888128      4.6126
   2013.62890982      5.0453
   2013.62893836      5.2557
   2013.62896689      5.5106
   2013.62899543      5.5448
   2013.62902397      6.0274
   2013.62905251      6.2955
   2013.62908105      6.5452
   2013.62910959      6.6027
   2013.62913813      7.0342
   2013.62916667      7.3894
   2013.62919521      7.5087
   2013.62922374      7.4921
   2013.62925228      7.9389
   2013.62928082      8.1822
   2013.62930936      8.3044
   2013.62933790      8.4196
   2013.62936644      8.6590
   2013.62939498      8.9966
   2013.62942352      8.8060
   2013.62945205      8.8804
   2013.62948059      9.0457
   2013.62950913      9.3824
   2013.62953767      9.0283
   2013.62956621      8.8329
   2013.62959475      9.1473
   2013.62962329      9.3455
   2013.62965183      8.9876
   2013.62968037      8.7418
   2013.62970890      8.9997
   2013.62973744      9.1049
   2013.62976598      8.7197
   2013.62979452      8.4071
   2013.62982306      8.6183
   2013.62985160      8.4108
   2013.62988014      8.2189
   2013.62990868      7.8646
   2013.62993721      8.0470
   2013.62996575      7.8922
   2013.62999429      7.5756
   2013.63002283      7.1258
   2013.63005137      7.2916
   2013.63007991      7.1039
   2013.63010845      6.8211
   2013.63013699      6.5014
   2013.63016553      6.7218
   2013.63019406      6.3086
   2013.63022260      6.2764
   2013.63025114      5.9012
   2013.63027968      5.5616
   2013.63030822      5.5076
   2013.63033676      5.1197
   2013.63036530      4.4960
   2013.63039384      4.1026
   2013.63042237      4.0151
   2013.63045091      3.5070
   2013.63047945      3.1897
   2013.63050799      2.9321
   2013.63053653      2.6694
   2013.63056507      2.5307
   2013.63059361      2.2488
   2013.63062215      1.9458
   2013.63065068      1.7687
   2013.63067922      1.6004
   2013.63070776      1.4452
   2013.63073630      1.3654
   2013.63076484      1.1794
   2013.63079338      1.0713
   2013.63082192      0.9741
   2013.63085046      0.8878
   2013.63087900      0.8072
   2013.63090753      0.7325
   2013.63093607      0.6654
   2013.63096461      0.6062
   2013.63099315      0.5533
   2013.63102169      0.5059
   2013.63105023      0.4636
   2013.63107877      0.4256
   2013.63110731      0.3914
   2013.63113584      0.3605
   2013.63116438      0.3325
   2013.63119292      0.3070
   2013.63122146      0.2839
   2013.63125000      0.2628
   2013.63127854      0.2435
   2013.63130708      0.2257
   2013.63133562      0.2093
   2013.63136416      0.1942
   2013.63139269      0.1804
   2013.63142123      0.1678
   2013.63144977      0.1562
   2013.63147831      0.1455
   2013.63150685      0.1357
   2013.63153539      0.1266
   2013.63156393      0.1182
   2013.63159247      0.1105
   2013.63162100      0.1033
