   2013.62465753      0.0000
   2013.62468607      0.0000
   2013.62471461      0.0000
   2013.62474315      0.0000
   2013.62477169      0.0000
   2013.62480023      0.0000
   2013.62482877      0.0000
   2013.62485731      0.0000
   2013.62488584      0.0000
   2013.62491438      0.0000
   2013.62494292      0.0000
   2013.62497146      0.0000
   2013.62500000      0.0000
   2013.62502854      0.0000
   2013.62505708      0.0000
   2013.62508562      0.0000
   2013.62511416      0.0000
   2013.62514269      0.0000
   2013.62517123      0.0000
   2013.62519977      0.0000
   2013.62522831      0.0000
   2013.62525685      0.0000
   2013.62528539      0.0000
   2013.62531393      0.0000
   2013.62534247      0.0000
   2013.62537100      0.0011
   2013.62539954      0.0013
   2013.62542808      0.0017
   2013.62545662      0.0023
   2013.62548516      0.0026
   2013.62551370      0.0029
   2013.62554224      0.0188
   2013.62557078      0.0563
   2013.62559932      0.0929
   2013.62562785      0.1583
   2013.62565639      0.2641
   2013.62568493      0.4185
   2013.62571347      0.6686
   2013.62574201      1.0293
   2013.62577055      1.5226
   2013.62579909      2.2429
   2013.62582763      3.2010
   2013.62585616      4.2687
   2013.62588470      5.0080
   2013.62591324      5.7821
   2013.62594178      6.0148
   2013.62597032      6.2836
   2013.62599886      6.4733
   2013.62602740      6.6791
   2013.62605594      6.7419
   2013.62608447      6.8908
   2013.62611301      7.0029
   2013.62614155      7.0865
   2013.62617009      7.1352
   2013.62619863      7.1995
   2013.62622717      7.0341
   2013.62625571      6.6675
   2013.62628425      6.9569
   2013.62631279      6.3814
   2013.62634132      6.0020
   2013.62636986      5.7396
   2013.62639840      5.8218
   2013.62642694      5.2851
   2013.62645548      4.6533
   2013.62648402      4.0215
   2013.62651256      3.9373
   2013.62654110      3.6088
   2013.62656963      3.3387
   2013.62659817      3.0871
   2013.62662671      2.9007
   2013.62665525      2.6844
   2013.62668379      2.4234
   2013.62671233      2.3254
   2013.62674087      2.2191
   2013.62676941      2.0891
   2013.62679795      1.9651
   2013.62682648      1.9176
   2013.62685502      1.8499
   2013.62688356      1.7820
   2013.62691210      1.7167
   2013.62694064      1.7097
   2013.62696918      1.6846
   2013.62699772      1.6563
   2013.62702626      1.6260
   2013.62705479      1.6399
   2013.62708333      1.6333
   2013.62711187      1.6218
   2013.62714041      1.5980
   2013.62716895      1.6121
   2013.62719749      1.5975
   2013.62722603      1.5808
   2013.62725457      1.5487
   2013.62728311      1.5221
   2013.62731164      1.5191
   2013.62734018      1.4920
   2013.62736872      1.4557
   2013.62739726      1.3160
   2013.62742580      1.3923
   2013.62745434      1.4070
   2013.62748288      1.3049
   2013.62751142      1.1747
   2013.62753995      1.2697
   2013.62756849      1.1960
   2013.62759703      1.1496
   2013.62762557      1.1028
   2013.62765411      1.1027
   2013.62768265      1.0295
   2013.62771119      0.9843
   2013.62773973      0.9320
   2013.62776826      0.9059
   2013.62779680      0.8662
   2013.62782534      0.8252
   2013.62785388      0.7935
   2013.62788242      0.7553
   2013.62791096      0.7159
   2013.62793950      0.6795
   2013.62796804      0.6543
   2013.62799658      0.6232
   2013.62802511      0.5911
   2013.62805365      0.5607
   2013.62808219      0.5406
   2013.62811073      0.5142
   2013.62813927      0.4873
   2013.62816781      0.4619
   2013.62819635      0.4476
   2013.62822489      0.4264
   2013.62825342      0.4040
   2013.62828196      0.3826
   2013.62831050      0.3727
   2013.62833904      0.3557
   2013.62836758      0.3373
   2013.62839612      0.3197
   2013.62842466      0.3150
   2013.62845320      0.3020
   2013.62848174      0.2875
   2013.62851027      0.2734
   2013.62853881      0.2733
   2013.62856735      0.2640
   2013.62859589      0.2526
   2013.62862443      0.2415
   2013.62865297      0.2460
   2013.62868151      0.2399
   2013.62871005      0.2317
   2013.62873858      0.2240
   2013.62876712      0.2336
   2013.62879566      0.2316
   2013.62882420      0.2273
   2013.62885274      0.2236
   2013.62888128      0.2395
   2013.62890982      0.2426
   2013.62893836      0.2429
   2013.62896689      0.2442
   2013.62899543      0.2688
   2013.62902397      0.2791
   2013.62905251      0.2864
   2013.62908105      0.2956
   2013.62910959      0.3325
   2013.62913813      0.3549
   2013.62916667      0.3851
   2013.62919521      0.4064
   2013.62922374      0.4506
   2013.62925228      0.5229
   2013.62928082      0.5611
   2013.62930936      0.6238
   2013.62933790      0.7250
   2013.62936644      0.8125
   2013.62939498      0.9035
   2013.62942352      0.9952
   2013.62945205      1.1286
   2013.62948059      1.2445
   2013.62950913      1.3436
   2013.62953767      1.4139
   2013.62956621      1.5176
   2013.62959475      1.5835
   2013.62962329      1.6255
   2013.62965183      1.6478
   2013.62968037      1.7109
   2013.62970890      1.7406
   2013.62973744      1.7514
   2013.62976598      1.7491
   2013.62979452      1.7850
   2013.62982306      1.7893
   2013.62985160      1.7818
   2013.62988014      1.7567
   2013.62990868      1.7351
   2013.62993721      1.7529
   2013.62996575      1.7306
   2013.62999429      1.6914
   2013.63002283      1.6585
   2013.63005137      1.6535
   2013.63007991      1.6212
   2013.63010845      1.5792
   2013.63013699      1.5313
   2013.63016553      1.5120
   2013.63019406      1.4738
   2013.63022260      1.4366
   2013.63025114      1.3554
   2013.63027968      1.3082
   2013.63030822      1.2584
   2013.63033676      1.2042
   2013.63036530      1.1288
   2013.63039384      1.1060
   2013.63042237      1.0278
   2013.63045091      0.9383
   2013.63047945      0.9116
   2013.63050799      0.8632
   2013.63053653      0.8122
   2013.63056507      0.7624
   2013.63059361      0.7138
   2013.63062215      0.6677
   2013.63065068      0.6249
   2013.63067922      0.5849
   2013.63070776      0.5475
   2013.63073630      0.5126
   2013.63076484      0.4800
   2013.63079338      0.4496
   2013.63082192      0.4211
   2013.63085046      0.3944
   2013.63087900      0.3693
   2013.63090753      0.3457
   2013.63093607      0.3236
   2013.63096461      0.3029
   2013.63099315      0.2836
   2013.63102169      0.2656
   2013.63105023      0.2487
   2013.63107877      0.2329
   2013.63110731      0.2180
   2013.63113584      0.2040
   2013.63116438      0.1909
   2013.63119292      0.1788
   2013.63122146      0.1675
   2013.63125000      0.1569
   2013.63127854      0.1471
   2013.63130708      0.1379
   2013.63133562      0.1293
   2013.63136416      0.1213
   2013.63139269      0.1138
   2013.63142123      0.1069
   2013.63144977      0.1003
