   2013.62465753      0.0000
   2013.62468607      0.0000
   2013.62471461      0.0000
   2013.62474315      0.0000
   2013.62477169      0.0000
   2013.62480023      0.0000
   2013.62482877      0.0000
   2013.62485731      0.0000
   2013.62488584      0.0000
   2013.62491438      0.0000
   2013.62494292      0.0000
   2013.62497146      0.0000
   2013.62500000      0.0000
   2013.62502854      0.0000
   2013.62505708      0.0000
   2013.62508562      0.0000
   2013.62511416      0.0000
   2013.62514269      0.0000
   2013.62517123      0.0000
   2013.62519977      0.0000
   2013.62522831      0.0000
   2013.62525685      0.0000
   2013.62528539      0.0000
   2013.62531393      0.0000
   2013.62534247      0.0000
   2013.62537100      0.0000
   2013.62539954      0.0000
   2013.62542808      0.0000
   2013.62545662      0.0000
   2013.62548516      0.0000
   2013.62551370      0.0000
   2013.62554224      0.0000
   2013.62557078      0.0000
   2013.62559932      0.0000
   2013.62562785      0.0000
   2013.62565639      0.0000
   2013.62568493      0.0000
   2013.62571347      0.0000
   2013.62574201      0.0000
   2013.62577055      0.0000
   2013.62579909      0.0000
   2013.62582763      0.0000
   2013.62585616      0.0000
   2013.62588470      0.0000
   2013.62591324      0.0000
   2013.62594178      0.0000
   2013.62597032      0.0000
   2013.62599886      0.0000
   2013.62602740      0.0000
   2013.62605594      0.0000
   2013.62608447      0.0000
   2013.62611301      0.0000
   2013.62614155      0.0000
   2013.62617009      0.0000
   2013.62619863      0.0000
   2013.62622717      0.0000
   2013.62625571      0.0000
   2013.62628425      0.0000
   2013.62631279      0.0000
   2013.62634132      0.0000
   2013.62636986      0.0000
   2013.62639840      0.0597
   2013.62642694      0.1330
   2013.62645548      0.3368
   2013.62648402      1.1591
   2013.62651256      3.7651
   2013.62654110     12.7654
   2013.62656963     20.8052
   2013.62659817     21.2463
   2013.62662671     19.4016
   2013.62665525     17.7535
   2013.62668379     16.1814
   2013.62671233     15.0899
   2013.62674087     14.0051
   2013.62676941     13.2836
   2013.62679795     12.2823
   2013.62682648     11.2550
   2013.62685502     10.2712
   2013.62688356      9.1645
   2013.62691210      8.5059
   2013.62694064      7.3073
   2013.62696918      6.9703
   2013.62699772      5.5676
   2013.62702626      4.8768
   2013.62705479      4.1903
   2013.62708333      3.6693
   2013.62711187      3.2475
   2013.62714041      2.9877
   2013.62716895      2.5646
   2013.62719749      2.1566
   2013.62722603      1.9051
   2013.62725457      1.6840
   2013.62728311      1.4898
   2013.62731164      1.3545
   2013.62734018      1.1841
   2013.62736872      1.0419
   2013.62739726      0.9485
   2013.62742580      0.8528
   2013.62745434      0.7655
   2013.62748288      0.6878
   2013.62751142      0.6197
   2013.62753995      0.5597
   2013.62756849      0.5066
   2013.62759703      0.4600
   2013.62762557      0.4187
   2013.62765411      0.3821
   2013.62768265      0.3494
   2013.62771119      0.3201
   2013.62773973      0.2937
   2013.62776826      0.2699
   2013.62779680      0.2484
   2013.62782534      0.2286
   2013.62785388      0.2106
   2013.62788242      0.1942
   2013.62791096      0.1793
   2013.62793950      0.1657
   2013.62796804      0.1533
   2013.62799658      0.1420
   2013.62802511      0.1317
   2013.62805365      0.1222
   2013.62808219      0.1135
   2013.62811073      0.1054
