   2013.62465753      0.0000
   2013.62468607      0.0000
   2013.62471461      0.0000
   2013.62474315      0.0000
   2013.62477169      0.0000
   2013.62480023      0.0000
   2013.62482877      0.0000
   2013.62485731      0.0000
   2013.62488584      0.0000
   2013.62491438      0.0000
   2013.62494292      0.0000
   2013.62497146      0.0000
   2013.62500000      0.0000
   2013.62502854      0.0000
   2013.62505708      0.0000
   2013.62508562      0.0000
   2013.62511416      0.0000
   2013.62514269      0.0000
   2013.62517123      0.0000
   2013.62519977      0.0000
   2013.62522831      0.0000
   2013.62525685      0.0000
   2013.62528539      0.0000
   2013.62531393      0.0000
   2013.62534247      0.0000
   2013.62537100      0.0000
   2013.62539954      0.0000
   2013.62542808      0.0000
   2013.62545662      0.0000
   2013.62548516      0.0000
   2013.62551370      0.0000
   2013.62554224      0.0000
   2013.62557078      0.0000
   2013.62559932      0.0000
   2013.62562785      0.0000
   2013.62565639      0.0000
   2013.62568493      0.0000
   2013.62571347      0.0000
   2013.62574201      0.0000
   2013.62577055      0.0000
   2013.62579909      0.0000
   2013.62582763      0.0000
   2013.62585616      0.0000
   2013.62588470      0.0000
   2013.62591324      0.0000
   2013.62594178      0.0000
   2013.62597032      0.0000
   2013.62599886      0.0000
   2013.62602740      0.0000
   2013.62605594      0.0000
   2013.62608447      0.0000
   2013.62611301      0.0000
   2013.62614155      0.0000
   2013.62617009      0.0012
   2013.62619863      0.0035
   2013.62622717      0.0054
   2013.62625571      0.0074
   2013.62628425      0.0599
   2013.62631279      0.1296
   2013.62634132      0.2942
   2013.62636986      0.7207
   2013.62639840      1.7246
   2013.62642694      3.4316
   2013.62645548      6.1451
   2013.62648402      9.0702
   2013.62651256     10.3801
   2013.62654110     10.6321
   2013.62656963      9.8245
   2013.62659817      8.9665
   2013.62662671      8.2433
   2013.62665525      6.9874
   2013.62668379      6.6042
   2013.62671233      5.3380
   2013.62674087      4.5489
   2013.62676941      3.9815
   2013.62679795      3.4187
   2013.62682648      3.2036
   2013.62685502      2.6903
   2013.62688356      2.3442
   2013.62691210      1.9706
   2013.62694064      1.7418
   2013.62696918      1.5374
   2013.62699772      1.4116
   2013.62702626      1.2151
   2013.62705479      1.0591
   2013.62708333      0.9663
   2013.62711187      0.8682
   2013.62714041      0.7784
   2013.62716895      0.6985
   2013.62719749      0.6285
   2013.62722603      0.5669
   2013.62725457      0.5126
   2013.62728311      0.4647
   2013.62731164      0.4226
   2013.62734018      0.3852
   2013.62736872      0.3519
   2013.62739726      0.3221
   2013.62742580      0.2953
   2013.62745434      0.2712
   2013.62748288      0.2494
   2013.62751142      0.2294
   2013.62753995      0.2113
   2013.62756849      0.1947
   2013.62759703      0.1797
   2013.62762557      0.1660
   2013.62765411      0.1535
   2013.62768265      0.1421
   2013.62771119      0.1317
   2013.62773973      0.1222
   2013.62776826      0.1134
   2013.62779680      0.1054
