   2013.62465753      0.0000
   2013.62468607      0.0000
   2013.62471461      0.0000
   2013.62474315      0.0000
   2013.62477169      0.0000
   2013.62480023      0.0000
   2013.62482877      0.0000
   2013.62485731      0.0000
   2013.62488584      0.0000
   2013.62491438      0.0000
   2013.62494292      0.0000
   2013.62497146      0.0000
   2013.62500000      0.0000
   2013.62502854      0.0000
   2013.62505708      0.0000
   2013.62508562      0.0000
   2013.62511416      0.0000
   2013.62514269      0.0000
   2013.62517123      0.0000
   2013.62519977      0.0000
   2013.62522831      0.0000
   2013.62525685      0.0000
   2013.62528539      0.0000
   2013.62531393      0.0000
   2013.62534247      0.0000
   2013.62537100      0.0000
   2013.62539954      0.0000
   2013.62542808      0.0000
   2013.62545662      0.0000
   2013.62548516      0.0000
   2013.62551370      0.0000
   2013.62554224      0.0000
   2013.62557078      0.0000
   2013.62559932      0.0000
   2013.62562785      0.0000
   2013.62565639      0.0000
   2013.62568493      0.0000
   2013.62571347      0.0000
   2013.62574201      0.0000
   2013.62577055      0.0000
   2013.62579909      0.0000
   2013.62582763      0.0000
   2013.62585616      0.0000
   2013.62588470      0.0000
   2013.62591324      0.0000
   2013.62594178      0.0000
   2013.62597032      0.0000
   2013.62599886      0.0000
   2013.62602740      0.0000
   2013.62605594      0.0000
   2013.62608447      0.0000
   2013.62611301      0.0000
   2013.62614155      0.0000
   2013.62617009      0.5302
   2013.62619863      2.2267
   2013.62622717      6.3654
   2013.62625571     12.2071
   2013.62628425     23.7868
   2013.62631279     29.2294
   2013.62634132     27.0399
   2013.62636986     22.3864
   2013.62639840     18.8821
   2013.62642694     16.2946
   2013.62645548     14.5758
   2013.62648402     13.7465
   2013.62651256     12.5355
   2013.62654110     11.6527
   2013.62656963     11.0655
   2013.62659817     10.2828
   2013.62662671      9.6504
   2013.62665525      8.9808
   2013.62668379      8.6415
   2013.62671233      8.3856
   2013.62674087      8.0969
   2013.62676941      7.9683
   2013.62679795      7.6740
   2013.62682648      7.3570
   2013.62685502      7.0196
   2013.62688356      6.6331
   2013.62691210      6.3416
   2013.62694064      5.8751
   2013.62696918      5.9082
   2013.62699772      5.3677
   2013.62702626      4.6053
   2013.62705479      4.2468
   2013.62708333      4.1339
   2013.62711187      3.5712
   2013.62714041      3.3352
   2013.62716895      2.9894
   2013.62719749      2.7182
   2013.62722603      2.5560
   2013.62725457      2.2749
   2013.62728311      2.0479
   2013.62731164      1.7769
   2013.62734018      1.6046
   2013.62736872      1.4445
   2013.62739726      1.3561
   2013.62742580      1.1710
   2013.62745434      1.0595
   2013.62748288      0.9607
   2013.62751142      0.8724
   2013.62753995      0.7902
   2013.62756849      0.7147
   2013.62759703      0.6474
   2013.62762557      0.5880
   2013.62765411      0.5348
   2013.62768265      0.4874
   2013.62771119      0.4452
   2013.62773973      0.4074
   2013.62776826      0.3735
   2013.62779680      0.3428
   2013.62782534      0.3151
   2013.62785388      0.2901
   2013.62788242      0.2674
   2013.62791096      0.2467
   2013.62793950      0.2277
   2013.62796804      0.2103
   2013.62799658      0.1944
   2013.62802511      0.1799
   2013.62805365      0.1666
   2013.62808219      0.1544
   2013.62811073      0.1433
   2013.62813927      0.1331
   2013.62816781      0.1237
   2013.62819635      0.1150
   2013.62822489      0.1070
