   2013.62465753      0.0000
   2013.62468607      0.0000
   2013.62471461      0.0000
   2013.62474315      0.0000
   2013.62477169      0.0000
   2013.62480023      0.0000
   2013.62482877      0.0000
   2013.62485731      0.0000
   2013.62488584      0.0000
   2013.62491438      0.0000
   2013.62494292      0.0000
   2013.62497146      0.0000
   2013.62500000      0.0000
   2013.62502854      0.0000
   2013.62505708      0.0000
   2013.62508562      0.0000
   2013.62511416      0.0000
   2013.62514269      0.0000
   2013.62517123      0.0000
   2013.62519977      0.0000
   2013.62522831      0.0000
   2013.62525685      0.0000
   2013.62528539      0.0000
   2013.62531393      0.0000
   2013.62534247      0.0000
   2013.62537100      0.0000
   2013.62539954      0.0000
   2013.62542808      0.0000
   2013.62545662      0.0000
   2013.62548516      0.0000
   2013.62551370      0.0000
   2013.62554224      0.0000
   2013.62557078      0.0000
   2013.62559932      0.0000
   2013.62562785      0.0000
   2013.62565639      0.0000
   2013.62568493      0.0000
   2013.62571347      0.0000
   2013.62574201      0.0000
   2013.62577055      0.0000
   2013.62579909      0.0000
   2013.62582763      0.0000
   2013.62585616      0.0000
   2013.62588470      0.0000
   2013.62591324      0.0000
   2013.62594178      0.0000
   2013.62597032      0.0000
   2013.62599886      0.0000
   2013.62602740      0.0000
   2013.62605594      0.0000
   2013.62608447      0.0000
   2013.62611301      0.0000
   2013.62614155      0.0000
   2013.62617009      0.0000
   2013.62619863      0.0000
   2013.62622717      0.0000
   2013.62625571      0.0000
   2013.62628425      0.0000
   2013.62631279      0.0000
   2013.62634132      0.0000
   2013.62636986      0.0000
   2013.62639840      0.0000
   2013.62642694      0.0000
   2013.62645548      0.0000
   2013.62648402      0.0000
   2013.62651256      0.0000
   2013.62654110      0.0000
   2013.62656963      0.0000
   2013.62659817      0.0000
   2013.62662671      0.0816
   2013.62665525      0.1507
   2013.62668379      0.3400
   2013.62671233      0.8528
   2013.62674087      1.7475
   2013.62676941      2.9312
   2013.62679795      4.9717
   2013.62682648      8.1576
   2013.62685502     10.8236
   2013.62688356     11.8549
   2013.62691210     11.8053
   2013.62694064     11.5724
   2013.62696918     10.9839
   2013.62699772     10.5909
   2013.62702626     10.2475
   2013.62705479     10.0749
   2013.62708333      9.8527
   2013.62711187      9.5969
   2013.62714041      9.4208
   2013.62716895      8.8722
   2013.62719749      8.9522
   2013.62722603      8.5661
   2013.62725457      8.1660
   2013.62728311      7.4633
   2013.62731164      7.2924
   2013.62734018      6.8608
   2013.62736872      6.4896
   2013.62739726      5.8989
   2013.62742580      5.8444
   2013.62745434      5.3421
   2013.62748288      4.5217
   2013.62751142      3.9387
   2013.62753995      4.0396
   2013.62756849      3.5159
   2013.62759703      3.2561
   2013.62762557      2.9311
   2013.62765411      2.7059
   2013.62768265      2.4885
   2013.62771119      2.2946
   2013.62773973      2.1223
   2013.62776826      1.9650
   2013.62779680      1.8280
   2013.62782534      1.6814
   2013.62785388      1.5648
   2013.62788242      1.4586
   2013.62791096      1.3612
   2013.62793950      1.2701
   2013.62796804      1.2353
   2013.62799658      1.1161
   2013.62802511      1.0400
   2013.62805365      0.9607
   2013.62808219      0.9093
   2013.62811073      0.8515
   2013.62813927      0.7963
   2013.62816781      0.7443
   2013.62819635      0.6960
   2013.62822489      0.6523
   2013.62825342      0.6129
   2013.62828196      0.5769
   2013.62831050      0.5451
   2013.62833904      0.5149
   2013.62836758      0.4867
   2013.62839612      0.4606
   2013.62842466      0.4422
   2013.62845320      0.4208
   2013.62848174      0.3999
   2013.62851027      0.3804
   2013.62853881      0.3736
   2013.62856735      0.3597
   2013.62859589      0.3452
   2013.62862443      0.3321
   2013.62865297      0.3374
   2013.62868151      0.3320
   2013.62871005      0.3252
   2013.62873858      0.3203
   2013.62876712      0.3407
   2013.62879566      0.3475
   2013.62882420      0.3526
   2013.62885274      0.3617
   2013.62888128      0.4062
   2013.62890982      0.4335
   2013.62893836      0.4729
   2013.62896689      0.5081
   2013.62899543      0.5976
   2013.62902397      0.6710
   2013.62905251      0.7595
   2013.62908105      0.8424
   2013.62910959      1.0166
   2013.62913813      1.2014
   2013.62916667      1.4275
   2013.62919521      1.7562
   2013.62922374      2.1190
   2013.62925228      2.5591
   2013.62928082      2.8204
   2013.62930936      3.1695
   2013.62933790      3.4873
   2013.62936644      3.6962
   2013.62939498      3.8056
   2013.62942352      4.0147
   2013.62945205      4.2210
   2013.62948059      4.3555
   2013.62950913      4.3588
   2013.62953767      4.4890
   2013.62956621      4.4079
   2013.62959475      4.6757
   2013.62962329      4.5966
   2013.62965183      4.6548
   2013.62968037      4.5023
   2013.62970890      4.5944
   2013.62973744      4.6655
   2013.62976598      4.5627
   2013.62979452      4.3218
   2013.62982306      4.4142
   2013.62985160      4.3848
   2013.62988014      4.2753
   2013.62990868      4.2227
   2013.62993721      4.0937
   2013.62996575      4.0137
   2013.62999429      3.8302
   2013.63002283      3.5938
   2013.63005137      3.6063
   2013.63007991      3.7839
   2013.63010845      3.5230
   2013.63013699      3.2436
   2013.63016553      3.1412
   2013.63019406      3.0051
   2013.63022260      2.8562
   2013.63025114      2.7319
   2013.63027968      2.5990
   2013.63030822      2.4727
   2013.63033676      2.2891
   2013.63036530      2.1594
   2013.63039384      2.0347
   2013.63042237      1.9160
   2013.63045091      1.8070
   2013.63047945      1.7023
   2013.63050799      1.5899
   2013.63053653      1.4954
   2013.63056507      1.4066
   2013.63059361      1.3227
   2013.63062215      1.2420
   2013.63065068      1.2135
   2013.63067922      1.1022
   2013.63070776      1.0310
   2013.63073630      0.9552
   2013.63076484      0.9060
   2013.63079338      0.8498
   2013.63082192      0.7956
   2013.63085046      0.7441
   2013.63087900      0.6960
   2013.63090753      0.6522
   2013.63093607      0.6127
   2013.63096461      0.5763
   2013.63099315      0.5428
   2013.63102169      0.5119
   2013.63105023      0.4834
   2013.63107877      0.4568
   2013.63110731      0.4320
   2013.63113584      0.4088
   2013.63116438      0.3870
   2013.63119292      0.3667
   2013.63122146      0.3478
   2013.63125000      0.3301
   2013.63127854      0.3136
   2013.63130708      0.2982
   2013.63133562      0.2839
   2013.63136416      0.2704
   2013.63139269      0.2579
   2013.63142123      0.2461
   2013.63144977      0.2348
   2013.63147831      0.2242
   2013.63150685      0.2142
   2013.63153539      0.2048
   2013.63156393      0.1959
   2013.63159247      0.1876
   2013.63162100      0.1797
   2013.63164954      0.1723
   2013.63167808      0.1652
   2013.63170662      0.1586
   2013.63173516      0.1523
   2013.63176370      0.1463
   2013.63179224      0.1407
   2013.63182078      0.1353
   2013.63184932      0.1302
   2013.63187785      0.1254
   2013.63190639      0.1209
   2013.63193493      0.1165
   2013.63196347      0.1124
   2013.63199201      0.1085
   2013.63202055      0.1047
   2013.63204909      0.1012
