   2013.62465753      0.0000
   2013.62468607      0.0000
   2013.62471461      0.0000
   2013.62474315      0.0000
   2013.62477169      0.0000
   2013.62480023      0.0000
   2013.62482877      0.0000
   2013.62485731      0.0000
   2013.62488584      0.0000
   2013.62491438      0.0000
   2013.62494292      0.0000
   2013.62497146      0.0000
   2013.62500000      0.0000
   2013.62502854      0.0000
   2013.62505708      0.0000
   2013.62508562      0.0000
   2013.62511416      0.0000
   2013.62514269      0.0000
   2013.62517123      0.0000
   2013.62519977      0.0000
   2013.62522831      0.0000
   2013.62525685      0.0000
   2013.62528539      0.0000
   2013.62531393      0.0000
   2013.62534247      0.0000
   2013.62537100      0.0000
   2013.62539954      0.0000
   2013.62542808      0.0000
   2013.62545662      0.0000
   2013.62548516      0.0000
   2013.62551370      0.0000
   2013.62554224      0.0000
   2013.62557078      0.0000
   2013.62559932      0.0000
   2013.62562785      0.0000
   2013.62565639      0.0000
   2013.62568493      0.0000
   2013.62571347      0.0000
   2013.62574201      0.0000
   2013.62577055      0.0000
   2013.62579909      0.0000
   2013.62582763      0.0000
   2013.62585616      0.0000
   2013.62588470      0.0000
   2013.62591324      0.0000
   2013.62594178      0.0000
   2013.62597032      0.0000
   2013.62599886      0.0000
   2013.62602740      0.0000
   2013.62605594      0.0000
   2013.62608447      0.0000
   2013.62611301      0.0000
   2013.62614155      0.0000
   2013.62617009      0.0000
   2013.62619863      0.0000
   2013.62622717      0.0000
   2013.62625571      0.0000
   2013.62628425      0.0000
   2013.62631279      0.0000
   2013.62634132      0.0000
   2013.62636986      0.0000
   2013.62639840      0.0000
   2013.62642694      0.0000
   2013.62645548      0.0000
   2013.62648402      0.0000
   2013.62651256      0.0000
   2013.62654110      0.0000
   2013.62656963      0.0000
   2013.62659817      0.0000
   2013.62662671      0.0000
   2013.62665525      0.0000
   2013.62668379      0.0000
   2013.62671233      0.0000
   2013.62674087      0.7352
   2013.62676941      3.5891
   2013.62679795      8.9559
   2013.62682648     18.5737
   2013.62685502     32.9762
   2013.62688356     34.9105
   2013.62691210     29.4646
   2013.62694064     24.3125
   2013.62696918     20.3846
   2013.62699772     17.6260
   2013.62702626     15.6619
   2013.62705479     14.4898
   2013.62708333     13.5008
   2013.62711187     12.8935
   2013.62714041     12.4685
   2013.62716895     12.1894
   2013.62719749     12.0055
   2013.62722603     11.9022
   2013.62725457     11.7918
   2013.62728311     11.7495
   2013.62731164     11.6883
   2013.62734018     11.6501
   2013.62736872     11.5875
   2013.62739726     11.5361
   2013.62742580     11.4747
   2013.62745434     11.4292
   2013.62748288     11.3656
   2013.62751142     10.9098
   2013.62753995     11.3310
   2013.62756849     11.1175
   2013.62759703     10.7360
   2013.62762557      9.8317
   2013.62765411      9.9494
   2013.62768265      9.1458
   2013.62771119      8.6018
   2013.62773973      7.6428
   2013.62776826      7.3217
   2013.62779680      6.7852
   2013.62782534      6.0609
   2013.62785388      5.4772
   2013.62788242      4.9347
   2013.62791096      4.4398
   2013.62793950      4.2382
   2013.62796804      3.7161
   2013.62799658      3.4333
   2013.62802511      3.1372
   2013.62805365      2.8825
   2013.62808219      2.6685
   2013.62811073      2.5256
   2013.62813927      2.3622
   2013.62816781      2.1602
   2013.62819635      2.1038
   2013.62822489      2.0430
   2013.62825342      1.9548
   2013.62828196      1.8660
   2013.62831050      1.8511
   2013.62833904      1.8108
   2013.62836758      1.7661
   2013.62839612      1.7190
   2013.62842466      1.7401
   2013.62845320      1.7319
   2013.62848174      1.7190
   2013.62851027      1.6934
   2013.62853881      1.7481
   2013.62856735      1.7698
   2013.62859589      1.7767
   2013.62862443      1.7708
   2013.62865297      1.8531
   2013.62868151      1.9015
   2013.62871005      1.9279
   2013.62873858      1.9400
   2013.62876712      2.0502
   2013.62879566      2.1260
   2013.62882420      2.1720
   2013.62885274      2.1986
   2013.62888128      2.3414
   2013.62890982      2.4411
   2013.62893836      2.4627
   2013.62896689      2.5349
   2013.62899543      2.6994
   2013.62902397      2.8129
   2013.62905251      2.8331
   2013.62908105      2.9265
   2013.62910959      2.9410
   2013.62913813      3.2081
   2013.62916667      3.2210
   2013.62919521      3.2880
   2013.62922374      3.4908
   2013.62925228      3.5611
   2013.62928082      3.6235
   2013.62930936      3.6824
   2013.62933790      3.7615
   2013.62936644      3.8895
   2013.62939498      3.9392
   2013.62942352      3.9415
   2013.62945205      3.9088
   2013.62948059      4.1165
   2013.62950913      4.1559
   2013.62953767      4.1218
   2013.62956621      4.2964
   2013.62959475      4.3556
   2013.62962329      4.2721
   2013.62965183      4.1974
   2013.62968037      3.8797
   2013.62970890      4.1864
   2013.62973744      4.3907
   2013.62976598      4.3497
   2013.62979452      4.2005
   2013.62982306      4.0115
   2013.62985160      3.8026
   2013.62988014      3.9321
   2013.62990868      4.0004
   2013.62993721      3.8329
   2013.62996575      3.7099
   2013.62999429      3.5253
   2013.63002283      3.3896
   2013.63005137      3.4877
   2013.63007991      3.4216
   2013.63010845      3.5097
   2013.63013699      3.3342
   2013.63016553      2.9890
   2013.63019406      2.8887
   2013.63022260      2.8073
   2013.63025114      2.7251
   2013.63027968      2.6269
   2013.63030822      2.5131
   2013.63033676      2.4030
   2013.63036530      2.2520
   2013.63039384      2.1656
   2013.63042237      2.0912
   2013.63045091      2.0130
   2013.63047945      1.9621
   2013.63050799      1.8176
   2013.63053653      1.7125
   2013.63056507      1.6054
   2013.63059361      1.4980
   2013.63062215      1.3905
   2013.63065068      1.2857
   2013.63067922      1.1822
   2013.63070776      1.0923
   2013.63073630      1.0037
   2013.63076484      0.9260
   2013.63079338      0.8515
   2013.63082192      0.7800
   2013.63085046      0.7129
   2013.63087900      0.6520
   2013.63090753      0.5973
   2013.63093607      0.5477
   2013.63096461      0.5028
   2013.63099315      0.4624
   2013.63102169      0.4259
   2013.63105023      0.3926
   2013.63107877      0.3624
   2013.63110731      0.3348
   2013.63113584      0.3095
   2013.63116438      0.2865
   2013.63119292      0.2654
   2013.63122146      0.2461
   2013.63125000      0.2281
   2013.63127854      0.2116
   2013.63130708      0.1964
   2013.63133562      0.1824
   2013.63136416      0.1696
   2013.63139269      0.1578
   2013.63142123      0.1469
   2013.63144977      0.1369
   2013.63147831      0.1277
   2013.63150685      0.1191
   2013.63153539      0.1112
   2013.63156393      0.1039
