   2013.62465753      0.0000
   2013.62468607      0.0000
   2013.62471461      0.0000
   2013.62474315      0.0000
   2013.62477169      0.0000
   2013.62480023      0.0000
   2013.62482877      0.0000
   2013.62485731      0.0000
   2013.62488584      0.0000
   2013.62491438      0.0000
   2013.62494292      0.0000
   2013.62497146      0.0000
   2013.62500000      0.0000
   2013.62502854      0.0000
   2013.62505708      0.0000
   2013.62508562      0.0000
   2013.62511416      0.0000
   2013.62514269      0.0000
   2013.62517123      0.0000
   2013.62519977      0.0000
   2013.62522831      0.0000
   2013.62525685      0.0000
   2013.62528539      0.0000
   2013.62531393      0.0000
   2013.62534247      0.0000
   2013.62537100      0.0000
   2013.62539954      0.0000
   2013.62542808      0.0000
   2013.62545662      0.0000
   2013.62548516      0.0000
   2013.62551370      0.0000
   2013.62554224      0.0000
   2013.62557078      0.0000
   2013.62559932      0.0000
   2013.62562785      0.0000
   2013.62565639      0.0000
   2013.62568493      0.0000
   2013.62571347      0.0000
   2013.62574201      0.0000
   2013.62577055      0.0000
   2013.62579909      0.0000
   2013.62582763      0.0000
   2013.62585616      0.0000
   2013.62588470      0.0000
   2013.62591324      0.0000
   2013.62594178      0.0000
   2013.62597032      0.0000
   2013.62599886      0.0000
   2013.62602740      0.0000
   2013.62605594      0.0000
   2013.62608447      0.0000
   2013.62611301      0.0000
   2013.62614155      0.0000
   2013.62617009      0.0000
   2013.62619863      0.0000
   2013.62622717      0.0000
   2013.62625571      0.0000
   2013.62628425      0.0000
   2013.62631279      0.0000
   2013.62634132      0.0000
   2013.62636986      0.0000
   2013.62639840      0.0000
   2013.62642694      0.0000
   2013.62645548      0.0000
   2013.62648402      0.0000
   2013.62651256      0.0000
   2013.62654110      0.0000
   2013.62656963      0.0000
   2013.62659817      0.0000
   2013.62662671      6.0168
   2013.62665525     25.4190
   2013.62668379     67.9015
   2013.62671233     84.6593
   2013.62674087     69.8747
   2013.62676941     50.1671
   2013.62679795     36.5484
   2013.62682648     27.4947
   2013.62685502     22.8492
   2013.62688356     19.5913
   2013.62691210     17.2804
   2013.62694064     16.1102
   2013.62696918     15.0004
   2013.62699772     14.4127
   2013.62702626     13.9517
   2013.62705479     13.7145
   2013.62708333     13.4801
   2013.62711187     13.4061
   2013.62714041     13.2598
   2013.62716895     13.1949
   2013.62719749     13.0506
   2013.62722603     12.9976
   2013.62725457     12.8612
   2013.62728311     12.7555
   2013.62731164     12.6110
   2013.62734018     12.5351
   2013.62736872     12.2201
   2013.62739726     12.2379
   2013.62742580     12.0590
   2013.62745434     11.9651
   2013.62748288     11.6336
   2013.62751142     11.6184
   2013.62753995     11.4394
   2013.62756849     11.3451
   2013.62759703     11.0251
   2013.62762557     10.2531
   2013.62765411     10.4388
   2013.62768265      9.7559
   2013.62771119      9.0737
   2013.62773973      8.3305
   2013.62776826      8.2218
   2013.62779680      7.7244
   2013.62782534      7.1504
   2013.62785388      6.4285
   2013.62788242      6.5300
   2013.62791096      5.9600
   2013.62793950      5.7145
   2013.62796804      5.2403
   2013.62799658      5.3083
   2013.62802511      5.0168
   2013.62805365      4.9514
   2013.62808219      5.0873
   2013.62811073      4.9740
   2013.62813927      4.7579
   2013.62816781      4.7730
   2013.62819635      4.3526
   2013.62822489      4.8079
   2013.62825342      5.0108
   2013.62828196      5.3204
   2013.62831050      4.8210
   2013.62833904      4.8239
   2013.62836758      4.5096
   2013.62839612      4.2390
   2013.62842466      4.1253
   2013.62845320      4.2717
   2013.62848174      4.5431
   2013.62851027      4.6596
   2013.62853881      4.6130
   2013.62856735      4.3680
   2013.62859589      4.0224
   2013.62862443      3.7103
   2013.62865297      3.5449
   2013.62868151      3.3117
   2013.62871005      3.5230
   2013.62873858      3.4098
   2013.62876712      3.1941
   2013.62879566      3.0408
   2013.62882420      2.8588
   2013.62885274      2.6031
   2013.62888128      2.4786
   2013.62890982      2.2226
   2013.62893836      2.0144
   2013.62896689      1.8346
   2013.62899543      1.6114
   2013.62902397      1.4810
   2013.62905251      1.3588
   2013.62908105      1.2497
   2013.62910959      1.1686
   2013.62913813      1.0665
   2013.62916667      0.9715
   2013.62919521      0.9039
   2013.62922374      0.8307
   2013.62925228      0.7609
   2013.62928082      0.6955
   2013.62930936      0.6358
   2013.62933790      0.5817
   2013.62936644      0.5328
   2013.62939498      0.4888
   2013.62942352      0.4493
   2013.62945205      0.4136
   2013.62948059      0.3812
   2013.62950913      0.3517
   2013.62953767      0.3248
   2013.62956621      0.3002
   2013.62959475      0.2778
   2013.62962329      0.2573
   2013.62965183      0.2384
   2013.62968037      0.2209
   2013.62970890      0.2048
   2013.62973744      0.1900
   2013.62976598      0.1764
   2013.62979452      0.1640
   2013.62982306      0.1525
   2013.62985160      0.1420
   2013.62988014      0.1322
   2013.62990868      0.1233
   2013.62993721      0.1150
   2013.62996575      0.1073
   2013.62999429      0.1002
