   2013.62465753      0.0000
   2013.62468607      0.0000
   2013.62471461      0.0001
   2013.62474315      0.0003
   2013.62477169      0.0007
   2013.62480023      0.0010
   2013.62482877      0.0013
   2013.62485731      0.0015
   2013.62488584      0.0018
   2013.62491438      0.0023
   2013.62494292      0.0026
   2013.62497146      0.0118
   2013.62500000      0.0484
   2013.62502854      0.0718
   2013.62505708      0.1041
   2013.62508562      0.1546
   2013.62511416      0.2254
   2013.62514269      0.3074
   2013.62517123      0.4006
   2013.62519977      0.5178
   2013.62522831      0.6365
   2013.62525685      0.7431
   2013.62528539      0.8817
   2013.62531393      1.0716
   2013.62534247      1.3495
   2013.62537100      1.4988
   2013.62539954      1.5798
   2013.62542808      1.5065
   2013.62545662      1.4758
   2013.62548516      1.3933
   2013.62551370      1.2960
   2013.62554224      1.1901
   2013.62557078      1.0980
   2013.62559932      1.0070
   2013.62562785      0.9243
   2013.62565639      0.8461
   2013.62568493      0.7712
   2013.62571347      0.7013
   2013.62574201      0.6384
   2013.62577055      0.5820
   2013.62579909      0.5312
   2013.62582763      0.4855
   2013.62585616      0.4446
   2013.62588470      0.4077
   2013.62591324      0.3744
   2013.62594178      0.3443
   2013.62597032      0.3169
   2013.62599886      0.2921
   2013.62602740      0.2696
   2013.62605594      0.2490
   2013.62608447      0.2300
   2013.62611301      0.2126
   2013.62614155      0.1967
   2013.62617009      0.1821
   2013.62619863      0.1688
   2013.62622717      0.1566
   2013.62625571      0.1454
   2013.62628425      0.1351
   2013.62631279      0.1257
   2013.62634132      0.1170
   2013.62636986      0.1089
   2013.62639840      0.1015
