   2013.62465753      0.0000
   2013.62468607      0.0000
   2013.62471461      0.0000
   2013.62474315      0.0000
   2013.62477169      0.0000
   2013.62480023      0.0000
   2013.62482877      0.0000
   2013.62485731      0.0000
   2013.62488584      0.0000
   2013.62491438      0.0000
   2013.62494292      0.0000
   2013.62497146      0.0000
   2013.62500000      0.0000
   2013.62502854      0.0000
   2013.62505708      0.0000
   2013.62508562      0.0000
   2013.62511416      0.0000
   2013.62514269      0.0000
   2013.62517123      0.0000
   2013.62519977      0.0000
   2013.62522831      0.0000
   2013.62525685      0.0000
   2013.62528539      0.0000
   2013.62531393      0.0000
   2013.62534247      0.0000
   2013.62537100      0.0000
   2013.62539954      0.0000
   2013.62542808      0.0000
   2013.62545662      0.0000
   2013.62548516      0.0000
   2013.62551370      0.0000
   2013.62554224      0.0000
   2013.62557078      0.0000
   2013.62559932      0.0000
   2013.62562785      0.0000
   2013.62565639      0.0000
   2013.62568493      0.0000
   2013.62571347      0.0000
   2013.62574201      0.0000
   2013.62577055      0.0000
   2013.62579909      0.0000
   2013.62582763      0.0178
   2013.62585616      0.0924
   2013.62588470      0.1880
   2013.62591324      0.4698
   2013.62594178      1.1993
   2013.62597032      2.5284
   2013.62599886      5.0582
   2013.62602740      9.4899
   2013.62605594     13.9140
   2013.62608447     16.3635
   2013.62611301     16.6625
   2013.62614155     16.1122
   2013.62617009     15.1015
   2013.62619863     13.9157
   2013.62622717     12.5628
   2013.62625571     11.3328
   2013.62628425     10.0807
   2013.62631279      8.5493
   2013.62634132      7.4992
   2013.62636986      6.9755
   2013.62639840      5.5352
   2013.62642694      4.7633
   2013.62645548      4.1046
   2013.62648402      3.5156
   2013.62651256      3.3295
   2013.62654110      2.7658
   2013.62656963      2.3948
   2013.62659817      2.0922
   2013.62662671      1.7653
   2013.62665525      1.5601
   2013.62668379      1.4392
   2013.62671233      1.2304
   2013.62674087      1.0681
   2013.62676941      0.9741
   2013.62679795      0.8744
   2013.62682648      0.7832
   2013.62685502      0.7023
   2013.62688356      0.6316
   2013.62691210      0.5695
   2013.62694064      0.5146
   2013.62696918      0.4664
   2013.62699772      0.4240
   2013.62702626      0.3863
   2013.62705479      0.3528
   2013.62708333      0.3228
   2013.62711187      0.2959
   2013.62714041      0.2717
   2013.62716895      0.2498
   2013.62719749      0.2298
   2013.62722603      0.2115
   2013.62725457      0.1949
   2013.62728311      0.1799
   2013.62731164      0.1661
   2013.62734018      0.1537
   2013.62736872      0.1423
   2013.62739726      0.1319
   2013.62742580      0.1223
   2013.62745434      0.1135
   2013.62748288      0.1055
