   2013.62465753      0.0000
   2013.62468607      0.0000
   2013.62471461      0.0001
   2013.62474315      0.0005
   2013.62477169      0.0009
   2013.62480023      0.0012
   2013.62482877      0.0016
   2013.62485731      0.0019
   2013.62488584      0.0022
   2013.62491438      0.0012
   2013.62494292      0.0007
   2013.62497146      0.0024
   2013.62500000      0.0181
   2013.62502854      0.0363
   2013.62505708      0.0488
   2013.62508562      0.0638
   2013.62511416      0.0827
   2013.62514269      0.1052
   2013.62517123      0.1310
   2013.62519977      0.1582
   2013.62522831      0.1866
   2013.62525685      0.2251
   2013.62528539      0.2808
   2013.62531393      0.3527
   2013.62534247      0.4492
   2013.62537100      0.5866
   2013.62539954      0.7939
   2013.62542808      1.0619
   2013.62545662      1.3737
   2013.62548516      1.6413
   2013.62551370      1.8966
   2013.62554224      2.1474
   2013.62557078      2.4355
   2013.62559932      2.7811
   2013.62562785      3.2073
   2013.62565639      3.7033
   2013.62568493      4.2697
   2013.62571347      4.7495
   2013.62574201      5.1190
   2013.62577055      5.1331
   2013.62579909      5.1721
   2013.62582763      5.0104
   2013.62585616      4.8147
   2013.62588470      4.4772
   2013.62591324      4.1951
   2013.62594178      3.8928
   2013.62597032      3.5682
   2013.62599886      3.2455
   2013.62602740      3.0158
   2013.62605594      2.7367
   2013.62608447      2.4846
   2013.62611301      2.2543
   2013.62614155      2.0032
   2013.62617009      1.9082
   2013.62619863      1.7420
   2013.62622717      1.5942
   2013.62625571      1.4771
   2013.62628425      1.3641
   2013.62631279      1.2581
   2013.62634132      1.1832
   2013.62636986      1.1124
   2013.62639840      1.0469
   2013.62642694      0.9685
   2013.62645548      0.9236
   2013.62648402      0.9064
   2013.62651256      0.8436
   2013.62654110      0.8498
   2013.62656963      0.8024
   2013.62659817      0.8331
   2013.62662671      0.8268
   2013.62665525      0.8215
   2013.62668379      0.8370
   2013.62671233      0.9305
   2013.62674087      0.9561
   2013.62676941      1.0256
   2013.62679795      1.1063
   2013.62682648      1.2656
   2013.62685502      1.4231
   2013.62688356      1.6131
   2013.62691210      1.8335
   2013.62694064      2.1448
   2013.62696918      2.4252
   2013.62699772      2.7012
   2013.62702626      2.9310
   2013.62705479      3.2529
   2013.62708333      3.4213
   2013.62711187      3.6843
   2013.62714041      3.7386
   2013.62716895      3.8593
   2013.62719749      3.9678
   2013.62722603      4.0172
   2013.62725457      3.9577
   2013.62728311      3.9418
   2013.62731164      3.9920
   2013.62734018      3.8335
   2013.62736872      3.7744
   2013.62739726      3.7593
   2013.62742580      3.6101
   2013.62745434      3.4725
   2013.62748288      3.2726
   2013.62751142      3.0993
   2013.62753995      3.1828
   2013.62756849      3.0819
   2013.62759703      2.9145
   2013.62762557      2.8381
   2013.62765411      2.7432
   2013.62768265      2.6359
   2013.62771119      2.5301
   2013.62773973      2.4659
   2013.62776826      2.3797
   2013.62779680      2.2880
   2013.62782534      2.1848
   2013.62785388      2.1403
   2013.62788242      2.0671
   2013.62791096      1.9801
   2013.62793950      1.9029
   2013.62796804      1.8623
   2013.62799658      1.7994
   2013.62802511      1.7263
   2013.62805365      1.6603
   2013.62808219      1.6208
   2013.62811073      1.5645
   2013.62813927      1.5009
   2013.62816781      1.4434
   2013.62819635      1.4053
   2013.62822489      1.3541
   2013.62825342      1.3039
   2013.62828196      1.2975
   2013.62831050      1.2425
   2013.62833904      1.2011
   2013.62836758      1.1252
   2013.62839612      1.1021
   2013.62842466      1.0412
   2013.62845320      1.0377
   2013.62848174      0.9963
   2013.62851027      0.9588
   2013.62853881      0.9167
   2013.62856735      0.8917
   2013.62859589      0.8590
   2013.62862443      0.8266
   2013.62865297      0.8011
   2013.62868151      0.7729
   2013.62871005      0.7454
   2013.62873858      0.7203
   2013.62876712      0.7051
   2013.62879566      0.6819
   2013.62882420      0.6594
   2013.62885274      0.6397
   2013.62888128      0.6328
   2013.62890982      0.6159
   2013.62893836      0.5966
   2013.62896689      0.5781
   2013.62899543      0.5762
   2013.62902397      0.5640
   2013.62905251      0.5517
   2013.62908105      0.5428
   2013.62910959      0.5588
   2013.62913813      0.5691
   2013.62916667      0.5561
   2013.62919521      0.5506
   2013.62922374      0.5590
   2013.62925228      0.5785
   2013.62928082      0.5800
   2013.62930936      0.5940
   2013.62933790      0.6663
   2013.62936644      0.7025
   2013.62939498      0.7276
   2013.62942352      0.7726
   2013.62945205      0.8865
   2013.62948059      0.9674
   2013.62950913      1.0535
   2013.62953767      1.1576
   2013.62956621      1.3391
   2013.62959475      1.4781
   2013.62962329      1.6093
   2013.62965183      1.7355
   2013.62968037      1.9260
   2013.62970890      2.0984
   2013.62973744      2.2383
   2013.62976598      2.4035
   2013.62979452      2.5156
   2013.62982306      2.8327
   2013.62985160      3.0144
   2013.62988014      3.1333
   2013.62990868      3.2017
   2013.62993721      3.3306
   2013.62996575      3.3276
   2013.62999429      3.4205
   2013.63002283      3.0811
   2013.63005137      3.2671
   2013.63007991      3.1047
   2013.63010845      3.0630
   2013.63013699      2.9840
   2013.63016553      2.8832
   2013.63019406      2.7296
   2013.63022260      2.5943
   2013.63025114      2.4941
   2013.63027968      2.3627
   2013.63030822      2.2085
   2013.63033676      2.0653
   2013.63036530      1.9297
   2013.63039384      1.8324
   2013.63042237      1.7040
   2013.63045091      1.5857
   2013.63047945      1.4746
   2013.63050799      1.3692
   2013.63053653      1.2693
   2013.63056507      1.1347
   2013.63059361      1.0975
   2013.63062215      0.9872
   2013.63065068      0.9344
   2013.63067922      0.8670
   2013.63070776      0.8001
   2013.63073630      0.7369
   2013.63076484      0.6780
   2013.63079338      0.6245
   2013.63082192      0.5757
   2013.63085046      0.5312
   2013.63087900      0.4910
   2013.63090753      0.4545
   2013.63093607      0.4212
   2013.63096461      0.3905
   2013.63099315      0.3622
   2013.63102169      0.3362
   2013.63105023      0.3121
   2013.63107877      0.2899
   2013.63110731      0.2695
   2013.63113584      0.2507
   2013.63116438      0.2332
   2013.63119292      0.2169
   2013.63122146      0.2018
   2013.63125000      0.1879
   2013.63127854      0.1750
   2013.63130708      0.1632
   2013.63133562      0.1522
   2013.63136416      0.1421
   2013.63139269      0.1327
   2013.63142123      0.1240
   2013.63144977      0.1159
   2013.63147831      0.1084
   2013.63150685      0.1015
