   2013.62465753      0.0000
   2013.62468607      0.0000
   2013.62471461      0.0000
   2013.62474315      0.0000
   2013.62477169      0.0000
   2013.62480023      0.0000
   2013.62482877      0.0000
   2013.62485731      0.0000
   2013.62488584      0.0000
   2013.62491438      0.0000
   2013.62494292      0.0000
   2013.62497146      0.0000
   2013.62500000      0.0000
   2013.62502854      0.0000
   2013.62505708      0.0000
   2013.62508562      0.0000
   2013.62511416      0.0000
   2013.62514269      0.0000
   2013.62517123      0.0000
   2013.62519977      0.0000
   2013.62522831      0.0000
   2013.62525685      0.0000
   2013.62528539      0.0000
   2013.62531393      0.0000
   2013.62534247      0.0000
   2013.62537100      0.0000
   2013.62539954      0.0000
   2013.62542808      0.0000
   2013.62545662      0.0000
   2013.62548516      0.0000
   2013.62551370      0.0000
   2013.62554224      0.0000
   2013.62557078      0.0000
   2013.62559932      0.0000
   2013.62562785      0.0000
   2013.62565639      0.0000
   2013.62568493      0.0000
   2013.62571347      0.0000
   2013.62574201      0.0000
   2013.62577055      0.0000
   2013.62579909      0.0000
   2013.62582763      0.0000
   2013.62585616      0.0000
   2013.62588470      0.0000
   2013.62591324      0.0000
   2013.62594178      0.0000
   2013.62597032      0.0000
   2013.62599886      0.0000
   2013.62602740      0.0000
   2013.62605594      0.0000
   2013.62608447      0.0000
   2013.62611301      0.0000
   2013.62614155      0.0000
   2013.62617009      0.0000
   2013.62619863      0.0000
   2013.62622717      0.0000
   2013.62625571      0.0000
   2013.62628425      0.0011
   2013.62631279      0.0019
   2013.62634132      0.0025
   2013.62636986      0.0039
   2013.62639840      0.0042
   2013.62642694      0.0208
   2013.62645548      0.0642
   2013.62648402      0.1161
   2013.62651256      0.2193
   2013.62654110      0.3920
   2013.62656963      0.6745
   2013.62659817      1.1285
   2013.62662671      1.8000
   2013.62665525      2.8321
   2013.62668379      4.3169
   2013.62671233      6.0524
   2013.62674087      7.2816
   2013.62676941      8.0350
   2013.62679795      8.4376
   2013.62682648      8.6905
   2013.62685502      8.8290
   2013.62688356      8.9293
   2013.62691210      8.9660
   2013.62694064      8.9693
   2013.62696918      8.9764
   2013.62699772      8.9732
   2013.62702626      8.9378
   2013.62705479      8.8870
   2013.62708333      8.7434
   2013.62711187      8.5106
   2013.62714041      8.1398
   2013.62716895      7.8327
   2013.62719749      7.4860
   2013.62722603      7.0138
   2013.62725457      6.4971
   2013.62728311      6.0649
   2013.62731164      5.5845
   2013.62734018      5.4407
   2013.62736872      4.5553
   2013.62739726      4.4190
   2013.62742580      3.7608
   2013.62745434      3.4655
   2013.62748288      3.0888
   2013.62751142      2.7984
   2013.62753995      2.5292
   2013.62756849      2.2891
   2013.62759703      2.0723
   2013.62762557      1.8765
   2013.62765411      1.7137
   2013.62768265      1.5703
   2013.62771119      1.4416
   2013.62773973      1.3252
   2013.62776826      1.2685
   2013.62779680      1.1341
   2013.62782534      1.0481
   2013.62785388      0.9642
   2013.62788242      0.9006
   2013.62791096      0.8362
   2013.62793950      0.7765
   2013.62796804      0.7213
   2013.62799658      0.6714
   2013.62802511      0.6269
   2013.62805365      0.5870
   2013.62808219      0.5508
   2013.62811073      0.5179
   2013.62813927      0.4878
   2013.62816781      0.4603
   2013.62819635      0.4347
   2013.62822489      0.4110
   2013.62825342      0.3889
   2013.62828196      0.3684
   2013.62831050      0.3493
   2013.62833904      0.3315
   2013.62836758      0.3150
   2013.62839612      0.2996
   2013.62842466      0.2853
   2013.62845320      0.2719
   2013.62848174      0.2594
   2013.62851027      0.2476
   2013.62853881      0.2365
   2013.62856735      0.2260
   2013.62859589      0.2160
   2013.62862443      0.2066
   2013.62865297      0.1978
   2013.62868151      0.1895
   2013.62871005      0.1817
   2013.62873858      0.1743
   2013.62876712      0.1673
   2013.62879566      0.1607
   2013.62882420      0.1544
   2013.62885274      0.1485
   2013.62888128      0.1429
   2013.62890982      0.1375
   2013.62893836      0.1324
   2013.62896689      0.1276
   2013.62899543      0.1230
   2013.62902397      0.1187
   2013.62905251      0.1146
   2013.62908105      0.1106
   2013.62910959      0.1069
   2013.62913813      0.1033
