   2013.62465753      0.0000
   2013.62468607      0.0000
   2013.62471461      0.0000
   2013.62474315      0.0000
   2013.62477169      0.0000
   2013.62480023      0.0000
   2013.62482877      0.0000
   2013.62485731      0.0000
   2013.62488584      0.0000
   2013.62491438      0.0000
   2013.62494292      0.0000
   2013.62497146      0.0000
   2013.62500000      0.0000
   2013.62502854      0.0000
   2013.62505708      0.0000
   2013.62508562      0.0000
   2013.62511416      0.0000
   2013.62514269      0.0000
   2013.62517123      0.0000
   2013.62519977      0.0000
   2013.62522831      0.0000
   2013.62525685      0.0000
   2013.62528539      0.0000
   2013.62531393      0.0000
   2013.62534247      0.0000
   2013.62537100      0.0000
   2013.62539954      0.0000
   2013.62542808      0.0000
   2013.62545662      0.0000
   2013.62548516      0.0000
   2013.62551370      0.0000
   2013.62554224      0.0000
   2013.62557078      0.0000
   2013.62559932      0.0000
   2013.62562785      0.0000
   2013.62565639      0.0000
   2013.62568493      0.0000
   2013.62571347      0.0000
   2013.62574201      0.0000
   2013.62577055      0.0000
   2013.62579909      0.0000
   2013.62582763      0.0000
   2013.62585616      0.0000
   2013.62588470      0.0000
   2013.62591324      0.0000
   2013.62594178      0.0000
   2013.62597032      0.0000
   2013.62599886      0.0000
   2013.62602740      0.0000
   2013.62605594      0.1248
   2013.62608447      0.2224
   2013.62611301      0.5591
   2013.62614155      1.4402
   2013.62617009      2.6734
   2013.62619863      4.5267
   2013.62622717      7.8194
   2013.62625571     11.7426
   2013.62628425     13.5452
   2013.62631279     13.7688
   2013.62634132     13.3110
   2013.62636986     12.8512
   2013.62639840     12.4625
   2013.62642694     12.3224
   2013.62645548     12.2256
   2013.62648402     12.5337
   2013.62651256     12.4252
   2013.62654110     12.6605
   2013.62656963     12.8269
   2013.62659817     12.8370
   2013.62662671     14.1287
   2013.62665525     14.4319
   2013.62668379     14.2478
   2013.62671233     13.7888
   2013.62674087     14.0810
   2013.62676941     13.8474
   2013.62679795     13.3320
   2013.62682648     12.0691
   2013.62685502     11.8532
   2013.62688356     11.1575
   2013.62691210     10.0553
   2013.62694064      9.0146
   2013.62696918      8.8073
   2013.62699772      8.2283
   2013.62702626      7.7813
   2013.62705479      7.1390
   2013.62708333      7.6199
   2013.62711187      6.9878
   2013.62714041      6.6876
   2013.62716895      6.3746
   2013.62719749      6.5750
   2013.62722603      6.1740
   2013.62725457      6.1175
   2013.62728311      5.5882
   2013.62731164      5.6087
   2013.62734018      5.4254
   2013.62736872      5.2771
   2013.62739726      4.8589
   2013.62742580      4.8630
   2013.62745434      4.7240
   2013.62748288      4.5058
   2013.62751142      4.3611
   2013.62753995      4.1780
   2013.62756849      3.9371
   2013.62759703      3.7658
   2013.62762557      3.3593
   2013.62765411      3.4603
   2013.62768265      3.2938
   2013.62771119      3.1387
   2013.62773973      3.0385
   2013.62776826      2.8887
   2013.62779680      2.7429
   2013.62782534      2.6021
   2013.62785388      2.4570
   2013.62788242      2.3730
   2013.62791096      2.2557
   2013.62793950      2.0867
   2013.62796804      2.0347
   2013.62799658      1.9476
   2013.62802511      1.8189
   2013.62805365      1.7212
   2013.62808219      1.5804
   2013.62811073      1.6290
   2013.62813927      1.5715
   2013.62816781      1.4742
   2013.62819635      1.2828
   2013.62822489      1.3168
   2013.62825342      1.3152
   2013.62828196      1.2555
   2013.62831050      1.2230
   2013.62833904      1.1719
   2013.62836758      1.1268
   2013.62839612      1.0734
   2013.62842466      1.0257
   2013.62845320      1.0028
   2013.62848174      1.0172
   2013.62851027      0.9991
   2013.62853881      0.9655
   2013.62856735      0.9325
   2013.62859589      0.9218
   2013.62862443      0.8726
   2013.62865297      0.9763
   2013.62868151      1.0138
   2013.62871005      1.0263
   2013.62873858      1.0233
   2013.62876712      1.0209
   2013.62879566      1.0409
   2013.62882420      1.0925
   2013.62885274      1.1625
   2013.62888128      1.2280
   2013.62890982      1.2767
   2013.62893836      1.2932
   2013.62896689      1.3341
   2013.62899543      1.3865
   2013.62902397      1.4441
   2013.62905251      1.4896
   2013.62908105      1.5086
   2013.62910959      1.5020
   2013.62913813      1.4786
   2013.62916667      1.4535
   2013.62919521      1.4362
   2013.62922374      1.4152
   2013.62925228      1.3817
   2013.62928082      1.3321
   2013.62930936      1.2706
   2013.62933790      1.2032
   2013.62936644      1.1345
   2013.62939498      1.0643
   2013.62942352      1.0040
   2013.62945205      0.9428
   2013.62948059      0.8856
   2013.62950913      0.8295
   2013.62953767      0.7732
   2013.62956621      0.7182
   2013.62959475      0.6660
   2013.62962329      0.6176
   2013.62965183      0.5722
   2013.62968037      0.5298
   2013.62970890      0.4906
   2013.62973744      0.4546
   2013.62976598      0.4214
   2013.62979452      0.3907
   2013.62982306      0.3623
   2013.62985160      0.3361
   2013.62988014      0.3120
   2013.62990868      0.2897
   2013.62993721      0.2692
   2013.62996575      0.2503
   2013.62999429      0.2327
   2013.63002283      0.2163
   2013.63005137      0.2012
   2013.63007991      0.1872
   2013.63010845      0.1744
   2013.63013699      0.1625
   2013.63016553      0.1515
   2013.63019406      0.1414
   2013.63022260      0.1320
   2013.63025114      0.1234
   2013.63027968      0.1153
   2013.63030822      0.1078
   2013.63033676      0.1009
