   2013.62465753      0.0000
   2013.62468607      0.0000
   2013.62471461      0.0000
   2013.62474315      0.0000
   2013.62477169      0.0000
   2013.62480023      0.0000
   2013.62482877      0.0000
   2013.62485731      0.0000
   2013.62488584      0.0000
   2013.62491438      0.0000
   2013.62494292      0.0000
   2013.62497146      0.0000
   2013.62500000      0.0000
   2013.62502854      0.0000
   2013.62505708      0.0000
   2013.62508562      0.0000
   2013.62511416      0.0000
   2013.62514269      0.0028
   2013.62517123      0.0035
   2013.62519977      0.0043
   2013.62522831      0.0128
   2013.62525685      0.0654
   2013.62528539      0.1223
   2013.62531393      0.2411
   2013.62534247      0.4751
   2013.62537100      0.8979
   2013.62539954      1.5911
   2013.62542808      2.6579
   2013.62545662      4.2650
   2013.62548516      6.5628
   2013.62551370      8.7402
   2013.62554224      9.9768
   2013.62557078     10.8884
   2013.62559932     11.2457
   2013.62562785     11.1668
   2013.62565639     11.0089
   2013.62568493     10.0911
   2013.62571347     10.1516
   2013.62574201      9.3371
   2013.62577055      8.7125
   2013.62579909      7.7118
   2013.62582763      7.3286
   2013.62585616      6.7108
   2013.62588470      5.9789
   2013.62591324      5.1153
   2013.62594178      4.8845
   2013.62597032      4.3789
   2013.62599886      3.8964
   2013.62602740      3.6608
   2013.62605594      3.5302
   2013.62608447      3.2276
   2013.62611301      2.9365
   2013.62614155      2.7280
   2013.62617009      2.5385
   2013.62619863      2.4696
   2013.62622717      2.4020
   2013.62625571      2.3647
   2013.62628425      2.3156
   2013.62631279      2.2513
   2013.62634132      2.1964
   2013.62636986      2.1612
   2013.62639840      2.1434
   2013.62642694      2.0904
   2013.62645548      2.0756
   2013.62648402      2.0550
   2013.62651256      2.0210
   2013.62654110      2.0448
   2013.62656963      1.9321
   2013.62659817      1.8221
   2013.62662671      1.6381
   2013.62665525      1.5164
   2013.62668379      1.3904
   2013.62671233      1.3235
   2013.62674087      1.1533
   2013.62676941      1.0512
   2013.62679795      0.9582
   2013.62682648      0.8742
   2013.62685502      0.7951
   2013.62688356      0.7217
   2013.62691210      0.6557
   2013.62694064      0.5974
   2013.62696918      0.5452
   2013.62699772      0.4985
   2013.62702626      0.4570
   2013.62705479      0.4198
   2013.62708333      0.3863
   2013.62711187      0.3560
   2013.62714041      0.3287
   2013.62716895      0.3038
   2013.62719749      0.2812
   2013.62722603      0.2607
   2013.62725457      0.2418
   2013.62728311      0.2244
   2013.62731164      0.2084
   2013.62734018      0.1936
   2013.62736872      0.1801
   2013.62739726      0.1676
   2013.62742580      0.1562
   2013.62745434      0.1456
   2013.62748288      0.1359
   2013.62751142      0.1269
   2013.62753995      0.1186
   2013.62756849      0.1108
   2013.62759703      0.1036
