   2013.62465753      0.0000
   2013.62468607      0.0000
   2013.62471461      0.0000
   2013.62474315      0.0000
   2013.62477169      0.0000
   2013.62480023      0.0000
   2013.62482877      0.0000
   2013.62485731      0.0000
   2013.62488584      0.0000
   2013.62491438      0.0000
   2013.62494292      0.0000
   2013.62497146      0.0000
   2013.62500000      0.0000
   2013.62502854      0.0000
   2013.62505708      0.0000
   2013.62508562      0.0000
   2013.62511416      0.0000
   2013.62514269      0.0016
   2013.62517123      0.0021
   2013.62519977      0.0026
   2013.62522831      0.0039
   2013.62525685      0.0043
   2013.62528539      0.0375
   2013.62531393      0.0787
   2013.62534247      0.1409
   2013.62537100      0.2602
   2013.62539954      0.4556
   2013.62542808      0.7683
   2013.62545662      1.2645
   2013.62548516      1.9750
   2013.62551370      2.9614
   2013.62554224      4.3570
   2013.62557078      5.8937
   2013.62559932      6.9624
   2013.62562785      7.6319
   2013.62565639      8.0779
   2013.62568493      8.3351
   2013.62571347      8.5499
   2013.62574201      8.7232
   2013.62577055      8.8576
   2013.62579909      9.1000
   2013.62582763      9.1991
   2013.62585616      9.3554
   2013.62588470      9.2001
   2013.62591324      8.8598
   2013.62594178      8.5961
   2013.62597032      8.1615
   2013.62599886      7.8657
   2013.62602740      7.1202
   2013.62605594      7.0399
   2013.62608447      6.7432
   2013.62611301      6.0737
   2013.62614155      5.1702
   2013.62617009      5.3210
   2013.62619863      4.9034
   2013.62622717      4.5321
   2013.62625571      4.3370
   2013.62628425      4.1887
   2013.62631279      3.9394
   2013.62634132      3.8312
   2013.62636986      3.7489
   2013.62639840      3.8848
   2013.62642694      3.8013
   2013.62645548      3.8992
   2013.62648402      3.9693
   2013.62651256      4.3553
   2013.62654110      4.7007
   2013.62656963      5.0062
   2013.62659817      5.4548
   2013.62662671      5.5229
   2013.62665525      5.5510
   2013.62668379      5.4270
   2013.62671233      4.9791
   2013.62674087      4.6016
   2013.62676941      4.2878
   2013.62679795      3.8651
   2013.62682648      3.6012
   2013.62685502      3.5627
   2013.62688356      3.4115
   2013.62691210      3.3517
   2013.62694064      3.0943
   2013.62696918      2.9186
   2013.62699772      2.7497
   2013.62702626      2.5271
   2013.62705479      2.4118
   2013.62708333      2.1896
   2013.62711187      1.8800
   2013.62714041      1.7275
   2013.62716895      1.5580
   2013.62719749      1.4019
   2013.62722603      1.2565
   2013.62725457      1.1375
   2013.62728311      1.0287
   2013.62731164      0.9338
   2013.62734018      0.8471
   2013.62736872      0.7665
   2013.62739726      0.6932
   2013.62742580      0.6285
   2013.62745434      0.5711
   2013.62748288      0.5199
   2013.62751142      0.4742
   2013.62753995      0.4336
   2013.62756849      0.3971
   2013.62759703      0.3643
   2013.62762557      0.3347
   2013.62765411      0.3080
   2013.62768265      0.2838
   2013.62771119      0.2618
   2013.62773973      0.2418
   2013.62776826      0.2233
   2013.62779680      0.2064
   2013.62782534      0.1910
   2013.62785388      0.1769
   2013.62788242      0.1640
   2013.62791096      0.1522
   2013.62793950      0.1414
   2013.62796804      0.1315
   2013.62799658      0.1223
   2013.62802511      0.1139
   2013.62805365      0.1061
