   2013.62465753      0.0000
   2013.62468607      0.0000
   2013.62471461      0.0000
   2013.62474315      0.0000
   2013.62477169      0.0000
   2013.62480023      0.0000
   2013.62482877      0.0000
   2013.62485731      0.0000
   2013.62488584      0.0000
   2013.62491438      0.0000
   2013.62494292      0.0000
   2013.62497146      0.0000
   2013.62500000      0.0000
   2013.62502854      0.0040
   2013.62505708      0.0036
   2013.62508562      0.0036
   2013.62511416      0.0402
   2013.62514269      0.0910
   2013.62517123      0.1594
   2013.62519977      0.2920
   2013.62522831      0.5421
   2013.62525685      0.9420
   2013.62528539      1.5612
   2013.62531393      2.4630
   2013.62534247      3.8482
   2013.62537100      5.6770
   2013.62539954      7.1407
   2013.62542808      8.1044
   2013.62545662      8.8262
   2013.62548516      9.0158
   2013.62551370      9.2623
   2013.62554224      9.3988
   2013.62557078      9.5118
   2013.62559932      9.6107
   2013.62562785      9.7387
   2013.62565639      9.8063
   2013.62568493      9.7020
   2013.62571347      9.3329
   2013.62574201      9.0680
   2013.62577055      8.7338
   2013.62579909      8.2589
   2013.62582763      8.2438
   2013.62585616      8.0374
   2013.62588470      7.7298
   2013.62591324      7.1763
   2013.62594178      7.4622
   2013.62597032      7.5608
   2013.62599886      7.2121
   2013.62602740      7.3222
   2013.62605594      7.6556
   2013.62608447      7.8201
   2013.62611301      8.2254
   2013.62614155      8.6891
   2013.62617009      9.2688
   2013.62619863      9.6166
   2013.62622717      9.7881
   2013.62625571      9.7903
   2013.62628425     10.7032
   2013.62631279     10.9315
   2013.62634132     10.9510
   2013.62636986     10.8848
   2013.62639840     11.7817
   2013.62642694     11.9851
   2013.62645548     11.9227
   2013.62648402     12.1520
   2013.62651256     12.7311
   2013.62654110     12.8971
   2013.62656963     12.7574
   2013.62659817     12.9714
   2013.62662671     13.4627
   2013.62665525     13.5619
   2013.62668379     13.3384
   2013.62671233     13.3190
   2013.62674087     13.8981
   2013.62676941     13.8979
   2013.62679795     13.5671
   2013.62682648     13.4502
   2013.62685502     13.6328
   2013.62688356     13.8503
   2013.62691210     13.4589
   2013.62694064     13.4070
   2013.62696918     13.3582
   2013.62699772     13.2829
   2013.62702626     12.8895
   2013.62705479     12.5163
   2013.62708333     12.7784
   2013.62711187     12.6236
   2013.62714041     12.2278
   2013.62716895     11.7026
   2013.62719749     12.0521
   2013.62722603     11.8509
   2013.62725457     11.4485
   2013.62728311     10.8677
   2013.62731164     11.2308
   2013.62734018     11.0049
   2013.62736872     10.7067
   2013.62739726     10.0410
   2013.62742580     10.3849
   2013.62745434     10.2456
   2013.62748288      9.8206
   2013.62751142      9.2692
   2013.62753995      9.5169
   2013.62756849      9.4220
   2013.62759703      8.9339
   2013.62762557      8.6132
   2013.62765411      9.2252
   2013.62768265      8.5539
   2013.62771119      8.1973
   2013.62773973      7.5639
   2013.62776826      7.4851
   2013.62779680      7.7496
   2013.62782534      7.8796
   2013.62785388      7.1394
   2013.62788242      6.8896
   2013.62791096      6.5562
   2013.62793950      6.4676
   2013.62796804      6.6595
   2013.62799658      6.8964
   2013.62802511      6.3905
   2013.62805365      6.0666
   2013.62808219      5.6129
   2013.62811073      5.3899
   2013.62813927      5.2606
   2013.62816781      5.3368
   2013.62819635      5.2068
   2013.62822489      4.9232
   2013.62825342      4.5759
   2013.62828196      4.5487
   2013.62831050      4.3018
   2013.62833904      3.9796
   2013.62836758      3.8583
   2013.62839612      3.9123
   2013.62842466      3.6850
   2013.62845320      3.2418
   2013.62848174      3.0790
   2013.62851027      2.9125
   2013.62853881      2.7069
   2013.62856735      2.5772
   2013.62859589      2.4472
   2013.62862443      2.2815
   2013.62865297      2.2330
   2013.62868151      2.0507
   2013.62871005      1.9044
   2013.62873858      1.7758
   2013.62876712      1.5709
   2013.62879566      1.4932
   2013.62882420      1.3916
   2013.62885274      1.2941
   2013.62888128      1.2548
   2013.62890982      1.1213
   2013.62893836      0.9969
   2013.62896689      0.9478
   2013.62899543      0.8765
   2013.62902397      0.8044
   2013.62905251      0.7364
   2013.62908105      0.6734
   2013.62910959      0.6165
   2013.62913813      0.5651
   2013.62916667      0.5189
   2013.62919521      0.4774
   2013.62922374      0.4402
   2013.62925228      0.4067
   2013.62928082      0.3761
   2013.62930936      0.3482
   2013.62933790      0.3227
   2013.62936644      0.2994
   2013.62939498      0.2780
   2013.62942352      0.2584
   2013.62945205      0.2403
   2013.62948059      0.2236
   2013.62950913      0.2081
   2013.62953767      0.1938
   2013.62956621      0.1806
   2013.62959475      0.1685
   2013.62962329      0.1573
   2013.62965183      0.1469
   2013.62968037      0.1373
   2013.62970890      0.1284
   2013.62973744      0.1202
   2013.62976598      0.1125
   2013.62979452      0.1053
