   2013.62465753      0.0000
   2013.62468607      0.0000
   2013.62471461      0.0000
   2013.62474315      0.0000
   2013.62477169      0.0000
   2013.62480023      0.0000
   2013.62482877      0.0000
   2013.62485731      0.0000
   2013.62488584      0.0000
   2013.62491438      0.0003
   2013.62494292      0.0014
   2013.62497146      0.0023
   2013.62500000      0.0049
   2013.62502854      0.0050
   2013.62505708      0.0169
   2013.62508562      0.0661
   2013.62511416      0.1260
   2013.62514269      0.2496
   2013.62517123      0.4774
   2013.62519977      0.8280
   2013.62522831      1.3443
   2013.62525685      2.0704
   2013.62528539      2.9108
   2013.62531393      4.0067
   2013.62534247      5.1785
   2013.62537100      5.9448
   2013.62539954      5.9319
   2013.62542808      5.6373
   2013.62545662      5.6310
   2013.62548516      4.8624
   2013.62551370      4.4323
   2013.62554224      4.2586
   2013.62557078      3.5746
   2013.62559932      3.4179
   2013.62562785      3.1698
   2013.62565639      2.9090
   2013.62568493      2.7093
   2013.62571347      2.5827
   2013.62574201      2.4015
   2013.62577055      2.2533
   2013.62579909      2.2278
   2013.62582763      2.1626
   2013.62585616      2.0977
   2013.62588470      2.0334
   2013.62591324      2.1030
   2013.62594178      2.1402
   2013.62597032      2.1726
   2013.62599886      2.1883
   2013.62602740      2.3623
   2013.62605594      2.4935
   2013.62608447      2.5601
   2013.62611301      2.7326
   2013.62614155      2.8083
   2013.62617009      3.1673
   2013.62619863      3.2636
   2013.62622717      3.5041
   2013.62625571      3.5994
   2013.62628425      4.0438
   2013.62631279      4.1263
   2013.62634132      4.4151
   2013.62636986      4.3805
   2013.62639840      4.9546
   2013.62642694      4.9629
   2013.62645548      5.1740
   2013.62648402      5.1369
   2013.62651256      5.5590
   2013.62654110      5.7161
   2013.62656963      5.9045
   2013.62659817      5.7530
   2013.62662671      6.1790
   2013.62665525      6.2970
   2013.62668379      6.3199
   2013.62671233      6.2165
   2013.62674087      6.5885
   2013.62676941      6.6630
   2013.62679795      6.7426
   2013.62682648      6.4374
   2013.62685502      6.7668
   2013.62688356      6.7780
   2013.62691210      6.6774
   2013.62694064      6.4198
   2013.62696918      6.7053
   2013.62699772      6.6680
   2013.62702626      6.5255
   2013.62705479      6.1836
   2013.62708333      6.6973
   2013.62711187      6.3599
   2013.62714041      6.1851
   2013.62716895      5.9491
   2013.62719749      6.2122
   2013.62722603      5.9062
   2013.62725457      5.9033
   2013.62728311      5.4497
   2013.62731164      5.6731
   2013.62734018      5.3751
   2013.62736872      5.2865
   2013.62739726      4.9621
   2013.62742580      4.9510
   2013.62745434      4.8852
   2013.62748288      4.6883
   2013.62751142      4.3654
   2013.62753995      4.3800
   2013.62756849      4.2784
   2013.62759703      4.1236
   2013.62762557      4.0022
   2013.62765411      3.8392
   2013.62768265      3.7015
   2013.62771119      3.7169
   2013.62773973      3.2527
   2013.62776826      3.3524
   2013.62779680      3.2085
   2013.62782534      3.0925
   2013.62785388      2.8987
   2013.62788242      2.9033
   2013.62791096      2.8140
   2013.62793950      2.6959
   2013.62796804      2.6591
   2013.62799658      2.5723
   2013.62802511      2.4726
   2013.62805365      2.3758
   2013.62808219      2.3029
   2013.62811073      2.2877
   2013.62813927      2.2182
   2013.62816781      2.1433
   2013.62819635      2.1422
   2013.62822489      2.1011
   2013.62825342      2.0500
   2013.62828196      1.9979
   2013.62831050      2.0194
   2013.62833904      2.0023
   2013.62836758      1.9720
   2013.62839612      1.9339
   2013.62842466      1.9201
   2013.62845320      2.0508
   2013.62848174      2.1213
   2013.62851027      2.1584
   2013.62853881      2.0626
   2013.62856735      2.0788
   2013.62859589      1.9630
   2013.62862443      1.9620
   2013.62865297      2.0525
   2013.62868151      2.2277
   2013.62871005      2.3730
   2013.62873858      2.4484
   2013.62876712      2.4286
   2013.62879566      2.3518
   2013.62882420      2.2543
   2013.62885274      2.1798
   2013.62888128      2.1615
   2013.62890982      2.2344
   2013.62893836      2.3519
   2013.62896689      2.4040
   2013.62899543      2.4327
   2013.62902397      2.3824
   2013.62905251      2.2720
   2013.62908105      2.1341
   2013.62910959      1.9994
   2013.62913813      1.9110
   2013.62916667      1.7682
   2013.62919521      1.6908
   2013.62922374      1.6234
   2013.62925228      1.5532
   2013.62928082      1.4723
   2013.62930936      1.3816
   2013.62933790      1.2862
   2013.62936644      1.1849
   2013.62939498      1.0977
   2013.62942352      1.0099
   2013.62945205      0.9285
   2013.62948059      0.8516
   2013.62950913      0.7778
   2013.62953767      0.7090
   2013.62956621      0.6469
   2013.62959475      0.5914
   2013.62962329      0.5414
   2013.62965183      0.4964
   2013.62968037      0.4561
   2013.62970890      0.4198
   2013.62973744      0.3870
   2013.62976598      0.3572
   2013.62979452      0.3301
   2013.62982306      0.3055
   2013.62985160      0.2830
   2013.62988014      0.2626
   2013.62990868      0.2438
   2013.62993721      0.2264
   2013.62996575      0.2103
   2013.62999429      0.1956
   2013.63002283      0.1820
   2013.63005137      0.1696
   2013.63007991      0.1581
   2013.63010845      0.1475
   2013.63013699      0.1377
   2013.63016553      0.1287
   2013.63019406      0.1204
   2013.63022260      0.1126
   2013.63025114      0.1054
