   2013.62465753      0.0000
   2013.62468607      0.0000
   2013.62471461      0.0000
   2013.62474315      0.0000
   2013.62477169      0.0000
   2013.62480023      0.0000
   2013.62482877      0.0000
   2013.62485731      0.0000
   2013.62488584      0.0000
   2013.62491438      0.0000
   2013.62494292      0.0000
   2013.62497146      0.0000
   2013.62500000      0.0000
   2013.62502854      0.0000
   2013.62505708      0.0000
   2013.62508562      0.0000
   2013.62511416      0.0000
   2013.62514269      0.0000
   2013.62517123      0.0000
   2013.62519977      0.0000
   2013.62522831      0.0000
   2013.62525685      0.0000
   2013.62528539      0.0000
   2013.62531393      0.0000
   2013.62534247      0.0000
   2013.62537100      0.0000
   2013.62539954      0.0000
   2013.62542808      0.0000
   2013.62545662      0.0000
   2013.62548516      0.0000
   2013.62551370      0.0000
   2013.62554224      0.0000
   2013.62557078      0.0000
   2013.62559932      0.0000
   2013.62562785      0.0000
   2013.62565639      0.0000
   2013.62568493      0.0000
   2013.62571347      0.0000
   2013.62574201      0.0000
   2013.62577055      0.0000
   2013.62579909      0.0000
   2013.62582763      0.0000
   2013.62585616      0.0000
   2013.62588470      0.0000
   2013.62591324      0.0000
   2013.62594178      0.0711
   2013.62597032      0.1256
   2013.62599886      0.2536
   2013.62602740      0.5797
   2013.62605594      1.1409
   2013.62608447      1.8469
   2013.62611301      2.8624
   2013.62614155      4.6867
   2013.62617009      7.0612
   2013.62619863      8.3612
   2013.62622717      8.5534
   2013.62625571      7.8895
   2013.62628425      7.7101
   2013.62631279      7.3334
   2013.62634132      6.6101
   2013.62636986      5.6692
   2013.62639840      5.5839
   2013.62642694      5.5967
   2013.62645548      5.1450
   2013.62648402      4.5105
   2013.62651256      4.3600
   2013.62654110      3.9784
   2013.62656963      3.9008
   2013.62659817      3.4204
   2013.62662671      3.3509
   2013.62665525      3.2165
   2013.62668379      3.0117
   2013.62671233      2.9545
   2013.62674087      2.8036
   2013.62676941      2.7540
   2013.62679795      2.6462
   2013.62682648      2.6623
   2013.62685502      2.6526
   2013.62688356      2.5840
   2013.62691210      2.5276
   2013.62694064      2.5834
   2013.62696918      2.5395
   2013.62699772      2.5656
   2013.62702626      2.5263
   2013.62705479      2.5867
   2013.62708333      2.5534
   2013.62711187      2.5632
   2013.62714041      2.5196
   2013.62716895      2.5704
   2013.62719749      2.5240
   2013.62722603      2.5200
   2013.62725457      2.4673
   2013.62728311      2.5074
   2013.62731164      2.4507
   2013.62734018      2.4368
   2013.62736872      2.3854
   2013.62739726      2.4062
   2013.62742580      2.3751
   2013.62745434      2.3186
   2013.62748288      2.2632
   2013.62751142      2.2702
   2013.62753995      2.2300
   2013.62756849      2.1806
   2013.62759703      2.1191
   2013.62762557      2.0757
   2013.62765411      2.0784
   2013.62768265      2.0318
   2013.62771119      1.9714
   2013.62773973      1.9740
   2013.62776826      1.9287
   2013.62779680      1.8854
   2013.62782534      1.8277
   2013.62785388      1.8287
   2013.62788242      1.7874
   2013.62791096      1.7486
   2013.62793950      1.6968
   2013.62796804      1.6597
   2013.62799658      1.6604
   2013.62802511      1.6266
   2013.62805365      1.5813
   2013.62808219      1.5510
   2013.62811073      1.5555
   2013.62813927      1.5274
   2013.62816781      1.4914
   2013.62819635      1.4953
   2013.62822489      1.4776
   2013.62825342      1.4547
   2013.62828196      1.4265
   2013.62831050      1.4380
   2013.62833904      1.4271
   2013.62836758      1.4133
   2013.62839612      1.3922
   2013.62842466      1.4140
   2013.62845320      1.4115
   2013.62848174      1.4068
   2013.62851027      1.3909
   2013.62853881      1.4254
   2013.62856735      1.4331
   2013.62859589      1.4379
   2013.62862443      1.4302
   2013.62865297      1.4788
   2013.62868151      1.4991
   2013.62871005      1.5148
   2013.62873858      1.5158
   2013.62876712      1.5788
   2013.62879566      1.6145
   2013.62882420      1.6374
   2013.62885274      1.6446
   2013.62888128      1.7224
   2013.62890982      1.7709
   2013.62893836      1.7994
   2013.62896689      1.8120
   2013.62899543      1.9085
   2013.62902397      1.9695
   2013.62905251      2.0018
   2013.62908105      2.0199
   2013.62910959      2.1291
   2013.62913813      2.2001
   2013.62916667      2.2274
   2013.62919521      2.2413
   2013.62922374      2.3520
   2013.62925228      2.4247
   2013.62928082      2.4484
   2013.62930936      2.4504
   2013.62933790      2.5584
   2013.62936644      2.6298
   2013.62939498      2.6469
   2013.62942352      2.6293
   2013.62945205      2.7280
   2013.62948059      2.7938
   2013.62950913      2.7457
   2013.62953767      2.7612
   2013.62956621      2.7441
   2013.62959475      2.8289
   2013.62962329      2.8147
   2013.62965183      2.8289
   2013.62968037      2.7974
   2013.62970890      2.8721
   2013.62973744      2.9358
   2013.62976598      2.8493
   2013.62979452      2.8005
   2013.62982306      2.8615
   2013.62985160      2.8668
   2013.62988014      2.8111
   2013.62990868      2.7461
   2013.62993721      2.7945
   2013.62996575      2.7887
   2013.62999429      2.7220
   2013.63002283      2.7452
   2013.63005137      2.6876
   2013.63007991      2.6705
   2013.63010845      2.6031
   2013.63013699      2.6231
   2013.63016553      2.6080
   2013.63019406      2.5218
   2013.63022260      2.4564
   2013.63025114      2.4042
   2013.63027968      2.2846
   2013.63030822      2.2055
   2013.63033676      2.1080
   2013.63036530      2.0113
   2013.63039384      1.9152
   2013.63042237      1.8166
   2013.63045091      1.7095
   2013.63047945      1.6086
   2013.63050799      1.5140
   2013.63053653      1.4225
   2013.63056507      1.3333
   2013.63059361      1.2457
   2013.63062215      1.2067
   2013.63065068      1.0879
   2013.63067922      0.9830
   2013.63070776      0.9332
   2013.63073630      0.8675
   2013.63076484      0.8015
   2013.63079338      0.7388
   2013.63082192      0.6798
   2013.63085046      0.6261
   2013.63087900      0.5770
   2013.63090753      0.5323
   2013.63093607      0.4917
   2013.63096461      0.4549
   2013.63099315      0.4213
   2013.63102169      0.3904
   2013.63105023      0.3619
   2013.63107877      0.3357
   2013.63110731      0.3116
   2013.63113584      0.2894
   2013.63116438      0.2690
   2013.63119292      0.2501
   2013.63122146      0.2326
   2013.63125000      0.2164
   2013.63127854      0.2013
   2013.63130708      0.1875
   2013.63133562      0.1747
   2013.63136416      0.1629
   2013.63139269      0.1520
   2013.63142123      0.1419
   2013.63144977      0.1326
   2013.63147831      0.1239
   2013.63150685      0.1159
   2013.63153539      0.1085
   2013.63156393      0.1016
