   2013.62465753      0.0000
   2013.62468607      0.0000
   2013.62471461      0.0000
   2013.62474315      0.0000
   2013.62477169      0.0000
   2013.62480023      0.0000
   2013.62482877      0.0000
   2013.62485731      0.0000
   2013.62488584      0.0000
   2013.62491438      0.0000
   2013.62494292      0.0000
   2013.62497146      0.0000
   2013.62500000      0.0000
   2013.62502854      0.0000
   2013.62505708      0.0000
   2013.62508562      0.0000
   2013.62511416      0.0000
   2013.62514269      0.0000
   2013.62517123      0.0000
   2013.62519977      0.0000
   2013.62522831      0.0000
   2013.62525685      0.0000
   2013.62528539      0.0000
   2013.62531393      0.0000
   2013.62534247      0.0000
   2013.62537100      0.0000
   2013.62539954      0.0000
   2013.62542808      0.0000
   2013.62545662      0.0000
   2013.62548516      0.0000
   2013.62551370      0.0000
   2013.62554224      0.0000
   2013.62557078      0.0000
   2013.62559932      0.0000
   2013.62562785      0.0000
   2013.62565639      0.0000
   2013.62568493      0.0000
   2013.62571347      0.1473
   2013.62574201      0.3542
   2013.62577055      1.2300
   2013.62579909      3.3180
   2013.62582763      6.3750
   2013.62585616     11.0569
   2013.62588470     16.7661
   2013.62591324     18.4914
   2013.62594178     17.4925
   2013.62597032     15.3605
   2013.62599886     13.2022
   2013.62602740     10.7467
   2013.62605594      9.9112
   2013.62608447      8.5658
   2013.62611301      7.9076
   2013.62614155      6.4603
   2013.62617009      6.4304
   2013.62619863      5.7297
   2013.62622717      5.4586
   2013.62625571      4.9360
   2013.62628425      5.2120
   2013.62631279      4.9654
   2013.62634132      5.1448
   2013.62636986      4.9478
   2013.62639840      5.3266
   2013.62642694      5.5134
   2013.62645548      5.7636
   2013.62648402      5.9979
   2013.62651256      6.8419
   2013.62654110      6.7898
   2013.62656963      6.7427
   2013.62659817      6.3109
   2013.62662671      6.4021
   2013.62665525      6.8181
   2013.62668379      7.3008
   2013.62671233      7.4658
   2013.62674087      7.4902
   2013.62676941      7.6610
   2013.62679795      7.7417
   2013.62682648      7.6085
   2013.62685502      7.3759
   2013.62688356      6.6629
   2013.62691210      6.4809
   2013.62694064      5.2888
   2013.62696918      4.6386
   2013.62699772      4.0331
   2013.62702626      3.4880
   2013.62705479      3.0404
   2013.62708333      2.7918
   2013.62711187      2.4239
   2013.62714041      2.0497
   2013.62716895      1.8177
   2013.62719749      1.6159
   2013.62722603      1.4397
   2013.62725457      1.3351
   2013.62728311      1.1667
   2013.62731164      1.0296
   2013.62734018      0.9524
   2013.62736872      0.8669
   2013.62739726      0.7870
   2013.62742580      0.7145
   2013.62745434      0.6496
   2013.62748288      0.5920
   2013.62751142      0.5405
   2013.62753995      0.4946
   2013.62756849      0.4537
   2013.62759703      0.4171
   2013.62762557      0.3841
   2013.62765411      0.3541
   2013.62768265      0.3269
   2013.62771119      0.3020
   2013.62773973      0.2794
   2013.62776826      0.2587
   2013.62779680      0.2397
   2013.62782534      0.2221
   2013.62785388      0.2059
   2013.62788242      0.1910
   2013.62791096      0.1773
   2013.62793950      0.1648
   2013.62796804      0.1533
   2013.62799658      0.1427
   2013.62802511      0.1329
   2013.62805365      0.1239
   2013.62808219      0.1155
   2013.62811073      0.1078
   2013.62813927      0.1006
