   2013.62465753      0.0000
   2013.62468607      0.0000
   2013.62471461      0.0000
   2013.62474315      0.0000
   2013.62477169      0.0000
   2013.62480023      0.0000
   2013.62482877      0.0000
   2013.62485731      0.0000
   2013.62488584      0.0000
   2013.62491438      0.0000
   2013.62494292      0.0000
   2013.62497146      0.0000
   2013.62500000      0.0000
   2013.62502854      0.0000
   2013.62505708      0.0000
   2013.62508562      0.0000
   2013.62511416      0.0000
   2013.62514269      0.0000
   2013.62517123      0.0000
   2013.62519977      0.0000
   2013.62522831      0.0000
   2013.62525685      0.0000
   2013.62528539      0.0000
   2013.62531393      0.0000
   2013.62534247      0.0000
   2013.62537100      0.0000
   2013.62539954      0.0000
   2013.62542808      0.0000
   2013.62545662      0.0000
   2013.62548516      0.0000
   2013.62551370      0.0000
   2013.62554224      0.0000
   2013.62557078      0.0000
   2013.62559932      0.0000
   2013.62562785      0.0000
   2013.62565639      0.0000
   2013.62568493      0.0000
   2013.62571347      0.0000
   2013.62574201      0.0000
   2013.62577055      0.0000
   2013.62579909      0.0000
   2013.62582763      0.0000
   2013.62585616      0.0000
   2013.62588470      0.0000
   2013.62591324      0.0000
   2013.62594178      0.0000
   2013.62597032      0.0000
   2013.62599886      0.0000
   2013.62602740      0.0000
   2013.62605594      0.0000
   2013.62608447      0.0000
   2013.62611301      0.0000
   2013.62614155      0.0000
   2013.62617009      0.0000
   2013.62619863      0.0000
   2013.62622717      0.0000
   2013.62625571      0.0000
   2013.62628425      0.0000
   2013.62631279      0.0000
   2013.62634132      0.0000
   2013.62636986      0.0000
   2013.62639840      0.0000
   2013.62642694      0.0000
   2013.62645548      0.0000
   2013.62648402      0.0000
   2013.62651256      0.0000
   2013.62654110      0.0000
   2013.62656963      0.0000
   2013.62659817      0.0000
   2013.62662671      0.0000
   2013.62665525      0.0000
   2013.62668379      0.0000
   2013.62671233      0.0000
   2013.62674087      0.0000
   2013.62676941      0.0000
   2013.62679795      0.0000
   2013.62682648      0.0000
   2013.62685502      0.0000
   2013.62688356      0.0000
   2013.62691210      0.0000
   2013.62694064      0.0000
   2013.62696918      0.0000
   2013.62699772      0.0000
   2013.62702626      0.0000
   2013.62705479      0.0000
   2013.62708333      0.0000
   2013.62711187      0.0000
   2013.62714041      0.0000
   2013.62716895      0.0000
   2013.62719749      0.0000
   2013.62722603      0.0000
   2013.62725457      0.0000
   2013.62728311      0.0000
   2013.62731164     40.8323
   2013.62734018    124.1800
   2013.62736872    181.6620
   2013.62739726    154.8641
   2013.62742580    102.7677
   2013.62745434     62.0340
   2013.62748288     41.3192
   2013.62751142     29.5117
   2013.62753995     23.7367
   2013.62756849     19.9720
   2013.62759703     17.3791
   2013.62762557     15.8974
   2013.62765411     14.6612
   2013.62768265     13.9175
   2013.62771119     13.3221
   2013.62773973     12.9327
   2013.62776826     12.6158
   2013.62779680     12.4374
   2013.62782534     12.2552
   2013.62785388     11.9195
   2013.62788242     12.6953
   2013.62791096     12.6374
   2013.62793950     12.3077
   2013.62796804     11.6115
   2013.62799658     11.8639
   2013.62802511     11.6977
   2013.62805365     11.4064
   2013.62808219     10.3834
   2013.62811073     10.3496
   2013.62813927      9.5938
   2013.62816781      8.8127
   2013.62819635      7.6482
   2013.62822489      7.6642
   2013.62825342      7.7459
   2013.62828196      7.2821
   2013.62831050      6.4127
   2013.62833904      6.1729
   2013.62836758      5.9386
   2013.62839612      5.9941
   2013.62842466      6.3589
   2013.62845320      6.3822
   2013.62848174      6.0673
   2013.62851027      5.7713
   2013.62853881      5.3704
   2013.62856735      5.2875
   2013.62859589      5.4008
   2013.62862443      5.6037
   2013.62865297      5.5557
   2013.62868151      5.2536
   2013.62871005      4.8732
   2013.62873858      4.5703
   2013.62876712      4.6868
   2013.62879566      4.6838
   2013.62882420      4.7069
   2013.62885274      4.3022
   2013.62888128      3.9200
   2013.62890982      3.8036
   2013.62893836      3.5437
   2013.62896689      3.3812
   2013.62899543      3.0542
   2013.62902397      2.8640
   2013.62905251      2.7037
   2013.62908105      2.6965
   2013.62910959      2.3813
   2013.62913813      2.1706
   2013.62916667      1.9744
   2013.62919521      1.7912
   2013.62922374      1.6204
   2013.62925228      1.4672
   2013.62928082      1.2802
   2013.62930936      1.1907
   2013.62933790      1.0784
   2013.62936644      0.9774
   2013.62939498      0.9030
   2013.62942352      0.8263
   2013.62945205      0.7549
   2013.62948059      0.6895
   2013.62950913      0.6305
   2013.62953767      0.5773
   2013.62956621      0.5292
   2013.62959475      0.4861
   2013.62962329      0.4474
   2013.62965183      0.4123
   2013.62968037      0.3805
   2013.62970890      0.3514
   2013.62973744      0.3248
   2013.62976598      0.3005
   2013.62979452      0.2782
   2013.62982306      0.2579
   2013.62985160      0.2391
   2013.62988014      0.2217
   2013.62990868      0.2057
   2013.62993721      0.1910
   2013.62996575      0.1775
   2013.62999429      0.1650
   2013.63002283      0.1536
   2013.63005137      0.1431
   2013.63007991      0.1334
   2013.63010845      0.1244
   2013.63013699      0.1161
   2013.63016553      0.1084
   2013.63019406      0.1012
