   2013.62465753      0.0000
   2013.62468607      0.0000
   2013.62471461      0.0000
   2013.62474315      0.0000
   2013.62477169      0.0000
   2013.62480023      0.0000
   2013.62482877      0.0000
   2013.62485731      0.0000
   2013.62488584      0.0000
   2013.62491438      0.0000
   2013.62494292      0.0000
   2013.62497146      0.0000
   2013.62500000      0.0000
   2013.62502854      0.0000
   2013.62505708      0.0000
   2013.62508562      0.0000
   2013.62511416      0.0000
   2013.62514269      0.0000
   2013.62517123      0.0000
   2013.62519977      0.0000
   2013.62522831      0.0000
   2013.62525685      0.0000
   2013.62528539      0.0000
   2013.62531393      0.0000
   2013.62534247      0.0000
   2013.62537100      0.0000
   2013.62539954      0.0000
   2013.62542808      0.0000
   2013.62545662      0.0000
   2013.62548516      0.0000
   2013.62551370      0.0000
   2013.62554224      0.0000
   2013.62557078      0.0000
   2013.62559932      0.0000
   2013.62562785      0.0000
   2013.62565639      0.0000
   2013.62568493      0.0000
   2013.62571347      0.0000
   2013.62574201      0.0000
   2013.62577055      0.0000
   2013.62579909      0.0000
   2013.62582763      0.0000
   2013.62585616      0.0000
   2013.62588470      0.0000
   2013.62591324      0.0000
   2013.62594178      0.0000
   2013.62597032      0.0000
   2013.62599886      0.0000
   2013.62602740      0.0000
   2013.62605594      0.0000
   2013.62608447      0.0000
   2013.62611301      0.0000
   2013.62614155      0.0000
   2013.62617009      0.0000
   2013.62619863      0.0000
   2013.62622717      0.0000
   2013.62625571      0.0000
   2013.62628425      0.0001
   2013.62631279      0.0001
   2013.62634132      0.0002
   2013.62636986      0.0002
   2013.62639840      0.0003
   2013.62642694      0.0003
   2013.62645548      0.0004
   2013.62648402      0.0004
   2013.62651256      0.0005
   2013.62654110      0.0005
   2013.62656963      0.0006
   2013.62659817      0.0006
   2013.62662671      0.0007
   2013.62665525      0.0007
   2013.62668379      0.0007
   2013.62671233      0.0008
   2013.62674087      0.0008
   2013.62676941      0.0031
   2013.62679795      0.0204
   2013.62682648      0.0379
   2013.62685502      0.0495
   2013.62688356      0.0635
   2013.62691210      0.0822
   2013.62694064      0.1059
   2013.62696918      0.1376
   2013.62699772      0.1748
   2013.62702626      0.2179
   2013.62705479      0.2716
   2013.62708333      0.3404
   2013.62711187      0.4115
   2013.62714041      0.4952
   2013.62716895      0.5890
   2013.62719749      0.6946
   2013.62722603      0.7824
   2013.62725457      0.8569
   2013.62728311      0.9120
   2013.62731164      0.9453
   2013.62734018      0.9574
   2013.62736872      0.9713
   2013.62739726      0.9430
   2013.62742580      0.8935
   2013.62745434      0.8749
   2013.62748288      0.8382
   2013.62751142      0.7960
   2013.62753995      0.7517
   2013.62756849      0.7064
   2013.62759703      0.6621
   2013.62762557      0.6201
   2013.62765411      0.5802
   2013.62768265      0.5422
   2013.62771119      0.5063
   2013.62773973      0.4726
   2013.62776826      0.4409
   2013.62779680      0.4111
   2013.62782534      0.3832
   2013.62785388      0.3569
   2013.62788242      0.3323
   2013.62791096      0.3094
   2013.62793950      0.2880
   2013.62796804      0.2682
   2013.62799658      0.2498
   2013.62802511      0.2325
   2013.62805365      0.2164
   2013.62808219      0.2014
   2013.62811073      0.1874
   2013.62813927      0.1745
   2013.62816781      0.1626
   2013.62819635      0.1515
   2013.62822489      0.1412
   2013.62825342      0.1317
   2013.62828196      0.1229
   2013.62831050      0.1146
   2013.62833904      0.1069
