   2013.62465753      0.0000
   2013.62468607      0.0000
   2013.62471461      0.0000
   2013.62474315      0.0000
   2013.62477169      0.0000
   2013.62480023      0.0000
   2013.62482877      0.0000
   2013.62485731      0.0000
   2013.62488584      0.0000
   2013.62491438      0.0000
   2013.62494292      0.0000
   2013.62497146      0.0000
   2013.62500000      0.0000
   2013.62502854      0.0000
   2013.62505708      0.0000
   2013.62508562      0.0000
   2013.62511416      0.0000
   2013.62514269      0.0000
   2013.62517123      0.0000
   2013.62519977      0.0000
   2013.62522831      0.0000
   2013.62525685      0.0000
   2013.62528539      0.0000
   2013.62531393      0.0000
   2013.62534247      0.0000
   2013.62537100      0.0000
   2013.62539954      0.0000
   2013.62542808      0.0000
   2013.62545662      0.0000
   2013.62548516      0.0000
   2013.62551370      0.0000
   2013.62554224      0.0000
   2013.62557078      0.0000
   2013.62559932      0.0000
   2013.62562785      0.0000
   2013.62565639      0.0000
   2013.62568493      0.0000
   2013.62571347      0.0000
   2013.62574201      0.0000
   2013.62577055      0.0000
   2013.62579909      0.0000
   2013.62582763      0.0000
   2013.62585616      0.0000
   2013.62588470      0.0000
   2013.62591324      0.0000
   2013.62594178      0.0000
   2013.62597032      0.0000
   2013.62599886      0.0000
   2013.62602740      0.0000
   2013.62605594      0.0066
   2013.62608447      0.0153
   2013.62611301      0.0555
   2013.62614155      0.1018
   2013.62617009      0.2017
   2013.62619863      0.3763
   2013.62622717      0.6610
   2013.62625571      1.0795
   2013.62628425      1.7503
   2013.62631279      2.7441
   2013.62634132      4.1904
   2013.62636986      5.9703
   2013.62639840      7.1957
   2013.62642694      7.8609
   2013.62645548      8.2961
   2013.62648402      8.7407
   2013.62651256      8.8071
   2013.62654110      9.0393
   2013.62656963      9.2093
   2013.62659817      9.4082
   2013.62662671      9.5652
   2013.62665525      9.7373
   2013.62668379      9.8542
   2013.62671233      9.9884
   2013.62674087     10.1015
   2013.62676941     10.2100
   2013.62679795     10.2743
   2013.62682648     10.3430
   2013.62685502     10.3852
   2013.62688356     10.4350
   2013.62691210     10.4521
   2013.62694064     10.4662
   2013.62696918     10.4508
   2013.62699772     10.4666
   2013.62702626     10.4284
   2013.62705479      9.5786
   2013.62708333      9.5422
   2013.62711187      9.0367
   2013.62714041      8.4602
   2013.62716895      7.7545
   2013.62719749      7.5880
   2013.62722603      6.9496
   2013.62725457      6.9420
   2013.62728311      5.5892
   2013.62731164      5.8392
   2013.62734018      4.8430
   2013.62736872      4.4070
   2013.62739726      3.7348
   2013.62742580      3.6481
   2013.62745434      3.4061
   2013.62748288      3.1365
   2013.62751142      2.8677
   2013.62753995      2.6970
   2013.62756849      2.4478
   2013.62759703      2.2637
   2013.62762557      2.1287
   2013.62765411      1.9880
   2013.62768265      1.8563
   2013.62771119      1.7247
   2013.62773973      1.6215
   2013.62776826      1.5260
   2013.62779680      1.4318
   2013.62782534      1.3397
   2013.62785388      1.2613
   2013.62788242      1.1814
   2013.62791096      1.1213
   2013.62793950      1.0413
   2013.62796804      0.9662
   2013.62799658      0.9183
   2013.62802511      0.8585
   2013.62805365      0.8008
   2013.62808219      0.7538
   2013.62811073      0.7035
   2013.62813927      0.6548
   2013.62816781      0.6111
   2013.62819635      0.5813
   2013.62822489      0.5459
   2013.62825342      0.5107
   2013.62828196      0.4783
   2013.62831050      0.4607
   2013.62833904      0.4351
   2013.62836758      0.4084
   2013.62839612      0.3835
   2013.62842466      0.3755
   2013.62845320      0.3572
   2013.62848174      0.3371
   2013.62851027      0.3181
   2013.62853881      0.3194
   2013.62856735      0.3078
   2013.62859589      0.2936
   2013.62862443      0.2801
   2013.62865297      0.2909
   2013.62868151      0.2861
   2013.62871005      0.2781
   2013.62873858      0.2714
   2013.62876712      0.2941
   2013.62879566      0.2987
   2013.62882420      0.2999
   2013.62885274      0.3038
   2013.62888128      0.3457
   2013.62890982      0.3664
   2013.62893836      0.3946
   2013.62896689      0.4176
   2013.62899543      0.4956
   2013.62902397      0.5525
   2013.62905251      0.6134
   2013.62908105      0.6735
   2013.62910959      0.8221
   2013.62913813      0.9509
   2013.62916667      1.1090
   2013.62919521      1.3013
   2013.62922374      1.6299
   2013.62925228      1.9541
   2013.62928082      2.1904
   2013.62930936      2.4291
   2013.62933790      2.6371
   2013.62936644      2.9659
   2013.62939498      3.0678
   2013.62942352      3.2039
   2013.62945205      3.4628
   2013.62948059      3.5533
   2013.62950913      3.6254
   2013.62953767      3.6906
   2013.62956621      3.7572
   2013.62959475      3.8714
   2013.62962329      3.8710
   2013.62965183      3.8591
   2013.62968037      3.9752
   2013.62970890      3.9531
   2013.62973744      3.8874
   2013.62976598      3.8761
   2013.62979452      3.7804
   2013.62982306      3.7444
   2013.62985160      3.6779
   2013.62988014      3.5746
   2013.62990868      3.3354
   2013.62993721      3.5007
   2013.62996575      3.4232
   2013.62999429      3.4713
   2013.63002283      3.0945
   2013.63005137      3.1600
   2013.63007991      3.0657
   2013.63010845      2.9335
   2013.63013699      2.8738
   2013.63016553      2.7636
   2013.63019406      2.6520
   2013.63022260      2.5335
   2013.63025114      2.3760
   2013.63027968      2.2560
   2013.63030822      2.1314
   2013.63033676      2.0055
   2013.63036530      1.8850
   2013.63039384      1.7618
   2013.63042237      1.6467
   2013.63045091      1.5411
   2013.63047945      1.4404
   2013.63050799      1.3438
   2013.63053653      1.2508
   2013.63056507      1.2025
   2013.63059361      1.0866
   2013.63062215      0.9828
   2013.63065068      0.9311
   2013.63067922      0.8654
   2013.63070776      0.8002
   2013.63073630      0.7383
   2013.63076484      0.6803
   2013.63079338      0.6275
   2013.63082192      0.5793
   2013.63085046      0.5354
   2013.63087900      0.4954
   2013.63090753      0.4592
   2013.63093607      0.4260
   2013.63096461      0.3954
   2013.63099315      0.3672
   2013.63102169      0.3411
   2013.63105023      0.3170
   2013.63107877      0.2948
   2013.63110731      0.2743
   2013.63113584      0.2554
   2013.63116438      0.2379
   2013.63119292      0.2215
   2013.63122146      0.2063
   2013.63125000      0.1922
   2013.63127854      0.1793
   2013.63130708      0.1673
   2013.63133562      0.1562
   2013.63136416      0.1459
   2013.63139269      0.1364
   2013.63142123      0.1276
   2013.63144977      0.1194
   2013.63147831      0.1117
   2013.63150685      0.1046
