   2013.62465753      0.0000
   2013.62468607      0.0000
   2013.62471461      0.0000
   2013.62474315      0.0000
   2013.62477169      0.0000
   2013.62480023      0.0000
   2013.62482877      0.0000
   2013.62485731      0.0000
   2013.62488584      0.0000
   2013.62491438      0.0000
   2013.62494292      0.0000
   2013.62497146      0.0000
   2013.62500000      0.0000
   2013.62502854      0.0000
   2013.62505708      0.0000
   2013.62508562      0.0000
   2013.62511416      0.0000
   2013.62514269      0.0478
   2013.62517123      0.1170
   2013.62519977      0.2571
   2013.62522831      0.6529
   2013.62525685      1.5193
   2013.62528539      2.8952
   2013.62531393      5.4710
   2013.62534247      9.4166
   2013.62537100     12.9353
   2013.62539954     14.3195
   2013.62542808     14.5824
   2013.62545662     14.0630
   2013.62548516     13.2521
   2013.62551370     12.7530
   2013.62554224     11.6958
   2013.62557078     10.6579
   2013.62559932      9.7258
   2013.62562785      8.4485
   2013.62565639      8.3284
   2013.62568493      6.5745
   2013.62571347      6.2315
   2013.62574201      4.9650
   2013.62577055      4.6609
   2013.62579909      3.7183
   2013.62582763      3.2932
   2013.62585616      3.0450
   2013.62588470      2.5926
   2013.62591324      2.2666
   2013.62594178      1.9151
   2013.62597032      1.6910
   2013.62599886      1.4940
   2013.62602740      1.3529
   2013.62605594      1.1820
   2013.62608447      1.0396
   2013.62611301      0.9430
   2013.62614155      0.8460
   2013.62617009      0.7581
   2013.62619863      0.6801
   2013.62622717      0.6119
   2013.62625571      0.5517
   2013.62628425      0.4986
   2013.62631279      0.4519
   2013.62634132      0.4108
   2013.62636986      0.3742
   2013.62639840      0.3417
   2013.62642694      0.3126
   2013.62645548      0.2865
   2013.62648402      0.2629
   2013.62651256      0.2416
   2013.62654110      0.2221
   2013.62656963      0.2044
   2013.62659817      0.1883
   2013.62662671      0.1737
   2013.62665525      0.1605
   2013.62668379      0.1484
   2013.62671233      0.1374
   2013.62674087      0.1273
   2013.62676941      0.1181
   2013.62679795      0.1096
   2013.62682648      0.1019
