   2013.62465753      0.0000
   2013.62468607      0.0000
   2013.62471461      0.0000
   2013.62474315      0.0000
   2013.62477169      0.0000
   2013.62480023      0.0000
   2013.62482877      0.0000
   2013.62485731      0.0000
   2013.62488584      0.0000
   2013.62491438      0.0000
   2013.62494292      0.0000
   2013.62497146      0.0000
   2013.62500000      0.0000
   2013.62502854      0.0000
   2013.62505708      0.0000
   2013.62508562      0.0000
   2013.62511416      0.0000
   2013.62514269      0.0000
   2013.62517123      0.0000
   2013.62519977      0.0000
   2013.62522831      0.0000
   2013.62525685      0.0000
   2013.62528539      0.0000
   2013.62531393      0.0000
   2013.62534247      0.0000
   2013.62537100      0.0000
   2013.62539954      0.0000
   2013.62542808      0.0000
   2013.62545662      0.0000
   2013.62548516      0.0000
   2013.62551370      0.0000
   2013.62554224      0.0000
   2013.62557078      0.0000
   2013.62559932      0.0000
   2013.62562785      0.0000
   2013.62565639      0.0000
   2013.62568493      0.0000
   2013.62571347      0.0000
   2013.62574201      0.0000
   2013.62577055      0.0000
   2013.62579909      0.0000
   2013.62582763      0.0000
   2013.62585616      0.0000
   2013.62588470      0.0000
   2013.62591324      0.0000
   2013.62594178      0.0000
   2013.62597032      0.0000
   2013.62599886      0.0000
   2013.62602740      0.0000
   2013.62605594      0.0000
   2013.62608447      0.0000
   2013.62611301      0.0000
   2013.62614155      0.0000
   2013.62617009      0.0000
   2013.62619863      0.0000
   2013.62622717      0.0000
   2013.62625571      0.0000
   2013.62628425      0.0000
   2013.62631279      0.0000
   2013.62634132      0.0000
   2013.62636986      0.0000
   2013.62639840      0.0000
   2013.62642694      0.0000
   2013.62645548      0.0000
   2013.62648402      0.0000
   2013.62651256      0.0000
   2013.62654110      0.0000
   2013.62656963      0.0000
   2013.62659817      0.0000
   2013.62662671      0.0000
   2013.62665525      0.0000
   2013.62668379      0.0000
   2013.62671233      0.0000
   2013.62674087      0.0000
   2013.62676941      0.0000
   2013.62679795      0.0000
   2013.62682648      0.0000
   2013.62685502      0.0000
   2013.62688356      0.0000
   2013.62691210      0.0000
   2013.62694064      0.0000
   2013.62696918      0.0000
   2013.62699772      0.0000
   2013.62702626      0.0000
   2013.62705479      0.0000
   2013.62708333      0.0000
   2013.62711187      0.0000
   2013.62714041      0.0000
   2013.62716895      0.0000
   2013.62719749      0.0637
   2013.62722603      0.1095
   2013.62725457      0.2132
   2013.62728311      0.4596
   2013.62731164      0.8778
   2013.62734018      1.3733
   2013.62736872      1.9724
   2013.62739726      2.9056
   2013.62742580      4.3306
   2013.62745434      5.8327
   2013.62748288      6.1987
   2013.62751142      6.3250
   2013.62753995      5.2840
   2013.62756849      4.7661
   2013.62759703      4.5199
   2013.62762557      3.8027
   2013.62765411      3.3382
   2013.62768265      2.9889
   2013.62771119      2.6642
   2013.62773973      2.4046
   2013.62776826      2.1134
   2013.62779680      1.9004
   2013.62782534      1.7178
   2013.62785388      1.5590
   2013.62788242      1.4180
   2013.62791096      1.2923
   2013.62793950      1.1954
   2013.62796804      1.0911
   2013.62799658      0.9921
   2013.62802511      0.9246
   2013.62805365      0.8538
   2013.62808219      0.7883
   2013.62811073      0.7285
   2013.62813927      0.6745
   2013.62816781      0.6268
   2013.62819635      0.5842
   2013.62822489      0.5458
   2013.62825342      0.5113
   2013.62828196      0.4800
   2013.62831050      0.4515
   2013.62833904      0.4253
   2013.62836758      0.4010
   2013.62839612      0.3786
   2013.62842466      0.3579
   2013.62845320      0.3387
   2013.62848174      0.3210
   2013.62851027      0.3045
   2013.62853881      0.2892
   2013.62856735      0.2751
   2013.62859589      0.2619
   2013.62862443      0.2496
   2013.62865297      0.2379
   2013.62868151      0.2270
   2013.62871005      0.2167
   2013.62873858      0.2070
   2013.62876712      0.1979
   2013.62879566      0.1894
   2013.62882420      0.1814
   2013.62885274      0.1738
   2013.62888128      0.1667
   2013.62890982      0.1600
   2013.62893836      0.1536
   2013.62896689      0.1476
   2013.62899543      0.1419
   2013.62902397      0.1365
   2013.62905251      0.1313
   2013.62908105      0.1265
   2013.62910959      0.1219
   2013.62913813      0.1175
   2013.62916667      0.1134
   2013.62919521      0.1095
   2013.62922374      0.1057
   2013.62925228      0.1021
