   2013.62465753      0.0000
   2013.62468607      0.0000
   2013.62471461      0.0000
   2013.62474315      0.0000
   2013.62477169      0.0000
   2013.62480023      0.0000
   2013.62482877      0.0000
   2013.62485731      0.0000
   2013.62488584      0.0000
   2013.62491438      0.0000
   2013.62494292      0.0000
   2013.62497146      0.0000
   2013.62500000      0.0000
   2013.62502854      0.0000
   2013.62505708      0.0000
   2013.62508562      0.0000
   2013.62511416      0.0000
   2013.62514269      0.0000
   2013.62517123      0.0000
   2013.62519977      0.0000
   2013.62522831      0.0000
   2013.62525685      0.0000
   2013.62528539      0.0000
   2013.62531393      0.0000
   2013.62534247      0.0000
   2013.62537100      0.0000
   2013.62539954      0.0000
   2013.62542808      0.0000
   2013.62545662      0.0000
   2013.62548516      0.0000
   2013.62551370      0.0000
   2013.62554224      0.0000
   2013.62557078      0.0000
   2013.62559932      0.0000
   2013.62562785      0.0000
   2013.62565639      0.0000
   2013.62568493      0.0000
   2013.62571347      0.1471
   2013.62574201      0.2692
   2013.62577055      0.6896
   2013.62579909      1.6144
   2013.62582763      2.6943
   2013.62585616      4.2607
   2013.62588470      7.0409
   2013.62591324      9.7088
   2013.62594178     10.8363
   2013.62597032     10.3896
   2013.62599886      9.6172
   2013.62602740      8.5961
   2013.62605594      7.8186
   2013.62608447      7.0798
   2013.62611301      6.4957
   2013.62614155      6.2321
   2013.62617009      5.8372
   2013.62619863      5.6098
   2013.62622717      5.3326
   2013.62625571      5.3151
   2013.62628425      5.3796
   2013.62631279      5.4495
   2013.62634132      5.4194
   2013.62636986      5.5965
   2013.62639840      5.8777
   2013.62642694      5.8233
   2013.62645548      6.0236
   2013.62648402      6.1821
   2013.62651256      6.4402
   2013.62654110      6.5093
   2013.62656963      6.6402
   2013.62659817      6.7695
   2013.62662671      6.9144
   2013.62665525      7.0619
   2013.62668379      7.0636
   2013.62671233      7.0448
   2013.62674087      7.0504
   2013.62676941      6.9220
   2013.62679795      6.9827
   2013.62682648      6.3222
   2013.62685502      6.5365
   2013.62688356      6.4066
   2013.62691210      6.3122
   2013.62694064      5.8508
   2013.62696918      6.1210
   2013.62699772      5.9421
   2013.62702626      5.9040
   2013.62705479      5.5769
   2013.62708333      6.1052
   2013.62711187      5.8877
   2013.62714041      5.8717
   2013.62716895      5.6952
   2013.62719749      6.2191
   2013.62722603      6.0044
   2013.62725457      6.1772
   2013.62728311      5.7182
   2013.62731164      6.0121
   2013.62734018      5.7422
   2013.62736872      5.7577
   2013.62739726      5.3505
   2013.62742580      5.5793
   2013.62745434      5.3201
   2013.62748288      5.2686
   2013.62751142      5.1984
   2013.62753995      5.1269
   2013.62756849      4.8852
   2013.62759703      4.8088
   2013.62762557      4.5544
   2013.62765411      4.6811
   2013.62768265      4.5316
   2013.62771119      4.3844
   2013.62773973      4.1542
   2013.62776826      4.2796
   2013.62779680      4.1361
   2013.62782534      4.0366
   2013.62785388      3.9603
   2013.62788242      3.9337
   2013.62791096      3.7526
   2013.62793950      3.6338
   2013.62796804      3.4460
   2013.62799658      3.5755
   2013.62802511      3.5128
   2013.62805365      3.6607
   2013.62808219      3.2229
   2013.62811073      3.3869
   2013.62813927      3.3456
   2013.62816781      3.4676
   2013.62819635      3.1099
   2013.62822489      3.2553
   2013.62825342      3.2449
   2013.62828196      3.3943
   2013.62831050      3.0658
   2013.62833904      3.3043
   2013.62836758      3.2249
   2013.62839612      3.2367
   2013.62842466      3.1256
   2013.62845320      3.3549
   2013.62848174      3.3070
   2013.62851027      3.3174
   2013.62853881      3.2845
   2013.62856735      3.5222
   2013.62859589      3.4925
   2013.62862443      3.5350
   2013.62865297      3.6473
   2013.62868151      3.8001
   2013.62871005      3.7859
   2013.62873858      3.9125
   2013.62876712      3.8489
   2013.62879566      4.2138
   2013.62882420      4.2095
   2013.62885274      4.3808
   2013.62888128      4.2876
   2013.62890982      4.7322
   2013.62893836      4.7176
   2013.62896689      4.9546
   2013.62899543      4.7814
   2013.62902397      5.3486
   2013.62905251      5.2720
   2013.62908105      5.4313
   2013.62910959      5.3336
   2013.62913813      5.7105
   2013.62916667      5.8265
   2013.62919521      5.9814
   2013.62922374      5.9167
   2013.62925228      6.6857
   2013.62928082      6.9420
   2013.62930936      6.7568
   2013.62933790      6.1447
   2013.62936644      6.1684
   2013.62939498      6.2305
   2013.62942352      6.8037
   2013.62945205      7.1695
   2013.62948059      7.4993
   2013.62950913      7.1281
   2013.62953767      6.3839
   2013.62956621      5.8465
   2013.62959475      5.4330
   2013.62962329      5.2732
   2013.62965183      5.3501
   2013.62968037      5.8266
   2013.62970890      5.7133
   2013.62973744      5.4400
   2013.62976598      4.7476
   2013.62979452      4.7075
   2013.62982306      3.9999
   2013.62985160      3.6617
   2013.62988014      3.2162
   2013.62990868      3.0440
   2013.62993721      2.8091
   2013.62996575      2.6379
   2013.62999429      2.4396
   2013.63002283      2.3474
   2013.63005137      2.1473
   2013.63007991      1.8655
   2013.63010845      1.7160
   2013.63013699      1.5555
   2013.63016553      1.4063
   2013.63019406      1.2550
   2013.63022260      1.1507
   2013.63025114      1.0462
   2013.63027968      0.9532
   2013.63030822      0.8697
   2013.63033676      0.7918
   2013.63036530      0.7201
   2013.63039384      0.6561
   2013.63042237      0.5994
   2013.63045091      0.5487
   2013.63047945      0.5033
   2013.63050799      0.4627
   2013.63053653      0.4262
   2013.63056507      0.3932
   2013.63059361      0.3633
   2013.63062215      0.3361
   2013.63065068      0.3113
   2013.63067922      0.2886
   2013.63070776      0.2679
   2013.63073630      0.2489
   2013.63076484      0.2313
   2013.63079338      0.2150
   2013.63082192      0.2000
   2013.63085046      0.1861
   2013.63087900      0.1734
   2013.63090753      0.1617
   2013.63093607      0.1508
   2013.63096461      0.1408
   2013.63099315      0.1316
   2013.63102169      0.1230
   2013.63105023      0.1151
   2013.63107877      0.1077
   2013.63110731      0.1008
