   2013.62465753      0.0000
   2013.62468607      0.0000
   2013.62471461      0.0000
   2013.62474315      0.0000
   2013.62477169      0.0000
   2013.62480023      0.0000
   2013.62482877      0.0000
   2013.62485731      0.0000
   2013.62488584      0.0000
   2013.62491438      0.0000
   2013.62494292      0.0000
   2013.62497146      0.0000
   2013.62500000      0.0000
   2013.62502854      0.0000
   2013.62505708      0.0000
   2013.62508562      0.0000
   2013.62511416      0.0000
   2013.62514269      0.0000
   2013.62517123      0.0000
   2013.62519977      0.0000
   2013.62522831      0.0000
   2013.62525685      0.0000
   2013.62528539      0.0000
   2013.62531393      0.0000
   2013.62534247      0.0000
   2013.62537100      0.0000
   2013.62539954      0.0000
   2013.62542808      0.0000
   2013.62545662      0.0000
   2013.62548516      0.0000
   2013.62551370      0.0000
   2013.62554224      0.0000
   2013.62557078      0.0000
   2013.62559932      0.0000
   2013.62562785      0.0000
   2013.62565639      0.0000
   2013.62568493      0.0000
   2013.62571347      0.0058
   2013.62574201      0.0123
   2013.62577055      0.0352
   2013.62579909      0.0586
   2013.62582763      0.0957
   2013.62585616      0.1605
   2013.62588470      0.2456
   2013.62591324      0.3669
   2013.62594178      0.4869
   2013.62597032      0.6548
   2013.62599886      0.9273
   2013.62602740      1.3367
   2013.62605594      1.9980
   2013.62608447      2.4302
   2013.62611301      2.5742
   2013.62614155      2.5166
   2013.62617009      2.4090
   2013.62619863      2.1623
   2013.62622717      1.9747
   2013.62625571      1.7988
   2013.62628425      1.6374
   2013.62631279      1.4897
   2013.62634132      1.3558
   2013.62636986      1.2600
   2013.62639840      1.1372
   2013.62642694      1.0210
   2013.62645548      0.9551
   2013.62648402      0.8801
   2013.62651256      0.8032
   2013.62654110      0.7329
   2013.62656963      0.6695
   2013.62659817      0.6132
   2013.62662671      0.5627
   2013.62665525      0.5174
   2013.62668379      0.4766
   2013.62671233      0.4396
   2013.62674087      0.4058
   2013.62676941      0.3749
   2013.62679795      0.3466
   2013.62682648      0.3207
   2013.62685502      0.2971
   2013.62688356      0.2756
   2013.62691210      0.2559
   2013.62694064      0.2377
   2013.62696918      0.2209
   2013.62699772      0.2053
   2013.62702626      0.1909
   2013.62705479      0.1776
   2013.62708333      0.1653
   2013.62711187      0.1540
   2013.62714041      0.1435
   2013.62716895      0.1337
   2013.62719749      0.1246
   2013.62722603      0.1162
   2013.62725457      0.1084
   2013.62728311      0.1011
