   2013.62465753      0.0000
   2013.62468607      0.0000
   2013.62471461      0.0000
   2013.62474315      0.0000
   2013.62477169      0.0000
   2013.62480023      0.0000
   2013.62482877      0.0000
   2013.62485731      0.0000
   2013.62488584      0.0000
   2013.62491438      0.0000
   2013.62494292      0.0000
   2013.62497146      0.0000
   2013.62500000      0.0000
   2013.62502854      0.0000
   2013.62505708      0.0000
   2013.62508562      0.0000
   2013.62511416      0.0000
   2013.62514269      0.0002
   2013.62517123      0.0000
   2013.62519977      0.0000
   2013.62522831      0.0001
   2013.62525685      0.0000
   2013.62528539      0.0000
   2013.62531393      0.0000
   2013.62534247      0.0001
   2013.62537100      0.0001
   2013.62539954      0.0001
   2013.62542808      0.0001
   2013.62545662      0.0002
   2013.62548516      0.0002
   2013.62551370      0.0002
   2013.62554224      0.0002
   2013.62557078      0.0005
   2013.62559932      0.0004
   2013.62562785      0.0004
   2013.62565639      0.0004
   2013.62568493      0.0007
   2013.62571347      0.0007
   2013.62574201      0.0006
   2013.62577055      0.0006
   2013.62579909      0.0011
   2013.62582763      0.0010
   2013.62585616      0.0022
   2013.62588470      0.0175
   2013.62591324      0.0367
   2013.62594178      0.0500
   2013.62597032      0.0593
   2013.62599886      0.0721
   2013.62602740      0.0990
   2013.62605594      0.1231
   2013.62608447      0.1512
   2013.62611301      0.1828
   2013.62614155      0.2415
   2013.62617009      0.2983
   2013.62619863      0.3448
   2013.62622717      0.4085
   2013.62625571      0.5126
   2013.62628425      0.6253
   2013.62631279      0.7432
   2013.62634132      0.8569
   2013.62636986      1.0133
   2013.62639840      1.1369
   2013.62642694      1.2496
   2013.62645548      1.3273
   2013.62648402      1.4510
   2013.62651256      1.5365
   2013.62654110      1.6007
   2013.62656963      1.6404
   2013.62659817      1.7624
   2013.62662671      1.8605
   2013.62665525      1.9391
   2013.62668379      2.0039
   2013.62671233      2.1739
   2013.62674087      2.3176
   2013.62676941      2.4203
   2013.62679795      2.4759
   2013.62682648      2.6358
   2013.62685502      2.7553
   2013.62688356      2.7445
   2013.62691210      2.7737
   2013.62694064      2.7831
   2013.62696918      2.8799
   2013.62699772      2.9023
   2013.62702626      2.8670
   2013.62705479      2.8179
   2013.62708333      2.8738
   2013.62711187      2.8686
   2013.62714041      2.7985
   2013.62716895      2.6907
   2013.62719749      2.7438
   2013.62722603      2.7055
   2013.62725457      2.6239
   2013.62728311      2.6208
   2013.62731164      2.5555
   2013.62734018      2.4800
   2013.62736872      2.3951
   2013.62739726      2.3725
   2013.62742580      2.2890
   2013.62745434      2.2152
   2013.62748288      2.1345
   2013.62751142      2.0508
   2013.62753995      2.0125
   2013.62756849      1.9416
   2013.62759703      1.8235
   2013.62762557      1.7729
   2013.62765411      1.7336
   2013.62768265      1.6370
   2013.62771119      1.6728
   2013.62773973      1.4556
   2013.62776826      1.4689
   2013.62779680      1.4045
   2013.62782534      1.3255
   2013.62785388      1.2794
   2013.62788242      1.2246
   2013.62791096      1.1466
   2013.62793950      1.1479
   2013.62796804      1.0702
   2013.62799658      1.0159
   2013.62802511      0.9362
   2013.62805365      0.9110
   2013.62808219      0.8826
   2013.62811073      0.8416
   2013.62813927      0.7977
   2013.62816781      0.7559
   2013.62819635      0.7315
   2013.62822489      0.6986
   2013.62825342      0.6643
   2013.62828196      0.6334
   2013.62831050      0.6216
   2013.62833904      0.5971
   2013.62836758      0.5706
   2013.62839612      0.5465
   2013.62842466      0.5461
   2013.62845320      0.5272
   2013.62848174      0.5063
   2013.62851027      0.4886
   2013.62853881      0.4944
   2013.62856735      0.5036
   2013.62859589      0.4958
   2013.62862443      0.4797
   2013.62865297      0.4634
   2013.62868151      0.4491
   2013.62871005      0.4471
   2013.62873858      0.4656
   2013.62876712      0.4856
   2013.62879566      0.5077
   2013.62882420      0.4963
   2013.62885274      0.4893
   2013.62888128      0.4981
   2013.62890982      0.5361
   2013.62893836      0.5620
   2013.62896689      0.6015
   2013.62899543      0.6229
   2013.62902397      0.6495
   2013.62905251      0.7050
   2013.62908105      0.7828
   2013.62910959      0.8570
   2013.62913813      0.9164
   2013.62916667      0.9789
   2013.62919521      1.0685
   2013.62922374      1.1837
   2013.62925228      1.2928
   2013.62928082      1.3656
   2013.62930936      1.4207
   2013.62933790      1.4873
   2013.62936644      1.5430
   2013.62939498      1.6221
   2013.62942352      1.6708
   2013.62945205      1.6799
   2013.62948059      1.6654
   2013.62950913      1.6488
   2013.62953767      1.6332
   2013.62956621      1.6153
   2013.62959475      1.5934
   2013.62962329      1.5673
   2013.62965183      1.5357
   2013.62968037      1.5122
   2013.62970890      1.4642
   2013.62973744      1.4324
   2013.62976598      1.3971
   2013.62979452      1.3549
   2013.62982306      1.3040
   2013.62985160      1.2471
   2013.62988014      1.1883
   2013.62990868      1.1307
   2013.62993721      1.1243
   2013.62996575      1.0198
   2013.62999429      0.9725
   2013.63002283      0.9214
   2013.63005137      0.8747
   2013.63007991      0.8276
   2013.63010845      0.7800
   2013.63013699      0.7333
   2013.63016553      0.6888
   2013.63019406      0.6474
   2013.63022260      0.6086
   2013.63025114      0.5721
   2013.63027968      0.5377
   2013.63030822      0.5056
   2013.63033676      0.4756
   2013.63036530      0.4476
   2013.63039384      0.4213
   2013.63042237      0.3966
   2013.63045091      0.3733
   2013.63047945      0.3514
   2013.63050799      0.3307
   2013.63053653      0.3112
   2013.63056507      0.2929
   2013.63059361      0.2757
   2013.63062215      0.2596
   2013.63065068      0.2444
   2013.63067922      0.2301
   2013.63070776      0.2165
   2013.63073630      0.2037
   2013.63076484      0.1917
   2013.63079338      0.1804
   2013.63082192      0.1699
   2013.63085046      0.1600
   2013.63087900      0.1507
   2013.63090753      0.1420
   2013.63093607      0.1338
   2013.63096461      0.1262
   2013.63099315      0.1190
   2013.63102169      0.1122
   2013.63105023      0.1058
