   2013.62465753      0.0000
   2013.62468607      0.0000
   2013.62471461      0.0000
   2013.62474315      0.0000
   2013.62477169      0.0000
   2013.62480023      0.0000
   2013.62482877      0.0000
   2013.62485731      0.0000
   2013.62488584      0.0000
   2013.62491438      0.0000
   2013.62494292      0.0000
   2013.62497146      0.0000
   2013.62500000      0.0000
   2013.62502854      0.0000
   2013.62505708      0.0000
   2013.62508562      0.0000
   2013.62511416      0.0000
   2013.62514269      0.0000
   2013.62517123      0.0000
   2013.62519977      0.0000
   2013.62522831      0.0000
   2013.62525685      0.0000
   2013.62528539      0.0000
   2013.62531393      0.0000
   2013.62534247      0.0000
   2013.62537100      0.0000
   2013.62539954      0.0000
   2013.62542808      0.0000
   2013.62545662      0.0000
   2013.62548516      0.0001
   2013.62551370      0.0002
   2013.62554224      0.0003
   2013.62557078      0.0003
   2013.62559932      0.0004
   2013.62562785      0.0005
   2013.62565639      0.0006
   2013.62568493      0.0574
   2013.62571347      1.8469
   2013.62574201      3.3042
   2013.62577055      3.8184
   2013.62579909      3.4656
   2013.62582763      3.3799
   2013.62585616      3.2042
   2013.62588470      3.0142
   2013.62591324      2.8308
   2013.62594178      2.6699
   2013.62597032      2.5289
   2013.62599886      2.4045
   2013.62602740      2.2747
   2013.62605594      2.1601
   2013.62608447      2.0022
   2013.62611301      1.8890
   2013.62614155      1.7806
   2013.62617009      1.6792
   2013.62619863      1.5642
   2013.62622717      1.4713
   2013.62625571      1.3842
   2013.62628425      1.3017
   2013.62631279      1.2216
   2013.62634132      1.1949
   2013.62636986      1.0802
   2013.62639840      1.0055
   2013.62642694      0.9311
   2013.62645548      0.8735
   2013.62648402      0.8122
   2013.62651256      0.7528
   2013.62654110      0.6960
   2013.62656963      0.6429
   2013.62659817      0.5941
   2013.62662671      0.5491
   2013.62665525      0.5078
   2013.62668379      0.4700
   2013.62671233      0.4354
   2013.62674087      0.4035
   2013.62676941      0.3740
   2013.62679795      0.3467
   2013.62682648      0.3214
   2013.62685502      0.2981
   2013.62688356      0.2766
   2013.62691210      0.2568
   2013.62694064      0.2384
   2013.62696918      0.2213
   2013.62699772      0.2054
   2013.62702626      0.1908
   2013.62705479      0.1773
   2013.62708333      0.1648
   2013.62711187      0.1534
   2013.62714041      0.1428
   2013.62716895      0.1330
   2013.62719749      0.1240
   2013.62722603      0.1156
   2013.62725457      0.1078
   2013.62728311      0.1006
