   2013.62465753      0.0000
   2013.62468607      0.0000
   2013.62471461      0.0000
   2013.62474315      0.0000
   2013.62477169      0.0000
   2013.62480023      0.0000
   2013.62482877      0.0000
   2013.62485731      0.0000
   2013.62488584      0.0000
   2013.62491438      0.0000
   2013.62494292      0.0000
   2013.62497146      0.0000
   2013.62500000      0.0000
   2013.62502854      0.0000
   2013.62505708      0.0000
   2013.62508562      0.0000
   2013.62511416      0.0000
   2013.62514269      0.0000
   2013.62517123      0.0000
   2013.62519977      0.0000
   2013.62522831      0.0000
   2013.62525685      0.0000
   2013.62528539      0.0000
   2013.62531393      0.0000
   2013.62534247      0.0000
   2013.62537100      0.0000
   2013.62539954      0.0000
   2013.62542808      0.0000
   2013.62545662      0.0000
   2013.62548516      0.0000
   2013.62551370      0.0000
   2013.62554224      0.0000
   2013.62557078      0.0000
   2013.62559932      0.0000
   2013.62562785      0.0000
   2013.62565639      0.0000
   2013.62568493      0.0000
   2013.62571347      0.0000
   2013.62574201      0.0000
   2013.62577055      0.0000
   2013.62579909      0.0000
   2013.62582763      0.0000
   2013.62585616      0.0000
   2013.62588470      0.0000
   2013.62591324      0.0000
   2013.62594178      0.0000
   2013.62597032      0.0000
   2013.62599886      0.0000
   2013.62602740      0.0000
   2013.62605594      0.0000
   2013.62608447      0.0000
   2013.62611301      0.0000
   2013.62614155      0.0000
   2013.62617009      0.0000
   2013.62619863      0.0000
   2013.62622717      0.0000
   2013.62625571      0.0000
   2013.62628425      9.6916
   2013.62631279     39.2552
   2013.62634132     89.4264
   2013.62636986    101.5607
   2013.62639840     78.8290
   2013.62642694     54.9607
   2013.62645548     39.6172
   2013.62648402     29.2669
   2013.62651256     22.7740
   2013.62654110     19.4087
   2013.62656963     17.4173
   2013.62659817     16.3028
   2013.62662671     15.6970
   2013.62665525     14.6571
   2013.62668379     13.5160
   2013.62671233     11.8607
   2013.62674087     10.2314
   2013.62676941      8.9402
   2013.62679795      8.0314
   2013.62682648      6.8815
   2013.62685502      5.9760
   2013.62688356      5.2015
   2013.62691210      4.5938
   2013.62694064      4.3570
   2013.62696918      3.7036
   2013.62699772      3.3686
   2013.62702626      3.0899
   2013.62705479      2.8334
   2013.62708333      2.6152
   2013.62711187      2.4308
   2013.62714041      2.2761
   2013.62716895      2.1408
   2013.62719749      2.0209
   2013.62722603      1.9082
   2013.62725457      1.7768
   2013.62728311      1.6838
   2013.62731164      1.5917
   2013.62734018      1.4990
   2013.62736872      1.4156
   2013.62739726      1.3405
   2013.62742580      1.2702
   2013.62745434      1.2021
   2013.62748288      1.1331
   2013.62751142      1.0858
   2013.62753995      1.0127
   2013.62756849      0.9371
   2013.62759703      0.8917
   2013.62762557      0.8361
   2013.62765411      0.7807
   2013.62768265      0.7267
   2013.62771119      0.6749
   2013.62773973      0.6267
   2013.62776826      0.5820
   2013.62779680      0.5404
   2013.62782534      0.5020
   2013.62785388      0.4665
   2013.62788242      0.4336
   2013.62791096      0.4030
   2013.62793950      0.3746
   2013.62796804      0.3480
   2013.62799658      0.3234
   2013.62802511      0.3005
   2013.62805365      0.2794
   2013.62808219      0.2598
   2013.62811073      0.2416
   2013.62813927      0.2246
   2013.62816781      0.2087
   2013.62819635      0.1941
   2013.62822489      0.1805
   2013.62825342      0.1679
   2013.62828196      0.1563
   2013.62831050      0.1456
   2013.62833904      0.1356
   2013.62836758      0.1264
   2013.62839612      0.1178
   2013.62842466      0.1098
   2013.62845320      0.1024
