   2013.62465753      0.0000
   2013.62468607      0.0000
   2013.62471461      0.0000
   2013.62474315      0.0000
   2013.62477169      0.0000
   2013.62480023      0.0000
   2013.62482877      0.0000
   2013.62485731      0.0000
   2013.62488584      0.0000
   2013.62491438      0.0000
   2013.62494292      0.0000
   2013.62497146      0.0000
   2013.62500000      0.0000
   2013.62502854      0.0000
   2013.62505708      0.0000
   2013.62508562      0.0000
   2013.62511416      0.0000
   2013.62514269      0.0000
   2013.62517123      0.0000
   2013.62519977      0.0000
   2013.62522831      0.0000
   2013.62525685      0.0000
   2013.62528539      0.0000
   2013.62531393      0.0000
   2013.62534247      0.0000
   2013.62537100      0.0000
   2013.62539954      0.0000
   2013.62542808      0.0000
   2013.62545662      0.0000
   2013.62548516      0.0000
   2013.62551370      0.0000
   2013.62554224      0.0000
   2013.62557078      0.0000
   2013.62559932      0.0000
   2013.62562785      0.0000
   2013.62565639      0.0000
   2013.62568493      0.0000
   2013.62571347      0.1535
   2013.62574201      0.2989
   2013.62577055      0.8280
   2013.62579909      2.0656
   2013.62582763      3.6972
   2013.62585616      6.5232
   2013.62588470     11.0298
   2013.62591324     14.7685
   2013.62594178     15.5339
   2013.62597032     15.0972
   2013.62599886     14.3109
   2013.62602740     13.7088
   2013.62605594     13.3030
   2013.62608447     13.1530
   2013.62611301     13.1148
   2013.62614155     13.5108
   2013.62617009     13.3903
   2013.62619863     13.7986
   2013.62622717     14.0207
   2013.62625571     14.4568
   2013.62628425     14.6239
   2013.62631279     15.1140
   2013.62634132     15.3416
   2013.62636986     15.7303
   2013.62639840     17.5332
   2013.62642694     18.0079
   2013.62645548     17.8317
   2013.62648402     17.7779
   2013.62651256     18.3937
   2013.62654110     18.0779
   2013.62656963     17.0175
   2013.62659817     16.3061
   2013.62662671     16.2827
   2013.62665525     15.0374
   2013.62668379     13.4446
   2013.62671233     11.9249
   2013.62674087     11.0371
   2013.62676941     10.7860
   2013.62679795     11.5781
   2013.62682648     12.2253
   2013.62685502     12.0395
   2013.62688356     10.9045
   2013.62691210      9.8552
   2013.62694064      8.8150
   2013.62696918      8.0852
   2013.62699772      7.6140
   2013.62702626      7.5039
   2013.62705479      7.5838
   2013.62708333      7.3724
   2013.62711187      7.2509
   2013.62714041      6.3582
   2013.62716895      5.5816
   2013.62719749      4.6530
   2013.62722603      4.1404
   2013.62725457      4.0984
   2013.62728311      3.7647
   2013.62731164      3.3522
   2013.62734018      3.0749
   2013.62736872      2.7967
   2013.62739726      2.6563
   2013.62742580      2.3688
   2013.62745434      2.1260
   2013.62748288      1.8346
   2013.62751142      1.6516
   2013.62753995      1.4810
   2013.62756849      1.4038
   2013.62759703      1.2064
   2013.62762557      1.0399
   2013.62765411      0.9772
   2013.62768265      0.8907
   2013.62771119      0.8078
   2013.62773973      0.7324
   2013.62776826      0.6647
   2013.62779680      0.6049
   2013.62782534      0.5516
   2013.62785388      0.5041
   2013.62788242      0.4620
   2013.62791096      0.4245
   2013.62793950      0.3907
   2013.62796804      0.3602
   2013.62799658      0.3324
   2013.62802511      0.3072
   2013.62805365      0.2843
   2013.62808219      0.2633
   2013.62811073      0.2440
   2013.62813927      0.2262
   2013.62816781      0.2098
   2013.62819635      0.1947
   2013.62822489      0.1808
   2013.62825342      0.1680
   2013.62828196      0.1563
   2013.62831050      0.1455
   2013.62833904      0.1355
   2013.62836758      0.1262
   2013.62839612      0.1177
   2013.62842466      0.1097
   2013.62845320      0.1024
