   2013.62465753      0.0000
   2013.62468607      0.0000
   2013.62471461      0.0000
   2013.62474315      0.0000
   2013.62477169      0.0000
   2013.62480023      0.0000
   2013.62482877      0.0000
   2013.62485731      0.0000
   2013.62488584      0.0000
   2013.62491438      0.0000
   2013.62494292      0.0000
   2013.62497146      0.0000
   2013.62500000      0.0000
   2013.62502854      0.0000
   2013.62505708      0.0000
   2013.62508562      0.0000
   2013.62511416      0.0000
   2013.62514269      0.0000
   2013.62517123      0.0000
   2013.62519977      0.0000
   2013.62522831      0.0000
   2013.62525685      0.0000
   2013.62528539      0.0000
   2013.62531393      0.0000
   2013.62534247      0.0000
   2013.62537100      0.0000
   2013.62539954      0.0000
   2013.62542808      0.0000
   2013.62545662      0.0000
   2013.62548516      0.0000
   2013.62551370      0.0000
   2013.62554224      0.0000
   2013.62557078      0.0000
   2013.62559932      0.0204
   2013.62562785      0.1098
   2013.62565639      0.2428
   2013.62568493      0.6657
   2013.62571347      1.7796
   2013.62574201      3.7512
   2013.62577055      7.1776
   2013.62579909     12.8876
   2013.62582763     18.7715
   2013.62585616     22.1448
   2013.62588470     22.1698
   2013.62591324     20.8616
   2013.62594178     19.1634
   2013.62597032     17.2110
   2013.62599886     15.1589
   2013.62602740     12.6295
   2013.62605594     11.6239
   2013.62608447     10.2038
   2013.62611301      8.8187
   2013.62614155      7.3907
   2013.62617009      7.2421
   2013.62619863      6.2901
   2013.62622717      5.7764
   2013.62625571      5.0377
   2013.62628425      5.1088
   2013.62631279      4.7314
   2013.62634132      4.6561
   2013.62636986      4.4682
   2013.62639840      4.8219
   2013.62642694      5.2540
   2013.62645548      5.6984
   2013.62648402      5.7867
   2013.62651256      5.3084
   2013.62654110      5.0598
   2013.62656963      4.8480
   2013.62659817      5.1108
   2013.62662671      5.4524
   2013.62665525      6.1714
   2013.62668379      6.2036
   2013.62671233      6.1635
   2013.62674087      6.1240
   2013.62676941      5.5151
   2013.62679795      4.6539
   2013.62682648      4.5970
   2013.62685502      3.9566
   2013.62688356      3.6938
   2013.62691210      3.8714
   2013.62694064      3.6704
   2013.62696918      3.3373
   2013.62699772      3.0749
   2013.62702626      2.7941
   2013.62705479      2.6443
   2013.62708333      2.3515
   2013.62711187      1.9732
   2013.62714041      1.8178
   2013.62716895      1.6315
   2013.62719749      1.4633
   2013.62722603      1.3144
   2013.62725457      1.1966
   2013.62728311      1.0791
   2013.62731164      0.9743
   2013.62734018      0.8917
   2013.62736872      0.8116
   2013.62739726      0.7385
   2013.62742580      0.6723
   2013.62745434      0.6135
   2013.62748288      0.5608
   2013.62751142      0.5136
   2013.62753995      0.4716
   2013.62756849      0.4340
   2013.62759703      0.4000
   2013.62762557      0.3692
   2013.62765411      0.3411
   2013.62768265      0.3154
   2013.62771119      0.2920
   2013.62773973      0.2705
   2013.62776826      0.2509
   2013.62779680      0.2327
   2013.62782534      0.2158
   2013.62785388      0.2003
   2013.62788242      0.1861
   2013.62791096      0.1730
   2013.62793950      0.1610
   2013.62796804      0.1499
   2013.62799658      0.1396
   2013.62802511      0.1302
   2013.62805365      0.1215
   2013.62808219      0.1134
   2013.62811073      0.1059
