   2013.62465753      0.0000
   2013.62468607      0.0000
   2013.62471461      0.0000
   2013.62474315      0.0000
   2013.62477169      0.0000
   2013.62480023      0.0000
   2013.62482877      0.0000
   2013.62485731      0.0000
   2013.62488584      0.0000
   2013.62491438      0.0021
   2013.62494292      0.0050
   2013.62497146      0.0074
   2013.62500000      0.0474
   2013.62502854      0.1355
   2013.62505708      0.3113
   2013.62508562      0.7837
   2013.62511416      1.8891
   2013.62514269      3.7590
   2013.62517123      6.9945
   2013.62519977     11.9968
   2013.62522831     15.7640
   2013.62525685     17.9308
   2013.62528539     17.9295
   2013.62531393     16.8306
   2013.62534247     15.1223
   2013.62537100     14.0270
   2013.62539954     12.5388
   2013.62542808     11.1517
   2013.62545662      9.7997
   2013.62548516      9.0136
   2013.62551370      8.1226
   2013.62554224      7.3471
   2013.62557078      6.5865
   2013.62559932      6.3592
   2013.62562785      5.9727
   2013.62565639      5.7130
   2013.62568493      5.4366
   2013.62571347      5.6102
   2013.62574201      5.4864
   2013.62577055      5.4240
   2013.62579909      5.3862
   2013.62582763      5.6125
   2013.62585616      5.6665
   2013.62588470      5.6843
   2013.62591324      5.7420
   2013.62594178      5.9809
   2013.62597032      6.0778
   2013.62599886      6.1102
   2013.62602740      6.2032
   2013.62605594      6.4699
   2013.62608447      6.6028
   2013.62611301      6.6329
   2013.62614155      6.7740
   2013.62617009      7.0592
   2013.62619863      7.2469
   2013.62622717      7.2221
   2013.62625571      7.4321
   2013.62628425      7.6586
   2013.62631279      7.8016
   2013.62634132      7.8662
   2013.62636986      7.9811
   2013.62639840      8.2170
   2013.62642694      8.3421
   2013.62645548      8.3276
   2013.62648402      8.4580
   2013.62651256      8.6109
   2013.62654110      8.7700
   2013.62656963      8.7483
   2013.62659817      8.8381
   2013.62662671      8.9903
   2013.62665525      9.1340
   2013.62668379      9.0736
   2013.62671233      9.0800
   2013.62674087      9.2398
   2013.62676941      9.3377
   2013.62679795      9.2308
   2013.62682648      9.1706
   2013.62685502      9.3482
   2013.62688356      9.3645
   2013.62691210      9.2299
   2013.62694064      9.1180
   2013.62696918      9.2769
   2013.62699772      9.2799
   2013.62702626      9.0447
   2013.62705479      8.9383
   2013.62708333      8.9863
   2013.62711187      8.9114
   2013.62714041      8.7273
   2013.62716895      8.6406
   2013.62719749      8.6393
   2013.62722603      8.5624
   2013.62725457      8.4175
   2013.62728311      8.2880
   2013.62731164      8.2806
   2013.62734018      8.1630
   2013.62736872      8.0034
   2013.62739726      7.9528
   2013.62742580      8.2962
   2013.62745434      8.1871
   2013.62748288      7.7750
   2013.62751142      7.2597
   2013.62753995      6.8072
   2013.62756849      6.6643
   2013.62759703      6.9927
   2013.62762557      7.2065
   2013.62765411      7.0734
   2013.62768265      6.6901
   2013.62771119      6.2139
   2013.62773973      5.6750
   2013.62776826      5.1716
   2013.62779680      4.8152
   2013.62782534      4.6445
   2013.62785388      4.4568
   2013.62788242      4.4167
   2013.62791096      4.4030
   2013.62793950      4.1457
   2013.62796804      3.7003
   2013.62799658      3.4330
   2013.62802511      3.1113
   2013.62805365      2.8572
   2013.62808219      2.6083
   2013.62811073      2.3940
   2013.62813927      2.2356
   2013.62816781      2.0556
   2013.62819635      1.9120
   2013.62822489      1.8005
   2013.62825342      1.6960
   2013.62828196      1.5595
   2013.62831050      1.4255
   2013.62833904      1.2986
   2013.62836758      1.1806
   2013.62839612      1.0781
   2013.62842466      0.9835
   2013.62845320      0.8985
   2013.62848174      0.8186
   2013.62851027      0.7437
   2013.62853881      0.6755
   2013.62856735      0.6150
   2013.62859589      0.5608
   2013.62862443      0.5122
   2013.62865297      0.4688
   2013.62868151      0.4299
   2013.62871005      0.3948
   2013.62873858      0.3632
   2013.62876712      0.3345
   2013.62879566      0.3084
   2013.62882420      0.2848
   2013.62885274      0.2633
   2013.62888128      0.2436
   2013.62890982      0.2254
   2013.62893836      0.2087
   2013.62896689      0.1934
   2013.62899543      0.1794
   2013.62902397      0.1666
   2013.62905251      0.1548
   2013.62908105      0.1440
   2013.62910959      0.1340
   2013.62913813      0.1249
   2013.62916667      0.1164
   2013.62919521      0.1086
   2013.62922374      0.1013
