   2013.62465753      0.0000
   2013.62468607      0.0000
   2013.62471461      0.0000
   2013.62474315      0.0000
   2013.62477169      0.0000
   2013.62480023      0.0000
   2013.62482877      0.0000
   2013.62485731      0.0000
   2013.62488584      0.0000
   2013.62491438      0.0000
   2013.62494292      0.0000
   2013.62497146      0.0000
   2013.62500000      0.0000
   2013.62502854      0.0000
   2013.62505708      0.0000
   2013.62508562      0.0000
   2013.62511416      0.0000
   2013.62514269      0.0000
   2013.62517123      0.0000
   2013.62519977      0.0000
   2013.62522831      0.0000
   2013.62525685      0.0000
   2013.62528539      0.0000
   2013.62531393      0.0000
   2013.62534247      0.0000
   2013.62537100      0.0000
   2013.62539954      0.0000
   2013.62542808      0.0000
   2013.62545662      0.0000
   2013.62548516      0.0000
   2013.62551370      0.0000
   2013.62554224      0.0000
   2013.62557078      0.0000
   2013.62559932      0.1763
   2013.62562785      0.3525
   2013.62565639      1.0044
   2013.62568493      2.2674
   2013.62571347      3.7259
   2013.62574201      6.2218
   2013.62577055     10.2635
   2013.62579909     12.6055
   2013.62582763     12.7386
   2013.62585616     12.1742
   2013.62588470     10.8756
   2013.62591324      9.7494
   2013.62594178      8.9657
   2013.62597032      8.2647
   2013.62599886      7.8605
   2013.62602740      7.5176
   2013.62605594      7.3856
   2013.62608447      7.2814
   2013.62611301      7.5063
   2013.62614155      7.5111
   2013.62617009      7.8028
   2013.62619863      8.1710
   2013.62622717      8.4546
   2013.62625571      8.9726
   2013.62628425      9.3476
   2013.62631279      9.6316
   2013.62634132      9.9393
   2013.62636986      9.7407
   2013.62639840     10.3076
   2013.62642694     10.2009
   2013.62645548     10.1254
   2013.62648402      9.6865
   2013.62651256     10.3224
   2013.62654110     10.2117
   2013.62656963      9.9350
   2013.62659817      9.6732
   2013.62662671     10.3184
   2013.62665525     10.5130
   2013.62668379     10.6937
   2013.62671233     11.8347
   2013.62674087     13.1588
   2013.62676941     12.7801
   2013.62679795     12.6579
   2013.62682648     12.3201
   2013.62685502     12.0531
   2013.62688356     13.2838
   2013.62691210     13.8728
   2013.62694064     13.9298
   2013.62696918     14.3901
   2013.62699772     14.0400
   2013.62702626     13.4203
   2013.62705479     11.8689
   2013.62708333     10.0834
   2013.62711187      8.6501
   2013.62714041      7.4304
   2013.62716895      6.8530
   2013.62719749      5.8106
   2013.62722603      4.6485
   2013.62725457      4.4572
   2013.62728311      3.6759
   2013.62731164      3.4356
   2013.62734018      3.0899
   2013.62736872      2.7824
   2013.62739726      2.6209
   2013.62742580      2.3414
   2013.62745434      2.1012
   2013.62748288      1.8161
   2013.62751142      1.6326
   2013.62753995      1.4638
   2013.62756849      1.3703
   2013.62759703      1.1890
   2013.62762557      1.0444
   2013.62765411      0.9644
   2013.62768265      0.8749
   2013.62771119      0.7907
   2013.62773973      0.7145
   2013.62776826      0.6466
   2013.62779680      0.5865
   2013.62782534      0.5330
   2013.62785388      0.4855
   2013.62788242      0.4435
   2013.62791096      0.4060
   2013.62793950      0.3723
   2013.62796804      0.3420
   2013.62799658      0.3146
   2013.62802511      0.2899
   2013.62805365      0.2674
   2013.62808219      0.2469
   2013.62811073      0.2280
   2013.62813927      0.2107
   2013.62816781      0.1949
   2013.62819635      0.1804
   2013.62822489      0.1671
   2013.62825342      0.1550
   2013.62828196      0.1439
   2013.62831050      0.1337
   2013.62833904      0.1242
   2013.62836758      0.1155
   2013.62839612      0.1075
   2013.62842466      0.1001
