   2013.62465753      0.0000
   2013.62468607      0.0000
   2013.62471461      0.0000
   2013.62474315      0.0000
   2013.62477169      0.0000
   2013.62480023      0.0000
   2013.62482877      0.0000
   2013.62485731      0.0000
   2013.62488584      0.0000
   2013.62491438      0.0000
   2013.62494292      0.0000
   2013.62497146      0.0000
   2013.62500000      0.0000
   2013.62502854      0.0000
   2013.62505708      0.0000
   2013.62508562      0.0000
   2013.62511416      0.0000
   2013.62514269      0.0000
   2013.62517123      0.0000
   2013.62519977      0.0000
   2013.62522831      0.0000
   2013.62525685      0.0000
   2013.62528539      0.0000
   2013.62531393      0.0000
   2013.62534247      0.0000
   2013.62537100      0.0000
   2013.62539954      0.0000
   2013.62542808      0.0000
   2013.62545662      0.0000
   2013.62548516      0.0000
   2013.62551370      0.0000
   2013.62554224      0.0000
   2013.62557078      0.0000
   2013.62559932      0.0000
   2013.62562785      0.0000
   2013.62565639      0.0000
   2013.62568493      0.0000
   2013.62571347      0.5862
   2013.62574201      2.6577
   2013.62577055      7.3917
   2013.62579909     15.0115
   2013.62582763     30.1106
   2013.62585616     34.9765
   2013.62588470     32.0283
   2013.62591324     27.4236
   2013.62594178     25.3399
   2013.62597032     23.0043
   2013.62599886     20.4941
   2013.62602740     18.3796
   2013.62605594     17.5825
   2013.62608447     16.1768
   2013.62611301     14.7951
   2013.62614155     13.1775
   2013.62617009     12.9331
   2013.62619863     12.0539
   2013.62622717     11.2599
   2013.62625571     10.4549
   2013.62628425     10.8975
   2013.62631279     10.8595
   2013.62634132     10.8090
   2013.62636986     11.0157
   2013.62639840     12.0576
   2013.62642694     12.5984
   2013.62645548     12.7891
   2013.62648402     13.1487
   2013.62651256     14.1135
   2013.62654110     14.4393
   2013.62656963     14.3046
   2013.62659817     14.4098
   2013.62662671     15.2713
   2013.62665525     15.4239
   2013.62668379     15.1473
   2013.62671233     15.1127
   2013.62674087     15.5006
   2013.62676941     15.8784
   2013.62679795     15.4791
   2013.62682648     15.2894
   2013.62685502     15.4914
   2013.62688356     15.7224
   2013.62691210     15.2066
   2013.62694064     14.9319
   2013.62696918     15.3681
   2013.62699772     15.1529
   2013.62702626     14.6068
   2013.62705479     14.2891
   2013.62708333     14.3081
   2013.62711187     14.1456
   2013.62714041     13.6576
   2013.62716895     13.9177
   2013.62719749     13.7550
   2013.62722603     13.1863
   2013.62725457     12.6558
   2013.62728311     11.6837
   2013.62731164     12.0530
   2013.62734018     13.0867
   2013.62736872     13.0073
   2013.62739726     11.7158
   2013.62742580     10.7408
   2013.62745434      9.8545
   2013.62748288      9.0351
   2013.62751142      9.3303
   2013.62753995      9.6521
   2013.62756849      9.1943
   2013.62759703      8.6447
   2013.62762557      7.8920
   2013.62765411      7.0898
   2013.62768265      6.4517
   2013.62771119      6.0526
   2013.62773973      6.2407
   2013.62776826      5.9595
   2013.62779680      5.6217
   2013.62782534      4.8022
   2013.62785388      4.3612
   2013.62788242      4.2644
   2013.62791096      3.7838
   2013.62793950      3.3118
   2013.62796804      3.1512
   2013.62799658      2.9049
   2013.62802511      2.7026
   2013.62805365      2.4727
   2013.62808219      2.3615
   2013.62811073      2.1475
   2013.62813927      1.9580
   2013.62816781      1.7880
   2013.62819635      1.5716
   2013.62822489      1.4418
   2013.62825342      1.3210
   2013.62828196      1.2682
   2013.62831050      1.1147
   2013.62833904      1.0291
   2013.62836758      0.9497
   2013.62839612      0.8770
   2013.62842466      0.8073
   2013.62845320      0.7404
   2013.62848174      0.6783
   2013.62851027      0.6222
   2013.62853881      0.5710
   2013.62856735      0.5243
   2013.62859589      0.4820
   2013.62862443      0.4438
   2013.62865297      0.4090
   2013.62868151      0.3773
   2013.62871005      0.3483
   2013.62873858      0.3218
   2013.62876712      0.2975
   2013.62879566      0.2754
   2013.62882420      0.2551
   2013.62885274      0.2363
   2013.62888128      0.2190
   2013.62890982      0.2030
   2013.62893836      0.1884
   2013.62896689      0.1749
   2013.62899543      0.1625
   2013.62902397      0.1511
   2013.62905251      0.1406
   2013.62908105      0.1310
   2013.62910959      0.1220
   2013.62913813      0.1138
   2013.62916667      0.1061
