   2013.62465753      0.0000
   2013.62468607      0.0000
   2013.62471461      0.0000
   2013.62474315      0.0000
   2013.62477169      0.0000
   2013.62480023      0.0000
   2013.62482877      0.0000
   2013.62485731      0.0000
   2013.62488584      0.0000
   2013.62491438      0.0000
   2013.62494292      0.0000
   2013.62497146      0.0000
   2013.62500000      0.0000
   2013.62502854      0.0059
   2013.62505708      0.0072
   2013.62508562      0.0252
   2013.62511416      0.0782
   2013.62514269      0.1351
   2013.62517123      0.2503
   2013.62519977      0.4323
   2013.62522831      0.6433
   2013.62525685      0.8069
   2013.62528539      0.9320
   2013.62531393      1.0728
   2013.62534247      1.4755
   2013.62537100      2.6008
   2013.62539954      3.8672
   2013.62542808      4.4321
   2013.62545662      4.4057
   2013.62548516      4.0496
   2013.62551370      3.8329
   2013.62554224      3.5151
   2013.62557078      3.3582
   2013.62559932      3.2806
   2013.62562785      3.5044
   2013.62565639      3.4739
   2013.62568493      3.2055
   2013.62571347      2.9890
   2013.62574201      2.7635
   2013.62577055      2.5283
   2013.62579909      2.2864
   2013.62582763      2.1859
   2013.62585616      2.0112
   2013.62588470      1.8764
   2013.62591324      1.7602
   2013.62594178      1.5731
   2013.62597032      1.4776
   2013.62599886      1.3662
   2013.62602740      1.2580
   2013.62605594      1.1670
   2013.62608447      1.0631
   2013.62611301      0.9656
   2013.62614155      0.8864
   2013.62617009      0.8068
   2013.62619863      0.7326
   2013.62622717      0.6647
   2013.62625571      0.6038
   2013.62628425      0.5491
   2013.62631279      0.5001
   2013.62634132      0.4566
   2013.62636986      0.4177
   2013.62639840      0.3828
   2013.62642694      0.3514
   2013.62645548      0.3229
   2013.62648402      0.2972
   2013.62651256      0.2739
   2013.62654110      0.2527
   2013.62656963      0.2332
   2013.62659817      0.2153
   2013.62662671      0.1990
   2013.62665525      0.1841
   2013.62668379      0.1704
   2013.62671233      0.1580
   2013.62674087      0.1466
   2013.62676941      0.1362
   2013.62679795      0.1267
   2013.62682648      0.1179
   2013.62685502      0.1097
   2013.62688356      0.1022
