   2013.62465753      0.0000
   2013.62468607      0.0000
   2013.62471461      0.0000
   2013.62474315      0.0000
   2013.62477169      0.0000
   2013.62480023      0.0000
   2013.62482877      0.0000
   2013.62485731      0.0000
   2013.62488584      0.0000
   2013.62491438      0.0000
   2013.62494292      0.0000
   2013.62497146      0.0000
   2013.62500000      0.0000
   2013.62502854      0.0000
   2013.62505708      0.0000
   2013.62508562      0.0000
   2013.62511416      0.0000
   2013.62514269      0.0000
   2013.62517123      0.0000
   2013.62519977      0.0000
   2013.62522831      0.0000
   2013.62525685      0.0000
   2013.62528539      0.0000
   2013.62531393      0.0000
   2013.62534247      0.0000
   2013.62537100      0.0000
   2013.62539954      0.0000
   2013.62542808      0.0000
   2013.62545662      0.0000
   2013.62548516      0.0000
   2013.62551370      0.0000
   2013.62554224      0.0000
   2013.62557078      0.0000
   2013.62559932      0.0000
   2013.62562785      0.0000
   2013.62565639      0.0000
   2013.62568493      0.0000
   2013.62571347      0.0000
   2013.62574201      0.0000
   2013.62577055      0.0000
   2013.62579909      0.0000
   2013.62582763      0.0000
   2013.62585616      0.0000
   2013.62588470      0.0000
   2013.62591324      0.0000
   2013.62594178      0.0000
   2013.62597032      0.0000
   2013.62599886      0.0000
   2013.62602740      0.0000
   2013.62605594      1.1324
   2013.62608447      6.1022
   2013.62611301     13.9187
   2013.62614155     32.1762
   2013.62617009     43.2938
   2013.62619863     39.7028
   2013.62622717     30.7709
   2013.62625571     24.6147
   2013.62628425     21.1308
   2013.62631279     18.3625
   2013.62634132     16.3823
   2013.62636986     15.4377
   2013.62639840     14.8894
   2013.62642694     14.6798
   2013.62645548     14.4324
   2013.62648402     13.9859
   2013.62651256     14.4366
   2013.62654110     14.0904
   2013.62656963     14.0745
   2013.62659817     13.9075
   2013.62662671     14.3285
   2013.62665525     14.7717
   2013.62668379     14.6885
   2013.62671233     14.0211
   2013.62674087     13.3592
   2013.62676941     12.9868
   2013.62679795     12.7737
   2013.62682648     12.7138
   2013.62685502     12.6183
   2013.62688356     12.2094
   2013.62691210     11.6103
   2013.62694064     10.8243
   2013.62696918     10.0140
   2013.62699772      9.1423
   2013.62702626      8.5699
   2013.62705479      8.0267
   2013.62708333      7.5029
   2013.62711187      6.7456
   2013.62714041      6.5705
   2013.62716895      5.3319
   2013.62719749      4.7475
   2013.62722603      4.0989
   2013.62725457      3.7257
   2013.62728311      3.2306
   2013.62731164      3.0668
   2013.62734018      2.5866
   2013.62736872      2.2750
   2013.62739726      1.9346
   2013.62742580      1.7203
   2013.62745434      1.5298
   2013.62748288      1.4326
   2013.62751142      1.2267
   2013.62753995      1.0637
   2013.62756849      0.9822
   2013.62759703      0.8888
   2013.62762557      0.8009
   2013.62765411      0.7217
   2013.62768265      0.6514
   2013.62771119      0.5896
   2013.62773973      0.5347
   2013.62776826      0.4861
   2013.62779680      0.4432
   2013.62782534      0.4050
   2013.62785388      0.3709
   2013.62788242      0.3402
   2013.62791096      0.3126
   2013.62793950      0.2877
   2013.62796804      0.2651
   2013.62799658      0.2444
   2013.62802511      0.2255
   2013.62805365      0.2082
   2013.62808219      0.1924
   2013.62811073      0.1780
   2013.62813927      0.1648
   2013.62816781      0.1528
   2013.62819635      0.1417
   2013.62822489      0.1316
   2013.62825342      0.1223
   2013.62828196      0.1136
   2013.62831050      0.1057
