   2013.62465753      0.0000
   2013.62468607      0.0000
   2013.62471461      0.0000
   2013.62474315      0.0000
   2013.62477169      0.0000
   2013.62480023      0.0000
   2013.62482877      0.0000
   2013.62485731      0.0000
   2013.62488584      0.0000
   2013.62491438      0.0000
   2013.62494292      0.0000
   2013.62497146      0.0000
   2013.62500000      0.0000
   2013.62502854      0.0000
   2013.62505708      0.0000
   2013.62508562      0.0000
   2013.62511416      0.0000
   2013.62514269      0.0043
   2013.62517123      0.0031
   2013.62519977      0.0086
   2013.62522831      0.0423
   2013.62525685      0.0777
   2013.62528539      0.1276
   2013.62531393      0.2147
   2013.62534247      0.3501
   2013.62537100      0.5367
   2013.62539954      0.7956
   2013.62542808      1.1432
   2013.62545662      1.7281
   2013.62548516      2.5420
   2013.62551370      3.3928
   2013.62554224      4.1570
   2013.62557078      4.7704
   2013.62559932      4.9912
   2013.62562785      5.1575
   2013.62565639      5.1376
   2013.62568493      5.2689
   2013.62571347      5.4530
   2013.62574201      5.5693
   2013.62577055      5.5556
   2013.62579909      5.7221
   2013.62582763      5.9960
   2013.62585616      6.1247
   2013.62588470      6.1196
   2013.62591324      6.2763
   2013.62594178      6.4682
   2013.62597032      6.6777
   2013.62599886      6.8535
   2013.62602740      7.0369
   2013.62605594      7.2742
   2013.62608447      7.5133
   2013.62611301      7.6521
   2013.62614155      8.3192
   2013.62617009      8.9783
   2013.62619863      9.4647
   2013.62622717      9.8147
   2013.62625571      9.9578
   2013.62628425     10.7672
   2013.62631279     11.2725
   2013.62634132     11.6185
   2013.62636986     11.2217
   2013.62639840     11.7196
   2013.62642694     11.4115
   2013.62645548     10.9534
   2013.62648402     10.2604
   2013.62651256     10.7735
   2013.62654110     10.4207
   2013.62656963     10.3163
   2013.62659817      9.9001
   2013.62662671     10.6210
   2013.62665525     10.6294
   2013.62668379     10.4155
   2013.62671233     10.5751
   2013.62674087     11.1494
   2013.62676941     10.8143
   2013.62679795     10.8339
   2013.62682648      9.9408
   2013.62685502     10.9659
   2013.62688356     11.5064
   2013.62691210     11.9680
   2013.62694064     12.0741
   2013.62696918     11.7914
   2013.62699772     10.7963
   2013.62702626      9.4884
   2013.62705479      8.4613
   2013.62708333      7.6593
   2013.62711187      7.2007
   2013.62714041      6.9864
   2013.62716895      7.1027
   2013.62719749      7.0721
   2013.62722603      7.1242
   2013.62725457      5.8952
   2013.62728311      5.2563
   2013.62731164      5.0746
   2013.62734018      4.0402
   2013.62736872      3.5139
   2013.62739726      3.1230
   2013.62742580      2.8219
   2013.62745434      2.5234
   2013.62748288      2.2388
   2013.62751142      2.0070
   2013.62753995      1.7433
   2013.62756849      1.5782
   2013.62759703      1.4288
   2013.62762557      1.2958
   2013.62765411      1.1916
   2013.62768265      1.0798
   2013.62771119      0.9781
   2013.62773973      0.8996
   2013.62776826      0.8206
   2013.62779680      0.7473
   2013.62782534      0.6802
   2013.62785388      0.6201
   2013.62788242      0.5661
   2013.62791096      0.5177
   2013.62793950      0.4745
   2013.62796804      0.4358
   2013.62799658      0.4009
   2013.62802511      0.3694
   2013.62805365      0.3407
   2013.62808219      0.3145
   2013.62811073      0.2907
   2013.62813927      0.2690
   2013.62816781      0.2491
   2013.62819635      0.2307
   2013.62822489      0.2137
   2013.62825342      0.1980
   2013.62828196      0.1837
   2013.62831050      0.1706
   2013.62833904      0.1585
   2013.62836758      0.1473
   2013.62839612      0.1371
   2013.62842466      0.1276
   2013.62845320      0.1188
   2013.62848174      0.1107
   2013.62851027      0.1032
