   2013.62465753      0.0000
   2013.62468607      0.0000
   2013.62471461      0.0000
   2013.62474315      0.0000
   2013.62477169      0.0000
   2013.62480023      0.0000
   2013.62482877      0.0000
   2013.62485731      0.0000
   2013.62488584      0.0000
   2013.62491438      0.0000
   2013.62494292      0.0000
   2013.62497146      0.0000
   2013.62500000      0.0000
   2013.62502854      0.0000
   2013.62505708      0.0000
   2013.62508562      0.0000
   2013.62511416      0.0000
   2013.62514269      0.0000
   2013.62517123      0.0000
   2013.62519977      0.0000
   2013.62522831      0.0000
   2013.62525685      0.0000
   2013.62528539      0.0000
   2013.62531393      0.0000
   2013.62534247      0.0000
   2013.62537100      0.0000
   2013.62539954      0.0000
   2013.62542808      0.0000
   2013.62545662      0.0000
   2013.62548516      0.0000
   2013.62551370      0.0000
   2013.62554224      0.0000
   2013.62557078      0.0000
   2013.62559932      0.0000
   2013.62562785      0.0000
   2013.62565639      0.0000
   2013.62568493      0.0000
   2013.62571347      0.0000
   2013.62574201      0.0000
   2013.62577055      0.0000
   2013.62579909      0.0000
   2013.62582763      0.0000
   2013.62585616      0.0000
   2013.62588470      0.0000
   2013.62591324      0.0000
   2013.62594178      0.0000
   2013.62597032      0.0000
   2013.62599886      0.0000
   2013.62602740      0.0000
   2013.62605594      0.0000
   2013.62608447      0.0000
   2013.62611301      0.0000
   2013.62614155      0.0000
   2013.62617009      0.0003
   2013.62619863      0.0015
   2013.62622717      0.0027
   2013.62625571      0.0037
   2013.62628425      0.0047
   2013.62631279      0.0188
   2013.62634132      0.0708
   2013.62636986      0.1038
   2013.62639840      0.1772
   2013.62642694      0.2906
   2013.62645548      0.4483
   2013.62648402      0.6380
   2013.62651256      0.8480
   2013.62654110      1.1120
   2013.62656963      1.4147
   2013.62659817      1.8598
   2013.62662671      2.2612
   2013.62665525      2.5547
   2013.62668379      2.6583
   2013.62671233      2.5552
   2013.62674087      2.4972
   2013.62676941      2.2727
   2013.62679795      1.9785
   2013.62682648      1.7898
   2013.62685502      1.6080
   2013.62688356      1.4398
   2013.62691210      1.3214
   2013.62694064      1.1638
   2013.62696918      1.0299
   2013.62699772      0.9418
   2013.62702626      0.8496
   2013.62705479      0.7647
   2013.62708333      0.6885
   2013.62711187      0.6212
   2013.62714041      0.5616
   2013.62716895      0.5087
   2013.62719749      0.4621
   2013.62722603      0.4208
   2013.62725457      0.3841
   2013.62728311      0.3513
   2013.62731164      0.3218
   2013.62734018      0.2953
   2013.62736872      0.2714
   2013.62739726      0.2497
   2013.62742580      0.2298
   2013.62745434      0.2117
   2013.62748288      0.1951
   2013.62751142      0.1801
   2013.62753995      0.1664
   2013.62756849      0.1539
   2013.62759703      0.1425
   2013.62762557      0.1321
   2013.62765411      0.1225
   2013.62768265      0.1137
   2013.62771119      0.1056
