   2013.62465753      0.0000
   2013.62468607      0.0000
   2013.62471461      0.0000
   2013.62474315      0.0000
   2013.62477169      0.0000
   2013.62480023      0.0000
   2013.62482877      0.0000
   2013.62485731      0.0000
   2013.62488584      0.0000
   2013.62491438      0.0000
   2013.62494292      0.0000
   2013.62497146      0.0000
   2013.62500000      0.0000
   2013.62502854      0.0000
   2013.62505708      0.0000
   2013.62508562      0.0000
   2013.62511416      0.0000
   2013.62514269      0.0000
   2013.62517123      0.0000
   2013.62519977      0.0000
   2013.62522831      0.0000
   2013.62525685      0.0000
   2013.62528539      0.0000
   2013.62531393      0.0000
   2013.62534247      0.0000
   2013.62537100      0.0000
   2013.62539954      0.0000
   2013.62542808      0.0000
   2013.62545662      0.0000
   2013.62548516      0.0000
   2013.62551370      0.0000
   2013.62554224      0.0000
   2013.62557078      0.0000
   2013.62559932      0.0000
   2013.62562785      0.0000
   2013.62565639      0.0000
   2013.62568493      0.0000
   2013.62571347      0.0000
   2013.62574201      0.0000
   2013.62577055      0.0000
   2013.62579909      0.0000
   2013.62582763      0.0000
   2013.62585616      0.0000
   2013.62588470      0.0000
   2013.62591324      0.0000
   2013.62594178      0.0000
   2013.62597032      0.0000
   2013.62599886      0.0000
   2013.62602740      0.0000
   2013.62605594      0.0000
   2013.62608447      0.0000
   2013.62611301      0.0000
   2013.62614155      0.0000
   2013.62617009      0.0000
   2013.62619863      0.0000
   2013.62622717      0.0000
   2013.62625571      0.0000
   2013.62628425      0.0000
   2013.62631279      0.0001
   2013.62634132      0.0002
   2013.62636986      0.0003
   2013.62639840      0.0004
   2013.62642694      0.0005
   2013.62645548      0.0006
   2013.62648402      0.0007
   2013.62651256      0.3992
   2013.62654110      3.2138
   2013.62656963      3.8743
   2013.62659817      4.0079
   2013.62662671      3.5364
   2013.62665525      3.3296
   2013.62668379      3.0941
   2013.62671233      2.7874
   2013.62674087      2.5796
   2013.62676941      2.3724
   2013.62679795      2.1853
   2013.62682648      2.0124
   2013.62685502      1.8624
   2013.62688356      1.7061
   2013.62691210      1.5813
   2013.62694064      1.4683
   2013.62696918      1.3648
   2013.62699772      1.2682
   2013.62702626      1.2356
   2013.62705479      1.1046
   2013.62708333      1.0217
   2013.62711187      0.9412
   2013.62714041      0.8788
   2013.62716895      0.8134
   2013.62719749      0.7509
   2013.62722603      0.6918
   2013.62725457      0.6372
   2013.62728311      0.5872
   2013.62731164      0.5413
   2013.62734018      0.4996
   2013.62736872      0.4616
   2013.62739726      0.4269
   2013.62742580      0.3950
   2013.62745434      0.3656
   2013.62748288      0.3385
   2013.62751142      0.3134
   2013.62753995      0.2904
   2013.62756849      0.2692
   2013.62759703      0.2497
   2013.62762557      0.2316
   2013.62765411      0.2147
   2013.62768265      0.1992
   2013.62771119      0.1849
   2013.62773973      0.1717
   2013.62776826      0.1596
   2013.62779680      0.1484
   2013.62782534      0.1381
   2013.62785388      0.1286
   2013.62788242      0.1198
   2013.62791096      0.1116
   2013.62793950      0.1040
