   2013.62465753      0.0000
   2013.62468607      0.0000
   2013.62471461      0.0000
   2013.62474315      0.0000
   2013.62477169      0.0000
   2013.62480023      0.0000
   2013.62482877      0.0000
   2013.62485731      0.0000
   2013.62488584      0.0000
   2013.62491438      0.0000
   2013.62494292      0.0000
   2013.62497146      0.0000
   2013.62500000      0.0000
   2013.62502854      0.0000
   2013.62505708      0.0000
   2013.62508562      0.0000
   2013.62511416      0.0000
   2013.62514269      0.0000
   2013.62517123      0.0000
   2013.62519977      0.0000
   2013.62522831      0.0000
   2013.62525685      0.0049
   2013.62528539      0.0038
   2013.62531393      0.0211
   2013.62534247      0.0555
   2013.62537100      0.0939
   2013.62539954      0.1729
   2013.62542808      0.3003
   2013.62545662      0.4908
   2013.62548516      0.7636
   2013.62551370      1.1565
   2013.62554224      1.8275
   2013.62557078      2.8321
   2013.62559932      3.9249
   2013.62562785      4.6391
   2013.62565639      4.9360
   2013.62568493      5.0012
   2013.62571347      4.9720
   2013.62574201      4.9170
   2013.62577055      4.8656
   2013.62579909      4.8294
   2013.62582763      4.8113
   2013.62585616      4.8098
   2013.62588470      4.8214
   2013.62591324      4.8421
   2013.62594178      4.8683
   2013.62597032      4.8965
   2013.62599886      4.9615
   2013.62602740      4.8245
   2013.62605594      4.6889
   2013.62608447      4.7465
   2013.62611301      4.2499
   2013.62614155      4.0174
   2013.62617009      3.9802
   2013.62619863      3.4505
   2013.62622717      3.2988
   2013.62625571      3.0046
   2013.62628425      2.7577
   2013.62631279      2.5635
   2013.62634132      2.3503
   2013.62636986      2.1246
   2013.62639840      1.8399
   2013.62642694      1.6766
   2013.62645548      1.5140
   2013.62648402      1.3649
   2013.62651256      1.2499
   2013.62654110      1.1180
   2013.62656963      1.0015
   2013.62659817      0.9165
   2013.62662671      0.8305
   2013.62665525      0.7514
   2013.62668379      0.6797
   2013.62671233      0.6162
   2013.62674087      0.5595
   2013.62676941      0.5090
   2013.62679795      0.4643
   2013.62682648      0.4245
   2013.62685502      0.3889
   2013.62688356      0.3569
   2013.62691210      0.3279
   2013.62694064      0.3018
   2013.62696918      0.2781
   2013.62699772      0.2565
   2013.62702626      0.2368
   2013.62705479      0.2186
   2013.62708333      0.2020
   2013.62711187      0.1868
   2013.62714041      0.1730
   2013.62716895      0.1603
   2013.62719749      0.1487
   2013.62722603      0.1381
   2013.62725457      0.1283
   2013.62728311      0.1193
   2013.62731164      0.1110
   2013.62734018      0.1034
