   2013.62465753      0.0000
   2013.62468607      0.0000
   2013.62471461      0.0000
   2013.62474315      0.0000
   2013.62477169      0.0000
   2013.62480023      0.0000
   2013.62482877      0.0000
   2013.62485731      0.0000
   2013.62488584      0.0000
   2013.62491438      0.0000
   2013.62494292      0.0000
   2013.62497146      0.0000
   2013.62500000      0.0000
   2013.62502854      0.0000
   2013.62505708      0.0000
   2013.62508562      0.0000
   2013.62511416      0.0000
   2013.62514269      0.0000
   2013.62517123      0.0000
   2013.62519977      0.0000
   2013.62522831      0.0000
   2013.62525685      0.0000
   2013.62528539      0.0000
   2013.62531393      0.0000
   2013.62534247      0.0000
   2013.62537100      0.0051
   2013.62539954      0.0044
   2013.62542808      0.0249
   2013.62545662      0.0678
   2013.62548516      0.1179
   2013.62551370      0.2207
   2013.62554224      0.3943
   2013.62557078      0.6747
   2013.62559932      1.0788
   2013.62562785      1.6955
   2013.62565639      2.6190
   2013.62568493      3.9313
   2013.62571347      5.4335
   2013.62574201      6.4515
   2013.62577055      7.0724
   2013.62579909      7.5123
   2013.62582763      7.7618
   2013.62585616      7.9489
   2013.62588470      8.1958
   2013.62591324      8.3942
   2013.62594178      8.5948
   2013.62597032      8.8217
   2013.62599886      9.0080
   2013.62602740      9.2254
   2013.62605594      9.6304
   2013.62608447      9.8148
   2013.62611301     10.1436
   2013.62614155     10.3244
   2013.62617009     10.4742
   2013.62619863     10.5803
   2013.62622717     10.5449
   2013.62625571     10.0661
   2013.62628425      9.4013
   2013.62631279      8.6722
   2013.62634132      7.8940
   2013.62636986      6.9794
   2013.62639840      6.6887
   2013.62642694      5.4107
   2013.62645548      4.8144
   2013.62648402      4.0944
   2013.62651256      3.5603
   2013.62654110      3.1493
   2013.62656963      2.7478
   2013.62659817      2.6023
   2013.62662671      2.2527
   2013.62665525      2.0273
   2013.62668379      1.8480
   2013.62671233      1.6240
   2013.62674087      1.5137
   2013.62676941      1.3982
   2013.62679795      1.2915
   2013.62682648      1.1830
   2013.62685502      1.0980
   2013.62688356      1.0126
   2013.62691210      0.9326
   2013.62694064      0.8575
   2013.62696918      0.7849
   2013.62699772      0.7161
   2013.62702626      0.6534
   2013.62705479      0.5971
   2013.62708333      0.5459
   2013.62711187      0.4997
   2013.62714041      0.4582
   2013.62716895      0.4207
   2013.62719749      0.3868
   2013.62722603      0.3560
   2013.62725457      0.3280
   2013.62728311      0.3025
   2013.62731164      0.2793
   2013.62734018      0.2581
   2013.62736872      0.2387
   2013.62739726      0.2207
   2013.62742580      0.2043
   2013.62745434      0.1892
   2013.62748288      0.1754
   2013.62751142      0.1627
   2013.62753995      0.1511
   2013.62756849      0.1404
   2013.62759703      0.1306
   2013.62762557      0.1216
   2013.62765411      0.1132
   2013.62768265      0.1055
