   2013.62465753      0.0000
   2013.62468607      0.0011
   2013.62471461      0.0034
   2013.62474315      0.0053
   2013.62477169      0.0073
   2013.62480023      0.0556
   2013.62482877      0.1250
   2013.62485731      0.2738
   2013.62488584      0.6155
   2013.62491438      1.3690
   2013.62494292      2.4870
   2013.62497146      4.0715
   2013.62500000      6.2153
   2013.62502854      8.9660
   2013.62505708     10.7013
   2013.62508562     11.1972
   2013.62511416     10.6700
   2013.62514269     10.9367
   2013.62517123     10.7408
   2013.62519977     10.1824
   2013.62522831      9.6471
   2013.62525685      8.9454
   2013.62528539      8.4701
   2013.62531393      8.1125
   2013.62534247      7.7116
   2013.62537100      7.3855
   2013.62539954      6.5398
   2013.62542808      6.3532
   2013.62545662      5.2229
   2013.62548516      4.5307
   2013.62551370      3.9700
   2013.62554224      3.4316
   2013.62557078      2.9869
   2013.62559932      2.7192
   2013.62562785      2.2607
   2013.62565639      2.0020
   2013.62568493      1.7662
   2013.62571347      1.5605
   2013.62574201      1.4536
   2013.62577055      1.2385
   2013.62579909      1.0695
   2013.62582763      0.9843
   2013.62585616      0.8880
   2013.62588470      0.7981
   2013.62591324      0.7177
   2013.62594178      0.6469
   2013.62597032      0.5848
   2013.62599886      0.5298
   2013.62602740      0.4815
   2013.62605594      0.4389
   2013.62608447      0.4011
   2013.62611301      0.3674
   2013.62614155      0.3371
   2013.62617009      0.3099
   2013.62619863      0.2853
   2013.62622717      0.2630
   2013.62625571      0.2427
   2013.62628425      0.2241
   2013.62631279      0.2070
   2013.62634132      0.1914
   2013.62636986      0.1772
   2013.62639840      0.1642
   2013.62642694      0.1523
   2013.62645548      0.1414
   2013.62648402      0.1314
   2013.62651256      0.1222
   2013.62654110      0.1137
   2013.62656963      0.1059
