   2013.62465753      0.0000
   2013.62468607      0.0000
   2013.62471461      0.0000
   2013.62474315      0.0000
   2013.62477169      0.0000
   2013.62480023      0.0000
   2013.62482877      0.0000
   2013.62485731      0.0000
   2013.62488584      0.0000
   2013.62491438      0.0000
   2013.62494292      0.0000
   2013.62497146      0.0000
   2013.62500000      0.0000
   2013.62502854      0.0000
   2013.62505708      0.0000
   2013.62508562      0.0000
   2013.62511416      0.0000
   2013.62514269      0.0000
   2013.62517123      0.0000
   2013.62519977      0.0000
   2013.62522831      0.0000
   2013.62525685      0.0000
   2013.62528539      0.0000
   2013.62531393      0.0000
   2013.62534247      0.0000
   2013.62537100      0.0000
   2013.62539954      0.0000
   2013.62542808      0.0000
   2013.62545662      0.0000
   2013.62548516      0.0000
   2013.62551370      0.0000
   2013.62554224      0.0000
   2013.62557078      0.0000
   2013.62559932      0.0000
   2013.62562785      0.0000
   2013.62565639      0.0000
   2013.62568493      0.0000
   2013.62571347      0.0000
   2013.62574201      0.0000
   2013.62577055      0.0000
   2013.62579909      0.0000
   2013.62582763      0.0000
   2013.62585616      0.0000
   2013.62588470      0.0000
   2013.62591324      0.0000
   2013.62594178      0.0000
   2013.62597032      0.0000
   2013.62599886      0.0000
   2013.62602740      0.0000
   2013.62605594      0.0000
   2013.62608447      0.0000
   2013.62611301      0.0000
   2013.62614155      0.0000
   2013.62617009      0.0000
   2013.62619863      0.0000
   2013.62622717      0.0000
   2013.62625571      0.0000
   2013.62628425      0.0000
   2013.62631279      0.0000
   2013.62634132      0.0000
   2013.62636986      0.0000
   2013.62639840      0.3131
   2013.62642694      0.9642
   2013.62645548      3.3913
   2013.62648402      7.0528
   2013.62651256     14.1743
   2013.62654110     24.5917
   2013.62656963     27.8776
   2013.62659817     26.9772
   2013.62662671     26.4121
   2013.62665525     24.2087
   2013.62668379     22.0472
   2013.62671233     19.7474
   2013.62674087     18.6904
   2013.62676941     16.9056
   2013.62679795     15.2676
   2013.62682648     12.7126
   2013.62685502     11.8127
   2013.62688356     10.4883
   2013.62691210      9.2500
   2013.62694064      8.0344
   2013.62696918      7.5979
   2013.62699772      6.8776
   2013.62702626      6.3828
   2013.62705479      5.6052
   2013.62708333      5.4414
   2013.62711187      5.3030
   2013.62714041      4.9616
   2013.62716895      4.6086
   2013.62719749      4.5505
   2013.62722603      4.4553
   2013.62725457      4.2829
   2013.62728311      4.2331
   2013.62731164      4.0299
   2013.62734018      3.8812
   2013.62736872      3.7360
   2013.62739726      3.4649
   2013.62742580      3.5830
   2013.62745434      3.4251
   2013.62748288      3.5134
   2013.62751142      3.1138
   2013.62753995      3.1512
   2013.62756849      3.0452
   2013.62759703      2.9013
   2013.62762557      2.8475
   2013.62765411      2.7371
   2013.62768265      2.6252
   2013.62771119      2.5055
   2013.62773973      2.4010
   2013.62776826      2.3404
   2013.62779680      2.2408
   2013.62782534      2.0981
   2013.62785388      2.0409
   2013.62788242      1.9907
   2013.62791096      1.8671
   2013.62793950      1.7847
   2013.62796804      1.7349
   2013.62799658      1.6916
   2013.62802511      1.6274
   2013.62805365      1.5969
   2013.62808219      1.3689
   2013.62811073      1.4486
   2013.62813927      1.4460
   2013.62816781      1.3269
   2013.62819635      1.2087
   2013.62822489      1.2628
   2013.62825342      1.2398
   2013.62828196      1.1687
   2013.62831050      1.1033
   2013.62833904      1.1323
   2013.62836758      1.1013
   2013.62839612      1.0653
   2013.62842466      1.0563
   2013.62845320      1.0697
   2013.62848174      1.0604
   2013.62851027      1.0724
   2013.62853881      1.0343
   2013.62856735      1.0833
   2013.62859589      1.1001
   2013.62862443      1.1075
   2013.62865297      1.1700
   2013.62868151      1.2023
   2013.62871005      1.2487
   2013.62873858      1.2857
   2013.62876712      1.3962
   2013.62879566      1.4853
   2013.62882420      1.5742
   2013.62885274      1.6478
   2013.62888128      1.8268
   2013.62890982      1.9759
   2013.62893836      2.0736
   2013.62896689      2.2132
   2013.62899543      2.4629
   2013.62902397      2.6569
   2013.62905251      2.7673
   2013.62908105      2.9207
   2013.62910959      3.2421
   2013.62913813      3.4195
   2013.62916667      3.5098
   2013.62919521      3.7226
   2013.62922374      3.7353
   2013.62925228      4.1547
   2013.62928082      4.1968
   2013.62930936      4.3971
   2013.62933790      4.2989
   2013.62936644      4.7485
   2013.62939498      4.7279
   2013.62942352      4.9310
   2013.62945205      4.6826
   2013.62948059      5.1404
   2013.62950913      5.0612
   2013.62953767      5.2172
   2013.62956621      5.2870
   2013.62959475      5.3284
   2013.62962329      5.1996
   2013.62965183      5.3120
   2013.62968037      5.0268
   2013.62970890      5.3292
   2013.62973744      5.1617
   2013.62976598      5.1897
   2013.62979452      4.8996
   2013.62982306      5.1559
   2013.62985160      4.9610
   2013.62988014      4.9321
   2013.62990868      4.6890
   2013.62993721      4.7178
   2013.62996575      4.7058
   2013.62999429      4.5557
   2013.63002283      4.2836
   2013.63005137      4.3217
   2013.63007991      4.2504
   2013.63010845      4.1077
   2013.63013699      3.9977
   2013.63016553      3.9618
   2013.63019406      3.7306
   2013.63022260      3.8034
   2013.63025114      3.6139
   2013.63027968      3.2735
   2013.63030822      3.1329
   2013.63033676      2.9622
   2013.63036530      2.7267
   2013.63039384      2.5553
   2013.63042237      2.3882
   2013.63045091      2.2217
   2013.63047945      2.0743
   2013.63050799      1.8960
   2013.63053653      1.7545
   2013.63056507      1.6232
   2013.63059361      1.5004
   2013.63062215      1.3837
   2013.63065068      1.2738
   2013.63067922      1.1683
   2013.63070776      1.0778
   2013.63073630      0.9902
   2013.63076484      0.9129
   2013.63079338      0.8391
   2013.63082192      0.7685
   2013.63085046      0.7028
   2013.63087900      0.6435
   2013.63090753      0.5903
   2013.63093607      0.5419
   2013.63096461      0.4982
   2013.63099315      0.4588
   2013.63102169      0.4231
   2013.63105023      0.3906
   2013.63107877      0.3610
   2013.63110731      0.3339
   2013.63113584      0.3091
   2013.63116438      0.2865
   2013.63119292      0.2657
   2013.63122146      0.2467
   2013.63125000      0.2290
   2013.63127854      0.2127
   2013.63130708      0.1976
   2013.63133562      0.1838
   2013.63136416      0.1711
   2013.63139269      0.1594
   2013.63142123      0.1486
   2013.63144977      0.1386
   2013.63147831      0.1294
   2013.63150685      0.1209
   2013.63153539      0.1130
   2013.63156393      0.1057
