   2013.62465753      0.0000
   2013.62468607      0.0000
   2013.62471461      0.0000
   2013.62474315      0.0000
   2013.62477169      0.0000
   2013.62480023      0.0000
   2013.62482877      0.0000
   2013.62485731      0.0000
   2013.62488584      0.0000
   2013.62491438      0.0000
   2013.62494292      0.0000
   2013.62497146      0.0000
   2013.62500000      0.0000
   2013.62502854      0.0000
   2013.62505708      0.0000
   2013.62508562      0.0000
   2013.62511416      0.0000
   2013.62514269      0.0000
   2013.62517123      0.0000
   2013.62519977      0.0000
   2013.62522831      0.0000
   2013.62525685      0.0000
   2013.62528539      0.0000
   2013.62531393      0.0000
   2013.62534247      0.0000
   2013.62537100      0.0000
   2013.62539954      0.0000
   2013.62542808      0.0000
   2013.62545662      0.0000
   2013.62548516      0.0000
   2013.62551370      0.0000
   2013.62554224      0.0000
   2013.62557078      0.0000
   2013.62559932      0.0000
   2013.62562785      0.0000
   2013.62565639      0.0000
   2013.62568493      0.0000
   2013.62571347      0.0000
   2013.62574201      0.0000
   2013.62577055      0.0000
   2013.62579909      0.0000
   2013.62582763      0.0000
   2013.62585616      0.0000
   2013.62588470      0.0000
   2013.62591324      0.0000
   2013.62594178      0.0000
   2013.62597032      0.0000
   2013.62599886      0.0000
   2013.62602740      0.0000
   2013.62605594      0.0000
   2013.62608447      0.0000
   2013.62611301      0.0000
   2013.62614155      0.0000
   2013.62617009      0.0000
   2013.62619863      0.0000
   2013.62622717      0.0000
   2013.62625571      0.0000
   2013.62628425      0.0000
   2013.62631279      0.0000
   2013.62634132      0.0000
   2013.62636986      0.0000
   2013.62639840      0.0000
   2013.62642694      0.0000
   2013.62645548      0.0000
   2013.62648402      0.0000
   2013.62651256      0.0000
   2013.62654110      0.0000
   2013.62656963      0.0000
   2013.62659817      0.0000
   2013.62662671      0.0000
   2013.62665525      0.0000
   2013.62668379      0.0000
   2013.62671233      0.0000
   2013.62674087      0.0000
   2013.62676941      0.0000
   2013.62679795      0.0000
   2013.62682648      0.0000
   2013.62685502      0.0000
   2013.62688356      0.0000
   2013.62691210      0.0000
   2013.62694064      0.0000
   2013.62696918      0.0000
   2013.62699772      0.0000
   2013.62702626      0.0000
   2013.62705479      0.0000
   2013.62708333      0.0000
   2013.62711187      0.0000
   2013.62714041      0.0000
   2013.62716895      0.0000
   2013.62719749      0.0000
   2013.62722603      0.0000
   2013.62725457      0.0002
   2013.62728311      0.0005
   2013.62731164      0.0008
   2013.62734018      0.0011
   2013.62736872      0.0013
   2013.62739726      0.0015
   2013.62742580      0.0017
   2013.62745434      0.0019
   2013.62748288      0.0022
   2013.62751142      0.0115
   2013.62753995      0.0426
   2013.62756849      0.0690
   2013.62759703      0.1073
   2013.62762557      0.1696
   2013.62765411      0.2584
   2013.62768265      0.3760
   2013.62771119      0.5615
   2013.62773973      0.8104
   2013.62776826      1.0823
   2013.62779680      1.4575
   2013.62782534      1.9903
   2013.62785388      2.4450
   2013.62788242      2.8107
   2013.62791096      2.8405
   2013.62793950      2.8955
   2013.62796804      2.8499
   2013.62799658      2.6717
   2013.62802511      2.5255
   2013.62805365      2.3687
   2013.62808219      2.2668
   2013.62811073      2.0764
   2013.62813927      1.9032
   2013.62816781      1.6763
   2013.62819635      1.5319
   2013.62822489      1.3923
   2013.62825342      1.3149
   2013.62828196      1.1454
   2013.62831050      1.0420
   2013.62833904      0.9487
   2013.62836758      0.8641
   2013.62839612      0.7846
   2013.62842466      0.7109
   2013.62845320      0.6448
   2013.62848174      0.5860
   2013.62851027      0.5332
   2013.62853881      0.4860
   2013.62856735      0.4438
   2013.62859589      0.4059
   2013.62862443      0.3718
   2013.62865297      0.3410
   2013.62868151      0.3131
   2013.62871005      0.2878
   2013.62873858      0.2649
   2013.62876712      0.2440
   2013.62879566      0.2248
   2013.62882420      0.2072
   2013.62885274      0.1911
   2013.62888128      0.1764
   2013.62890982      0.1630
   2013.62893836      0.1508
   2013.62896689      0.1396
   2013.62899543      0.1293
   2013.62902397      0.1199
   2013.62905251      0.1112
   2013.62908105      0.1032
