   2013.62465753      0.0000
   2013.62468607      0.0000
   2013.62471461      0.0000
   2013.62474315      0.0000
   2013.62477169      0.0000
   2013.62480023      0.0000
   2013.62482877      0.0000
   2013.62485731      0.0000
   2013.62488584      0.0000
   2013.62491438      0.0000
   2013.62494292      0.0000
   2013.62497146      0.0000
   2013.62500000      0.0000
   2013.62502854      0.0000
   2013.62505708      0.0000
   2013.62508562      0.0000
   2013.62511416      0.0000
   2013.62514269      0.0000
   2013.62517123      0.0000
   2013.62519977      0.0000
   2013.62522831      0.0000
   2013.62525685      0.0000
   2013.62528539      0.0000
   2013.62531393      0.0000
   2013.62534247      0.0000
   2013.62537100      0.0000
   2013.62539954      0.0000
   2013.62542808      0.0000
   2013.62545662      0.0000
   2013.62548516      0.0000
   2013.62551370      0.0000
   2013.62554224      0.0000
   2013.62557078      0.0000
   2013.62559932      0.0000
   2013.62562785      0.0000
   2013.62565639      0.0000
   2013.62568493      0.0000
   2013.62571347      0.0000
   2013.62574201      0.0000
   2013.62577055      0.0000
   2013.62579909      0.0000
   2013.62582763      0.0000
   2013.62585616      0.0000
   2013.62588470      0.0000
   2013.62591324      0.0000
   2013.62594178      0.0000
   2013.62597032      0.0000
   2013.62599886      0.0000
   2013.62602740      0.0000
   2013.62605594      0.0000
   2013.62608447      0.0000
   2013.62611301      0.0000
   2013.62614155      0.0000
   2013.62617009      0.0000
   2013.62619863      0.0000
   2013.62622717      0.0000
   2013.62625571      0.0000
   2013.62628425      0.0000
   2013.62631279      0.0000
   2013.62634132      0.0000
   2013.62636986      0.0000
   2013.62639840      0.0000
   2013.62642694      0.0000
   2013.62645548      0.0000
   2013.62648402      0.0000
   2013.62651256      0.0000
   2013.62654110      0.0000
   2013.62656963      0.0000
   2013.62659817      0.0000
   2013.62662671     23.6108
   2013.62665525     83.4446
   2013.62668379    145.4263
   2013.62671233    138.3741
   2013.62674087     92.8783
   2013.62676941     60.4913
   2013.62679795     39.8593
   2013.62682648     29.4285
   2013.62685502     23.8999
   2013.62688356     20.1256
   2013.62691210     17.3752
   2013.62694064     15.6994
   2013.62696918     15.0372
   2013.62699772     14.8508
   2013.62702626     14.2707
   2013.62705479     14.0343
   2013.62708333     14.1487
   2013.62711187     14.0612
   2013.62714041     13.7681
   2013.62716895     13.5901
   2013.62719749     13.4663
   2013.62722603     13.2927
   2013.62725457     12.8290
   2013.62728311     12.3345
   2013.62731164     12.6171
   2013.62734018     12.4200
   2013.62736872     11.9900
   2013.62739726     11.3909
   2013.62742580     11.7503
   2013.62745434     11.5160
   2013.62748288     11.2192
   2013.62751142     10.5073
   2013.62753995     10.8489
   2013.62756849     10.6035
   2013.62759703     10.2527
   2013.62762557      9.6324
   2013.62765411      9.9449
   2013.62768265      9.8942
   2013.62771119      9.4097
   2013.62773973      8.9957
   2013.62776826      9.1507
   2013.62779680      8.9735
   2013.62782534      8.7598
   2013.62785388      8.3608
   2013.62788242      8.5484
   2013.62791096      8.3370
   2013.62793950      8.1666
   2013.62796804      7.8937
   2013.62799658      8.0541
   2013.62802511      8.0983
   2013.62805365      7.9397
   2013.62808219      7.6005
   2013.62811073      7.8154
   2013.62813927      7.8428
   2013.62816781      7.7611
   2013.62819635      7.4710
   2013.62822489      7.7191
   2013.62825342      7.8108
   2013.62828196      7.7572
   2013.62831050      7.5421
   2013.62833904      7.9906
   2013.62836758      7.8381
   2013.62839612      7.9824
   2013.62842466      8.0251
   2013.62845320      8.7173
   2013.62848174      8.4579
   2013.62851027      8.3866
   2013.62853881      8.0870
   2013.62856735      8.2403
   2013.62859589      9.6178
   2013.62862443     10.5386
   2013.62865297      9.9534
   2013.62868151      9.2135
   2013.62871005      8.5131
   2013.62873858      7.9724
   2013.62876712      8.5962
   2013.62879566      9.7261
   2013.62882420     10.2081
   2013.62885274      9.6341
   2013.62888128      8.8552
   2013.62890982      7.9710
   2013.62893836      7.3875
   2013.62896689      7.4468
   2013.62899543      7.6528
   2013.62902397      7.5515
   2013.62905251      7.0424
   2013.62908105      6.8512
   2013.62910959      5.5222
   2013.62913813      5.2753
   2013.62916667      4.4072
   2013.62919521      3.9726
   2013.62922374      3.9192
   2013.62925228      3.4585
   2013.62928082      3.1700
   2013.62930936      2.8820
   2013.62933790      2.7164
   2013.62936644      2.4256
   2013.62939498      2.1726
   2013.62942352      1.9462
   2013.62945205      1.7393
   2013.62948059      1.5533
   2013.62950913      1.4052
   2013.62953767      1.2174
   2013.62956621      1.0578
   2013.62959475      0.9804
   2013.62962329      0.8892
   2013.62965183      0.8025
   2013.62968037      0.7244
   2013.62970890      0.6550
   2013.62973744      0.5941
   2013.62976598      0.5399
   2013.62979452      0.4919
   2013.62982306      0.4494
   2013.62985160      0.4115
   2013.62988014      0.3775
   2013.62990868      0.3469
   2013.62993721      0.3192
   2013.62996575      0.2942
   2013.62999429      0.2715
   2013.63002283      0.2509
   2013.63005137      0.2319
   2013.63007991      0.2144
   2013.63010845      0.1985
   2013.63013699      0.1839
   2013.63016553      0.1706
   2013.63019406      0.1584
   2013.63022260      0.1472
   2013.63025114      0.1369
   2013.63027968      0.1275
   2013.63030822      0.1188
   2013.63033676      0.1108
   2013.63036530      0.1033
