   2013.62465753      0.0000
   2013.62468607      0.0057
   2013.62471461      0.0127
   2013.62474315      0.0951
   2013.62477169      0.1523
   2013.62480023      0.3131
   2013.62482877      0.6683
   2013.62485731      1.1876
   2013.62488584      1.7563
   2013.62491438      2.4648
   2013.62494292      3.5606
   2013.62497146      5.0242
   2013.62500000      6.0726
   2013.62502854      6.2443
   2013.62505708      6.1712
   2013.62508562      5.2321
   2013.62511416      4.7626
   2013.62514269      4.3346
   2013.62517123      4.3175
   2013.62519977      3.5724
   2013.62522831      3.3816
   2013.62525685      3.1351
   2013.62528539      2.8981
   2013.62531393      2.6896
   2013.62534247      2.6432
   2013.62537100      2.5701
   2013.62539954      2.5004
   2013.62542808      2.4320
   2013.62545662      2.5302
   2013.62548516      2.6120
   2013.62551370      2.6278
   2013.62554224      2.8783
   2013.62557078      2.7642
   2013.62559932      3.0347
   2013.62562785      3.0494
   2013.62565639      3.1412
   2013.62568493      3.0872
   2013.62571347      3.3557
   2013.62574201      3.3358
   2013.62577055      3.3220
   2013.62579909      3.5372
   2013.62582763      3.5921
   2013.62585616      3.6423
   2013.62588470      3.6935
   2013.62591324      3.7793
   2013.62594178      3.9103
   2013.62597032      3.8880
   2013.62599886      4.0122
   2013.62602740      3.9350
   2013.62605594      4.2996
   2013.62608447      4.2831
   2013.62611301      4.4382
   2013.62614155      4.3243
   2013.62617009      4.7545
   2013.62619863      4.7225
   2013.62622717      4.9371
   2013.62625571      4.7402
   2013.62628425      5.2634
   2013.62631279      5.1867
   2013.62634132      5.3190
   2013.62636986      5.1787
   2013.62639840      5.6193
   2013.62642694      5.6409
   2013.62645548      5.7731
   2013.62648402      5.6133
   2013.62651256      5.9708
   2013.62654110      6.0538
   2013.62656963      6.0681
   2013.62659817      5.9367
   2013.62662671      6.3036
   2013.62665525      6.3684
   2013.62668379      6.4515
   2013.62671233      6.1683
   2013.62674087      6.5150
   2013.62676941      6.5570
   2013.62679795      6.4983
   2013.62682648      6.4076
   2013.62685502      6.8496
   2013.62688356      6.6685
   2013.62691210      6.5350
   2013.62694064      6.0554
   2013.62696918      6.3792
   2013.62699772      6.8289
   2013.62702626      6.7771
   2013.62705479      6.1643
   2013.62708333      6.1266
   2013.62711187      5.8127
   2013.62714041      6.0086
   2013.62716895      6.4949
   2013.62719749      6.2965
   2013.62722603      5.8228
   2013.62725457      5.5544
   2013.62728311      5.1806
   2013.62731164      5.0199
   2013.62734018      5.0454
   2013.62736872      5.0538
   2013.62739726      4.8582
   2013.62742580      4.5635
   2013.62745434      4.2464
   2013.62748288      3.9312
   2013.62751142      3.6936
   2013.62753995      3.8482
   2013.62756849      3.5988
   2013.62759703      3.2698
   2013.62762557      3.1264
   2013.62765411      2.9362
   2013.62768265      2.6877
   2013.62771119      2.5267
   2013.62773973      2.3895
   2013.62776826      2.2617
   2013.62779680      2.1397
   2013.62782534      2.0131
   2013.62785388      1.8704
   2013.62788242      1.7469
   2013.62791096      1.6354
   2013.62793950      1.5348
   2013.62796804      1.4418
   2013.62799658      1.3538
   2013.62802511      1.2704
   2013.62805365      1.1908
   2013.62808219      1.1101
   2013.62811073      1.0421
   2013.62813927      0.9738
   2013.62816781      0.9098
   2013.62819635      0.8498
   2013.62822489      0.7913
   2013.62825342      0.7351
   2013.62828196      0.6826
   2013.62831050      0.6345
   2013.62833904      0.5902
   2013.62836758      0.5490
   2013.62839612      0.5111
   2013.62842466      0.4763
   2013.62845320      0.4442
   2013.62848174      0.4146
   2013.62851027      0.3871
   2013.62853881      0.3616
   2013.62856735      0.3379
   2013.62859589      0.3158
   2013.62862443      0.2953
   2013.62865297      0.2763
   2013.62868151      0.2586
   2013.62871005      0.2420
   2013.62873858      0.2265
   2013.62876712      0.2119
   2013.62879566      0.1983
   2013.62882420      0.1856
   2013.62885274      0.1738
   2013.62888128      0.1628
   2013.62890982      0.1525
   2013.62893836      0.1429
   2013.62896689      0.1340
   2013.62899543      0.1256
   2013.62902397      0.1178
   2013.62905251      0.1105
   2013.62908105      0.1037
