   2013.62465753      0.0000
   2013.62468607      0.0000
   2013.62471461      0.0000
   2013.62474315      0.0000
   2013.62477169      0.0000
   2013.62480023      0.0000
   2013.62482877      0.0000
   2013.62485731      0.0000
   2013.62488584      0.0000
   2013.62491438      0.0000
   2013.62494292      0.0000
   2013.62497146      0.0000
   2013.62500000      0.0000
   2013.62502854      0.0000
   2013.62505708      0.0000
   2013.62508562      0.0000
   2013.62511416      0.0000
   2013.62514269      0.0000
   2013.62517123      0.0000
   2013.62519977      0.0000
   2013.62522831      0.0000
   2013.62525685      0.0000
   2013.62528539      0.0000
   2013.62531393      0.0000
   2013.62534247      0.0000
   2013.62537100      0.0000
   2013.62539954      0.0000
   2013.62542808      0.0000
   2013.62545662      0.0000
   2013.62548516      0.0000
   2013.62551370      0.0000
   2013.62554224      0.0000
   2013.62557078      0.0000
   2013.62559932      0.0000
   2013.62562785      0.0000
   2013.62565639      0.0000
   2013.62568493      0.0000
   2013.62571347      0.0000
   2013.62574201      0.0000
   2013.62577055      0.0000
   2013.62579909      0.0000
   2013.62582763      0.0000
   2013.62585616      0.0000
   2013.62588470      0.0000
   2013.62591324      0.0000
   2013.62594178      0.0000
   2013.62597032      0.0000
   2013.62599886      0.0000
   2013.62602740      0.0000
   2013.62605594      0.0000
   2013.62608447      0.0000
   2013.62611301      0.0000
   2013.62614155      0.0000
   2013.62617009      0.0000
   2013.62619863      0.0000
   2013.62622717      0.0000
   2013.62625571      0.0000
   2013.62628425      0.0000
   2013.62631279      0.0000
   2013.62634132      0.0000
   2013.62636986      0.0000
   2013.62639840      0.0000
   2013.62642694      0.0000
   2013.62645548      0.0000
   2013.62648402      0.0000
   2013.62651256      0.0000
   2013.62654110      0.0000
   2013.62656963      0.0000
   2013.62659817      0.0000
   2013.62662671      0.0000
   2013.62665525      0.0000
   2013.62668379      0.0000
   2013.62671233      0.0000
   2013.62674087      0.0000
   2013.62676941      0.0000
   2013.62679795      0.0000
   2013.62682648      0.0000
   2013.62685502      1.9512
   2013.62688356     10.4997
   2013.62691210     23.6174
   2013.62694064     50.0798
   2013.62696918     51.0940
   2013.62699772     41.4742
   2013.62702626     30.3901
   2013.62705479     23.7841
   2013.62708333     18.9499
   2013.62711187     15.5554
   2013.62714041     13.5491
   2013.62716895     11.5464
   2013.62719749     10.3727
   2013.62722603      9.4824
   2013.62725457      8.6986
   2013.62728311      8.1910
   2013.62731164      7.8507
   2013.62734018      7.4448
   2013.62736872      7.2227
   2013.62739726      7.1327
   2013.62742580      6.9951
   2013.62745434      6.8694
   2013.62748288      6.7969
   2013.62751142      6.8141
   2013.62753995      6.8401
   2013.62756849      6.5878
   2013.62759703      6.5678
   2013.62762557      6.4746
   2013.62765411      6.4202
   2013.62768265      6.3692
   2013.62771119      6.2833
   2013.62773973      6.1752
   2013.62776826      6.0340
   2013.62779680      5.9890
   2013.62782534      5.9580
   2013.62785388      5.8786
   2013.62788242      5.7970
   2013.62791096      5.7064
   2013.62793950      5.5323
   2013.62796804      5.5640
   2013.62799658      5.3324
   2013.62802511      5.0769
   2013.62805365      5.1131
   2013.62808219      4.7108
   2013.62811073      4.2109
   2013.62813927      3.9363
   2013.62816781      3.9503
   2013.62819635      3.4291
   2013.62822489      3.2158
   2013.62825342      2.9858
   2013.62828196      2.7033
   2013.62831050      2.5376
   2013.62833904      2.3877
   2013.62836758      2.2499
   2013.62839612      2.1095
   2013.62842466      1.9721
   2013.62845320      1.8447
   2013.62848174      1.7311
   2013.62851027      1.6342
   2013.62853881      1.5471
   2013.62856735      1.4782
   2013.62859589      1.4199
   2013.62862443      1.3653
   2013.62865297      1.3118
   2013.62868151      1.2593
   2013.62871005      1.2102
   2013.62873858      1.1652
   2013.62876712      1.1230
   2013.62879566      1.0816
   2013.62882420      1.0392
   2013.62885274      1.0181
   2013.62888128      0.9620
   2013.62890982      0.9036
   2013.62893836      0.8764
   2013.62896689      0.8391
   2013.62899543      0.8004
   2013.62902397      0.7608
   2013.62905251      0.7204
   2013.62908105      0.6808
   2013.62910959      0.6432
   2013.62913813      0.6074
   2013.62916667      0.5731
   2013.62919521      0.5404
   2013.62922374      0.5093
   2013.62925228      0.4799
   2013.62928082      0.4522
   2013.62930936      0.4261
   2013.62933790      0.4015
   2013.62936644      0.3783
   2013.62939498      0.3564
   2013.62942352      0.3358
   2013.62945205      0.3163
   2013.62948059      0.2980
   2013.62950913      0.2809
   2013.62953767      0.2647
   2013.62956621      0.2496
   2013.62959475      0.2352
   2013.62962329      0.2215
   2013.62965183      0.2085
   2013.62968037      0.1962
   2013.62970890      0.1846
   2013.62973744      0.1737
   2013.62976598      0.1635
   2013.62979452      0.1538
   2013.62982306      0.1447
   2013.62985160      0.1362
   2013.62988014      0.1281
   2013.62990868      0.1205
   2013.62993721      0.1134
   2013.62996575      0.1067
   2013.62999429      0.1003
