   2013.62465753      0.0000
   2013.62468607      0.0000
   2013.62471461      0.0000
   2013.62474315      0.0000
   2013.62477169      0.0000
   2013.62480023      0.0000
   2013.62482877      0.0000
   2013.62485731      0.0000
   2013.62488584      0.0000
   2013.62491438      0.0000
   2013.62494292      0.0000
   2013.62497146      0.0000
   2013.62500000      0.0000
   2013.62502854      0.0033
   2013.62505708      0.0030
   2013.62508562      0.0030
   2013.62511416      0.0177
   2013.62514269      0.0680
   2013.62517123      0.1129
   2013.62519977      0.2015
   2013.62522831      0.3752
   2013.62525685      0.6234
   2013.62528539      1.0144
   2013.62531393      1.5190
   2013.62534247      2.2850
   2013.62537100      3.1385
   2013.62539954      4.2158
   2013.62542808      5.1397
   2013.62545662      5.4511
   2013.62548516      5.4387
   2013.62551370      5.2728
   2013.62554224      5.0148
   2013.62557078      4.6700
   2013.62559932      4.3374
   2013.62562785      4.1006
   2013.62565639      3.8369
   2013.62568493      3.8851
   2013.62571347      3.3803
   2013.62574201      3.2071
   2013.62577055      3.0464
   2013.62579909      2.8971
   2013.62582763      2.7692
   2013.62585616      2.6650
   2013.62588470      2.5801
   2013.62591324      2.5115
   2013.62594178      2.4582
   2013.62597032      2.4182
   2013.62599886      2.3607
   2013.62602740      2.3101
   2013.62605594      2.2491
   2013.62608447      2.1425
   2013.62611301      2.0661
   2013.62614155      1.9815
   2013.62617009      1.8946
   2013.62619863      1.8040
   2013.62622717      1.7021
   2013.62625571      1.6068
   2013.62628425      1.5149
   2013.62631279      1.4243
   2013.62634132      1.3343
   2013.62636986      1.2451
   2013.62639840      1.1516
   2013.62642694      1.0750
   2013.62645548      0.9968
   2013.62648402      0.9236
   2013.62651256      0.8546
   2013.62654110      0.7870
   2013.62656963      0.7223
   2013.62659817      0.6625
   2013.62662671      0.6084
   2013.62665525      0.5588
   2013.62668379      0.5136
   2013.62671233      0.4726
   2013.62674087      0.4355
   2013.62676941      0.4016
   2013.62679795      0.3707
   2013.62682648      0.3423
   2013.62685502      0.3164
   2013.62688356      0.2927
   2013.62691210      0.2710
   2013.62694064      0.2511
   2013.62696918      0.2327
   2013.62699772      0.2156
   2013.62702626      0.1999
   2013.62705479      0.1855
   2013.62708333      0.1722
   2013.62711187      0.1600
   2013.62714041      0.1488
   2013.62716895      0.1385
   2013.62719749      0.1290
   2013.62722603      0.1202
   2013.62725457      0.1120
   2013.62728311      0.1045
