   2013.62465753      0.0000
   2013.62468607      0.0000
   2013.62471461      0.0000
   2013.62474315      0.0000
   2013.62477169      0.0000
   2013.62480023      0.0000
   2013.62482877      0.0000
   2013.62485731      0.0000
   2013.62488584      0.0000
   2013.62491438      0.0000
   2013.62494292      0.0000
   2013.62497146      0.0000
   2013.62500000      0.0000
   2013.62502854      0.0000
   2013.62505708      0.0000
   2013.62508562      0.0000
   2013.62511416      0.0000
   2013.62514269      0.0000
   2013.62517123      0.0000
   2013.62519977      0.0000
   2013.62522831      0.0000
   2013.62525685      0.0000
   2013.62528539      0.0000
   2013.62531393      0.0000
   2013.62534247      0.0000
   2013.62537100      0.0000
   2013.62539954      0.0000
   2013.62542808      0.0000
   2013.62545662      0.0000
   2013.62548516      0.0000
   2013.62551370      0.0000
   2013.62554224      0.0000
   2013.62557078      0.0000
   2013.62559932      0.0000
   2013.62562785      0.0000
   2013.62565639      0.0000
   2013.62568493      0.0000
   2013.62571347      0.0000
   2013.62574201      0.0000
   2013.62577055      0.0000
   2013.62579909      0.0000
   2013.62582763      0.0000
   2013.62585616      0.0000
   2013.62588470      0.0000
   2013.62591324      0.0000
   2013.62594178      0.0000
   2013.62597032      0.0000
   2013.62599886      0.0000
   2013.62602740      0.0000
   2013.62605594      0.0000
   2013.62608447      0.0000
   2013.62611301      0.0000
   2013.62614155      0.0000
   2013.62617009      0.0000
   2013.62619863      0.0000
   2013.62622717      0.0000
   2013.62625571      0.0000
   2013.62628425      0.0000
   2013.62631279      0.0000
   2013.62634132      0.0000
   2013.62636986      0.0000
   2013.62639840      0.0355
   2013.62642694      0.1061
   2013.62645548      0.2142
   2013.62648402      0.5260
   2013.62651256      1.1476
   2013.62654110      2.1309
   2013.62656963      3.6413
   2013.62659817      6.3663
   2013.62662671      9.5940
   2013.62665525     11.8533
   2013.62668379     12.5973
   2013.62671233     12.6455
   2013.62674087     12.4484
   2013.62676941     12.2286
   2013.62679795     12.0029
   2013.62682648     11.5065
   2013.62685502     11.2391
   2013.62688356     10.7415
   2013.62691210     10.0507
   2013.62694064      9.3223
   2013.62696918      8.7925
   2013.62699772      8.2846
   2013.62702626      7.4280
   2013.62705479      6.5444
   2013.62708333      6.7075
   2013.62711187      5.7946
   2013.62714041      4.9520
   2013.62716895      4.1767
   2013.62719749      4.3224
   2013.62722603      3.6209
   2013.62725457      3.3045
   2013.62728311      2.9978
   2013.62731164      2.7915
   2013.62734018      2.5027
   2013.62736872      2.2910
   2013.62739726      2.1402
   2013.62742580      2.0233
   2013.62745434      1.8423
   2013.62748288      1.7032
   2013.62751142      1.6016
   2013.62753995      1.5356
   2013.62756849      1.4227
   2013.62759703      1.3326
   2013.62762557      1.2592
   2013.62765411      1.1702
   2013.62768265      1.1234
   2013.62771119      1.0428
   2013.62773973      0.9630
   2013.62776826      0.9198
   2013.62779680      0.8636
   2013.62782534      0.8090
   2013.62785388      0.7622
   2013.62788242      0.7134
   2013.62791096      0.6663
   2013.62793950      0.6234
   2013.62796804      0.5875
   2013.62799658      0.5507
   2013.62802511      0.5154
   2013.62805365      0.4827
   2013.62808219      0.4571
   2013.62811073      0.4293
   2013.62813927      0.4021
   2013.62816781      0.3765
   2013.62819635      0.3580
   2013.62822489      0.3365
   2013.62825342      0.3153
   2013.62828196      0.2952
   2013.62831050      0.2835
   2013.62833904      0.2675
   2013.62836758      0.2512
   2013.62839612      0.2355
   2013.62842466      0.2299
   2013.62845320      0.2177
   2013.62848174      0.2047
   2013.62851027      0.1921
   2013.62853881      0.1916
   2013.62856735      0.1828
   2013.62859589      0.1727
   2013.62862443      0.1629
   2013.62865297      0.1670
   2013.62868151      0.1612
   2013.62871005      0.1536
   2013.62873858      0.1466
   2013.62876712      0.1556
   2013.62879566      0.1531
   2013.62882420      0.1488
   2013.62885274      0.1452
   2013.62888128      0.1608
   2013.62890982      0.1633
   2013.62893836      0.1639
   2013.62896689      0.1658
   2013.62899543      0.1918
   2013.62902397      0.2029
   2013.62905251      0.2115
   2013.62908105      0.2219
   2013.62910959      0.2635
   2013.62913813      0.2891
   2013.62916667      0.3213
   2013.62919521      0.3528
   2013.62922374      0.4333
   2013.62925228      0.5021
   2013.62928082      0.5651
   2013.62930936      0.6610
   2013.62933790      0.8117
   2013.62936644      0.9585
   2013.62939498      1.1331
   2013.62942352      1.3311
   2013.62945205      1.5913
   2013.62948059      1.8067
   2013.62950913      1.9450
   2013.62953767      2.0386
   2013.62956621      2.1963
   2013.62959475      2.3075
   2013.62962329      2.3394
   2013.62965183      2.3574
   2013.62968037      2.4521
   2013.62970890      2.4508
   2013.62973744      2.4803
   2013.62976598      2.4553
   2013.62979452      2.5059
   2013.62982306      2.5037
   2013.62985160      2.4523
   2013.62988014      2.4050
   2013.62990868      2.4118
   2013.62993721      2.3665
   2013.62996575      2.3122
   2013.62999429      2.2418
   2013.63002283      2.1794
   2013.63005137      2.1564
   2013.63007991      2.0899
   2013.63010845      1.9777
   2013.63013699      1.9343
   2013.63016553      1.8998
   2013.63019406      1.7967
   2013.63022260      1.7188
   2013.63025114      1.6417
   2013.63027968      1.5649
   2013.63030822      1.4854
   2013.63033676      1.4066
   2013.63036530      1.3296
   2013.63039384      1.2546
   2013.63042237      1.1798
   2013.63045091      1.1345
   2013.63047945      1.0475
   2013.63050799      0.9590
   2013.63053653      0.9150
   2013.63056507      0.8573
   2013.63059361      0.7992
   2013.63062215      0.7433
   2013.63065068      0.6901
   2013.63067922      0.6410
   2013.63070776      0.5960
   2013.63073630      0.5543
   2013.63076484      0.5160
   2013.63079338      0.4808
   2013.63082192      0.4483
   2013.63085046      0.4181
   2013.63087900      0.3900
   2013.63090753      0.3638
   2013.63093607      0.3394
   2013.63096461      0.3166
   2013.63099315      0.2955
   2013.63102169      0.2759
   2013.63105023      0.2577
   2013.63107877      0.2407
   2013.63110731      0.2247
   2013.63113584      0.2098
   2013.63116438      0.1960
   2013.63119292      0.1831
   2013.63122146      0.1712
   2013.63125000      0.1601
   2013.63127854      0.1498
   2013.63130708      0.1402
   2013.63133562      0.1313
   2013.63136416      0.1230
   2013.63139269      0.1153
   2013.63142123      0.1081
   2013.63144977      0.1014
