   2013.62465753      0.0000
   2013.62468607      0.0000
   2013.62471461      0.0000
   2013.62474315      0.0000
   2013.62477169      0.0000
   2013.62480023      0.0000
   2013.62482877      0.0000
   2013.62485731      0.0000
   2013.62488584      0.0000
   2013.62491438      0.0000
   2013.62494292      0.0000
   2013.62497146      0.0000
   2013.62500000      0.0000
   2013.62502854      0.0000
   2013.62505708      0.0000
   2013.62508562      0.0000
   2013.62511416      0.0000
   2013.62514269      0.0000
   2013.62517123      0.0000
   2013.62519977      0.0000
   2013.62522831      0.0000
   2013.62525685      0.0000
   2013.62528539      0.0000
   2013.62531393      0.0000
   2013.62534247      0.0000
   2013.62537100      0.0000
   2013.62539954      0.0000
   2013.62542808      0.0000
   2013.62545662      0.0000
   2013.62548516      0.0011
   2013.62551370      0.0023
   2013.62554224      0.0031
   2013.62557078      0.0039
   2013.62559932      0.0047
   2013.62562785      0.0382
   2013.62565639      0.0855
   2013.62568493      0.1609
   2013.62571347      0.3096
   2013.62574201      0.5605
   2013.62577055      0.9678
   2013.62579909      1.5840
   2013.62582763      2.5602
   2013.62585616      4.0019
   2013.62588470      5.9209
   2013.62591324      7.3644
   2013.62594178      8.2917
   2013.62597032      8.8107
   2013.62599886      9.0853
   2013.62602740      8.8458
   2013.62605594      8.6108
   2013.62608447      8.1623
   2013.62611301      7.8009
   2013.62614155      7.3072
   2013.62617009      6.9061
   2013.62619863      6.2859
   2013.62622717      5.9924
   2013.62625571      5.0317
   2013.62628425      4.5937
   2013.62631279      4.3907
   2013.62634132      3.7337
   2013.62636986      3.3483
   2013.62639840      3.0422
   2013.62642694      2.7548
   2013.62645548      2.4931
   2013.62648402      2.3039
   2013.62651256      2.1452
   2013.62654110      1.9796
   2013.62656963      1.8286
   2013.62659817      1.7590
   2013.62662671      1.6654
   2013.62665525      1.5950
   2013.62668379      1.5240
   2013.62671233      1.5404
   2013.62674087      1.6058
   2013.62676941      1.5402
   2013.62679795      1.5472
   2013.62682648      1.6654
   2013.62685502      1.7690
   2013.62688356      1.9025
   2013.62691210      2.0120
   2013.62694064      2.2517
   2013.62696918      2.6189
   2013.62699772      2.8577
   2013.62702626      3.2376
   2013.62705479      3.4977
   2013.62708333      3.9895
   2013.62711187      4.1573
   2013.62714041      4.4163
   2013.62716895      4.3690
   2013.62719749      4.6098
   2013.62722603      4.7584
   2013.62725457      4.7008
   2013.62728311      4.4703
   2013.62731164      4.5966
   2013.62734018      4.5546
   2013.62736872      4.4355
   2013.62739726      4.3528
   2013.62742580      4.2165
   2013.62745434      4.0986
   2013.62748288      3.8879
   2013.62751142      3.5928
   2013.62753995      3.6124
   2013.62756849      3.7382
   2013.62759703      3.2697
   2013.62762557      3.2291
   2013.62765411      3.1153
   2013.62768265      2.9747
   2013.62771119      2.8324
   2013.62773973      2.7464
   2013.62776826      2.6277
   2013.62779680      2.5214
   2013.62782534      2.4094
   2013.62785388      2.3270
   2013.62788242      2.2330
   2013.62791096      2.1388
   2013.62793950      2.0447
   2013.62796804      1.9827
   2013.62799658      1.8976
   2013.62802511      1.8208
   2013.62805365      1.7104
   2013.62808219      1.6869
   2013.62811073      1.6154
   2013.62813927      1.5512
   2013.62816781      1.4864
   2013.62819635      1.3109
   2013.62822489      1.4190
   2013.62825342      1.3122
   2013.62828196      1.2581
   2013.62831050      1.2130
   2013.62833904      1.1269
   2013.62836758      1.1089
   2013.62839612      1.1011
   2013.62842466      1.0326
   2013.62845320      0.9897
   2013.62848174      0.9506
   2013.62851027      0.9046
   2013.62853881      0.8768
   2013.62856735      0.8424
   2013.62859589      0.8076
   2013.62862443      0.7740
   2013.62865297      0.7457
   2013.62868151      0.7171
   2013.62871005      0.6897
   2013.62873858      0.6643
   2013.62876712      0.6447
   2013.62879566      0.6226
   2013.62882420      0.6007
   2013.62885274      0.5801
   2013.62888128      0.5680
   2013.62890982      0.5512
   2013.62893836      0.5342
   2013.62896689      0.5187
   2013.62899543      0.5163
   2013.62902397      0.5059
   2013.62905251      0.4946
   2013.62908105      0.4850
   2013.62910959      0.4961
   2013.62913813      0.4944
   2013.62916667      0.4911
   2013.62919521      0.4909
   2013.62922374      0.5232
   2013.62925228      0.5550
   2013.62928082      0.5656
   2013.62930936      0.5761
   2013.62933790      0.6537
   2013.62936644      0.7075
   2013.62939498      0.7639
   2013.62942352      0.8389
   2013.62945205      0.9424
   2013.62948059      1.0447
   2013.62950913      1.2013
   2013.62953767      1.3702
   2013.62956621      1.6856
   2013.62959475      2.0266
   2013.62962329      2.3363
   2013.62965183      2.7415
   2013.62968037      3.0822
   2013.62970890      3.6013
   2013.62973744      3.8664
   2013.62976598      4.2337
   2013.62979452      4.3013
   2013.62982306      4.7520
   2013.62985160      4.7903
   2013.62988014      4.9908
   2013.62990868      4.7728
   2013.62993721      4.9737
   2013.62996575      4.9618
   2013.62999429      4.9541
   2013.63002283      4.6622
   2013.63005137      4.7644
   2013.63007991      4.6928
   2013.63010845      4.5445
   2013.63013699      4.2107
   2013.63016553      4.2672
   2013.63019406      4.1381
   2013.63022260      3.9239
   2013.63025114      3.7536
   2013.63027968      3.7159
   2013.63030822      3.5840
   2013.63033676      3.2181
   2013.63036530      3.0394
   2013.63039384      2.8588
   2013.63042237      2.6329
   2013.63045091      2.4703
   2013.63047945      2.3148
   2013.63050799      2.1638
   2013.63053653      2.0203
   2013.63056507      1.8936
   2013.63059361      1.7474
   2013.63062215      1.6302
   2013.63065068      1.5212
   2013.63067922      1.4188
   2013.63070776      1.3215
   2013.63073630      1.2290
   2013.63076484      1.1591
   2013.63079338      1.0705
   2013.63082192      0.9796
   2013.63085046      0.9265
   2013.63087900      0.8640
   2013.63090753      0.8037
   2013.63093607      0.7473
   2013.63096461      0.6950
   2013.63099315      0.6478
   2013.63102169      0.6055
   2013.63105023      0.5671
   2013.63107877      0.5321
   2013.63110731      0.5001
   2013.63113584      0.4708
   2013.63116438      0.4438
   2013.63119292      0.4187
   2013.63122146      0.3954
   2013.63125000      0.3737
   2013.63127854      0.3535
   2013.63130708      0.3348
   2013.63133562      0.3175
   2013.63136416      0.3013
   2013.63139269      0.2863
   2013.63142123      0.2724
   2013.63144977      0.2593
   2013.63147831      0.2471
   2013.63150685      0.2356
   2013.63153539      0.2247
   2013.63156393      0.2145
   2013.63159247      0.2049
   2013.63162100      0.1959
   2013.63164954      0.1874
   2013.63167808      0.1794
   2013.63170662      0.1719
   2013.63173516      0.1648
   2013.63176370      0.1581
   2013.63179224      0.1518
   2013.63182078      0.1458
   2013.63184932      0.1401
   2013.63187785      0.1347
   2013.63190639      0.1296
   2013.63193493      0.1248
   2013.63196347      0.1203
   2013.63199201      0.1159
   2013.63202055      0.1118
   2013.63204909      0.1079
   2013.63207763      0.1042
   2013.63210616      0.1006
