   2013.62465753      0.0000
   2013.62468607      0.0000
   2013.62471461      0.0000
   2013.62474315      0.0000
   2013.62477169      0.0000
   2013.62480023      0.0000
   2013.62482877      0.0000
   2013.62485731      0.0000
   2013.62488584      0.0000
   2013.62491438      0.0000
   2013.62494292      0.0000
   2013.62497146      0.0000
   2013.62500000      0.0000
   2013.62502854      0.0000
   2013.62505708      0.0000
   2013.62508562      0.0000
   2013.62511416      0.0000
   2013.62514269      0.0000
   2013.62517123      0.0000
   2013.62519977      0.0000
   2013.62522831      0.0000
   2013.62525685      0.0000
   2013.62528539      0.0000
   2013.62531393      0.0000
   2013.62534247      0.0000
   2013.62537100      0.0000
   2013.62539954      0.0000
   2013.62542808      0.0000
   2013.62545662      0.0000
   2013.62548516      0.0000
   2013.62551370      0.0000
   2013.62554224      0.0000
   2013.62557078      0.0000
   2013.62559932      0.0000
   2013.62562785      0.0000
   2013.62565639      0.0000
   2013.62568493      0.0000
   2013.62571347      0.0000
   2013.62574201      0.0000
   2013.62577055      0.0000
   2013.62579909      0.0000
   2013.62582763      0.0000
   2013.62585616      0.0000
   2013.62588470      0.0000
   2013.62591324      0.0000
   2013.62594178      0.0000
   2013.62597032      0.0000
   2013.62599886      0.0000
   2013.62602740      0.0000
   2013.62605594      0.0000
   2013.62608447      0.0000
   2013.62611301      0.0000
   2013.62614155      0.0000
   2013.62617009      0.0000
   2013.62619863      0.0000
   2013.62622717      0.0000
   2013.62625571      0.0000
   2013.62628425      0.0000
   2013.62631279      0.0003
   2013.62634132      0.0009
   2013.62636986      0.0014
   2013.62639840      0.0019
   2013.62642694      0.0023
   2013.62645548      0.0028
   2013.62648402      0.0032
   2013.62651256      0.0203
   2013.62654110      0.0598
   2013.62656963      0.0985
   2013.62659817      0.1727
   2013.62662671      0.2933
   2013.62665525      0.4701
   2013.62668379      0.7605
   2013.62671233      1.1767
   2013.62674087      1.7504
   2013.62676941      2.5650
   2013.62679795      3.6347
   2013.62682648      4.7501
   2013.62685502      5.4158
   2013.62688356      5.9125
   2013.62691210      6.2101
   2013.62694064      6.2997
   2013.62696918      6.2505
   2013.62699772      6.2446
   2013.62702626      5.7704
   2013.62705479      5.5795
   2013.62708333      5.5032
   2013.62711187      4.7447
   2013.62714041      4.4105
   2013.62716895      4.3444
   2013.62719749      3.6935
   2013.62722603      3.3313
   2013.62725457      3.0367
   2013.62728311      2.7108
   2013.62731164      2.5264
   2013.62734018      2.2506
   2013.62736872      1.9294
   2013.62739726      1.7377
   2013.62742580      1.5570
   2013.62745434      1.3941
   2013.62748288      1.2691
   2013.62751142      1.1299
   2013.62753995      1.0086
   2013.62756849      0.9196
   2013.62759703      0.8309
   2013.62762557      0.7498
   2013.62765411      0.6770
   2013.62768265      0.6127
   2013.62771119      0.5555
   2013.62773973      0.5047
   2013.62776826      0.4598
   2013.62779680      0.4199
   2013.62782534      0.3843
   2013.62785388      0.3522
   2013.62788242      0.3234
   2013.62791096      0.2974
   2013.62793950      0.2738
   2013.62796804      0.2524
   2013.62799658      0.2327
   2013.62802511      0.2147
   2013.62805365      0.1983
   2013.62808219      0.1833
   2013.62811073      0.1696
   2013.62813927      0.1570
   2013.62816781      0.1456
   2013.62819635      0.1351
   2013.62822489      0.1254
   2013.62825342      0.1165
   2013.62828196      0.1083
   2013.62831050      0.1007
