   2013.62465753      0.0000
   2013.62468607      0.0000
   2013.62471461      0.0000
   2013.62474315      0.0000
   2013.62477169      0.0000
   2013.62480023      0.0000
   2013.62482877      0.0000
   2013.62485731      0.0000
   2013.62488584      0.0000
   2013.62491438      0.0000
   2013.62494292      0.0000
   2013.62497146      0.0000
   2013.62500000      0.0000
   2013.62502854      0.0000
   2013.62505708      0.0000
   2013.62508562      0.0000
   2013.62511416      0.0000
   2013.62514269      0.0000
   2013.62517123      0.0000
   2013.62519977      0.0000
   2013.62522831      0.0000
   2013.62525685      0.0000
   2013.62528539      0.0000
   2013.62531393      0.0000
   2013.62534247      0.0000
   2013.62537100      0.0830
   2013.62539954      0.1431
   2013.62542808      0.3119
   2013.62545662      0.7561
   2013.62548516      1.4959
   2013.62551370      2.4457
   2013.62554224      3.9805
   2013.62557078      6.5237
   2013.62559932      9.0706
   2013.62562785     10.2182
   2013.62565639     10.2472
   2013.62568493     10.0039
   2013.62571347      9.6019
   2013.62574201      9.2933
   2013.62577055      9.0252
   2013.62579909      9.0521
   2013.62582763      8.8154
   2013.62585616      8.8772
   2013.62588470      8.7948
   2013.62591324      8.6832
   2013.62594178      8.6617
   2013.62597032      8.4610
   2013.62599886      8.1763
   2013.62602740      7.6615
   2013.62605594      7.8313
   2013.62608447      7.6098
   2013.62611301      7.2409
   2013.62614155      6.8387
   2013.62617009      7.1426
   2013.62619863      7.1820
   2013.62622717      6.9045
   2013.62625571      7.0063
   2013.62628425      7.3370
   2013.62631279      7.5419
   2013.62634132      7.8468
   2013.62636986      8.0561
   2013.62639840      8.9100
   2013.62642694      9.1797
   2013.62645548      9.5576
   2013.62648402      9.3185
   2013.62651256     10.1606
   2013.62654110     10.3044
   2013.62656963     10.3672
   2013.62659817     10.0515
   2013.62662671     10.8693
   2013.62665525     10.9206
   2013.62668379     10.7018
   2013.62671233     10.4747
   2013.62674087     11.2569
   2013.62676941     11.0927
   2013.62679795     10.9400
   2013.62682648     10.6351
   2013.62685502     11.1261
   2013.62688356     11.1172
   2013.62691210     11.1100
   2013.62694064     10.4865
   2013.62696918     10.9532
   2013.62699772     10.8687
   2013.62702626     10.7104
   2013.62705479     10.1544
   2013.62708333     10.5638
   2013.62711187     10.4212
   2013.62714041     10.1796
   2013.62716895      9.6142
   2013.62719749      9.9684
   2013.62722603      9.9507
   2013.62725457      9.4690
   2013.62728311      9.0147
   2013.62731164      9.1848
   2013.62734018      8.9846
   2013.62736872      8.7184
   2013.62739726      8.2628
   2013.62742580      8.3917
   2013.62745434      8.1060
   2013.62748288      7.8651
   2013.62751142      7.4886
   2013.62753995      7.5992
   2013.62756849      7.4255
   2013.62759703      7.1437
   2013.62762557      6.6895
   2013.62765411      7.1787
   2013.62768265      6.7006
   2013.62771119      6.4488
   2013.62773973      6.1752
   2013.62776826      6.6436
   2013.62779680      6.1214
   2013.62782534      6.0769
   2013.62785388      5.3656
   2013.62788242      5.4899
   2013.62791096      5.7233
   2013.62793950      5.8215
   2013.62796804      5.8795
   2013.62799658      5.5055
   2013.62802511      5.1207
   2013.62805365      4.7174
   2013.62808219      4.3675
   2013.62811073      4.1662
   2013.62813927      4.1402
   2013.62816781      4.3834
   2013.62819635      4.1431
   2013.62822489      4.0234
   2013.62825342      3.9797
   2013.62828196      3.7478
   2013.62831050      3.2773
   2013.62833904      3.0462
   2013.62836758      2.8367
   2013.62839612      2.6258
   2013.62842466      2.5296
   2013.62845320      2.4328
   2013.62848174      2.3249
   2013.62851027      2.2791
   2013.62853881      2.0975
   2013.62856735      1.9348
   2013.62859589      1.6911
   2013.62862443      1.5674
   2013.62865297      1.4297
   2013.62868151      1.3036
   2013.62871005      1.1831
   2013.62873858      1.0894
   2013.62876712      1.0018
   2013.62879566      0.9234
   2013.62882420      0.8520
   2013.62885274      0.7842
   2013.62888128      0.7204
   2013.62890982      0.6620
   2013.62893836      0.6093
   2013.62896689      0.5610
   2013.62899543      0.5169
   2013.62902397      0.4769
   2013.62905251      0.4404
   2013.62908105      0.4071
   2013.62910959      0.3766
   2013.62913813      0.3486
   2013.62916667      0.3229
   2013.62919521      0.2992
   2013.62922374      0.2775
   2013.62925228      0.2576
   2013.62928082      0.2392
   2013.62930936      0.2221
   2013.62933790      0.2063
   2013.62936644      0.1917
   2013.62939498      0.1783
   2013.62942352      0.1660
   2013.62945205      0.1546
   2013.62948059      0.1442
   2013.62950913      0.1345
   2013.62953767      0.1256
   2013.62956621      0.1173
   2013.62959475      0.1096
   2013.62962329      0.1025
