   2013.62465753      0.0000
   2013.62468607      0.0000
   2013.62471461      0.0000
   2013.62474315      0.0000
   2013.62477169      0.0000
   2013.62480023      0.0000
   2013.62482877      0.0000
   2013.62485731      0.0000
   2013.62488584      0.0000
   2013.62491438      0.0000
   2013.62494292      0.0000
   2013.62497146      0.0000
   2013.62500000      0.0000
   2013.62502854      0.0000
   2013.62505708      0.0000
   2013.62508562      0.0000
   2013.62511416      0.0000
   2013.62514269      0.0000
   2013.62517123      0.0000
   2013.62519977      0.0000
   2013.62522831      0.0000
   2013.62525685      0.0000
   2013.62528539      0.0000
   2013.62531393      0.0000
   2013.62534247      0.0000
   2013.62537100      0.0000
   2013.62539954      0.0000
   2013.62542808      0.0000
   2013.62545662      0.0000
   2013.62548516      0.0000
   2013.62551370      0.0000
   2013.62554224      0.0000
   2013.62557078      0.0000
   2013.62559932      0.0000
   2013.62562785      0.0000
   2013.62565639      0.0000
   2013.62568493      0.0000
   2013.62571347      0.0058
   2013.62574201      0.0053
   2013.62577055      0.0400
   2013.62579909      0.0867
   2013.62582763      0.1636
   2013.62585616      0.3149
   2013.62588470      0.5723
   2013.62591324      0.9911
   2013.62594178      1.6120
   2013.62597032      2.5723
   2013.62599886      4.0099
   2013.62602740      5.8737
   2013.62605594      7.3506
   2013.62608447      8.2894
   2013.62611301      8.8180
   2013.62614155      9.1888
   2013.62617009      9.4390
   2013.62619863      9.4516
   2013.62622717      9.3541
   2013.62625571      8.8993
   2013.62628425      8.8449
   2013.62631279      8.4471
   2013.62634132      8.0070
   2013.62636986      7.1894
   2013.62639840      7.0542
   2013.62642694      6.6212
   2013.62645548      6.3179
   2013.62648402      5.0705
   2013.62651256      5.0472
   2013.62654110      4.7252
   2013.62656963      4.3085
   2013.62659817      3.8577
   2013.62662671      3.9546
   2013.62665525      3.6680
   2013.62668379      3.5444
   2013.62671233      3.2976
   2013.62674087      3.3408
   2013.62676941      3.2996
   2013.62679795      3.3088
   2013.62682648      3.0959
   2013.62685502      3.3916
   2013.62688356      3.3342
   2013.62691210      3.3052
   2013.62694064      3.1949
   2013.62696918      3.4232
   2013.62699772      3.4341
   2013.62702626      3.4707
   2013.62705479      3.1981
   2013.62708333      3.4184
   2013.62711187      3.3915
   2013.62714041      3.4902
   2013.62716895      3.1201
   2013.62719749      3.2759
   2013.62722603      3.2779
   2013.62725457      3.3152
   2013.62728311      2.9790
   2013.62731164      3.0347
   2013.62734018      2.9719
   2013.62736872      2.8652
   2013.62739726      2.8414
   2013.62742580      2.7743
   2013.62745434      2.6676
   2013.62748288      2.5731
   2013.62751142      2.4755
   2013.62753995      2.4401
   2013.62756849      2.3516
   2013.62759703      2.2579
   2013.62762557      2.1604
   2013.62765411      2.1128
   2013.62768265      1.9841
   2013.62771119      1.8998
   2013.62773973      1.8412
   2013.62776826      1.7966
   2013.62779680      1.6910
   2013.62782534      1.6085
   2013.62785388      1.4974
   2013.62788242      1.5078
   2013.62791096      1.4435
   2013.62793950      1.3551
   2013.62796804      1.3097
   2013.62799658      1.2538
   2013.62802511      1.1958
   2013.62805365      1.1244
   2013.62808219      1.0517
   2013.62811073      1.0466
   2013.62813927      0.9965
   2013.62816781      0.9314
   2013.62819635      0.9177
   2013.62822489      0.8817
   2013.62825342      0.8404
   2013.62828196      0.8014
   2013.62831050      0.7856
   2013.62833904      0.7574
   2013.62836758      0.7263
   2013.62839612      0.6990
   2013.62842466      0.6992
   2013.62845320      0.6825
   2013.62848174      0.6622
   2013.62851027      0.6454
   2013.62853881      0.6600
   2013.62856735      0.6694
   2013.62859589      0.6505
   2013.62862443      0.6357
   2013.62865297      0.6696
   2013.62868151      0.7009
   2013.62871005      0.6844
   2013.62873858      0.6988
   2013.62876712      0.7497
   2013.62879566      0.8078
   2013.62882420      0.8136
   2013.62885274      0.8485
   2013.62888128      0.9336
   2013.62890982      1.0343
   2013.62893836      1.0629
   2013.62896689      1.1379
   2013.62899543      1.2844
   2013.62902397      1.4213
   2013.62905251      1.5559
   2013.62908105      1.6735
   2013.62910959      1.8814
   2013.62913813      2.0542
   2013.62916667      2.1594
   2013.62919521      2.2959
   2013.62922374      2.5158
   2013.62925228      2.6802
   2013.62928082      2.7422
   2013.62930936      2.8638
   2013.62933790      2.9080
   2013.62936644      3.1880
   2013.62939498      3.2104
   2013.62942352      3.2819
   2013.62945205      3.3333
   2013.62948059      3.5408
   2013.62950913      3.5129
   2013.62953767      3.5473
   2013.62956621      3.6315
   2013.62959475      3.7423
   2013.62962329      3.7329
   2013.62965183      3.6684
   2013.62968037      3.7172
   2013.62970890      3.8113
   2013.62973744      3.6715
   2013.62976598      3.6756
   2013.62979452      3.5743
   2013.62982306      3.6471
   2013.62985160      3.5959
   2013.62988014      3.5018
   2013.62990868      3.2771
   2013.62993721      3.4627
   2013.62996575      3.4035
   2013.62999429      3.4763
   2013.63002283      3.0964
   2013.63005137      3.2065
   2013.63007991      3.1395
   2013.63010845      3.0234
   2013.63013699      2.8589
   2013.63016553      2.9465
   2013.63019406      2.8115
   2013.63022260      2.7069
   2013.63025114      2.6186
   2013.63027968      2.4561
   2013.63030822      2.3446
   2013.63033676      2.2179
   2013.63036530      2.0976
   2013.63039384      1.9768
   2013.63042237      1.8726
   2013.63045091      1.7310
   2013.63047945      1.6200
   2013.63050799      1.5149
   2013.63053653      1.4148
   2013.63056507      1.3183
   2013.63059361      1.2253
   2013.63062215      1.1558
   2013.63065068      1.0614
   2013.63067922      0.9699
   2013.63070776      0.9095
   2013.63073630      0.8415
   2013.63076484      0.7760
   2013.63079338      0.7142
   2013.63082192      0.6570
   2013.63085046      0.6052
   2013.63087900      0.5579
   2013.63090753      0.5150
   2013.63093607      0.4761
   2013.63096461      0.4407
   2013.63099315      0.4084
   2013.63102169      0.3786
   2013.63105023      0.3512
   2013.63107877      0.3259
   2013.63110731      0.3027
   2013.63113584      0.2813
   2013.63116438      0.2616
   2013.63119292      0.2434
   2013.63122146      0.2264
   2013.63125000      0.2106
   2013.63127854      0.1961
   2013.63130708      0.1827
   2013.63133562      0.1703
   2013.63136416      0.1589
   2013.63139269      0.1483
   2013.63142123      0.1386
   2013.63144977      0.1295
   2013.63147831      0.1211
   2013.63150685      0.1133
   2013.63153539      0.1061
