   2013.62465753      0.0000
   2013.62468607      0.0000
   2013.62471461      0.0000
   2013.62474315      0.0000
   2013.62477169      0.0000
   2013.62480023      0.0000
   2013.62482877      0.0000
   2013.62485731      0.0000
   2013.62488584      0.0000
   2013.62491438      0.0000
   2013.62494292      0.0000
   2013.62497146      0.0000
   2013.62500000      0.0000
   2013.62502854      0.0000
   2013.62505708      0.0000
   2013.62508562      0.0000
   2013.62511416      0.0000
   2013.62514269      0.0000
   2013.62517123      0.0000
   2013.62519977      0.0000
   2013.62522831      0.0000
   2013.62525685      0.1565
   2013.62528539      0.3210
   2013.62531393      0.9720
   2013.62534247      2.4802
   2013.62537100      4.7213
   2013.62539954      9.3351
   2013.62542808     15.1828
   2013.62545662     16.9736
   2013.62548516     16.0928
   2013.62551370     14.7260
   2013.62554224     13.3019
   2013.62557078     12.2087
   2013.62559932     11.3699
   2013.62562785     10.8823
   2013.62565639     10.4251
   2013.62568493     10.1359
   2013.62571347      9.9402
   2013.62574201      9.8409
   2013.62577055      9.7970
   2013.62579909      9.7852
   2013.62582763      9.7346
   2013.62585616      9.4304
   2013.62588470      8.8944
   2013.62591324      8.2988
   2013.62594178      7.8429
   2013.62597032      7.1988
   2013.62599886      6.5368
   2013.62602740      6.4033
   2013.62605594      5.2684
   2013.62608447      4.6931
   2013.62611301      4.1067
   2013.62614155      3.7373
   2013.62617009      3.2643
   2013.62619863      3.1627
   2013.62622717      2.6311
   2013.62625571      2.1977
   2013.62628425      1.9685
   2013.62631279      1.7469
   2013.62634132      1.5507
   2013.62636986      1.3774
   2013.62639840      1.2391
   2013.62642694      1.0686
   2013.62645548      0.9870
   2013.62648402      0.8915
   2013.62651256      0.8013
   2013.62654110      0.7203
   2013.62656963      0.6486
   2013.62659817      0.5856
   2013.62662671      0.5299
   2013.62665525      0.4807
   2013.62668379      0.4374
   2013.62671233      0.3989
   2013.62674087      0.3647
   2013.62676941      0.3340
   2013.62679795      0.3064
   2013.62682648      0.2816
   2013.62685502      0.2592
   2013.62688356      0.2387
   2013.62691210      0.2200
   2013.62694064      0.2029
   2013.62696918      0.1874
   2013.62699772      0.1732
   2013.62702626      0.1603
   2013.62705479      0.1485
   2013.62708333      0.1377
   2013.62711187      0.1278
   2013.62714041      0.1187
   2013.62716895      0.1104
   2013.62719749      0.1027
