   2013.62465753      0.0000
   2013.62468607      0.0000
   2013.62471461      0.0000
   2013.62474315      0.0000
   2013.62477169      0.0000
   2013.62480023      0.0000
   2013.62482877      0.0000
   2013.62485731      0.0000
   2013.62488584      0.0000
   2013.62491438      0.0000
   2013.62494292      0.0000
   2013.62497146      0.0000
   2013.62500000      0.0000
   2013.62502854      0.0000
   2013.62505708      0.0000
   2013.62508562      0.0000
   2013.62511416      0.0000
   2013.62514269      0.0000
   2013.62517123      0.0000
   2013.62519977      0.0000
   2013.62522831      0.0000
   2013.62525685      0.0000
   2013.62528539      0.0000
   2013.62531393      0.0000
   2013.62534247      0.0000
   2013.62537100      0.0000
   2013.62539954      0.0000
   2013.62542808      0.0000
   2013.62545662      0.0000
   2013.62548516      0.0000
   2013.62551370      0.0000
   2013.62554224      0.0000
   2013.62557078      0.0000
   2013.62559932      0.0000
   2013.62562785      0.0000
   2013.62565639      0.0000
   2013.62568493      0.0000
   2013.62571347      0.0000
   2013.62574201      0.0000
   2013.62577055      0.0000
   2013.62579909      0.0000
   2013.62582763      0.0000
   2013.62585616      0.0000
   2013.62588470      0.0000
   2013.62591324      0.0000
   2013.62594178      0.0000
   2013.62597032      0.0000
   2013.62599886      0.0000
   2013.62602740      0.0000
   2013.62605594      0.0000
   2013.62608447      0.0000
   2013.62611301      0.0000
   2013.62614155      0.0000
   2013.62617009      0.0000
   2013.62619863      0.0000
   2013.62622717      0.0000
   2013.62625571      0.0000
   2013.62628425      0.6478
   2013.62631279      3.0087
   2013.62634132      7.8235
   2013.62636986     15.4756
   2013.62639840     29.7547
   2013.62642694     33.5716
   2013.62645548     30.1187
   2013.62648402     24.3655
   2013.62651256     20.6530
   2013.62654110     18.0448
   2013.62656963     16.1938
   2013.62659817     15.1258
   2013.62662671     14.2585
   2013.62665525     13.7718
   2013.62668379     13.4203
   2013.62671233     13.2750
   2013.62674087     13.1584
   2013.62676941     13.1907
   2013.62679795     13.1506
   2013.62682648     12.8643
   2013.62685502     13.5459
   2013.62688356     13.7772
   2013.62691210     13.2451
   2013.62694064     12.5599
   2013.62696918     12.6555
   2013.62699772     12.2463
   2013.62702626     11.6682
   2013.62705479     10.4758
   2013.62708333     10.3780
   2013.62711187      9.1943
   2013.62714041      8.3430
   2013.62716895      7.4012
   2013.62719749      7.1411
   2013.62722603      6.5753
   2013.62725457      6.1914
   2013.62728311      5.5087
   2013.62731164      5.5741
   2013.62734018      5.1793
   2013.62736872      5.0144
   2013.62739726      4.9035
   2013.62742580      4.7924
   2013.62745434      4.6599
   2013.62748288      4.4930
   2013.62751142      4.2813
   2013.62753995      4.4088
   2013.62756849      4.2922
   2013.62759703      4.1787
   2013.62762557      4.1792
   2013.62765411      4.1335
   2013.62768265      4.0237
   2013.62771119      3.8481
   2013.62773973      3.8519
   2013.62776826      3.9013
   2013.62779680      3.7360
   2013.62782534      3.6921
   2013.62785388      3.5294
   2013.62788242      3.6139
   2013.62791096      3.5598
   2013.62793950      3.5450
   2013.62796804      3.2488
   2013.62799658      3.4465
   2013.62802511      3.4084
   2013.62805365      3.5275
   2013.62808219      3.1521
   2013.62811073      3.3028
   2013.62813927      3.2865
   2013.62816781      3.4104
   2013.62819635      3.0932
   2013.62822489      3.2201
   2013.62825342      3.2141
   2013.62828196      3.3556
   2013.62831050      3.0510
   2013.62833904      3.2003
   2013.62836758      3.2104
   2013.62839612      3.2141
   2013.62842466      3.0670
   2013.62845320      3.3339
   2013.62848174      3.2761
   2013.62851027      3.2279
   2013.62853881      3.1824
   2013.62856735      3.4518
   2013.62859589      3.4127
   2013.62862443      3.4352
   2013.62865297      3.5969
   2013.62868151      3.6293
   2013.62871005      3.6680
   2013.62873858      3.6101
   2013.62876712      3.7700
   2013.62879566      3.8847
   2013.62882420      3.8478
   2013.62885274      3.9496
   2013.62888128      4.1052
   2013.62890982      4.1760
   2013.62893836      4.1385
   2013.62896689      4.2496
   2013.62899543      4.1136
   2013.62902397      4.4844
   2013.62905251      4.4402
   2013.62908105      4.5742
   2013.62910959      4.4010
   2013.62913813      4.8110
   2013.62916667      4.7538
   2013.62919521      4.9271
   2013.62922374      4.6775
   2013.62925228      5.1246
   2013.62928082      5.0427
   2013.62930936      5.2186
   2013.62933790      4.9237
   2013.62936644      5.3763
   2013.62939498      5.2634
   2013.62942352      5.4233
   2013.62945205      5.0740
   2013.62948059      5.5191
   2013.62950913      5.3755
   2013.62953767      5.5185
   2013.62956621      5.1357
   2013.62959475      5.5713
   2013.62962329      5.4136
   2013.62965183      5.5470
   2013.62968037      5.1483
   2013.62970890      5.5802
   2013.62973744      5.4080
   2013.62976598      5.5230
   2013.62979452      5.2239
   2013.62982306      5.5191
   2013.62985160      5.3382
   2013.62988014      5.4110
   2013.62990868      5.0888
   2013.62993721      5.3745
   2013.62996575      5.1832
   2013.62999429      5.1943
   2013.63002283      4.9026
   2013.63005137      5.1468
   2013.63007991      4.9503
   2013.63010845      4.9274
   2013.63013699      4.6619
   2013.63016553      4.8735
   2013.63019406      4.6900
   2013.63022260      4.6615
   2013.63025114      4.5172
   2013.63027968      4.2722
   2013.63030822      4.1312
   2013.63033676      3.8446
   2013.63036530      3.8110
   2013.63039384      3.6605
   2013.63042237      3.2555
   2013.63045091      2.9894
   2013.63047945      2.7714
   2013.63050799      2.5562
   2013.63053653      2.3537
   2013.63056507      2.2208
   2013.63059361      1.9384
   2013.63062215      1.7804
   2013.63065068      1.6249
   2013.63067922      1.4787
   2013.63070776      1.3424
   2013.63073630      1.2167
   2013.63076484      1.1102
   2013.63079338      1.0109
   2013.63082192      0.9247
   2013.63085046      0.8438
   2013.63087900      0.7677
   2013.63090753      0.6979
   2013.63093607      0.6358
   2013.63096461      0.5804
   2013.63099315      0.5307
   2013.63102169      0.4862
   2013.63105023      0.4463
   2013.63107877      0.4103
   2013.63110731      0.3778
   2013.63113584      0.3484
   2013.63116438      0.3216
   2013.63119292      0.2972
   2013.63122146      0.2750
   2013.63125000      0.2548
   2013.63127854      0.2361
   2013.63130708      0.2189
   2013.63133562      0.2031
   2013.63136416      0.1885
   2013.63139269      0.1752
   2013.63142123      0.1630
   2013.63144977      0.1518
   2013.63147831      0.1414
   2013.63150685      0.1319
   2013.63153539      0.1231
   2013.63156393      0.1150
   2013.63159247      0.1074
   2013.63162100      0.1005
