   2013.62465753      0.0000
   2013.62468607      0.0000
   2013.62471461      0.0000
   2013.62474315      0.0000
   2013.62477169      0.0000
   2013.62480023      0.0000
   2013.62482877      0.0000
   2013.62485731      0.0000
   2013.62488584      0.0000
   2013.62491438      0.0000
   2013.62494292      0.0000
   2013.62497146      0.0000
   2013.62500000      0.0000
   2013.62502854      0.0000
   2013.62505708      0.0000
   2013.62508562      0.0000
   2013.62511416      0.0000
   2013.62514269      0.0000
   2013.62517123      0.0000
   2013.62519977      0.0000
   2013.62522831      0.0000
   2013.62525685      0.0000
   2013.62528539      0.0000
   2013.62531393      0.0000
   2013.62534247      0.0000
   2013.62537100      0.0000
   2013.62539954      0.0000
   2013.62542808      0.0000
   2013.62545662      0.0000
   2013.62548516      0.0000
   2013.62551370      0.0000
   2013.62554224      0.0000
   2013.62557078      0.0000
   2013.62559932      0.0000
   2013.62562785      0.0000
   2013.62565639      0.0000
   2013.62568493      0.0000
   2013.62571347      0.7758
   2013.62574201      4.1790
   2013.62577055     11.3368
   2013.62579909     25.8022
   2013.62582763     45.1309
   2013.62585616     44.6169
   2013.62588470     37.8306
   2013.62591324     31.3877
   2013.62594178     27.2959
   2013.62597032     23.0639
   2013.62599886     19.4228
   2013.62602740     16.3415
   2013.62605594     14.9226
   2013.62608447     13.3023
   2013.62611301     11.9159
   2013.62614155     10.6654
   2013.62617009     10.7588
   2013.62619863     10.2905
   2013.62622717      9.9094
   2013.62625571      9.6793
   2013.62628425     10.4300
   2013.62631279     10.6878
   2013.62634132     10.8185
   2013.62636986     10.9160
   2013.62639840     11.9254
   2013.62642694     12.2445
   2013.62645548     12.2406
   2013.62648402     12.5285
   2013.62651256     13.1197
   2013.62654110     13.3076
   2013.62656963     13.1453
   2013.62659817     13.3854
   2013.62662671     13.8566
   2013.62665525     13.9624
   2013.62668379     13.7064
   2013.62671233     13.6751
   2013.62674087     14.2802
   2013.62676941     14.2946
   2013.62679795     13.9571
   2013.62682648     13.8438
   2013.62685502     14.3558
   2013.62688356     14.2582
   2013.62691210     13.8368
   2013.62694064     13.6444
   2013.62696918     13.7536
   2013.62699772     13.9136
   2013.62702626     13.4697
   2013.62705479     13.4956
   2013.62708333     14.3871
   2013.62711187     14.6960
   2013.62714041     13.6678
   2013.62716895     12.3246
   2013.62719749     11.5935
   2013.62722603     10.9475
   2013.62725457     11.3239
   2013.62728311     11.9413
   2013.62731164     12.2607
   2013.62734018     11.5960
   2013.62736872     10.4138
   2013.62739726      9.0456
   2013.62742580      8.2693
   2013.62745434      7.3127
   2013.62748288      6.8835
   2013.62751142      6.4785
   2013.62753995      6.3999
   2013.62756849      6.6465
   2013.62759703      5.5892
   2013.62762557      5.0756
   2013.62765411      4.8657
   2013.62768265      3.9282
   2013.62771119      3.4486
   2013.62773973      3.0909
   2013.62776826      2.7377
   2013.62779680      2.5602
   2013.62782534      2.2935
   2013.62785388      2.0781
   2013.62788242      1.8912
   2013.62791096      1.6568
   2013.62793950      1.5077
   2013.62796804      1.3698
   2013.62799658      1.2871
   2013.62802511      1.1411
   2013.62805365      1.0170
   2013.62808219      0.9448
   2013.62811073      0.8628
   2013.62813927      0.7848
   2013.62816781      0.7131
   2013.62819635      0.6484
   2013.62822489      0.5905
   2013.62825342      0.5385
   2013.62828196      0.4921
   2013.62831050      0.4508
   2013.62833904      0.4136
   2013.62836758      0.3802
   2013.62839612      0.3498
   2013.62842466      0.3223
   2013.62845320      0.2972
   2013.62848174      0.2744
   2013.62851027      0.2536
   2013.62853881      0.2344
   2013.62856735      0.2167
   2013.62859589      0.2004
   2013.62862443      0.1856
   2013.62865297      0.1719
   2013.62868151      0.1594
   2013.62871005      0.1480
   2013.62873858      0.1374
   2013.62876712      0.1277
   2013.62879566      0.1188
   2013.62882420      0.1105
   2013.62885274      0.1028
