   2013.62465753      0.0000
   2013.62468607      0.0000
   2013.62471461      0.0000
   2013.62474315      0.0000
   2013.62477169      0.0000
   2013.62480023      0.0000
   2013.62482877      0.0000
   2013.62485731      0.0000
   2013.62488584      0.0000
   2013.62491438      0.0000
   2013.62494292      0.0000
   2013.62497146      0.0000
   2013.62500000      0.0000
   2013.62502854      0.0000
   2013.62505708      0.0000
   2013.62508562      0.0000
   2013.62511416      0.0000
   2013.62514269      0.0000
   2013.62517123      0.0000
   2013.62519977      0.0000
   2013.62522831      0.0000
   2013.62525685      0.0000
   2013.62528539      0.0000
   2013.62531393      0.0000
   2013.62534247      0.0000
   2013.62537100      0.0000
   2013.62539954      0.0000
   2013.62542808      0.0000
   2013.62545662      0.0000
   2013.62548516      0.0000
   2013.62551370      0.0000
   2013.62554224      0.0000
   2013.62557078      0.0000
   2013.62559932      0.2054
   2013.62562785      0.4567
   2013.62565639      1.3789
   2013.62568493      2.9494
   2013.62571347      5.1173
   2013.62574201      8.9302
   2013.62577055     13.6431
   2013.62579909     15.5501
   2013.62582763     14.6606
   2013.62585616     13.3861
   2013.62588470     12.0766
   2013.62591324     11.2578
   2013.62594178     10.4429
   2013.62597032      9.9397
   2013.62599886      9.5584
   2013.62602740      9.5401
   2013.62605594      9.5185
   2013.62608447      9.5293
   2013.62611301      9.5027
   2013.62614155      9.2625
   2013.62617009      9.7317
   2013.62619863      9.7599
   2013.62622717      9.5171
   2013.62625571      9.4448
   2013.62628425      9.6332
   2013.62631279      9.3895
   2013.62634132      9.2089
   2013.62636986      9.3068
   2013.62639840      9.6676
   2013.62642694      9.8694
   2013.62645548     10.1030
   2013.62648402     10.8002
   2013.62651256     11.7159
   2013.62654110     12.4251
   2013.62656963     12.7342
   2013.62659817     13.2345
   2013.62662671     14.1188
   2013.62665525     14.4367
   2013.62668379     14.2880
   2013.62671233     14.3251
   2013.62674087     15.0342
   2013.62676941     15.0709
   2013.62679795     14.7232
   2013.62682648     14.5737
   2013.62685502     14.7578
   2013.62688356     14.9749
   2013.62691210     14.4965
   2013.62694064     14.2335
   2013.62696918     14.3024
   2013.62699772     14.1733
   2013.62702626     13.8538
   2013.62705479     13.3204
   2013.62708333     13.4940
   2013.62711187     13.2794
   2013.62714041     12.8003
   2013.62716895     12.2645
   2013.62719749     12.4599
   2013.62722603     12.1585
   2013.62725457     11.8488
   2013.62728311     11.2367
   2013.62731164     11.2529
   2013.62734018     10.8225
   2013.62736872     10.4745
   2013.62739726      9.4437
   2013.62742580     10.3896
   2013.62745434     10.1757
   2013.62748288      9.5752
   2013.62751142      8.8274
   2013.62753995      8.3772
   2013.62756849      7.8757
   2013.62759703      8.0946
   2013.62762557      8.0470
   2013.62765411      7.7207
   2013.62768265      7.1884
   2013.62771119      6.5341
   2013.62773973      6.1015
   2013.62776826      5.9638
   2013.62779680      5.9507
   2013.62782534      5.5622
   2013.62785388      5.3440
   2013.62788242      4.9178
   2013.62791096      4.5107
   2013.62793950      4.1110
   2013.62796804      3.9825
   2013.62799658      3.7588
   2013.62802511      3.7826
   2013.62805365      3.6236
   2013.62808219      3.2142
   2013.62811073      3.0209
   2013.62813927      2.7627
   2013.62816781      2.6091
   2013.62819635      2.4733
   2013.62822489      2.3413
   2013.62825342      2.2060
   2013.62828196      2.0707
   2013.62831050      1.9315
   2013.62833904      1.7886
   2013.62836758      1.6739
   2013.62839612      1.5733
   2013.62842466      1.4825
   2013.62845320      1.3959
   2013.62848174      1.3119
   2013.62851027      1.2307
   2013.62853881      1.1524
   2013.62856735      1.0755
   2013.62859589      1.0090
   2013.62862443      0.9430
   2013.62865297      0.8839
   2013.62868151      0.8267
   2013.62871005      0.7708
   2013.62873858      0.7171
   2013.62876712      0.6668
   2013.62879566      0.6203
   2013.62882420      0.5768
   2013.62885274      0.5361
   2013.62888128      0.4985
   2013.62890982      0.4638
   2013.62893836      0.4318
   2013.62896689      0.4022
   2013.62899543      0.3747
   2013.62902397      0.3493
   2013.62905251      0.3256
   2013.62908105      0.3037
   2013.62910959      0.2834
   2013.62913813      0.2647
   2013.62916667      0.2473
   2013.62919521      0.2310
   2013.62922374      0.2157
   2013.62925228      0.2015
   2013.62928082      0.1883
   2013.62930936      0.1761
   2013.62933790      0.1647
   2013.62936644      0.1542
   2013.62939498      0.1444
   2013.62942352      0.1352
   2013.62945205      0.1267
   2013.62948059      0.1188
   2013.62950913      0.1114
   2013.62953767      0.1045
