   2013.62465753      0.0000
   2013.62468607      0.0000
   2013.62471461      0.0000
   2013.62474315      0.0000
   2013.62477169      0.0000
   2013.62480023      0.0000
   2013.62482877      0.0000
   2013.62485731      0.0000
   2013.62488584      0.0000
   2013.62491438      0.0000
   2013.62494292      0.0000
   2013.62497146      0.0000
   2013.62500000      0.0000
   2013.62502854      0.0000
   2013.62505708      0.0000
   2013.62508562      0.0000
   2013.62511416      0.0000
   2013.62514269      0.0000
   2013.62517123      0.0000
   2013.62519977      0.0000
   2013.62522831      0.0000
   2013.62525685      0.0000
   2013.62528539      0.0000
   2013.62531393      0.0000
   2013.62534247      0.0000
   2013.62537100      0.0000
   2013.62539954      0.0000
   2013.62542808      0.0000
   2013.62545662      0.0000
   2013.62548516      0.0000
   2013.62551370      0.0000
   2013.62554224      0.0000
   2013.62557078      0.0000
   2013.62559932      0.0000
   2013.62562785      0.0000
   2013.62565639      0.0000
   2013.62568493      0.0000
   2013.62571347      0.0000
   2013.62574201      0.0000
   2013.62577055      0.0000
   2013.62579909      0.0000
   2013.62582763      0.0000
   2013.62585616      0.0000
   2013.62588470      0.0000
   2013.62591324      0.0000
   2013.62594178      0.0000
   2013.62597032      0.0000
   2013.62599886      0.0000
   2013.62602740      0.0000
   2013.62605594      0.0000
   2013.62608447      0.0000
   2013.62611301      0.0000
   2013.62614155      0.0000
   2013.62617009      0.0000
   2013.62619863      0.0000
   2013.62622717      0.0000
   2013.62625571      0.0000
   2013.62628425      0.0000
   2013.62631279      0.0000
   2013.62634132      0.0000
   2013.62636986      0.0000
   2013.62639840      0.0000
   2013.62642694      0.0000
   2013.62645548      0.0000
   2013.62648402      0.0000
   2013.62651256      0.0000
   2013.62654110      0.0000
   2013.62656963      0.0000
   2013.62659817      0.0000
   2013.62662671      1.2395
   2013.62665525      8.3844
   2013.62668379     29.9583
   2013.62671233     63.8492
   2013.62674087     58.6754
   2013.62676941     44.6628
   2013.62679795     31.6512
   2013.62682648     23.9459
   2013.62685502     18.7639
   2013.62688356     15.1731
   2013.62691210     12.8103
   2013.62694064     10.9208
   2013.62696918      9.7363
   2013.62699772      8.5916
   2013.62702626      7.8011
   2013.62705479      7.1179
   2013.62708333      6.5893
   2013.62711187      6.2047
   2013.62714041      5.9325
   2013.62716895      5.7466
   2013.62719749      5.6257
   2013.62722603      5.5529
   2013.62725457      5.5151
   2013.62728311      5.5017
   2013.62731164      5.5047
   2013.62734018      5.5179
   2013.62736872      5.5362
   2013.62739726      5.4829
   2013.62742580      5.4663
   2013.62745434      5.2909
   2013.62748288      5.0747
   2013.62751142      5.0214
   2013.62753995      4.4652
   2013.62756849      4.1703
   2013.62759703      4.1078
   2013.62762557      3.5561
   2013.62765411      3.2516
   2013.62768265      3.0104
   2013.62771119      2.7434
   2013.62773973      2.5974
   2013.62776826      2.3013
   2013.62779680      2.0718
   2013.62782534      1.7958
   2013.62785388      1.6232
   2013.62788242      1.4613
   2013.62791096      1.3760
   2013.62793950      1.1836
   2013.62796804      1.0708
   2013.62799658      0.9705
   2013.62802511      0.8814
   2013.62805365      0.7985
   2013.62808219      0.7222
   2013.62811073      0.6540
   2013.62813927      0.5938
   2013.62816781      0.5400
   2013.62819635      0.4920
   2013.62822489      0.4493
   2013.62825342      0.4110
   2013.62828196      0.3765
   2013.62831050      0.3455
   2013.62833904      0.3174
   2013.62836758      0.2919
   2013.62839612      0.2689
   2013.62842466      0.2479
   2013.62845320      0.2286
   2013.62848174      0.2108
   2013.62851027      0.1947
   2013.62853881      0.1799
   2013.62856735      0.1664
   2013.62859589      0.1540
   2013.62862443      0.1426
   2013.62865297      0.1323
   2013.62868151      0.1227
   2013.62871005      0.1139
   2013.62873858      0.1057
