   2013.62465753      0.0000
   2013.62468607      0.0000
   2013.62471461      0.0000
   2013.62474315      0.0000
   2013.62477169      0.0000
   2013.62480023      0.0000
   2013.62482877      0.0000
   2013.62485731      0.0000
   2013.62488584      0.0000
   2013.62491438      0.0000
   2013.62494292      0.0000
   2013.62497146      0.0000
   2013.62500000      0.0000
   2013.62502854      0.0000
   2013.62505708      0.0000
   2013.62508562      0.0000
   2013.62511416      0.0000
   2013.62514269      0.0000
   2013.62517123      0.0000
   2013.62519977      0.0000
   2013.62522831      0.0000
   2013.62525685      0.0000
   2013.62528539      0.0000
   2013.62531393      0.0000
   2013.62534247      0.0000
   2013.62537100      0.0000
   2013.62539954      0.0000
   2013.62542808      0.0000
   2013.62545662      0.0000
   2013.62548516      0.0000
   2013.62551370      0.0000
   2013.62554224      0.0000
   2013.62557078      0.0000
   2013.62559932      0.0000
   2013.62562785      0.0000
   2013.62565639      0.0000
   2013.62568493      0.0000
   2013.62571347      0.0000
   2013.62574201      0.0000
   2013.62577055      0.0000
   2013.62579909      0.0000
   2013.62582763      0.0000
   2013.62585616      0.0000
   2013.62588470      0.0000
   2013.62591324      0.0000
   2013.62594178      0.0000
   2013.62597032      0.0000
   2013.62599886      0.0000
   2013.62602740      0.0000
   2013.62605594      0.0000
   2013.62608447      0.0000
   2013.62611301      0.0000
   2013.62614155      0.0000
   2013.62617009      0.0000
   2013.62619863      0.0000
   2013.62622717      0.0000
   2013.62625571      0.0000
   2013.62628425      0.0000
   2013.62631279      0.0000
   2013.62634132      0.0000
   2013.62636986      0.0000
   2013.62639840      0.1730
   2013.62642694      0.3576
   2013.62645548      1.0189
   2013.62648402      2.3609
   2013.62651256      3.9939
   2013.62654110      6.8729
   2013.62656963     11.1650
   2013.62659817     13.9781
   2013.62662671     14.0901
   2013.62665525     13.1231
   2013.62668379     12.0163
   2013.62671233     11.2666
   2013.62674087     10.4937
   2013.62676941      9.8628
   2013.62679795      9.4202
   2013.62682648      9.2373
   2013.62685502      9.0448
   2013.62688356      8.9806
   2013.62691210      8.8248
   2013.62694064      8.8824
   2013.62696918      8.8513
   2013.62699772      8.8652
   2013.62702626      8.7261
   2013.62705479      8.7486
   2013.62708333      8.6925
   2013.62711187      8.4627
   2013.62714041      8.1857
   2013.62716895      7.8143
   2013.62719749      7.7391
   2013.62722603      7.2793
   2013.62725457      6.8916
   2013.62728311      6.3245
   2013.62731164      6.2198
   2013.62734018      5.9165
   2013.62736872      5.4775
   2013.62739726      4.7347
   2013.62742580      4.7458
   2013.62745434      4.3351
   2013.62748288      4.0923
   2013.62751142      3.5100
   2013.62753995      3.5338
   2013.62756849      3.3222
   2013.62759703      3.1045
   2013.62762557      2.9581
   2013.62765411      2.7672
   2013.62768265      2.5464
   2013.62771119      2.3838
   2013.62773973      2.2625
   2013.62776826      2.1251
   2013.62779680      1.9906
   2013.62782534      1.8738
   2013.62785388      1.6782
   2013.62788242      1.6474
   2013.62791096      1.5337
   2013.62793950      1.4315
   2013.62796804      1.3486
   2013.62799658      1.2639
   2013.62802511      1.2377
   2013.62805365      1.1133
   2013.62808219      1.0455
   2013.62811073      0.9608
   2013.62813927      0.9121
   2013.62816781      0.8527
   2013.62819635      0.8087
   2013.62822489      0.7574
   2013.62825342      0.7049
   2013.62828196      0.6579
   2013.62831050      0.6350
   2013.62833904      0.6003
   2013.62836758      0.5645
   2013.62839612      0.5323
   2013.62842466      0.5270
   2013.62845320      0.5049
   2013.62848174      0.4800
   2013.62851027      0.4582
   2013.62853881      0.4676
   2013.62856735      0.4568
   2013.62859589      0.4423
   2013.62862443      0.4312
   2013.62865297      0.4608
   2013.62868151      0.4652
   2013.62871005      0.4654
   2013.62873858      0.4715
   2013.62876712      0.5293
   2013.62879566      0.5581
   2013.62882420      0.6040
   2013.62885274      0.6468
   2013.62888128      0.7659
   2013.62890982      0.8560
   2013.62893836      0.9282
   2013.62896689      1.0358
   2013.62899543      1.2558
   2013.62902397      1.5050
   2013.62905251      1.7814
   2013.62908105      2.0968
   2013.62910959      2.4558
   2013.62913813      2.9734
   2013.62916667      3.3239
   2013.62919521      3.6261
   2013.62922374      3.7894
   2013.62925228      4.3451
   2013.62928082      4.4645
   2013.62930936      4.8111
   2013.62933790      4.7269
   2013.62936644      5.3390
   2013.62939498      5.2952
   2013.62942352      5.4756
   2013.62945205      5.3472
   2013.62948059      5.9682
   2013.62950913      5.8075
   2013.62953767      5.8121
   2013.62956621      5.6752
   2013.62959475      6.2200
   2013.62962329      5.9981
   2013.62965183      5.9279
   2013.62968037      5.6667
   2013.62970890      6.1292
   2013.62973744      5.8810
   2013.62976598      5.9646
   2013.62979452      5.5333
   2013.62982306      5.7906
   2013.62985160      5.5277
   2013.62988014      5.4826
   2013.62990868      5.0901
   2013.62993721      5.1544
   2013.62996575      5.1163
   2013.62999429      4.9027
   2013.63002283      4.5498
   2013.63005137      4.5730
   2013.63007991      4.4498
   2013.63010845      4.2524
   2013.63013699      4.0838
   2013.63016553      3.9181
   2013.63019406      3.7107
   2013.63022260      3.7403
   2013.63025114      3.3423
   2013.63027968      3.2326
   2013.63030822      3.0536
   2013.63033676      2.8004
   2013.63036530      2.6127
   2013.63039384      2.4355
   2013.63042237      2.2597
   2013.63045091      2.1323
   2013.63047945      1.9206
   2013.63050799      1.7732
   2013.63053653      1.6382
   2013.63056507      1.5130
   2013.63059361      1.3949
   2013.63062215      1.2842
   2013.63065068      1.1768
   2013.63067922      1.0871
   2013.63070776      0.9988
   2013.63073630      0.9221
   2013.63076484      0.8487
   2013.63079338      0.7785
   2013.63082192      0.7127
   2013.63085046      0.6531
   2013.63087900      0.5995
   2013.63090753      0.5509
   2013.63093607      0.5068
   2013.63096461      0.4670
   2013.63099315      0.4309
   2013.63102169      0.3981
   2013.63105023      0.3681
   2013.63107877      0.3407
   2013.63110731      0.3155
   2013.63113584      0.2925
   2013.63116438      0.2715
   2013.63119292      0.2521
   2013.63122146      0.2342
   2013.63125000      0.2175
   2013.63127854      0.2022
   2013.63130708      0.1881
   2013.63133562      0.1751
   2013.63136416      0.1631
   2013.63139269      0.1521
   2013.63142123      0.1419
   2013.63144977      0.1325
   2013.63147831      0.1238
   2013.63150685      0.1157
   2013.63153539      0.1082
   2013.63156393      0.1013
