   2013.62465753      0.0000
   2013.62468607      0.0000
   2013.62471461      0.0000
   2013.62474315      0.0000
   2013.62477169      0.0000
   2013.62480023      0.0000
   2013.62482877      0.0000
   2013.62485731      0.0000
   2013.62488584      0.0000
   2013.62491438      0.0000
   2013.62494292      0.0000
   2013.62497146      0.0000
   2013.62500000      0.0000
   2013.62502854      0.0000
   2013.62505708      0.0000
   2013.62508562      0.0000
   2013.62511416      0.0000
   2013.62514269      0.0000
   2013.62517123      0.0000
   2013.62519977      0.0000
   2013.62522831      0.0000
   2013.62525685      0.0000
   2013.62528539      0.0000
   2013.62531393      0.0000
   2013.62534247      0.0000
   2013.62537100      0.0000
   2013.62539954      0.0000
   2013.62542808      0.0000
   2013.62545662      0.0000
   2013.62548516      0.0000
   2013.62551370      0.0000
   2013.62554224      0.0000
   2013.62557078      0.0000
   2013.62559932      0.0000
   2013.62562785      0.0000
   2013.62565639      0.0000
   2013.62568493      0.0000
   2013.62571347      0.0000
   2013.62574201      0.0000
   2013.62577055      0.0000
   2013.62579909      0.0000
   2013.62582763      0.0000
   2013.62585616      0.0000
   2013.62588470      0.0000
   2013.62591324      0.0000
   2013.62594178      0.0000
   2013.62597032      0.0000
   2013.62599886      0.0000
   2013.62602740      0.0000
   2013.62605594      0.0000
   2013.62608447      0.0000
   2013.62611301      0.0000
   2013.62614155      0.0000
   2013.62617009      0.0000
   2013.62619863      0.0000
   2013.62622717      0.0000
   2013.62625571      0.0000
   2013.62628425      0.0000
   2013.62631279      0.0000
   2013.62634132      0.0000
   2013.62636986      0.0000
   2013.62639840      0.0000
   2013.62642694      0.0000
   2013.62645548      0.0000
   2013.62648402      0.0000
   2013.62651256      0.0000
   2013.62654110      0.0000
   2013.62656963      0.0000
   2013.62659817      0.0000
   2013.62662671      0.0000
   2013.62665525      0.0000
   2013.62668379      0.0000
   2013.62671233      0.0000
   2013.62674087      0.0000
   2013.62676941      0.0000
   2013.62679795      0.0000
   2013.62682648      0.0000
   2013.62685502      0.0000
   2013.62688356      0.0000
   2013.62691210      0.0000
   2013.62694064      0.0000
   2013.62696918      0.0000
   2013.62699772      0.0000
   2013.62702626      0.0000
   2013.62705479      0.0000
   2013.62708333      0.0000
   2013.62711187      0.0000
   2013.62714041      0.0000
   2013.62716895      0.0000
   2013.62719749      1.7718
   2013.62722603      9.5270
   2013.62725457     20.9909
   2013.62728311     45.6953
   2013.62731164     48.4779
   2013.62734018     39.7369
   2013.62736872     30.1820
   2013.62739726     22.4821
   2013.62742580     17.6121
   2013.62745434     14.5433
   2013.62748288     12.1696
   2013.62751142     10.4191
   2013.62753995      8.9239
   2013.62756849      7.9434
   2013.62759703      7.0355
   2013.62762557      6.2528
   2013.62765411      5.7089
   2013.62768265      5.3428
   2013.62771119      4.9256
   2013.62773973      4.6409
   2013.62776826      4.3858
   2013.62779680      4.2080
   2013.62782534      3.9801
   2013.62785388      3.8890
   2013.62788242      3.7702
   2013.62791096      3.6659
   2013.62793950      3.5778
   2013.62796804      3.5247
   2013.62799658      3.4557
   2013.62802511      3.3904
   2013.62805365      3.3298
   2013.62808219      3.3488
   2013.62811073      3.2921
   2013.62813927      3.2544
   2013.62816781      3.3755
   2013.62819635      3.0101
   2013.62822489      3.1182
   2013.62825342      3.0380
   2013.62828196      2.9515
   2013.62831050      2.9233
   2013.62833904      2.8565
   2013.62836758      2.7519
   2013.62839612      2.6594
   2013.62842466      2.5877
   2013.62845320      2.5504
   2013.62848174      2.4639
   2013.62851027      2.3703
   2013.62853881      2.3021
   2013.62856735      2.2635
   2013.62859589      2.1797
   2013.62862443      2.0879
   2013.62865297      2.0913
   2013.62868151      2.0512
   2013.62871005      1.9982
   2013.62873858      1.9387
   2013.62876712      1.9879
   2013.62879566      2.0041
   2013.62882420      2.0072
   2013.62885274      2.0016
   2013.62888128      2.1203
   2013.62890982      2.2068
   2013.62893836      2.2410
   2013.62896689      2.3301
   2013.62899543      2.5317
   2013.62902397      2.6828
   2013.62905251      2.7512
   2013.62908105      2.8675
   2013.62910959      3.1357
   2013.62913813      3.2982
   2013.62916667      3.3653
   2013.62919521      3.5428
   2013.62922374      3.7855
   2013.62925228      3.9283
   2013.62928082      3.9604
   2013.62930936      4.1325
   2013.62933790      4.0575
   2013.62936644      4.4675
   2013.62939498      4.4567
   2013.62942352      4.6175
   2013.62945205      4.7659
   2013.62948059      4.8503
   2013.62950913      4.7920
   2013.62953767      4.9116
   2013.62956621      4.9972
   2013.62959475      5.0518
   2013.62962329      4.9417
   2013.62965183      5.0137
   2013.62968037      4.7913
   2013.62970890      5.0697
   2013.62973744      4.9167
   2013.62976598      4.9318
   2013.62979452      4.9339
   2013.62982306      4.9118
   2013.62985160      4.7306
   2013.62988014      4.6980
   2013.62990868      4.4809
   2013.62993721      4.4955
   2013.62996575      4.4916
   2013.62999429      4.3608
   2013.63002283      4.1322
   2013.63005137      4.1514
   2013.63007991      4.0894
   2013.63010845      3.8957
   2013.63013699      3.7519
   2013.63016553      3.7464
   2013.63019406      3.6301
   2013.63022260      3.6754
   2013.63025114      3.5621
   2013.63027968      3.2235
   2013.63030822      3.0889
   2013.63033676      2.9250
   2013.63036530      2.6986
   2013.63039384      2.5354
   2013.63042237      2.3742
   2013.63045091      2.2120
   2013.63047945      2.0700
   2013.63050799      1.8928
   2013.63053653      1.7533
   2013.63056507      1.6236
   2013.63059361      1.5019
   2013.63062215      1.3859
   2013.63065068      1.2765
   2013.63067922      1.1712
   2013.63070776      1.0806
   2013.63073630      0.9924
   2013.63076484      0.9151
   2013.63079338      0.8410
   2013.63082192      0.7701
   2013.63085046      0.7041
   2013.63087900      0.6445
   2013.63090753      0.5909
   2013.63093607      0.5423
   2013.63096461      0.4983
   2013.63099315      0.4587
   2013.63102169      0.4228
   2013.63105023      0.3902
   2013.63107877      0.3604
   2013.63110731      0.3332
   2013.63113584      0.3084
   2013.63116438      0.2857
   2013.63119292      0.2649
   2013.63122146      0.2458
   2013.63125000      0.2281
   2013.63127854      0.2117
   2013.63130708      0.1967
   2013.63133562      0.1828
   2013.63136416      0.1701
   2013.63139269      0.1584
   2013.63142123      0.1476
   2013.63144977      0.1376
   2013.63147831      0.1285
   2013.63150685      0.1200
   2013.63153539      0.1121
   2013.63156393      0.1048
