   2013.62465753      0.0000
   2013.62468607      0.0000
   2013.62471461      0.0000
   2013.62474315      0.0000
   2013.62477169      0.0000
   2013.62480023      0.0000
   2013.62482877      0.0000
   2013.62485731      0.0000
   2013.62488584      0.0000
   2013.62491438      0.0000
   2013.62494292      0.0000
   2013.62497146      0.0000
   2013.62500000      0.0000
   2013.62502854      0.0000
   2013.62505708      0.0000
   2013.62508562      0.0000
   2013.62511416      0.0000
   2013.62514269      0.0000
   2013.62517123      0.0000
   2013.62519977      0.0000
   2013.62522831      0.0000
   2013.62525685      0.0161
   2013.62528539      0.1391
   2013.62531393      0.4355
   2013.62534247      1.3054
   2013.62537100      3.2338
   2013.62539954      5.7785
   2013.62542808      9.4031
   2013.62545662     14.0090
   2013.62548516     15.9127
   2013.62551370     15.0511
   2013.62554224     12.9800
   2013.62557078     10.9282
   2013.62559932      9.1901
   2013.62562785      8.0127
   2013.62565639      7.2749
   2013.62568493      5.7584
   2013.62571347      4.9930
   2013.62574201      4.2902
   2013.62577055      3.7857
   2013.62579909      3.2349
   2013.62582763      2.8374
   2013.62585616      2.5041
   2013.62588470      2.2679
   2013.62591324      1.9983
   2013.62594178      1.8095
   2013.62597032      1.6441
   2013.62599886      1.4961
   2013.62602740      1.3642
   2013.62605594      1.2504
   2013.62608447      1.1557
   2013.62611301      1.0788
   2013.62614155      1.0523
   2013.62617009      0.9756
   2013.62619863      0.8933
   2013.62622717      0.8830
   2013.62625571      0.8489
   2013.62628425      0.8151
   2013.62631279      0.7858
   2013.62634132      0.7608
   2013.62636986      0.7402
   2013.62639840      0.7235
   2013.62642694      0.7084
   2013.62645548      0.6929
   2013.62648402      0.6762
   2013.62651256      0.6584
   2013.62654110      0.6402
   2013.62656963      0.6221
   2013.62659817      0.6042
   2013.62662671      0.5862
   2013.62665525      0.5677
   2013.62668379      0.5485
   2013.62671233      0.5285
   2013.62674087      0.5081
   2013.62676941      0.4874
   2013.62679795      0.4667
   2013.62682648      0.4461
   2013.62685502      0.4258
   2013.62688356      0.4058
   2013.62691210      0.3861
   2013.62694064      0.3667
   2013.62696918      0.3478
   2013.62699772      0.3295
   2013.62702626      0.3118
   2013.62705479      0.2949
   2013.62708333      0.2787
   2013.62711187      0.2633
   2013.62714041      0.2487
   2013.62716895      0.2347
   2013.62719749      0.2214
   2013.62722603      0.2086
   2013.62725457      0.1965
   2013.62728311      0.1851
   2013.62731164      0.1743
   2013.62734018      0.1641
   2013.62736872      0.1545
   2013.62739726      0.1454
   2013.62742580      0.1369
   2013.62745434      0.1288
   2013.62748288      0.1212
   2013.62751142      0.1140
   2013.62753995      0.1072
   2013.62756849      0.1009
