   2013.62465753      0.0000
   2013.62468607      0.0000
   2013.62471461      0.0000
   2013.62474315      0.0000
   2013.62477169      0.0000
   2013.62480023      0.0000
   2013.62482877      0.0000
   2013.62485731      0.0000
   2013.62488584      0.0000
   2013.62491438      0.0000
   2013.62494292      0.0000
   2013.62497146      0.0000
   2013.62500000      0.0000
   2013.62502854      0.0000
   2013.62505708      0.0000
   2013.62508562      0.0000
   2013.62511416      0.0000
   2013.62514269      0.0000
   2013.62517123      0.0000
   2013.62519977      0.0000
   2013.62522831      0.0000
   2013.62525685      0.0000
   2013.62528539      0.0000
   2013.62531393      0.0000
   2013.62534247      0.0000
   2013.62537100      0.0000
   2013.62539954      0.0000
   2013.62542808      0.0000
   2013.62545662      0.0000
   2013.62548516      0.0000
   2013.62551370      0.0000
   2013.62554224      0.0000
   2013.62557078      0.0000
   2013.62559932      0.0000
   2013.62562785      0.0000
   2013.62565639      0.0000
   2013.62568493      0.0000
   2013.62571347      0.1723
   2013.62574201      0.3467
   2013.62577055      0.9879
   2013.62579909      2.2549
   2013.62582763      3.7478
   2013.62585616      6.2889
   2013.62588470     10.2314
   2013.62591324     12.7817
   2013.62594178     12.9944
   2013.62597032     12.0759
   2013.62599886     11.1408
   2013.62602740     10.0414
   2013.62605594      9.2386
   2013.62608447      8.5752
   2013.62611301      8.1558
   2013.62614155      7.7117
   2013.62617009      7.5396
   2013.62619863      7.3803
   2013.62622717      7.4544
   2013.62625571      7.4646
   2013.62628425      7.6138
   2013.62631279      7.7619
   2013.62634132      7.8319
   2013.62636986      8.1223
   2013.62639840      8.9197
   2013.62642694      9.1902
   2013.62645548      9.3824
   2013.62648402      9.2639
   2013.62651256      9.9248
   2013.62654110     10.3640
   2013.62656963     10.2141
   2013.62659817      9.7776
   2013.62662671     10.1850
   2013.62665525      9.8934
   2013.62668379      9.4526
   2013.62671233      8.5959
   2013.62674087      8.5899
   2013.62676941      8.2103
   2013.62679795      8.0613
   2013.62682648      7.5681
   2013.62685502      7.7032
   2013.62688356      7.6267
   2013.62691210      7.5511
   2013.62694064      7.1630
   2013.62696918      7.4119
   2013.62699772      7.3768
   2013.62702626      7.2054
   2013.62705479      7.0995
   2013.62708333      7.2339
   2013.62711187      7.1097
   2013.62714041      6.9260
   2013.62716895      6.3728
   2013.62719749      6.8528
   2013.62722603      7.0921
   2013.62725457      6.9403
   2013.62728311      6.2260
   2013.62731164      6.0455
   2013.62734018      5.7848
   2013.62736872      5.7406
   2013.62739726      6.0785
   2013.62742580      6.0057
   2013.62745434      5.7557
   2013.62748288      5.3683
   2013.62751142      4.9477
   2013.62753995      4.5947
   2013.62756849      4.3797
   2013.62759703      4.4804
   2013.62762557      4.1508
   2013.62765411      4.0061
   2013.62768265      3.9565
   2013.62771119      3.6997
   2013.62773973      3.2707
   2013.62776826      3.0630
   2013.62779680      2.8743
   2013.62782534      2.6476
   2013.62785388      2.5041
   2013.62788242      2.3647
   2013.62791096      2.2201
   2013.62793950      2.0595
   2013.62796804      1.9001
   2013.62799658      1.7602
   2013.62802511      1.6333
   2013.62805365      1.5189
   2013.62808219      1.4151
   2013.62811073      1.3205
   2013.62813927      1.2337
   2013.62816781      1.2012
   2013.62819635      1.0747
   2013.62822489      1.0036
   2013.62825342      0.9343
   2013.62828196      0.8707
   2013.62831050      0.8087
   2013.62833904      0.7489
   2013.62836758      0.6931
   2013.62839612      0.6421
   2013.62842466      0.5957
   2013.62845320      0.5528
   2013.62848174      0.5134
   2013.62851027      0.4773
   2013.62853881      0.4441
   2013.62856735      0.4134
   2013.62859589      0.3849
   2013.62862443      0.3585
   2013.62865297      0.3338
   2013.62868151      0.3109
   2013.62871005      0.2897
   2013.62873858      0.2699
   2013.62876712      0.2517
   2013.62879566      0.2346
   2013.62882420      0.2185
   2013.62885274      0.2036
   2013.62888128      0.1898
   2013.62890982      0.1770
   2013.62893836      0.1651
   2013.62896689      0.1541
   2013.62899543      0.1439
   2013.62902397      0.1345
   2013.62905251      0.1257
   2013.62908105      0.1175
   2013.62910959      0.1099
   2013.62913813      0.1029
