   2013.62465753      0.0000
   2013.62468607      0.0000
   2013.62471461      0.0000
   2013.62474315      0.0000
   2013.62477169      0.0000
   2013.62480023      0.0000
   2013.62482877      0.0000
   2013.62485731      0.0000
   2013.62488584      0.0000
   2013.62491438      0.0000
   2013.62494292      0.0000
   2013.62497146      0.0000
   2013.62500000      0.0000
   2013.62502854      0.0000
   2013.62505708      0.0000
   2013.62508562      0.0000
   2013.62511416      0.0000
   2013.62514269      0.0000
   2013.62517123      0.0000
   2013.62519977      0.0000
   2013.62522831      0.0000
   2013.62525685      0.0000
   2013.62528539      0.0000
   2013.62531393      0.0000
   2013.62534247      0.0000
   2013.62537100      0.0000
   2013.62539954      0.0000
   2013.62542808      0.0000
   2013.62545662      0.0000
   2013.62548516      0.0000
   2013.62551370      0.0000
   2013.62554224      0.0000
   2013.62557078      0.0000
   2013.62559932      0.0000
   2013.62562785      0.0000
   2013.62565639      0.0000
   2013.62568493      0.0000
   2013.62571347      0.0000
   2013.62574201      0.0000
   2013.62577055      0.0000
   2013.62579909      0.0000
   2013.62582763      0.0000
   2013.62585616      0.0000
   2013.62588470      0.0000
   2013.62591324      0.0000
   2013.62594178      0.0000
   2013.62597032      0.0000
   2013.62599886      0.0000
   2013.62602740      0.0000
   2013.62605594      0.0000
   2013.62608447      0.0000
   2013.62611301      0.0000
   2013.62614155      0.0000
   2013.62617009      0.0000
   2013.62619863      0.0000
   2013.62622717      0.0000
   2013.62625571      0.0000
   2013.62628425      0.0000
   2013.62631279      0.0000
   2013.62634132      0.0000
   2013.62636986      0.0000
   2013.62639840      0.0000
   2013.62642694      0.0000
   2013.62645548      0.0000
   2013.62648402      0.0000
   2013.62651256      0.0000
   2013.62654110      0.0000
   2013.62656963      0.0000
   2013.62659817      0.0000
   2013.62662671      0.0000
   2013.62665525      0.0000
   2013.62668379      0.0000
   2013.62671233      0.0000
   2013.62674087      0.0000
   2013.62676941      0.0000
   2013.62679795      0.0000
   2013.62682648      0.0000
   2013.62685502      0.0000
   2013.62688356      0.0000
   2013.62691210      0.0000
   2013.62694064      0.0000
   2013.62696918      0.0000
   2013.62699772      0.0000
   2013.62702626      0.0000
   2013.62705479      0.0000
   2013.62708333      0.5046
   2013.62711187      2.0033
   2013.62714041      5.6189
   2013.62716895     10.3592
   2013.62719749     20.5477
   2013.62722603     27.4442
   2013.62725457     24.9767
   2013.62728311     21.3259
   2013.62731164     17.7899
   2013.62734018     15.1153
   2013.62736872     13.1251
   2013.62739726     11.7361
   2013.62742580     10.6141
   2013.62745434      9.7802
   2013.62748288      9.1416
   2013.62751142      8.7414
   2013.62753995      8.3988
   2013.62756849      8.0875
   2013.62759703      7.9090
   2013.62762557      7.7715
   2013.62765411      7.4175
   2013.62768265      7.2037
   2013.62771119      6.7695
   2013.62773973      6.4270
   2013.62776826      6.1580
   2013.62779680      5.6411
   2013.62782534      5.5971
   2013.62785388      4.8063
   2013.62788242      4.3956
   2013.62791096      4.2524
   2013.62793950      3.6651
   2013.62796804      3.3314
   2013.62799658      3.0315
   2013.62802511      2.7662
   2013.62805365      2.5033
   2013.62808219      2.2378
   2013.62811073      2.1072
   2013.62813927      1.9426
   2013.62816781      1.7481
   2013.62819635      1.5819
   2013.62822489      1.5873
   2013.62825342      1.4195
   2013.62828196      1.3123
   2013.62831050      1.2294
   2013.62833904      1.1440
   2013.62836758      1.1039
   2013.62839612      1.0374
   2013.62842466      0.9797
   2013.62845320      0.9548
   2013.62848174      0.9096
   2013.62851027      0.8688
   2013.62853881      0.8493
   2013.62856735      0.8701
   2013.62859589      0.8099
   2013.62862443      0.7890
   2013.62865297      0.8043
   2013.62868151      0.8293
   2013.62871005      0.7950
   2013.62873858      0.7909
   2013.62876712      0.8257
   2013.62879566      0.8356
   2013.62882420      0.8568
   2013.62885274      0.8747
   2013.62888128      0.9315
   2013.62890982      0.9617
   2013.62893836      1.0039
   2013.62896689      1.0431
   2013.62899543      1.1304
   2013.62902397      1.1978
   2013.62905251      1.2695
   2013.62908105      1.3279
   2013.62910959      1.4458
   2013.62913813      1.5421
   2013.62916667      1.6208
   2013.62919521      1.6778
   2013.62922374      1.8080
   2013.62925228      1.9061
   2013.62928082      1.9679
   2013.62930936      2.0111
   2013.62933790      2.1513
   2013.62936644      2.3151
   2013.62939498      2.3339
   2013.62942352      2.3215
   2013.62945205      2.3447
   2013.62948059      2.3889
   2013.62950913      2.5199
   2013.62953767      2.5986
   2013.62956621      2.6028
   2013.62959475      2.5630
   2013.62962329      2.5089
   2013.62965183      2.5083
   2013.62968037      2.5765
   2013.62970890      2.5780
   2013.62973744      2.5416
   2013.62976598      2.4714
   2013.62979452      2.4960
   2013.62982306      2.5410
   2013.62985160      2.5131
   2013.62988014      2.4356
   2013.62990868      2.3536
   2013.62993721      2.2966
   2013.62996575      2.2249
   2013.62999429      2.2510
   2013.63002283      2.1993
   2013.63005137      2.0820
   2013.63007991      2.0104
   2013.63010845      1.9389
   2013.63013699      1.8765
   2013.63016553      1.8164
   2013.63019406      1.7539
   2013.63022260      1.6925
   2013.63025114      1.6385
   2013.63027968      1.5937
   2013.63030822      1.5484
   2013.63033676      1.4945
   2013.63036530      1.4360
   2013.63039384      1.3801
   2013.63042237      1.3253
   2013.63045091      1.2726
   2013.63047945      1.2205
   2013.63050799      1.1684
   2013.63053653      1.1157
   2013.63056507      1.0846
   2013.63059361      1.0146
   2013.63062215      0.9402
   2013.63065068      0.8997
   2013.63067922      0.8451
   2013.63070776      0.7889
   2013.63073630      0.7334
   2013.63076484      0.6799
   2013.63079338      0.6300
   2013.63082192      0.5838
   2013.63085046      0.5410
   2013.63087900      0.5017
   2013.63090753      0.4655
   2013.63093607      0.4322
   2013.63096461      0.4014
   2013.63099315      0.3728
   2013.63102169      0.3463
   2013.63105023      0.3217
   2013.63107877      0.2990
   2013.63110731      0.2780
   2013.63113584      0.2586
   2013.63116438      0.2406
   2013.63119292      0.2238
   2013.63122146      0.2082
   2013.63125000      0.1938
   2013.63127854      0.1805
   2013.63130708      0.1682
   2013.63133562      0.1568
   2013.63136416      0.1463
   2013.63139269      0.1365
   2013.63142123      0.1275
   2013.63144977      0.1191
   2013.63147831      0.1114
   2013.63150685      0.1042
