   2013.62465753      0.0000
   2013.62468607      0.0000
   2013.62471461      0.0004
   2013.62474315      0.0010
   2013.62477169      0.0016
   2013.62480023      0.0021
   2013.62482877      0.0026
   2013.62485731      0.0030
   2013.62488584      0.0038
   2013.62491438      0.0444
   2013.62494292      0.0925
   2013.62497146      0.1718
   2013.62500000      0.4043
   2013.62502854      0.7265
   2013.62505708      1.3477
   2013.62508562      2.2605
   2013.62511416      3.4569
   2013.62514269      5.0442
   2013.62517123      6.7348
   2013.62519977      7.9398
   2013.62522831      8.5750
   2013.62525685      8.5310
   2013.62528539      8.1284
   2013.62531393      7.5840
   2013.62534247      6.9842
   2013.62537100      6.5501
   2013.62539954      6.0694
   2013.62542808      5.6475
   2013.62545662      5.2061
   2013.62548516      5.1744
   2013.62551370      4.9412
   2013.62554224      4.7745
   2013.62557078      4.6071
   2013.62559932      4.7105
   2013.62562785      4.6614
   2013.62565639      4.6260
   2013.62568493      4.5868
   2013.62571347      4.8082
   2013.62574201      4.8245
   2013.62577055      4.8647
   2013.62579909      4.9118
   2013.62582763      5.2002
   2013.62585616      5.2707
   2013.62588470      5.3532
   2013.62591324      5.4811
   2013.62594178      5.7587
   2013.62597032      5.9052
   2013.62599886      6.0048
   2013.62602740      6.1335
   2013.62605594      6.4890
   2013.62608447      6.6995
   2013.62611301      6.7763
   2013.62614155      7.0721
   2013.62617009      7.3277
   2013.62619863      7.5467
   2013.62622717      7.6511
   2013.62625571      7.9426
   2013.62628425      8.2818
   2013.62631279      8.4693
   2013.62634132      8.6332
   2013.62636986      8.8484
   2013.62639840      9.1253
   2013.62642694      9.3746
   2013.62645548      9.5066
   2013.62648402      9.5493
   2013.62651256      9.8904
   2013.62654110     10.1068
   2013.62656963     10.1313
   2013.62659817     10.1641
   2013.62662671     10.4479
   2013.62665525     10.6255
   2013.62668379     10.5863
   2013.62671233     10.5277
   2013.62674087     10.7673
   2013.62676941     10.9366
   2013.62679795     10.8258
   2013.62682648     10.6684
   2013.62685502     10.8995
   2013.62688356     10.9614
   2013.62691210     10.7534
   2013.62694064     10.5379
   2013.62696918     10.7269
   2013.62699772     10.6751
   2013.62702626     10.5191
   2013.62705479     10.1679
   2013.62708333     10.3121
   2013.62711187     10.2328
   2013.62714041      9.9868
   2013.62716895      9.6567
   2013.62719749      9.7484
   2013.62722603      9.6649
   2013.62725457      9.3288
   2013.62728311      9.0700
   2013.62731164      9.0365
   2013.62734018      8.8030
   2013.62736872      8.6684
   2013.62739726      8.3565
   2013.62742580      8.2926
   2013.62745434      8.0807
   2013.62748288      7.8469
   2013.62751142      7.6149
   2013.62753995      7.5531
   2013.62756849      7.3299
   2013.62759703      7.1372
   2013.62762557      6.8471
   2013.62765411      6.8508
   2013.62768265      6.6662
   2013.62771119      6.5123
   2013.62773973      6.2174
   2013.62776826      6.2278
   2013.62779680      6.0809
   2013.62782534      6.0884
   2013.62785388      5.7420
   2013.62788242      5.6790
   2013.62791096      5.5771
   2013.62793950      5.4044
   2013.62796804      5.4468
   2013.62799658      5.3151
   2013.62802511      5.1889
   2013.62805365      5.0907
   2013.62808219      4.7548
   2013.62811073      5.0390
   2013.62813927      5.1758
   2013.62816781      5.2518
   2013.62819635      4.8261
   2013.62822489      4.7367
   2013.62825342      4.3716
   2013.62828196      4.2339
   2013.62831050      4.3142
   2013.62833904      4.5917
   2013.62836758      4.7198
   2013.62839612      4.6731
   2013.62842466      4.5018
   2013.62845320      4.2195
   2013.62848174      3.9045
   2013.62851027      3.5993
   2013.62853881      3.4844
   2013.62856735      3.4715
   2013.62859589      3.4922
   2013.62862443      3.3409
   2013.62865297      3.2875
   2013.62868151      3.0614
   2013.62871005      2.8722
   2013.62873858      2.6352
   2013.62876712      2.4393
   2013.62879566      2.2757
   2013.62882420      2.1625
   2013.62885274      2.0172
   2013.62888128      1.8969
   2013.62890982      1.7760
   2013.62893836      1.6920
   2013.62896689      1.5664
   2013.62899543      1.4320
   2013.62902397      1.3046
   2013.62905251      1.1847
   2013.62908105      1.0806
   2013.62910959      0.9848
   2013.62913813      0.8990
   2013.62916667      0.8187
   2013.62919521      0.7435
   2013.62922374      0.6752
   2013.62925228      0.6149
   2013.62928082      0.5609
   2013.62930936      0.5125
   2013.62933790      0.4693
   2013.62936644      0.4307
   2013.62939498      0.3961
   2013.62942352      0.3647
   2013.62945205      0.3364
   2013.62948059      0.3107
   2013.62950913      0.2874
   2013.62953767      0.2662
   2013.62956621      0.2468
   2013.62959475      0.2289
   2013.62962329      0.2124
   2013.62965183      0.1973
   2013.62968037      0.1835
   2013.62970890      0.1708
   2013.62973744      0.1591
   2013.62976598      0.1483
   2013.62979452      0.1384
   2013.62982306      0.1292
   2013.62985160      0.1207
   2013.62988014      0.1129
   2013.62990868      0.1056
