   2013.62465753      0.0000
   2013.62468607      0.0000
   2013.62471461      0.0000
   2013.62474315      0.0000
   2013.62477169      0.0000
   2013.62480023      0.0000
   2013.62482877      0.0000
   2013.62485731      0.0000
   2013.62488584      0.0000
   2013.62491438      0.0000
   2013.62494292      0.0000
   2013.62497146      0.0000
   2013.62500000      0.0000
   2013.62502854      0.0000
   2013.62505708      0.0000
   2013.62508562      0.0000
   2013.62511416      0.0000
   2013.62514269      0.0000
   2013.62517123      0.0000
   2013.62519977      0.0000
   2013.62522831      0.0000
   2013.62525685      0.0000
   2013.62528539      0.0000
   2013.62531393      0.0000
   2013.62534247      0.0000
   2013.62537100      0.0000
   2013.62539954      0.0000
   2013.62542808      0.0000
   2013.62545662      0.0000
   2013.62548516      0.0000
   2013.62551370      0.0001
   2013.62554224      0.0005
   2013.62557078      0.0010
   2013.62559932      0.0014
   2013.62562785      0.0017
   2013.62565639      0.0020
   2013.62568493      0.0023
   2013.62571347      0.0026
   2013.62574201      0.0115
   2013.62577055      0.0471
   2013.62579909      0.0789
   2013.62582763      0.1291
   2013.62585616      0.2128
   2013.62588470      0.3358
   2013.62591324      0.5230
   2013.62594178      0.7940
   2013.62597032      1.2344
   2013.62599886      2.0362
   2013.62602740      3.1445
   2013.62605594      4.1280
   2013.62608447      4.7002
   2013.62611301      5.0125
   2013.62614155      5.1992
   2013.62617009      5.3205
   2013.62619863      5.4046
   2013.62622717      5.4674
   2013.62625571      5.5169
   2013.62628425      5.5571
   2013.62631279      5.5908
   2013.62634132      5.6189
   2013.62636986      5.6436
   2013.62639840      5.6655
   2013.62642694      5.6845
   2013.62645548      5.6302
   2013.62648402      5.6097
   2013.62651256      5.4146
   2013.62654110      5.1835
   2013.62656963      4.7672
   2013.62659817      4.4804
   2013.62662671      4.2196
   2013.62665525      4.1809
   2013.62668379      3.5942
   2013.62671233      3.3707
   2013.62674087      3.0408
   2013.62676941      2.7699
   2013.62679795      2.6274
   2013.62682648      2.3198
   2013.62685502      2.0868
   2013.62688356      1.8072
   2013.62691210      1.6333
   2013.62694064      1.4699
   2013.62696918      1.3870
   2013.62699772      1.1900
   2013.62702626      1.0765
   2013.62705479      0.9755
   2013.62708333      0.8860
   2013.62711187      0.8029
   2013.62714041      0.7263
   2013.62716895      0.6577
   2013.62719749      0.5973
   2013.62722603      0.5433
   2013.62725457      0.4952
   2013.62728311      0.4523
   2013.62731164      0.4139
   2013.62734018      0.3794
   2013.62736872      0.3483
   2013.62739726      0.3202
   2013.62742580      0.2948
   2013.62745434      0.2718
   2013.62748288      0.2508
   2013.62751142      0.2316
   2013.62753995      0.2139
   2013.62756849      0.1978
   2013.62759703      0.1830
   2013.62762557      0.1695
   2013.62765411      0.1572
   2013.62768265      0.1459
   2013.62771119      0.1356
   2013.62773973      0.1260
   2013.62776826      0.1173
   2013.62779680      0.1092
   2013.62782534      0.1017
