   2013.62465753      0.0000
   2013.62468607      0.0000
   2013.62471461      0.0000
   2013.62474315      0.0000
   2013.62477169      0.0000
   2013.62480023      0.0000
   2013.62482877      0.0000
   2013.62485731      0.0000
   2013.62488584      0.0000
   2013.62491438      0.0000
   2013.62494292      0.0000
   2013.62497146      0.0000
   2013.62500000      0.0000
   2013.62502854      0.0000
   2013.62505708      0.0000
   2013.62508562      0.0000
   2013.62511416      0.0000
   2013.62514269      0.0000
   2013.62517123      0.0000
   2013.62519977      0.0000
   2013.62522831      0.0000
   2013.62525685      0.0000
   2013.62528539      0.0000
   2013.62531393      0.0000
   2013.62534247      0.0000
   2013.62537100      0.0000
   2013.62539954      0.0000
   2013.62542808      0.0000
   2013.62545662      0.0000
   2013.62548516      0.0000
   2013.62551370      0.0000
   2013.62554224      0.0000
   2013.62557078      0.0000
   2013.62559932      0.0000
   2013.62562785      0.0000
   2013.62565639      0.0000
   2013.62568493      0.0000
   2013.62571347      0.0000
   2013.62574201      0.0000
   2013.62577055      0.0000
   2013.62579909      0.0000
   2013.62582763      0.0000
   2013.62585616      0.0000
   2013.62588470      0.0000
   2013.62591324      0.0000
   2013.62594178      0.0000
   2013.62597032      0.0000
   2013.62599886      0.0000
   2013.62602740      0.0000
   2013.62605594      0.0000
   2013.62608447      0.0000
   2013.62611301      0.0000
   2013.62614155      0.0000
   2013.62617009      0.0000
   2013.62619863      0.0000
   2013.62622717      0.0000
   2013.62625571      0.0000
   2013.62628425      0.0000
   2013.62631279      0.0000
   2013.62634132      0.0000
   2013.62636986      0.0000
   2013.62639840      0.0000
   2013.62642694      0.0000
   2013.62645548      0.0000
   2013.62648402      0.0000
   2013.62651256      0.0000
   2013.62654110      0.0000
   2013.62656963      0.0000
   2013.62659817      0.0000
   2013.62662671      0.0000
   2013.62665525      0.0000
   2013.62668379      0.0000
   2013.62671233      0.0000
   2013.62674087      0.0000
   2013.62676941      0.0000
   2013.62679795      0.0000
   2013.62682648      0.0000
   2013.62685502      0.1667
   2013.62688356      0.3453
   2013.62691210      0.9917
   2013.62694064      2.3537
   2013.62696918      4.0469
   2013.62699772      7.0183
   2013.62702626     11.4627
   2013.62705479     14.2576
   2013.62708333     14.3489
   2013.62711187     13.3719
   2013.62714041     12.1862
   2013.62716895     11.1884
   2013.62719749     10.3176
   2013.62722603      9.6638
   2013.62725457      9.0932
   2013.62728311      8.6366
   2013.62731164      8.1868
   2013.62734018      7.9814
   2013.62736872      7.7185
   2013.62739726      7.5008
   2013.62742580      7.2488
   2013.62745434      6.9025
   2013.62748288      6.8908
   2013.62751142      6.3336
   2013.62753995      6.1290
   2013.62756849      5.7651
   2013.62759703      5.6552
   2013.62762557      5.2644
   2013.62765411      4.5508
   2013.62768265      4.2075
   2013.62771119      4.0563
   2013.62773973      3.5543
   2013.62776826      3.2448
   2013.62779680      2.9609
   2013.62782534      2.6629
   2013.62785388      2.4121
   2013.62788242      2.1174
   2013.62791096      1.9115
   2013.62793950      1.7383
   2013.62796804      1.5882
   2013.62799658      1.4529
   2013.62802511      1.3283
   2013.62805365      1.2083
   2013.62808219      1.1069
   2013.62811073      1.0092
   2013.62813927      0.9215
   2013.62816781      0.8390
   2013.62819635      0.7610
   2013.62822489      0.6893
   2013.62825342      0.6256
   2013.62828196      0.5690
   2013.62831050      0.5184
   2013.62833904      0.4736
   2013.62836758      0.4337
   2013.62839612      0.3981
   2013.62842466      0.3661
   2013.62845320      0.3373
   2013.62848174      0.3113
   2013.62851027      0.2878
   2013.62853881      0.2664
   2013.62856735      0.2469
   2013.62859589      0.2289
   2013.62862443      0.2123
   2013.62865297      0.1971
   2013.62868151      0.1830
   2013.62871005      0.1702
   2013.62873858      0.1583
   2013.62876712      0.1474
   2013.62879566      0.1374
   2013.62882420      0.1281
   2013.62885274      0.1194
   2013.62888128      0.1114
   2013.62890982      0.1040
