   2013.62465753      0.0000
   2013.62468607      0.0000
   2013.62471461      0.0000
   2013.62474315      0.0000
   2013.62477169      0.0000
   2013.62480023      0.0000
   2013.62482877      0.0000
   2013.62485731      0.0000
   2013.62488584      0.0000
   2013.62491438      0.0000
   2013.62494292      0.0000
   2013.62497146      0.0000
   2013.62500000      0.0000
   2013.62502854      0.0000
   2013.62505708      0.0000
   2013.62508562      0.0000
   2013.62511416      0.0000
   2013.62514269      0.0000
   2013.62517123      0.0000
   2013.62519977      0.0000
   2013.62522831      0.0000
   2013.62525685      0.0000
   2013.62528539      0.0000
   2013.62531393      0.0000
   2013.62534247      0.0000
   2013.62537100      0.0000
   2013.62539954      0.0000
   2013.62542808      0.0000
   2013.62545662      0.0000
   2013.62548516      0.0000
   2013.62551370      0.0000
   2013.62554224      0.0000
   2013.62557078      0.0000
   2013.62559932      0.0000
   2013.62562785      0.0000
   2013.62565639      0.0000
   2013.62568493      0.0000
   2013.62571347      0.0063
   2013.62574201      0.0098
   2013.62577055      0.0696
   2013.62579909      0.1800
   2013.62582763      0.3652
   2013.62585616      0.8200
   2013.62588470      1.5726
   2013.62591324      2.5698
   2013.62594178      3.9213
   2013.62597032      5.5313
   2013.62599886      7.0011
   2013.62602740      7.5914
   2013.62605594      7.9538
   2013.62608447      7.4299
   2013.62611301      6.9244
   2013.62614155      5.7619
   2013.62617009      5.7011
   2013.62619863      5.5747
   2013.62622717      4.7647
   2013.62625571      4.4437
   2013.62628425      4.2245
   2013.62631279      3.8801
   2013.62634132      3.6885
   2013.62636986      3.5197
   2013.62639840      3.5780
   2013.62642694      3.4371
   2013.62645548      3.4023
   2013.62648402      3.4954
   2013.62651256      3.5544
   2013.62654110      3.6146
   2013.62656963      3.6595
   2013.62659817      3.8359
   2013.62662671      3.9003
   2013.62665525      3.9083
   2013.62668379      4.0454
   2013.62671233      4.0339
   2013.62674087      4.3358
   2013.62676941      4.3194
   2013.62679795      4.4410
   2013.62682648      4.3596
   2013.62685502      4.6064
   2013.62688356      4.5297
   2013.62691210      4.6068
   2013.62694064      4.4548
   2013.62696918      4.6666
   2013.62699772      4.5389
   2013.62702626      4.5371
   2013.62705479      4.3587
   2013.62708333      4.3980
   2013.62711187      4.4050
   2013.62714041      4.2827
   2013.62716895      4.0403
   2013.62719749      4.1200
   2013.62722603      4.0586
   2013.62725457      3.8881
   2013.62728311      3.8016
   2013.62731164      3.7099
   2013.62734018      3.5820
   2013.62736872      3.7029
   2013.62739726      3.1923
   2013.62742580      3.2534
   2013.62745434      3.1421
   2013.62748288      3.0095
   2013.62751142      2.9100
   2013.62753995      2.7945
   2013.62756849      2.6672
   2013.62759703      2.5389
   2013.62762557      2.4451
   2013.62765411      2.3261
   2013.62768265      2.2168
   2013.62771119      2.1024
   2013.62773973      2.0065
   2013.62776826      1.9050
   2013.62779680      1.8096
   2013.62782534      1.7130
   2013.62785388      1.6272
   2013.62788242      1.5380
   2013.62791096      1.4599
   2013.62793950      1.3704
   2013.62796804      1.2965
   2013.62799658      1.1897
   2013.62802511      1.2049
   2013.62805365      1.1055
   2013.62808219      1.0443
   2013.62811073      0.9599
   2013.62813927      0.9282
   2013.62816781      0.8804
   2013.62819635      0.8392
   2013.62822489      0.7958
   2013.62825342      0.7530
   2013.62828196      0.7138
   2013.62831050      0.6876
   2013.62833904      0.6578
   2013.62836758      0.6291
   2013.62839612      0.6034
   2013.62842466      0.5943
   2013.62845320      0.5759
   2013.62848174      0.5570
   2013.62851027      0.5410
   2013.62853881      0.5470
   2013.62856735      0.5402
   2013.62859589      0.5325
   2013.62862443      0.5287
   2013.62865297      0.5546
   2013.62868151      0.5634
   2013.62871005      0.5863
   2013.62873858      0.6024
   2013.62876712      0.6581
   2013.62879566      0.6940
   2013.62882420      0.7315
   2013.62885274      0.7809
   2013.62888128      0.8816
   2013.62890982      0.9621
   2013.62893836      1.0526
   2013.62896689      1.0993
   2013.62899543      1.2655
   2013.62902397      1.4189
   2013.62905251      1.5874
   2013.62908105      1.7252
   2013.62910959      1.9602
   2013.62913813      2.1718
   2013.62916667      2.3624
   2013.62919521      2.4710
   2013.62922374      2.7519
   2013.62925228      3.0044
   2013.62928082      3.2264
   2013.62930936      3.4025
   2013.62933790      3.6857
   2013.62936644      3.8723
   2013.62939498      3.9406
   2013.62942352      4.1348
   2013.62945205      4.1448
   2013.62948059      4.4303
   2013.62950913      4.4159
   2013.62953767      4.5460
   2013.62956621      4.4527
   2013.62959475      4.6988
   2013.62962329      4.6188
   2013.62965183      4.6901
   2013.62968037      4.5282
   2013.62970890      4.7395
   2013.62973744      4.6058
   2013.62976598      4.6131
   2013.62979452      4.4168
   2013.62982306      4.4634
   2013.62985160      4.4577
   2013.62988014      4.3302
   2013.62990868      4.0771
   2013.62993721      4.1650
   2013.62996575      4.0937
   2013.62999429      3.9176
   2013.63002283      3.8308
   2013.63005137      3.7475
   2013.63007991      3.6168
   2013.63010845      3.7364
   2013.63013699      3.2020
   2013.63016553      3.2832
   2013.63019406      3.1703
   2013.63022260      3.0371
   2013.63025114      2.9072
   2013.63027968      2.7717
   2013.63030822      2.6357
   2013.63033676      2.4941
   2013.63036530      2.3537
   2013.63039384      2.2205
   2013.63042237      2.0441
   2013.63045091      1.9279
   2013.63047945      1.8075
   2013.63050799      1.6920
   2013.63053653      1.5883
   2013.63056507      1.4814
   2013.63059361      1.3864
   2013.63062215      1.2973
   2013.63065068      1.2530
   2013.63067922      1.1324
   2013.63070776      1.0505
   2013.63073630      0.9678
   2013.63076484      0.9090
   2013.63079338      0.8464
   2013.63082192      0.7877
   2013.63085046      0.7332
   2013.63087900      0.6829
   2013.63090753      0.6374
   2013.63093607      0.5961
   2013.63096461      0.5583
   2013.63099315      0.5235
   2013.63102169      0.4916
   2013.63105023      0.4622
   2013.63107877      0.4349
   2013.63110731      0.4096
   2013.63113584      0.3860
   2013.63116438      0.3642
   2013.63119292      0.3438
   2013.63122146      0.3250
   2013.63125000      0.3075
   2013.63127854      0.2912
   2013.63130708      0.2761
   2013.63133562      0.2620
   2013.63136416      0.2488
   2013.63139269      0.2364
   2013.63142123      0.2247
   2013.63144977      0.2136
   2013.63147831      0.2033
   2013.63150685      0.1937
   2013.63153539      0.1847
   2013.63156393      0.1762
   2013.63159247      0.1682
   2013.63162100      0.1607
   2013.63164954      0.1536
   2013.63167808      0.1469
   2013.63170662      0.1406
   2013.63173516      0.1347
   2013.63176370      0.1291
   2013.63179224      0.1238
   2013.63182078      0.1188
   2013.63184932      0.1141
   2013.63187785      0.1096
   2013.63190639      0.1054
   2013.63193493      0.1014
