   2013.62465753      0.0000
   2013.62468607      0.0000
   2013.62471461      0.0000
   2013.62474315      0.0000
   2013.62477169      0.0000
   2013.62480023      0.0000
   2013.62482877      0.0000
   2013.62485731      0.0000
   2013.62488584      0.0000
   2013.62491438      0.0000
   2013.62494292      0.0000
   2013.62497146      0.0000
   2013.62500000      0.0000
   2013.62502854      0.0000
   2013.62505708      0.0000
   2013.62508562      0.0000
   2013.62511416      0.0000
   2013.62514269      0.0000
   2013.62517123      0.0000
   2013.62519977      0.0000
   2013.62522831      0.0000
   2013.62525685      0.0000
   2013.62528539      0.0000
   2013.62531393      0.0000
   2013.62534247      0.0000
   2013.62537100      0.0000
   2013.62539954      0.0000
   2013.62542808      0.0000
   2013.62545662      0.0000
   2013.62548516      0.0000
   2013.62551370      0.0000
   2013.62554224      0.0000
   2013.62557078      0.0000
   2013.62559932      0.0000
   2013.62562785      0.0000
   2013.62565639      0.0000
   2013.62568493      0.0000
   2013.62571347      0.0000
   2013.62574201      0.0000
   2013.62577055      0.0000
   2013.62579909      0.0000
   2013.62582763      0.0000
   2013.62585616      0.0000
   2013.62588470      0.0000
   2013.62591324      0.0000
   2013.62594178      0.0000
   2013.62597032      0.0000
   2013.62599886      0.0000
   2013.62602740      0.0000
   2013.62605594      0.0000
   2013.62608447      0.0000
   2013.62611301      0.0000
   2013.62614155      0.0000
   2013.62617009      0.0000
   2013.62619863      0.0000
   2013.62622717      0.0000
   2013.62625571      0.0000
   2013.62628425      0.0000
   2013.62631279      0.0000
   2013.62634132      0.0000
   2013.62636986      0.0000
   2013.62639840      0.0000
   2013.62642694      0.0000
   2013.62645548      0.0000
   2013.62648402      0.0000
   2013.62651256      0.0000
   2013.62654110      0.0000
   2013.62656963      0.0000
   2013.62659817      0.0000
   2013.62662671      1.2230
   2013.62665525      6.6850
   2013.62668379     14.8020
   2013.62671233     34.8879
   2013.62674087     44.4505
   2013.62676941     39.8367
   2013.62679795     30.3876
   2013.62682648     24.7801
   2013.62685502     20.3078
   2013.62688356     17.3064
   2013.62691210     15.1449
   2013.62694064     13.8801
   2013.62696918     12.7505
   2013.62699772     12.1269
   2013.62702626     11.6118
   2013.62705479     11.4139
   2013.62708333     11.0130
   2013.62711187     10.6679
   2013.62714041     10.5065
   2013.62716895     10.4158
   2013.62719749     10.3172
   2013.62722603     10.3125
   2013.62725457     10.2265
   2013.62728311      9.9850
   2013.62731164      9.7060
   2013.62734018      9.4494
   2013.62736872      9.2414
   2013.62739726      8.9631
   2013.62742580      8.7504
   2013.62745434      8.4438
   2013.62748288      8.0854
   2013.62751142      7.6286
   2013.62753995      7.2375
   2013.62756849      6.9097
   2013.62759703      6.6510
   2013.62762557      6.3653
   2013.62765411      6.4829
   2013.62768265      5.5040
   2013.62771119      5.0084
   2013.62773973      4.9401
   2013.62776826      4.2444
   2013.62779680      3.5909
   2013.62782534      3.1580
   2013.62785388      2.7944
   2013.62788242      2.6459
   2013.62791096      2.3266
   2013.62793950      2.0886
   2013.62796804      1.8042
   2013.62799658      1.6424
   2013.62802511      1.4854
   2013.62805365      1.3445
   2013.62808219      1.2137
   2013.62811073      1.1102
   2013.62813927      1.0147
   2013.62816781      0.9310
   2013.62819635      0.8555
   2013.62822489      0.7847
   2013.62825342      0.7193
   2013.62828196      0.6603
   2013.62831050      0.6079
   2013.62833904      0.5604
   2013.62836758      0.5175
   2013.62839612      0.4789
   2013.62842466      0.4440
   2013.62845320      0.4122
   2013.62848174      0.3832
   2013.62851027      0.3565
   2013.62853881      0.3320
   2013.62856735      0.3094
   2013.62859589      0.2885
   2013.62862443      0.2693
   2013.62865297      0.2516
   2013.62868151      0.2350
   2013.62871005      0.2195
   2013.62873858      0.2051
   2013.62876712      0.1917
   2013.62879566      0.1792
   2013.62882420      0.1677
   2013.62885274      0.1570
   2013.62888128      0.1470
   2013.62890982      0.1378
   2013.62893836      0.1292
   2013.62896689      0.1211
   2013.62899543      0.1136
   2013.62902397      0.1065
   2013.62905251      0.1000
