   2013.62465753      0.0000
   2013.62468607      0.0000
   2013.62471461      0.0000
   2013.62474315      0.0000
   2013.62477169      0.0000
   2013.62480023      0.0000
   2013.62482877      0.0000
   2013.62485731      0.0000
   2013.62488584      0.0000
   2013.62491438      0.0000
   2013.62494292      0.0000
   2013.62497146      0.0000
   2013.62500000      0.0000
   2013.62502854      0.0000
   2013.62505708      0.0000
   2013.62508562      0.0000
   2013.62511416      0.0000
   2013.62514269      0.0000
   2013.62517123      0.0000
   2013.62519977      0.0000
   2013.62522831      0.0000
   2013.62525685      0.0000
   2013.62528539      0.0000
   2013.62531393      0.0000
   2013.62534247      0.0000
   2013.62537100      0.1400
   2013.62539954      0.2639
   2013.62542808      0.7065
   2013.62545662      1.8156
   2013.62548516      3.3456
   2013.62551370      5.8921
   2013.62554224     10.2420
   2013.62557078     13.7512
   2013.62559932     14.5538
   2013.62562785     13.8277
   2013.62565639     12.7599
   2013.62568493     10.9415
   2013.62571347     10.6043
   2013.62574201      9.7748
   2013.62577055      8.9395
   2013.62579909      8.0243
   2013.62582763      7.9274
   2013.62585616      7.5117
   2013.62588470      7.2186
   2013.62591324      6.7948
   2013.62594178      7.0468
   2013.62597032      7.2924
   2013.62599886      7.3815
   2013.62602740      7.7277
   2013.62605594      8.2259
   2013.62608447      8.6931
   2013.62611301      9.2685
   2013.62614155      9.2813
   2013.62617009     10.2734
   2013.62619863     10.7043
   2013.62622717     10.9055
   2013.62625571     11.1784
   2013.62628425     12.1880
   2013.62631279     12.6296
   2013.62634132     12.7096
   2013.62636986     13.1134
   2013.62639840     14.0168
   2013.62642694     14.4088
   2013.62645548     14.3505
   2013.62648402     14.6470
   2013.62651256     15.5744
   2013.62654110     15.8436
   2013.62656963     15.6358
   2013.62659817     16.1172
   2013.62662671     18.3552
   2013.62665525     17.8257
   2013.62668379     16.6955
   2013.62671233     15.5770
   2013.62674087     15.1781
   2013.62676941     16.5181
   2013.62679795     18.9853
   2013.62682648     19.1067
   2013.62685502     17.2165
   2013.62688356     15.3829
   2013.62691210     13.5171
   2013.62694064     11.9371
   2013.62696918     11.3531
   2013.62699772     12.0326
   2013.62702626     12.5979
   2013.62705479     11.5013
   2013.62708333     10.3125
   2013.62711187      8.8796
   2013.62714041      7.7306
   2013.62716895      6.5961
   2013.62719749      6.3565
   2013.62722603      5.3285
   2013.62725457      5.3450
   2013.62728311      4.5089
   2013.62731164      4.4025
   2013.62734018      3.7470
   2013.62736872      3.3196
   2013.62739726      2.9409
   2013.62742580      2.7183
   2013.62745434      2.3929
   2013.62748288      2.0183
   2013.62751142      1.8123
   2013.62753995      1.6128
   2013.62756849      1.4364
   2013.62759703      1.3079
   2013.62762557      1.1556
   2013.62765411      1.0255
   2013.62768265      0.9369
   2013.62771119      0.8467
   2013.62773973      0.7644
   2013.62776826      0.6906
   2013.62779680      0.6256
   2013.62782534      0.5680
   2013.62785388      0.5169
   2013.62788242      0.4718
   2013.62791096      0.4318
   2013.62793950      0.3962
   2013.62796804      0.3641
   2013.62799658      0.3352
   2013.62802511      0.3090
   2013.62805365      0.2853
   2013.62808219      0.2638
   2013.62811073      0.2441
   2013.62813927      0.2259
   2013.62816781      0.2092
   2013.62819635      0.1939
   2013.62822489      0.1799
   2013.62825342      0.1671
   2013.62828196      0.1553
   2013.62831050      0.1444
   2013.62833904      0.1344
   2013.62836758      0.1252
   2013.62839612      0.1166
   2013.62842466      0.1087
   2013.62845320      0.1014
