   2013.62465753      0.0000
   2013.62468607      0.0000
   2013.62471461      0.0000
   2013.62474315      0.0000
   2013.62477169      0.0000
   2013.62480023      0.0000
   2013.62482877      0.0000
   2013.62485731      0.0000
   2013.62488584      0.0000
   2013.62491438      0.0000
   2013.62494292      0.0000
   2013.62497146      0.0000
   2013.62500000      0.0000
   2013.62502854      0.0000
   2013.62505708      0.0000
   2013.62508562      0.0000
   2013.62511416      0.0000
   2013.62514269      0.0000
   2013.62517123      0.0000
   2013.62519977      0.0000
   2013.62522831      0.0000
   2013.62525685      0.0000
   2013.62528539      0.0000
   2013.62531393      0.0000
   2013.62534247      0.0000
   2013.62537100      0.0000
   2013.62539954      0.0000
   2013.62542808      0.0000
   2013.62545662      0.0000
   2013.62548516      0.0000
   2013.62551370      0.0000
   2013.62554224      0.0000
   2013.62557078      0.0000
   2013.62559932      0.0000
   2013.62562785      0.0000
   2013.62565639      0.0000
   2013.62568493      0.0000
   2013.62571347      0.0000
   2013.62574201      0.0000
   2013.62577055      0.0000
   2013.62579909      0.0000
   2013.62582763      0.0000
   2013.62585616      0.0000
   2013.62588470      0.0000
   2013.62591324      0.0000
   2013.62594178      0.0000
   2013.62597032      0.0000
   2013.62599886      0.0000
   2013.62602740      0.0000
   2013.62605594      0.0000
   2013.62608447      0.0000
   2013.62611301      0.0000
   2013.62614155      0.0000
   2013.62617009      0.0000
   2013.62619863      0.0000
   2013.62622717      0.0000
   2013.62625571      0.0000
   2013.62628425      0.0000
   2013.62631279      0.0000
   2013.62634132      0.0000
   2013.62636986      0.0000
   2013.62639840      0.0000
   2013.62642694      0.0000
   2013.62645548      0.0000
   2013.62648402      0.0000
   2013.62651256      0.0000
   2013.62654110      0.0000
   2013.62656963      0.0000
   2013.62659817      0.0000
   2013.62662671      0.0000
   2013.62665525      0.0000
   2013.62668379      0.0000
   2013.62671233      0.0000
   2013.62674087      0.0000
   2013.62676941      0.0000
   2013.62679795      0.0000
   2013.62682648      0.0000
   2013.62685502      0.0000
   2013.62688356      0.0001
   2013.62691210      0.0002
   2013.62694064      0.0003
   2013.62696918      0.0004
   2013.62699772      0.0005
   2013.62702626      0.0006
   2013.62705479      0.0006
   2013.62708333      0.0007
   2013.62711187      0.0008
   2013.62714041      0.0009
   2013.62716895      0.0009
   2013.62719749      0.0010
   2013.62722603      0.0011
   2013.62725457      0.0011
   2013.62728311      0.0049
   2013.62731164      0.0256
   2013.62734018      0.0454
   2013.62736872      0.0611
   2013.62739726      0.0833
   2013.62742580      0.1068
   2013.62745434      0.1377
   2013.62748288      0.1727
   2013.62751142      0.2220
   2013.62753995      0.2706
   2013.62756849      0.3268
   2013.62759703      0.3890
   2013.62762557      0.4549
   2013.62765411      0.5201
   2013.62768265      0.5906
   2013.62771119      0.6612
   2013.62773973      0.7351
   2013.62776826      0.7848
   2013.62779680      0.8097
   2013.62782534      0.8156
   2013.62785388      0.8053
   2013.62788242      0.7806
   2013.62791096      0.7457
   2013.62793950      0.7053
   2013.62796804      0.6629
   2013.62799658      0.6206
   2013.62802511      0.5790
   2013.62805365      0.5389
   2013.62808219      0.5010
   2013.62811073      0.4655
   2013.62813927      0.4323
   2013.62816781      0.4014
   2013.62819635      0.3726
   2013.62822489      0.3459
   2013.62825342      0.3210
   2013.62828196      0.2979
   2013.62831050      0.2767
   2013.62833904      0.2570
   2013.62836758      0.2387
   2013.62839612      0.2217
   2013.62842466      0.2059
   2013.62845320      0.1913
   2013.62848174      0.1779
   2013.62851027      0.1654
   2013.62853881      0.1542
   2013.62856735      0.1434
   2013.62859589      0.1333
   2013.62862443      0.1240
   2013.62865297      0.1619
   2013.62868151      0.1643
   2013.62871005      0.1592
   2013.62873858      0.1570
   2013.62876712      0.1579
   2013.62879566      0.1613
   2013.62882420      0.1658
   2013.62885274      0.1702
   2013.62888128      0.1746
   2013.62890982      0.1793
   2013.62893836      0.1839
   2013.62896689      0.1876
   2013.62899543      0.1893
   2013.62902397      0.1885
   2013.62905251      0.1856
   2013.62908105      0.1815
   2013.62910959      0.1773
   2013.62913813      0.1737
   2013.62916667      0.1716
   2013.62919521      0.1714
   2013.62922374      0.1728
   2013.62925228      0.1758
   2013.62928082      0.1802
   2013.62930936      0.1858
   2013.62933790      0.1937
   2013.62936644      0.2056
   2013.62939498      0.2224
   2013.62942352      0.2430
   2013.62945205      0.2635
   2013.62948059      0.2797
   2013.62950913      0.2888
   2013.62953767      0.2909
   2013.62956621      0.2869
   2013.62959475      0.2787
   2013.62962329      0.2677
   2013.62965183      0.2551
   2013.62968037      0.2417
   2013.62970890      0.2280
   2013.62973744      0.2143
   2013.62976598      0.2009
   2013.62979452      0.1882
   2013.62982306      0.1760
   2013.62985160      0.1646
   2013.62988014      0.1539
   2013.62990868      0.1438
   2013.62993721      0.1345
   2013.62996575      0.1257
   2013.62999429      0.1175
   2013.63002283      0.1099
   2013.63005137      0.1027
