   2013.62465753      0.0000
   2013.62468607      0.0000
   2013.62471461      0.0000
   2013.62474315      0.0000
   2013.62477169      0.0000
   2013.62480023      0.0000
   2013.62482877      0.0000
   2013.62485731      0.0000
   2013.62488584      0.0000
   2013.62491438      0.0000
   2013.62494292      0.0000
   2013.62497146      0.0000
   2013.62500000      0.0001
   2013.62502854      0.0000
   2013.62505708      0.0000
   2013.62508562      0.0000
   2013.62511416      0.0000
   2013.62514269      0.0000
   2013.62517123      0.0000
   2013.62519977      0.0000
   2013.62522831      0.0000
   2013.62525685      0.0000
   2013.62528539      0.0000
   2013.62531393      0.0000
   2013.62534247      0.0000
   2013.62537100      0.0000
   2013.62539954      0.0000
   2013.62542808      0.0000
   2013.62545662      0.0000
   2013.62548516      0.0000
   2013.62551370      0.0000
   2013.62554224      0.0000
   2013.62557078      0.0000
   2013.62559932      0.0008
   2013.62562785      0.0017
   2013.62565639      0.0023
   2013.62568493      0.0028
   2013.62571347      0.0034
   2013.62574201      0.0080
   2013.62577055      0.0370
   2013.62579909      0.0610
   2013.62582763      0.0957
   2013.62585616      0.1519
   2013.62588470      0.2257
   2013.62591324      0.3093
   2013.62594178      0.4134
   2013.62597032      0.5200
   2013.62599886      0.6601
   2013.62602740      0.8300
   2013.62605594      1.0533
   2013.62608447      1.3754
   2013.62611301      1.6926
   2013.62614155      1.8920
   2013.62617009      1.9560
   2013.62619863      1.9659
   2013.62622717      1.8330
   2013.62625571      1.7280
   2013.62628425      1.6159
   2013.62631279      1.5036
   2013.62634132      1.3935
   2013.62636986      1.2908
   2013.62639840      1.2202
   2013.62642694      1.1114
   2013.62645548      1.0030
   2013.62648402      0.9535
   2013.62651256      0.8883
   2013.62654110      0.8239
   2013.62656963      0.7645
   2013.62659817      0.7143
   2013.62662671      0.6663
   2013.62665525      0.6230
   2013.62668379      0.5844
   2013.62671233      0.5553
   2013.62674087      0.5252
   2013.62676941      0.4969
   2013.62679795      0.4714
   2013.62682648      0.4552
   2013.62685502      0.4354
   2013.62688356      0.4161
   2013.62691210      0.3987
   2013.62694064      0.3916
   2013.62696918      0.3796
   2013.62699772      0.3674
   2013.62702626      0.3568
   2013.62705479      0.3577
   2013.62708333      0.3524
   2013.62711187      0.3465
   2013.62714041      0.3420
   2013.62716895      0.3508
   2013.62719749      0.3523
   2013.62722603      0.3528
   2013.62725457      0.3551
   2013.62728311      0.3732
   2013.62731164      0.3830
   2013.62734018      0.3922
   2013.62736872      0.4044
   2013.62739726      0.4352
   2013.62742580      0.4689
   2013.62745434      0.4954
   2013.62748288      0.5136
   2013.62751142      0.5670
   2013.62753995      0.6334
   2013.62756849      0.6643
   2013.62759703      0.7241
   2013.62762557      0.8019
   2013.62765411      0.8657
   2013.62768265      0.9313
   2013.62771119      0.9955
   2013.62773973      1.0769
   2013.62776826      1.1462
   2013.62779680      1.2052
   2013.62782534      1.2514
   2013.62785388      1.3078
   2013.62788242      1.3489
   2013.62791096      1.3773
   2013.62793950      1.3936
   2013.62796804      1.4252
   2013.62799658      1.4399
   2013.62802511      1.4458
   2013.62805365      1.4443
   2013.62808219      1.4563
   2013.62811073      1.4525
   2013.62813927      1.4441
   2013.62816781      1.4323
   2013.62819635      1.4293
   2013.62822489      1.4138
   2013.62825342      1.3977
   2013.62828196      1.3764
   2013.62831050      1.3611
   2013.62833904      1.3365
   2013.62836758      1.3145
   2013.62839612      1.2870
   2013.62842466      1.1641
   2013.62845320      1.2316
   2013.62848174      1.2095
   2013.62851027      1.1703
   2013.62853881      1.1486
   2013.62856735      1.1199
   2013.62859589      1.0782
   2013.62862443      1.0515
   2013.62865297      1.0011
   2013.62868151      1.0032
   2013.62871005      0.9701
   2013.62873858      0.9415
   2013.62876712      0.9026
   2013.62879566      0.8855
   2013.62882420      0.8583
   2013.62885274      0.8295
   2013.62888128      0.8050
   2013.62890982      0.7780
   2013.62893836      0.7517
   2013.62896689      0.7275
   2013.62899543      0.7089
   2013.62902397      0.6878
   2013.62905251      0.6663
   2013.62908105      0.6459
   2013.62910959      0.6306
   2013.62913813      0.6124
   2013.62916667      0.5941
   2013.62919521      0.5770
   2013.62922374      0.5661
   2013.62925228      0.5516
   2013.62928082      0.5369
   2013.62930936      0.5234
   2013.62933790      0.5169
   2013.62936644      0.5061
   2013.62939498      0.4949
   2013.62942352      0.4847
   2013.62945205      0.4832
   2013.62948059      0.4761
   2013.62950913      0.4684
   2013.62953767      0.4617
   2013.62956621      0.4655
   2013.62959475      0.4627
   2013.62962329      0.4590
   2013.62965183      0.4566
   2013.62968037      0.4667
   2013.62970890      0.4691
   2013.62973744      0.4705
   2013.62976598      0.4735
   2013.62979452      0.4917
   2013.62982306      0.5007
   2013.62985160      0.5086
   2013.62988014      0.5191
   2013.62990868      0.5483
   2013.62993721      0.5836
   2013.62996575      0.5919
   2013.62999429      0.6013
   2013.63002283      0.6469
   2013.63005137      0.7047
   2013.63007991      0.7159
   2013.63010845      0.7512
   2013.63013699      0.8091
   2013.63016553      0.8508
   2013.63019406      0.8940
   2013.63022260      0.9383
   2013.63025114      0.9807
   2013.63027968      1.0263
   2013.63030822      1.0711
   2013.63033676      1.1077
   2013.63036530      1.1346
   2013.63039384      1.1568
   2013.63042237      1.1708
   2013.63045091      1.2118
   2013.63047945      1.1697
   2013.63050799      1.1615
   2013.63053653      1.1493
   2013.63056507      1.1313
   2013.63059361      1.0749
   2013.63062215      1.0665
   2013.63065068      1.0519
   2013.63067922      1.0010
   2013.63070776      0.9615
   2013.63073630      0.9115
   2013.63076484      0.8753
   2013.63079338      0.8330
   2013.63082192      0.7902
   2013.63085046      0.7473
   2013.63087900      0.7056
   2013.63090753      0.6663
   2013.63093607      0.6298
   2013.63096461      0.5954
   2013.63099315      0.5630
   2013.63102169      0.5325
   2013.63105023      0.5039
   2013.63107877      0.4771
   2013.63110731      0.4519
   2013.63113584      0.4282
   2013.63116438      0.4058
   2013.63119292      0.3848
   2013.63122146      0.3651
   2013.63125000      0.3466
   2013.63127854      0.3293
   2013.63130708      0.3131
   2013.63133562      0.2980
   2013.63136416      0.2838
   2013.63139269      0.2705
   2013.63142123      0.2581
   2013.63144977      0.2463
   2013.63147831      0.2352
   2013.63150685      0.2246
   2013.63153539      0.2146
   2013.63156393      0.2052
   2013.63159247      0.1964
   2013.63162100      0.1881
   2013.63164954      0.1802
   2013.63167808      0.1728
   2013.63170662      0.1658
   2013.63173516      0.1591
   2013.63176370      0.1528
   2013.63179224      0.1469
   2013.63182078      0.1412
   2013.63184932      0.1358
   2013.63187785      0.1308
   2013.63190639      0.1259
   2013.63193493      0.1214
   2013.63196347      0.1170
   2013.63199201      0.1129
   2013.63202055      0.1090
   2013.63204909      0.1052
   2013.63207763      0.1016
