   2013.62465753      0.0000
   2013.62468607      0.0000
   2013.62471461      0.0000
   2013.62474315      0.0000
   2013.62477169      0.0000
   2013.62480023      0.0000
   2013.62482877      0.0000
   2013.62485731      0.0000
   2013.62488584      0.0000
   2013.62491438      0.0000
   2013.62494292      0.0000
   2013.62497146      0.0000
   2013.62500000      0.0004
   2013.62502854      0.0004
   2013.62505708      0.0004
   2013.62508562      0.0004
   2013.62511416      0.0010
   2013.62514269      0.0009
   2013.62517123      0.0008
   2013.62519977      0.0007
   2013.62522831      0.0014
   2013.62525685      0.0012
   2013.62528539      0.0011
   2013.62531393      0.0009
   2013.62534247      0.0033
   2013.62537100      0.0253
   2013.62539954      0.0457
   2013.62542808      0.0604
   2013.62545662      0.0870
   2013.62548516      0.1188
   2013.62551370      0.1612
   2013.62554224      0.2121
   2013.62557078      0.3099
   2013.62559932      0.4012
   2013.62562785      0.5240
   2013.62565639      0.6757
   2013.62568493      0.8936
   2013.62571347      1.1496
   2013.62574201      1.4250
   2013.62577055      1.6569
   2013.62579909      1.8783
   2013.62582763      2.0566
   2013.62585616      2.1148
   2013.62588470      2.1369
   2013.62591324      2.2314
   2013.62594178      2.2910
   2013.62597032      2.2878
   2013.62599886      2.2514
   2013.62602740      2.3074
   2013.62605594      2.3020
   2013.62608447      2.2790
   2013.62611301      2.2109
   2013.62614155      2.2690
   2013.62617009      2.2466
   2013.62619863      2.2296
   2013.62622717      2.1893
   2013.62625571      2.2559
   2013.62628425      2.2707
   2013.62631279      2.2942
   2013.62634132      2.2837
   2013.62636986      2.3936
   2013.62639840      2.4384
   2013.62642694      2.4908
   2013.62645548      2.5094
   2013.62648402      2.6466
   2013.62651256      2.6980
   2013.62654110      2.7627
   2013.62656963      2.7849
   2013.62659817      2.7964
   2013.62662671      2.9725
   2013.62665525      3.0149
   2013.62668379      3.0387
   2013.62671233      2.9565
   2013.62674087      3.1533
   2013.62676941      3.1935
   2013.62679795      3.1897
   2013.62682648      3.0596
   2013.62685502      3.2741
   2013.62688356      3.2979
   2013.62691210      3.2798
   2013.62694064      3.1204
   2013.62696918      3.3212
   2013.62699772      3.3249
   2013.62702626      3.4430
   2013.62705479      3.1088
   2013.62708333      3.3132
   2013.62711187      3.2845
   2013.62714041      3.2375
   2013.62716895      3.0579
   2013.62719749      3.2298
   2013.62722603      3.1651
   2013.62725457      3.0080
   2013.62728311      3.0067
   2013.62731164      3.0874
   2013.62734018      3.0567
   2013.62736872      2.9375
   2013.62739726      2.8826
   2013.62742580      2.8864
   2013.62745434      2.8116
   2013.62748288      2.7212
   2013.62751142      2.6828
   2013.62753995      2.6766
   2013.62756849      2.5975
   2013.62759703      2.4951
   2013.62762557      2.5057
   2013.62765411      2.4600
   2013.62768265      2.3790
   2013.62771119      2.2841
   2013.62773973      2.2851
   2013.62776826      2.2365
   2013.62779680      2.1567
   2013.62782534      2.0826
   2013.62785388      2.0953
   2013.62788242      2.0440
   2013.62791096      1.9751
   2013.62793950      1.9098
   2013.62796804      1.9188
   2013.62799658      1.8809
   2013.62802511      1.8221
   2013.62805365      1.7645
   2013.62808219      1.7805
   2013.62811073      1.7479
   2013.62813927      1.7002
   2013.62816781      1.6528
   2013.62819635      1.6663
   2013.62822489      1.6499
   2013.62825342      1.6217
   2013.62828196      1.5751
   2013.62831050      1.5981
   2013.62833904      1.5903
   2013.62836758      1.5723
   2013.62839612      1.5362
   2013.62842466      1.5738
   2013.62845320      1.5747
   2013.62848174      1.5691
   2013.62851027      1.5512
   2013.62853881      1.6116
   2013.62856735      1.6092
   2013.62859589      1.6154
   2013.62862443      1.6073
   2013.62865297      1.6855
   2013.62868151      1.7004
   2013.62871005      1.7156
   2013.62873858      1.7183
   2013.62876712      1.7981
   2013.62879566      1.8504
   2013.62882420      1.8783
   2013.62885274      1.8930
   2013.62888128      1.9958
   2013.62890982      2.0545
   2013.62893836      2.1099
   2013.62896689      2.1329
   2013.62899543      2.2583
   2013.62902397      2.3218
   2013.62905251      2.3850
   2013.62908105      2.4132
   2013.62910959      2.5522
   2013.62913813      2.6099
   2013.62916667      2.6780
   2013.62919521      2.6866
   2013.62922374      2.7982
   2013.62925228      2.9109
   2013.62928082      2.9646
   2013.62930936      3.0045
   2013.62933790      2.9417
   2013.62936644      3.1404
   2013.62939498      3.1926
   2013.62942352      3.2007
   2013.62945205      3.1143
   2013.62948059      3.3080
   2013.62950913      3.3462
   2013.62953767      3.3388
   2013.62956621      3.3663
   2013.62959475      3.4300
   2013.62962329      3.4340
   2013.62965183      3.4189
   2013.62968037      3.4139
   2013.62970890      3.4666
   2013.62973744      3.4502
   2013.62976598      3.4107
   2013.62979452      3.2965
   2013.62982306      3.4320
   2013.62985160      3.3990
   2013.62988014      3.3523
   2013.62990868      3.1411
   2013.62993721      3.3409
   2013.62996575      3.2889
   2013.62999429      3.1292
   2013.63002283      3.0383
   2013.63005137      3.1914
   2013.63007991      3.1096
   2013.63010845      2.9994
   2013.63013699      2.9570
   2013.63016553      2.9818
   2013.63019406      2.9383
   2013.63022260      2.8086
   2013.63025114      2.7364
   2013.63027968      2.6279
   2013.63030822      2.5152
   2013.63033676      2.4210
   2013.63036530      2.3070
   2013.63039384      2.1764
   2013.63042237      2.0521
   2013.63045091      1.9288
   2013.63047945      1.8428
   2013.63050799      1.7184
   2013.63053653      1.6050
   2013.63056507      1.4973
   2013.63059361      1.3935
   2013.63062215      1.2932
   2013.63065068      1.1791
   2013.63067922      1.1178
   2013.63070776      0.9998
   2013.63073630      0.9465
   2013.63076484      0.8764
   2013.63079338      0.8063
   2013.63082192      0.7402
   2013.63085046      0.6789
   2013.63087900      0.6233
   2013.63090753      0.5729
   2013.63093607      0.5273
   2013.63096461      0.4861
   2013.63099315      0.4489
   2013.63102169      0.4150
   2013.63105023      0.3841
   2013.63107877      0.3557
   2013.63110731      0.3296
   2013.63113584      0.3057
   2013.63116438      0.2838
   2013.63119292      0.2636
   2013.63122146      0.2450
   2013.63125000      0.2277
   2013.63127854      0.2117
   2013.63130708      0.1970
   2013.63133562      0.1834
   2013.63136416      0.1709
   2013.63139269      0.1593
   2013.63142123      0.1487
   2013.63144977      0.1388
   2013.63147831      0.1297
   2013.63150685      0.1213
   2013.63153539      0.1134
   2013.63156393      0.1062
   2013.63159247      0.0995
   2013.63162100      0.0932
   2013.63164954      0.0874
   2013.63167808      0.0820
   2013.63170662      0.0769
   2013.63173516      0.0721
   2013.63176370      0.0676
   2013.63179224      0.0634
   2013.63182078      0.0594
   2013.63184932      0.0556
   2013.63187785      0.0521
