   2013.62465753      0.0000
   2013.62468607      0.0000
   2013.62471461      0.0000
   2013.62474315      0.0000
   2013.62477169      0.0000
   2013.62480023      0.0000
   2013.62482877      0.0000
   2013.62485731      0.0000
   2013.62488584      0.0000
   2013.62491438      0.0000
   2013.62494292      0.0000
   2013.62497146      0.0000
   2013.62500000      0.0000
   2013.62502854      0.0000
   2013.62505708      0.0000
   2013.62508562      0.0000
   2013.62511416      0.0000
   2013.62514269      0.0023
   2013.62517123      0.0025
   2013.62519977      0.0027
   2013.62522831      0.0045
   2013.62525685      0.0228
   2013.62528539      0.0649
   2013.62531393      0.1092
   2013.62534247      0.2010
   2013.62537100      0.3552
   2013.62539954      0.5945
   2013.62542808      0.9788
   2013.62545662      1.5868
   2013.62548516      2.3827
   2013.62551370      3.5094
   2013.62554224      4.9426
   2013.62557078      6.2143
   2013.62559932      6.9885
   2013.62562785      7.4749
   2013.62565639      7.7789
   2013.62568493      8.1058
   2013.62571347      8.2283
   2013.62574201      8.2900
   2013.62577055      8.0765
   2013.62579909      7.8825
   2013.62582763      7.7840
   2013.62585616      7.3669
   2013.62588470      7.0262
   2013.62591324      6.4107
   2013.62594178      6.2027
   2013.62597032      6.2870
   2013.62599886      5.6776
   2013.62602740      4.7684
   2013.62605594      4.6601
   2013.62608447      4.2179
   2013.62611301      4.0869
   2013.62614155      3.5261
   2013.62617009      3.4067
   2013.62619863      3.2315
   2013.62622717      3.0011
   2013.62625571      2.9239
   2013.62628425      2.8166
   2013.62631279      2.6803
   2013.62634132      2.5641
   2013.62636986      2.5807
   2013.62639840      2.5619
   2013.62642694      2.5153
   2013.62645548      2.4684
   2013.62648402      2.5439
   2013.62651256      2.5864
   2013.62654110      2.5881
   2013.62656963      2.5668
   2013.62659817      2.6660
   2013.62662671      2.6611
   2013.62665525      2.7541
   2013.62668379      2.7143
   2013.62671233      2.8118
   2013.62674087      2.7978
   2013.62676941      2.8214
   2013.62679795      2.8264
   2013.62682648      2.8167
   2013.62685502      2.8931
   2013.62688356      2.9045
   2013.62691210      2.8927
   2013.62694064      2.8673
   2013.62696918      2.9484
   2013.62699772      2.9377
   2013.62702626      2.9117
   2013.62705479      2.8755
   2013.62708333      2.9478
   2013.62711187      2.9154
   2013.62714041      2.8975
   2013.62716895      2.8481
   2013.62719749      2.9076
   2013.62722603      2.9178
   2013.62725457      2.8470
   2013.62728311      2.7784
   2013.62731164      2.8227
   2013.62734018      2.8114
   2013.62736872      2.7401
   2013.62739726      2.7579
   2013.62742580      2.6945
   2013.62745434      2.6708
   2013.62748288      2.5982
   2013.62751142      2.6176
   2013.62753995      2.5423
   2013.62756849      2.5120
   2013.62759703      2.4461
   2013.62762557      2.4519
   2013.62765411      2.4061
   2013.62768265      2.3418
   2013.62771119      2.2782
   2013.62773973      2.2779
   2013.62776826      2.2321
   2013.62779680      2.1792
   2013.62782534      2.1163
   2013.62785388      2.0713
   2013.62788242      2.0750
   2013.62791096      2.0288
   2013.62793950      1.9703
   2013.62796804      1.9316
   2013.62799658      1.9371
   2013.62802511      1.8972
   2013.62805365      1.8451
   2013.62808219      1.8480
   2013.62811073      1.8213
   2013.62813927      1.7879
   2013.62816781      1.7439
   2013.62819635      1.7540
   2013.62822489      1.7364
   2013.62825342      1.7098
   2013.62828196      1.6774
   2013.62831050      1.6953
   2013.62833904      1.6869
   2013.62836758      1.6688
   2013.62839612      1.6432
   2013.62842466      1.6730
   2013.62845320      1.6739
   2013.62848174      1.6673
   2013.62851027      1.6492
   2013.62853881      1.6943
   2013.62856735      1.7076
   2013.62859589      1.7119
   2013.62862443      1.7007
   2013.62865297      1.7619
   2013.62868151      1.7901
   2013.62871005      1.8017
   2013.62873858      1.7986
   2013.62876712      1.8770
   2013.62879566      1.9196
   2013.62882420      1.9397
   2013.62885274      1.9458
   2013.62888128      2.0423
   2013.62890982      2.1015
   2013.62893836      2.1254
   2013.62896689      2.1375
   2013.62899543      2.2448
   2013.62902397      2.3165
   2013.62905251      2.3431
   2013.62908105      2.3521
   2013.62910959      2.4681
   2013.62913813      2.5436
   2013.62916667      2.5808
   2013.62919521      2.5737
   2013.62922374      2.6894
   2013.62925228      2.7676
   2013.62928082      2.7403
   2013.62930936      2.7652
   2013.62933790      2.7786
   2013.62936644      2.8753
   2013.62939498      2.9067
   2013.62942352      2.8809
   2013.62945205      2.8912
   2013.62948059      3.0015
   2013.62950913      3.0229
   2013.62953767      3.1888
   2013.62956621      2.9519
   2013.62959475      3.1645
   2013.62962329      3.0855
   2013.62965183      3.2408
   2013.62968037      2.9747
   2013.62970890      3.1074
   2013.62973744      3.0982
   2013.62976598      3.0231
   2013.62979452      2.9762
   2013.62982306      3.0921
   2013.62985160      3.0718
   2013.62988014      2.9891
   2013.62990868      2.9523
   2013.62993721      3.0394
   2013.62996575      3.0078
   2013.62999429      2.9555
   2013.63002283      2.8937
   2013.63005137      2.9423
   2013.63007991      2.9264
   2013.63010845      2.8535
   2013.63013699      2.7697
   2013.63016553      2.8034
   2013.63019406      2.7811
   2013.63022260      2.7042
   2013.63025114      2.6503
   2013.63027968      2.5779
   2013.63030822      2.4241
   2013.63033676      2.3296
   2013.63036530      2.2198
   2013.63039384      2.1112
   2013.63042237      1.9978
   2013.63045091      1.8840
   2013.63047945      1.7610
   2013.63050799      1.6506
   2013.63053653      1.5465
   2013.63056507      1.4466
   2013.63059361      1.3495
   2013.63062215      1.2553
   2013.63065068      1.1942
   2013.63067922      1.0869
   2013.63070776      0.9847
   2013.63073630      0.9278
   2013.63076484      0.8585
   2013.63079338      0.7906
   2013.63082192      0.7266
   2013.63085046      0.6671
   2013.63087900      0.6133
   2013.63090753      0.5643
   2013.63093607      0.5199
   2013.63096461      0.4798
   2013.63099315      0.4434
   2013.63102169      0.4103
   2013.63105023      0.3799
   2013.63107877      0.3520
   2013.63110731      0.3263
   2013.63113584      0.3027
   2013.63116438      0.2811
   2013.63119292      0.2612
   2013.63122146      0.2428
   2013.63125000      0.2257
   2013.63127854      0.2099
   2013.63130708      0.1953
   2013.63133562      0.1819
   2013.63136416      0.1695
   2013.63139269      0.1581
   2013.63142123      0.1475
   2013.63144977      0.1378
   2013.63147831      0.1288
   2013.63150685      0.1204
   2013.63153539      0.1126
   2013.63156393      0.1054
