   2013.62465753      0.0000
   2013.62468607      0.0000
   2013.62471461      0.0000
   2013.62474315      0.0000
   2013.62477169      0.0000
   2013.62480023      0.0000
   2013.62482877      0.0000
   2013.62485731      0.0000
   2013.62488584      0.0000
   2013.62491438      0.0000
   2013.62494292      0.0000
   2013.62497146      0.0000
   2013.62500000      0.0000
   2013.62502854      0.0000
   2013.62505708      0.0000
   2013.62508562      0.0000
   2013.62511416      0.0000
   2013.62514269      0.0000
   2013.62517123      0.0000
   2013.62519977      0.0000
   2013.62522831      0.0000
   2013.62525685      0.0000
   2013.62528539      0.0000
   2013.62531393      0.0000
   2013.62534247      0.0000
   2013.62537100      0.0000
   2013.62539954      0.0000
   2013.62542808      0.0000
   2013.62545662      0.0000
   2013.62548516      0.0000
   2013.62551370      0.0000
   2013.62554224      0.0000
   2013.62557078      0.0000
   2013.62559932      0.0000
   2013.62562785      0.0000
   2013.62565639      0.0000
   2013.62568493      0.0000
   2013.62571347      0.0534
   2013.62574201      0.1232
   2013.62577055      0.3359
   2013.62579909      1.3275
   2013.62582763      5.6796
   2013.62585616     18.9901
   2013.62588470     23.4106
   2013.62591324     21.5721
   2013.62594178     18.7944
   2013.62597032     16.5334
   2013.62599886     14.7715
   2013.62602740     13.4992
   2013.62605594     12.7359
   2013.62608447     12.1054
   2013.62611301     11.6742
   2013.62614155     11.4100
   2013.62617009     11.2460
   2013.62619863     11.1482
   2013.62622717     10.8334
   2013.62625571     10.4600
   2013.62628425      9.9902
   2013.62631279      9.3037
   2013.62634132      8.6229
   2013.62636986      7.9641
   2013.62639840      7.8742
   2013.62642694      6.3951
   2013.62645548      6.1794
   2013.62648402      5.0985
   2013.62651256      4.7934
   2013.62654110      3.9229
   2013.62656963      3.4219
   2013.62659817      3.0025
   2013.62662671      2.7593
   2013.62665525      2.4123
   2013.62668379      2.0434
   2013.62671233      1.8104
   2013.62674087      1.6051
   2013.62676941      1.4240
   2013.62679795      1.2847
   2013.62682648      1.1386
   2013.62685502      1.0125
   2013.62688356      0.9176
   2013.62691210      0.8252
   2013.62694064      0.7418
   2013.62696918      0.6677
   2013.62699772      0.6028
   2013.62702626      0.5452
   2013.62705479      0.4944
   2013.62708333      0.4497
   2013.62711187      0.4100
   2013.62714041      0.3747
   2013.62716895      0.3431
   2013.62719749      0.3147
   2013.62722603      0.2891
   2013.62725457      0.2660
   2013.62728311      0.2449
   2013.62731164      0.2257
   2013.62734018      0.2081
   2013.62736872      0.1921
   2013.62739726      0.1775
   2013.62742580      0.1642
   2013.62745434      0.1520
   2013.62748288      0.1409
   2013.62751142      0.1308
   2013.62753995      0.1214
   2013.62756849      0.1128
   2013.62759703      0.1049
