   2013.62465753      0.0000
   2013.62468607      0.0000
   2013.62471461      0.0000
   2013.62474315      0.0000
   2013.62477169      0.0000
   2013.62480023      0.0000
   2013.62482877      0.0000
   2013.62485731      0.0000
   2013.62488584      0.0000
   2013.62491438      0.0000
   2013.62494292      0.0000
   2013.62497146      0.0000
   2013.62500000      0.0000
   2013.62502854      0.0000
   2013.62505708      0.0000
   2013.62508562      0.0000
   2013.62511416      0.0000
   2013.62514269      0.0000
   2013.62517123      0.0000
   2013.62519977      0.0000
   2013.62522831      0.0000
   2013.62525685      0.0000
   2013.62528539      0.0000
   2013.62531393      0.0000
   2013.62534247      0.0000
   2013.62537100      0.0000
   2013.62539954      0.0000
   2013.62542808      0.0000
   2013.62545662      0.0000
   2013.62548516      0.0000
   2013.62551370      0.0000
   2013.62554224      0.0000
   2013.62557078      0.0000
   2013.62559932      0.0000
   2013.62562785      0.0000
   2013.62565639      0.0000
   2013.62568493      0.0000
   2013.62571347      0.0000
   2013.62574201      0.0000
   2013.62577055      0.0000
   2013.62579909      0.0000
   2013.62582763      0.0000
   2013.62585616      0.0000
   2013.62588470      0.0000
   2013.62591324      0.0000
   2013.62594178      0.0000
   2013.62597032      0.0000
   2013.62599886      0.0000
   2013.62602740      0.0000
   2013.62605594      0.0000
   2013.62608447      0.0000
   2013.62611301      0.0000
   2013.62614155      0.0000
   2013.62617009      0.0000
   2013.62619863      0.0000
   2013.62622717      0.0000
   2013.62625571      0.0000
   2013.62628425      0.0000
   2013.62631279      0.0000
   2013.62634132      0.0000
   2013.62636986      0.0000
   2013.62639840      0.0000
   2013.62642694      0.0000
   2013.62645548      0.0000
   2013.62648402      0.0000
   2013.62651256      0.0000
   2013.62654110      0.0000
   2013.62656963      0.0000
   2013.62659817      0.0000
   2013.62662671      0.0000
   2013.62665525      0.0000
   2013.62668379      0.0000
   2013.62671233      0.0000
   2013.62674087      0.0000
   2013.62676941      0.0000
   2013.62679795      0.0000
   2013.62682648      0.0000
   2013.62685502      0.0000
   2013.62688356      0.0000
   2013.62691210      0.0000
   2013.62694064      0.0000
   2013.62696918      0.0000
   2013.62699772      0.0000
   2013.62702626      0.0000
   2013.62705479      0.0000
   2013.62708333      0.0000
   2013.62711187      0.0000
   2013.62714041      0.0000
   2013.62716895      0.0000
   2013.62719749      0.0000
   2013.62722603      0.0000
   2013.62725457      0.0000
   2013.62728311      0.0000
   2013.62731164      0.5542
   2013.62734018      2.4339
   2013.62736872      7.2488
   2013.62739726     16.2523
   2013.62742580     32.5133
   2013.62745434     35.2206
   2013.62748288     30.5902
   2013.62751142     23.6764
   2013.62753995     19.2372
   2013.62756849     15.6118
   2013.62759703     13.0416
   2013.62762557     10.7325
   2013.62765411      9.0686
   2013.62768265      7.7492
   2013.62771119      7.1048
   2013.62773973      5.5858
   2013.62776826      4.7353
   2013.62779680      4.0877
   2013.62782534      3.4840
   2013.62785388      3.2267
   2013.62788242      2.7144
   2013.62791096      2.3510
   2013.62793950      2.0523
   2013.62796804      1.7262
   2013.62799658      1.5277
   2013.62802511      1.3838
   2013.62805365      1.2026
   2013.62808219      1.0525
   2013.62811073      0.9537
   2013.62813927      0.8541
   2013.62816781      0.7643
   2013.62819635      0.6850
   2013.62822489      0.6158
   2013.62825342      0.5550
   2013.62828196      0.5013
   2013.62831050      0.4542
   2013.62833904      0.4126
   2013.62836758      0.3757
   2013.62839612      0.3428
   2013.62842466      0.3134
   2013.62845320      0.2869
   2013.62848174      0.2631
   2013.62851027      0.2415
   2013.62853881      0.2218
   2013.62856735      0.2038
   2013.62859589      0.1875
   2013.62862443      0.1727
   2013.62865297      0.1592
   2013.62868151      0.1470
   2013.62871005      0.1358
   2013.62873858      0.1255
   2013.62876712      0.1161
   2013.62879566      0.1075
