   2013.62465753      0.0000
   2013.62468607      0.0000
   2013.62471461      0.0000
   2013.62474315      0.0000
   2013.62477169      0.0000
   2013.62480023      0.0000
   2013.62482877      0.0000
   2013.62485731      0.0000
   2013.62488584      0.0000
   2013.62491438      0.0000
   2013.62494292      0.0000
   2013.62497146      0.0000
   2013.62500000      0.0000
   2013.62502854      0.0000
   2013.62505708      0.0000
   2013.62508562      0.0000
   2013.62511416      0.0000
   2013.62514269      0.0000
   2013.62517123      0.0000
   2013.62519977      0.0000
   2013.62522831      0.0000
   2013.62525685      0.0087
   2013.62528539      0.0300
   2013.62531393      0.1205
   2013.62534247      0.2884
   2013.62537100      0.7893
   2013.62539954      1.8289
   2013.62542808      3.3555
   2013.62545662      5.5432
   2013.62548516      8.3518
   2013.62551370     11.1610
   2013.62554224     12.0210
   2013.62557078     11.5796
   2013.62559932     10.2822
   2013.62562785      9.0817
   2013.62565639      8.1768
   2013.62568493      6.5338
   2013.62571347      6.4374
   2013.62574201      5.2773
   2013.62577055      5.0149
   2013.62579909      3.9737
   2013.62582763      3.7067
   2013.62585616      3.4004
   2013.62588470      3.0854
   2013.62591324      2.9490
   2013.62594178      2.7433
   2013.62597032      2.5690
   2013.62599886      2.4142
   2013.62602740      2.4355
   2013.62605594      2.4122
   2013.62608447      2.3543
   2013.62611301      2.3744
   2013.62614155      2.6224
   2013.62617009      2.8123
   2013.62619863      3.1359
   2013.62622717      3.5176
   2013.62625571      4.0968
   2013.62628425      4.3968
   2013.62631279      4.5243
   2013.62634132      4.4434
   2013.62636986      4.2321
   2013.62639840      3.8723
   2013.62642694      3.6332
   2013.62645548      3.7714
   2013.62648402      3.6284
   2013.62651256      3.7352
   2013.62654110      3.6405
   2013.62656963      3.6205
   2013.62659817      3.7751
   2013.62662671      3.4183
   2013.62665525      3.1578
   2013.62668379      2.8687
   2013.62671233      2.7317
   2013.62674087      2.4122
   2013.62676941      2.0472
   2013.62679795      1.8539
   2013.62682648      1.6579
   2013.62685502      1.4808
   2013.62688356      1.3792
   2013.62691210      1.1939
   2013.62694064      1.0475
   2013.62696918      0.9636
   2013.62699772      0.8714
   2013.62702626      0.7856
   2013.62705479      0.7082
   2013.62708333      0.6397
   2013.62711187      0.5793
   2013.62714041      0.5255
   2013.62716895      0.4780
   2013.62719749      0.4360
   2013.62722603      0.3986
   2013.62725457      0.3651
   2013.62728311      0.3350
   2013.62731164      0.3079
   2013.62734018      0.2834
   2013.62736872      0.2611
   2013.62739726      0.2408
   2013.62742580      0.2222
   2013.62745434      0.2052
   2013.62748288      0.1896
   2013.62751142      0.1755
   2013.62753995      0.1626
   2013.62756849      0.1507
   2013.62759703      0.1399
   2013.62762557      0.1300
   2013.62765411      0.1208
   2013.62768265      0.1124
   2013.62771119      0.1047
