   2013.62465753      0.0000
   2013.62468607      0.0000
   2013.62471461      0.0000
   2013.62474315      0.0000
   2013.62477169      0.0000
   2013.62480023      0.0000
   2013.62482877      0.0000
   2013.62485731      0.0000
   2013.62488584      0.0000
   2013.62491438      0.0000
   2013.62494292      0.0000
   2013.62497146      0.0000
   2013.62500000      0.0000
   2013.62502854      0.0000
   2013.62505708      0.0000
   2013.62508562      0.0000
   2013.62511416      0.0000
   2013.62514269      0.0000
   2013.62517123      0.0000
   2013.62519977      0.0000
   2013.62522831      0.0000
   2013.62525685      0.0000
   2013.62528539      0.0000
   2013.62531393      0.0000
   2013.62534247      0.0000
   2013.62537100      0.0000
   2013.62539954      0.0000
   2013.62542808      0.0000
   2013.62545662      0.0000
   2013.62548516      0.0000
   2013.62551370      0.0000
   2013.62554224      0.0000
   2013.62557078      0.0000
   2013.62559932      0.0014
   2013.62562785      0.0029
   2013.62565639      0.0041
   2013.62568493      0.0052
   2013.62571347      0.0244
   2013.62574201      0.0781
   2013.62577055      0.1484
   2013.62579909      0.3080
   2013.62582763      0.6065
   2013.62585616      1.1186
   2013.62588470      1.9344
   2013.62591324      3.2580
   2013.62594178      5.0411
   2013.62597032      6.9827
   2013.62599886      8.2396
   2013.62602740      8.6590
   2013.62605594      8.5087
   2013.62608447      8.2970
   2013.62611301      7.6490
   2013.62614155      7.1367
   2013.62617009      6.8237
   2013.62619863      6.0097
   2013.62622717      5.0620
   2013.62625571      4.8929
   2013.62628425      3.9724
   2013.62631279      3.6040
   2013.62634132      3.1754
   2013.62636986      2.8631
   2013.62639840      2.5716
   2013.62642694      2.3130
   2013.62645548      2.0826
   2013.62648402      1.8282
   2013.62651256      1.7752
   2013.62654110      1.6167
   2013.62656963      1.4835
   2013.62659817      1.2998
   2013.62662671      1.3199
   2013.62665525      1.2298
   2013.62668379      1.2007
   2013.62671233      1.0676
   2013.62674087      1.0820
   2013.62676941      1.0628
   2013.62679795      1.0348
   2013.62682648      1.0559
   2013.62685502      1.0939
   2013.62688356      1.0649
   2013.62691210      1.0804
   2013.62694064      1.1458
   2013.62696918      1.1985
   2013.62699772      1.2698
   2013.62702626      1.3494
   2013.62705479      1.5023
   2013.62708333      1.6602
   2013.62711187      1.8242
   2013.62714041      1.9702
   2013.62716895      2.1255
   2013.62719749      2.3464
   2013.62722603      2.5101
   2013.62725457      2.6637
   2013.62728311      2.6866
   2013.62731164      2.9066
   2013.62734018      2.9811
   2013.62736872      3.2174
   2013.62739726      2.8975
   2013.62742580      3.0943
   2013.62745434      3.3523
   2013.62748288      3.0026
   2013.62751142      3.0341
   2013.62753995      3.0252
   2013.62756849      2.9413
   2013.62759703      2.8568
   2013.62762557      2.8097
   2013.62765411      2.7361
   2013.62768265      2.6437
   2013.62771119      2.5556
   2013.62773973      2.4885
   2013.62776826      2.3955
   2013.62779680      2.3035
   2013.62782534      2.2057
   2013.62785388      2.0883
   2013.62788242      2.0455
   2013.62791096      1.9592
   2013.62793950      1.8751
   2013.62796804      1.7728
   2013.62799658      1.7331
   2013.62802511      1.6621
   2013.62805365      1.5903
   2013.62808219      1.5315
   2013.62811073      1.4711
   2013.62813927      1.4600
   2013.62816781      1.3416
   2013.62819635      1.2913
   2013.62822489      1.2424
   2013.62825342      1.1944
   2013.62828196      1.1272
   2013.62831050      1.1416
   2013.62833904      1.0673
   2013.62836758      1.0142
   2013.62839612      0.9737
   2013.62842466      0.9201
   2013.62845320      0.8974
   2013.62848174      0.8643
   2013.62851027      0.8301
   2013.62853881      0.7994
   2013.62856735      0.7677
   2013.62859589      0.7373
   2013.62862443      0.7094
   2013.62865297      0.6854
   2013.62868151      0.6610
   2013.62871005      0.6375
   2013.62873858      0.6150
   2013.62876712      0.5962
   2013.62879566      0.5758
   2013.62882420      0.5557
   2013.62885274      0.5367
   2013.62888128      0.5228
   2013.62890982      0.5065
   2013.62893836      0.4903
   2013.62896689      0.4751
   2013.62899543      0.4666
   2013.62902397      0.4540
   2013.62905251      0.4411
   2013.62908105      0.4290
   2013.62910959      0.4265
   2013.62913813      0.4181
   2013.62916667      0.4089
   2013.62919521      0.4008
   2013.62922374      0.4074
   2013.62925228      0.4049
   2013.62928082      0.4009
   2013.62930936      0.3986
   2013.62933790      0.4183
   2013.62936644      0.4250
   2013.62939498      0.4300
   2013.62942352      0.4385
   2013.62945205      0.4791
   2013.62948059      0.5210
   2013.62950913      0.5408
   2013.62953767      0.5741
   2013.62956621      0.6531
   2013.62959475      0.7127
   2013.62962329      0.7897
   2013.62965183      0.8425
   2013.62968037      0.9714
   2013.62970890      1.0956
   2013.62973744      1.2484
   2013.62976598      1.4289
   2013.62979452      1.6977
   2013.62982306      1.9647
   2013.62985160      2.1611
   2013.62988014      2.3969
   2013.62990868      2.5067
   2013.62993721      2.8059
   2013.62996575      2.9573
   2013.62999429      3.0304
   2013.63002283      2.9828
   2013.63005137      3.2519
   2013.63007991      3.2857
   2013.63010845      3.5947
   2013.63013699      3.0823
   2013.63016553      3.2630
   2013.63019406      3.4433
   2013.63022260      3.0920
   2013.63025114      3.0638
   2013.63027968      2.9839
   2013.63030822      2.8625
   2013.63033676      2.7424
   2013.63036530      2.6205
   2013.63039384      2.4447
   2013.63042237      2.3139
   2013.63045091      2.1813
   2013.63047945      2.0567
   2013.63050799      1.9333
   2013.63053653      1.8261
   2013.63056507      1.6914
   2013.63059361      1.5851
   2013.63062215      1.4852
   2013.63065068      1.3907
   2013.63067922      1.3001
   2013.63070776      1.2128
   2013.63073630      1.1476
   2013.63076484      1.0629
   2013.63079338      0.9752
   2013.63082192      0.9243
   2013.63085046      0.8638
   2013.63087900      0.8052
   2013.63090753      0.7500
   2013.63093607      0.6986
   2013.63096461      0.6520
   2013.63099315      0.6101
   2013.63102169      0.5720
   2013.63105023      0.5371
   2013.63107877      0.5052
   2013.63110731      0.4759
   2013.63113584      0.4488
   2013.63116438      0.4236
   2013.63119292      0.4002
   2013.63122146      0.3783
   2013.63125000      0.3580
   2013.63127854      0.3391
   2013.63130708      0.3216
   2013.63133562      0.3052
   2013.63136416      0.2901
   2013.63139269      0.2759
   2013.63142123      0.2627
   2013.63144977      0.2504
   2013.63147831      0.2387
   2013.63150685      0.2277
   2013.63153539      0.2173
   2013.63156393      0.2075
   2013.63159247      0.1983
   2013.63162100      0.1897
   2013.63164954      0.1816
   2013.63167808      0.1740
   2013.63170662      0.1668
   2013.63173516      0.1600
   2013.63176370      0.1535
   2013.63179224      0.1474
   2013.63182078      0.1417
   2013.63184932      0.1362
   2013.63187785      0.1310
   2013.63190639      0.1261
   2013.63193493      0.1215
   2013.63196347      0.1171
   2013.63199201      0.1129
   2013.63202055      0.1089
   2013.63204909      0.1051
   2013.63207763      0.1015
