   2013.62465753      0.0000
   2013.62468607      0.0000
   2013.62471461      0.0000
   2013.62474315      0.0000
   2013.62477169      0.0000
   2013.62480023      0.0000
   2013.62482877      0.0000
   2013.62485731      0.0000
   2013.62488584      0.0000
   2013.62491438      0.0000
   2013.62494292      0.0000
   2013.62497146      0.0000
   2013.62500000      0.0000
   2013.62502854      0.0000
   2013.62505708      0.0000
   2013.62508562      0.0000
   2013.62511416      0.0000
   2013.62514269      0.0000
   2013.62517123      0.0000
   2013.62519977      0.0000
   2013.62522831      0.0000
   2013.62525685      0.0000
   2013.62528539      0.0000
   2013.62531393      0.0000
   2013.62534247      0.0000
   2013.62537100      0.0000
   2013.62539954      0.0000
   2013.62542808      0.0000
   2013.62545662      0.0000
   2013.62548516      0.0000
   2013.62551370      0.0000
   2013.62554224      0.0000
   2013.62557078      0.0000
   2013.62559932      0.0000
   2013.62562785      0.0000
   2013.62565639      0.0000
   2013.62568493      0.0000
   2013.62571347      0.0000
   2013.62574201      0.0000
   2013.62577055      0.0000
   2013.62579909      0.0000
   2013.62582763      0.0000
   2013.62585616      0.0000
   2013.62588470      0.0000
   2013.62591324      0.0000
   2013.62594178      0.0000
   2013.62597032      0.0000
   2013.62599886      0.0000
   2013.62602740      0.0000
   2013.62605594      0.0000
   2013.62608447      0.0000
   2013.62611301      0.0000
   2013.62614155      0.0000
   2013.62617009      0.0000
   2013.62619863      0.0001
   2013.62622717      0.0002
   2013.62625571      0.0003
   2013.62628425      0.0003
   2013.62631279      0.0004
   2013.62634132      0.0005
   2013.62636986      0.0006
   2013.62639840      0.0007
   2013.62642694      0.0007
   2013.62645548      0.9602
   2013.62648402      3.0263
   2013.62651256      3.4082
   2013.62654110      3.1958
   2013.62656963      3.1077
   2013.62659817      2.9892
   2013.62662671      2.8803
   2013.62665525      2.7977
   2013.62668379      2.7383
   2013.62671233      2.6972
   2013.62674087      2.6710
   2013.62676941      2.6563
   2013.62679795      2.6492
   2013.62682648      2.6460
   2013.62685502      2.6444
   2013.62688356      2.6426
   2013.62691210      2.6396
   2013.62694064      2.6345
   2013.62696918      2.6276
   2013.62699772      2.5919
   2013.62702626      2.5555
   2013.62705479      2.5067
   2013.62708333      2.3892
   2013.62711187      2.3037
   2013.62714041      2.2156
   2013.62716895      2.1180
   2013.62719749      2.0165
   2013.62722603      1.9115
   2013.62725457      1.7916
   2013.62728311      1.6860
   2013.62731164      1.5825
   2013.62734018      1.4808
   2013.62736872      1.3797
   2013.62739726      1.2814
   2013.62742580      1.2360
   2013.62745434      1.0978
   2013.62748288      1.0158
   2013.62751142      0.9380
   2013.62753995      0.8657
   2013.62756849      0.7957
   2013.62759703      0.7289
   2013.62762557      0.6674
   2013.62765411      0.6119
   2013.62768265      0.5614
   2013.62771119      0.5155
   2013.62773973      0.4739
   2013.62776826      0.4364
   2013.62779680      0.4022
   2013.62782534      0.3710
   2013.62785388      0.3426
   2013.62788242      0.3165
   2013.62791096      0.2927
   2013.62793950      0.2710
   2013.62796804      0.2510
   2013.62799658      0.2326
   2013.62802511      0.2155
   2013.62805365      0.1998
   2013.62808219      0.1854
   2013.62811073      0.1722
   2013.62813927      0.1600
   2013.62816781      0.1488
   2013.62819635      0.1384
   2013.62822489      0.1289
   2013.62825342      0.1200
   2013.62828196      0.1118
   2013.62831050      0.1042
