   2013.62465753      0.0000
   2013.62468607      0.0000
   2013.62471461      0.0000
   2013.62474315      0.0000
   2013.62477169      0.0000
   2013.62480023      0.0000
   2013.62482877      0.0000
   2013.62485731      0.0000
   2013.62488584      0.0000
   2013.62491438      0.0000
   2013.62494292      0.0000
   2013.62497146      0.0000
   2013.62500000      0.0000
   2013.62502854      0.0000
   2013.62505708      0.0000
   2013.62508562      0.0000
   2013.62511416      0.0000
   2013.62514269      0.0000
   2013.62517123      0.0000
   2013.62519977      0.0000
   2013.62522831      0.0000
   2013.62525685      0.0000
   2013.62528539      0.0000
   2013.62531393      0.0000
   2013.62534247      0.0000
   2013.62537100      0.0000
   2013.62539954      0.0000
   2013.62542808      0.0000
   2013.62545662      0.0000
   2013.62548516      0.0036
   2013.62551370      0.0030
   2013.62554224      0.0030
   2013.62557078      0.0206
   2013.62559932      0.0598
   2013.62562785      0.0985
   2013.62565639      0.1740
   2013.62568493      0.3007
   2013.62571347      0.4752
   2013.62574201      0.7483
   2013.62577055      1.1470
   2013.62579909      1.7469
   2013.62582763      2.6287
   2013.62585616      3.7826
   2013.62588470      4.6848
   2013.62591324      5.1490
   2013.62594178      5.5273
   2013.62597032      5.7605
   2013.62599886      5.4666
   2013.62602740      5.2119
   2013.62605594      5.3202
   2013.62608447      5.2978
   2013.62611301      5.0375
   2013.62614155      4.4850
   2013.62617009      4.3695
   2013.62619863      4.0126
   2013.62622717      3.9863
   2013.62625571      3.5013
   2013.62628425      3.5357
   2013.62631279      3.3094
   2013.62634132      3.1726
   2013.62636986      3.1936
   2013.62639840      3.1577
   2013.62642694      3.0697
   2013.62645548      3.0688
   2013.62648402      3.2574
   2013.62651256      3.3616
   2013.62654110      3.4045
   2013.62656963      3.5887
   2013.62659817      3.6194
   2013.62662671      4.0262
   2013.62665525      4.0793
   2013.62668379      4.2759
   2013.62671233      4.4849
   2013.62674087      4.6026
   2013.62676941      4.5817
   2013.62679795      4.7127
   2013.62682648      4.8300
   2013.62685502      4.8928
   2013.62688356      4.8023
   2013.62691210      4.8761
   2013.62694064      4.6713
   2013.62696918      4.9409
   2013.62699772      4.7940
   2013.62702626      4.7982
   2013.62705479      4.8012
   2013.62708333      4.7751
   2013.62711187      4.6781
   2013.62714041      4.5459
   2013.62716895      4.3357
   2013.62719749      4.3509
   2013.62722603      4.3103
   2013.62725457      4.1786
   2013.62728311      4.0369
   2013.62731164      4.0413
   2013.62734018      3.8294
   2013.62736872      3.6759
   2013.62739726      3.3751
   2013.62742580      3.5188
   2013.62745434      3.6766
   2013.62748288      3.2102
   2013.62751142      3.0597
   2013.62753995      3.1201
   2013.62756849      2.9625
   2013.62759703      2.8243
   2013.62762557      2.7550
   2013.62765411      2.6342
   2013.62768265      2.5197
   2013.62771119      2.3413
   2013.62773973      2.2763
   2013.62776826      2.2103
   2013.62779680      2.0666
   2013.62782534      1.9606
   2013.62785388      1.8898
   2013.62788242      1.8352
   2013.62791096      1.7190
   2013.62793950      1.6454
   2013.62796804      1.5109
   2013.62799658      1.5174
   2013.62802511      1.4541
   2013.62805365      1.3590
   2013.62808219      1.3133
   2013.62811073      1.2768
   2013.62813927      1.1988
   2013.62816781      1.1260
   2013.62819635      1.0670
   2013.62822489      1.0642
   2013.62825342      1.0144
   2013.62828196      0.9713
   2013.62831050      0.9409
   2013.62833904      0.9225
   2013.62836758      0.8876
   2013.62839612      0.8561
   2013.62842466      0.8436
   2013.62845320      0.8729
   2013.62848174      0.8166
   2013.62851027      0.7997
   2013.62853881      0.8224
   2013.62856735      0.8524
   2013.62859589      0.8238
   2013.62862443      0.8210
   2013.62865297      0.8654
   2013.62868151      0.9222
   2013.62871005      0.9140
   2013.62873858      0.9390
   2013.62876712      1.0200
   2013.62879566      1.0645
   2013.62882420      1.1436
   2013.62885274      1.2131
   2013.62888128      1.3625
   2013.62890982      1.4966
   2013.62893836      1.6364
   2013.62896689      1.7596
   2013.62899543      1.9997
   2013.62902397      2.2053
   2013.62905251      2.3438
   2013.62908105      2.5429
   2013.62910959      2.8276
   2013.62913813      3.0533
   2013.62916667      3.1805
   2013.62919521      3.3250
   2013.62922374      3.6876
   2013.62925228      3.8360
   2013.62928082      3.8962
   2013.62930936      4.0908
   2013.62933790      4.1754
   2013.62936644      4.5336
   2013.62939498      4.4749
   2013.62942352      4.6482
   2013.62945205      4.3366
   2013.62948059      4.9261
   2013.62950913      5.0803
   2013.62953767      5.4113
   2013.62956621      4.8280
   2013.62959475      4.9694
   2013.62962329      4.5890
   2013.62965183      4.5157
   2013.62968037      4.6832
   2013.62970890      4.8628
   2013.62973744      4.9200
   2013.62976598      4.7661
   2013.62979452      4.4835
   2013.62982306      4.1645
   2013.62985160      3.8732
   2013.62988014      3.6652
   2013.62990868      3.4536
   2013.62993721      3.5927
   2013.62996575      3.4950
   2013.62999429      3.2157
   2013.63002283      3.0006
   2013.63005137      2.7964
   2013.63007991      2.5778
   2013.63010845      2.3734
   2013.63013699      2.1933
   2013.63016553      2.0430
   2013.63019406      1.8919
   2013.63022260      1.7704
   2013.63025114      1.6589
   2013.63027968      1.5513
   2013.63030822      1.4448
   2013.63033676      1.3403
   2013.63036530      1.2406
   2013.63039384      1.1436
   2013.63042237      1.0614
   2013.63045091      0.9814
   2013.63047945      0.9109
   2013.63050799      0.8444
   2013.63053653      0.7806
   2013.63056507      0.7207
   2013.63059361      0.6657
   2013.63062215      0.6161
   2013.63065068      0.5705
   2013.63067922      0.5286
   2013.63070776      0.4904
   2013.63073630      0.4556
   2013.63076484      0.4236
   2013.63079338      0.3941
   2013.63082192      0.3668
   2013.63085046      0.3417
   2013.63087900      0.3184
   2013.63090753      0.2968
   2013.63093607      0.2770
   2013.63096461      0.2586
   2013.63099315      0.2416
   2013.63102169      0.2256
   2013.63105023      0.2107
   2013.63107877      0.1970
   2013.63110731      0.1842
   2013.63113584      0.1723
   2013.63116438      0.1613
   2013.63119292      0.1511
   2013.63122146      0.1416
   2013.63125000      0.1328
   2013.63127854      0.1246
   2013.63130708      0.1169
   2013.63133562      0.1097
   2013.63136416      0.1030
