   2013.62465753      0.0000
   2013.62468607      0.0000
   2013.62471461      0.0000
   2013.62474315      0.0000
   2013.62477169      0.0000
   2013.62480023      0.0000
   2013.62482877      0.0000
   2013.62485731      0.0000
   2013.62488584      0.0000
   2013.62491438      0.0000
   2013.62494292      0.0000
   2013.62497146      0.0000
   2013.62500000      0.0000
   2013.62502854      0.0000
   2013.62505708      0.0000
   2013.62508562      0.0000
   2013.62511416      0.0000
   2013.62514269      0.0000
   2013.62517123      0.0000
   2013.62519977      0.0000
   2013.62522831      0.0000
   2013.62525685      0.0000
   2013.62528539      0.0000
   2013.62531393      0.0000
   2013.62534247      0.0000
   2013.62537100      0.0000
   2013.62539954      0.0000
   2013.62542808      0.0000
   2013.62545662      0.0000
   2013.62548516      0.0000
   2013.62551370      0.0000
   2013.62554224      0.0000
   2013.62557078      0.0000
   2013.62559932      0.0000
   2013.62562785      0.0000
   2013.62565639      0.0000
   2013.62568493      0.0000
   2013.62571347      0.0000
   2013.62574201      0.0000
   2013.62577055      0.0000
   2013.62579909      0.0000
   2013.62582763      0.0000
   2013.62585616      0.0000
   2013.62588470      0.0000
   2013.62591324      0.0000
   2013.62594178      0.0000
   2013.62597032      0.0000
   2013.62599886      0.0000
   2013.62602740      0.0000
   2013.62605594      0.0000
   2013.62608447      0.0000
   2013.62611301      0.0000
   2013.62614155      0.0000
   2013.62617009      0.0000
   2013.62619863      0.0000
   2013.62622717      0.0000
   2013.62625571      0.0000
   2013.62628425      1.2396
   2013.62631279      7.9682
   2013.62634132     17.4011
   2013.62636986     39.5815
   2013.62639840     46.0253
   2013.62642694     39.2010
   2013.62645548     29.8840
   2013.62648402     23.5051
   2013.62651256     18.7566
   2013.62654110     15.7840
   2013.62656963     13.0870
   2013.62659817     11.3147
   2013.62662671     10.0854
   2013.62665525      8.9539
   2013.62668379      8.2830
   2013.62671233      7.7960
   2013.62674087      7.2541
   2013.62676941      6.7530
   2013.62679795      6.2897
   2013.62682648      5.8893
   2013.62685502      5.5674
   2013.62688356      5.3090
   2013.62691210      5.0676
   2013.62694064      5.1450
   2013.62696918      4.8964
   2013.62699772      4.3616
   2013.62702626      4.0761
   2013.62705479      3.8631
   2013.62708333      3.6121
   2013.62711187      3.6587
   2013.62714041      3.2928
   2013.62716895      3.1441
   2013.62719749      2.9733
   2013.62722603      2.7246
   2013.62725457      2.5368
   2013.62728311      2.3570
   2013.62731164      2.1841
   2013.62734018      2.0426
   2013.62736872      1.8565
   2013.62739726      1.7156
   2013.62742580      1.5870
   2013.62745434      1.4682
   2013.62748288      1.3568
   2013.62751142      1.2524
   2013.62753995      1.1511
   2013.62756849      1.0659
   2013.62759703      0.9822
   2013.62762557      0.9086
   2013.62765411      0.8379
   2013.62768265      0.7697
   2013.62771119      0.7057
   2013.62773973      0.6473
   2013.62776826      0.5946
   2013.62779680      0.5464
   2013.62782534      0.5026
   2013.62785388      0.4630
   2013.62788242      0.4269
   2013.62791096      0.3941
   2013.62793950      0.3640
   2013.62796804      0.3364
   2013.62799658      0.3112
   2013.62802511      0.2880
   2013.62805365      0.2668
   2013.62808219      0.2473
   2013.62811073      0.2292
   2013.62813927      0.2125
   2013.62816781      0.1970
   2013.62819635      0.1829
   2013.62822489      0.1698
   2013.62825342      0.1577
   2013.62828196      0.1466
   2013.62831050      0.1364
   2013.62833904      0.1269
   2013.62836758      0.1182
   2013.62839612      0.1100
   2013.62842466      0.1025
