   2013.62465753      0.0000
   2013.62468607      0.0000
   2013.62471461      0.0000
   2013.62474315      0.0000
   2013.62477169      0.0000
   2013.62480023      0.0000
   2013.62482877      0.0000
   2013.62485731      0.0000
   2013.62488584      0.0000
   2013.62491438      0.0000
   2013.62494292      0.0000
   2013.62497146      0.0000
   2013.62500000      0.0000
   2013.62502854      0.0000
   2013.62505708      0.0000
   2013.62508562      0.0000
   2013.62511416      0.0000
   2013.62514269      0.0000
   2013.62517123      0.0000
   2013.62519977      0.0000
   2013.62522831      0.0000
   2013.62525685      0.0000
   2013.62528539      0.0000
   2013.62531393      0.0000
   2013.62534247      0.0000
   2013.62537100      0.0000
   2013.62539954      0.0000
   2013.62542808      0.0000
   2013.62545662      0.0000
   2013.62548516      0.0000
   2013.62551370      0.0000
   2013.62554224      0.0000
   2013.62557078      0.0000
   2013.62559932      0.0000
   2013.62562785      0.0000
   2013.62565639      0.0000
   2013.62568493      0.0000
   2013.62571347      0.0003
   2013.62574201      0.0008
   2013.62577055      0.0011
   2013.62579909      0.0014
   2013.62582763      0.0017
   2013.62585616      0.0019
   2013.62588470      0.0021
   2013.62591324      0.0023
   2013.62594178      0.0133
   2013.62597032      0.0473
   2013.62599886      0.0765
   2013.62602740      0.1263
   2013.62605594      0.2105
   2013.62608447      0.3278
   2013.62611301      0.4830
   2013.62614155      0.7526
   2013.62617009      1.1370
   2013.62619863      1.7157
   2013.62622717      2.5608
   2013.62625571      3.4374
   2013.62628425      4.2441
   2013.62631279      4.8083
   2013.62634132      5.1806
   2013.62636986      5.4157
   2013.62639840      5.5426
   2013.62642694      5.6833
   2013.62645548      5.4631
   2013.62648402      5.2525
   2013.62651256      5.2671
   2013.62654110      4.9544
   2013.62656963      4.3898
   2013.62659817      4.4292
   2013.62662671      3.9201
   2013.62665525      3.4625
   2013.62668379      3.2624
   2013.62671233      2.9683
   2013.62674087      2.7358
   2013.62676941      2.5151
   2013.62679795      2.3087
   2013.62682648      2.1205
   2013.62685502      1.9277
   2013.62688356      1.7691
   2013.62691210      1.6257
   2013.62694064      1.4949
   2013.62696918      1.3742
   2013.62699772      1.2630
   2013.62702626      1.1760
   2013.62705479      1.0788
   2013.62708333      0.9847
   2013.62711187      0.9195
   2013.62714041      0.8502
   2013.62716895      0.7854
   2013.62719749      0.7256
   2013.62722603      0.6713
   2013.62725457      0.6230
   2013.62728311      0.5795
   2013.62731164      0.5403
   2013.62734018      0.5049
   2013.62736872      0.4728
   2013.62739726      0.4435
   2013.62742580      0.4164
   2013.62745434      0.3915
   2013.62748288      0.3684
   2013.62751142      0.3470
   2013.62753995      0.3273
   2013.62756849      0.3090
   2013.62759703      0.2921
   2013.62762557      0.2765
   2013.62765411      0.2620
   2013.62768265      0.2484
   2013.62771119      0.2357
   2013.62773973      0.2237
   2013.62776826      0.2125
   2013.62779680      0.2020
   2013.62782534      0.1922
   2013.62785388      0.1831
   2013.62788242      0.1744
   2013.62791096      0.1664
   2013.62793950      0.1587
   2013.62796804      0.1516
   2013.62799658      0.1448
   2013.62802511      0.1385
   2013.62805365      0.1325
   2013.62808219      0.1268
   2013.62811073      0.1214
   2013.62813927      0.1164
   2013.62816781      0.1116
   2013.62819635      0.1071
   2013.62822489      0.1027
