   2013.62465753      0.0000
   2013.62468607      0.0000
   2013.62471461      0.0000
   2013.62474315      0.0000
   2013.62477169      0.0000
   2013.62480023      0.0000
   2013.62482877      0.0000
   2013.62485731      0.0000
   2013.62488584      0.0000
   2013.62491438      0.0001
   2013.62494292      0.0005
   2013.62497146      0.0008
   2013.62500000      0.0060
   2013.62502854      0.0041
   2013.62505708      0.0037
   2013.62508562      0.0089
   2013.62511416      0.0557
   2013.62514269      0.1075
   2013.62517123      0.1887
   2013.62519977      0.3384
   2013.62522831      0.6232
   2013.62525685      1.0725
   2013.62528539      1.7349
   2013.62531393      2.6615
   2013.62534247      4.0753
   2013.62537100      5.8069
   2013.62539954      7.1688
   2013.62542808      8.0089
   2013.62545662      8.6011
   2013.62548516      8.7263
   2013.62551370      8.9339
   2013.62554224      8.9256
   2013.62557078      9.2345
   2013.62559932      9.1766
   2013.62562785      9.3012
   2013.62565639      9.2546
   2013.62568493      9.6406
   2013.62571347      9.6703
   2013.62574201      9.8342
   2013.62577055      9.7700
   2013.62579909     10.3456
   2013.62582763     10.9285
   2013.62585616     12.8580
   2013.62588470     14.1230
   2013.62591324     13.7501
   2013.62594178     13.0714
   2013.62597032     12.1644
   2013.62599886     11.5208
   2013.62602740     11.5276
   2013.62605594     11.9920
   2013.62608447     12.3571
   2013.62611301     11.9616
   2013.62614155     10.6523
   2013.62617009      9.3373
   2013.62619863      8.8797
   2013.62622717      7.0374
   2013.62625571      6.1126
   2013.62628425      6.0841
   2013.62631279      5.2641
   2013.62634132      5.4418
   2013.62636986      4.7477
   2013.62639840      4.2587
   2013.62642694      3.8302
   2013.62645548      3.3779
   2013.62648402      2.9834
   2013.62651256      2.7445
   2013.62654110      2.4092
   2013.62656963      2.0119
   2013.62659817      1.8120
   2013.62662671      1.6075
   2013.62665525      1.4274
   2013.62668379      1.2888
   2013.62671233      1.1416
   2013.62674087      1.0149
   2013.62676941      0.9207
   2013.62679795      0.8288
   2013.62682648      0.7457
   2013.62685502      0.6718
   2013.62688356      0.6071
   2013.62691210      0.5497
   2013.62694064      0.4989
   2013.62696918      0.4542
   2013.62699772      0.4146
   2013.62702626      0.3792
   2013.62705479      0.3476
   2013.62708333      0.3191
   2013.62711187      0.2934
   2013.62714041      0.2703
   2013.62716895      0.2492
   2013.62719749      0.2299
   2013.62722603      0.2122
   2013.62725457      0.1961
   2013.62728311      0.1814
   2013.62731164      0.1680
   2013.62734018      0.1557
   2013.62736872      0.1445
   2013.62739726      0.1342
   2013.62742580      0.1248
   2013.62745434      0.1161
   2013.62748288      0.1081
   2013.62751142      0.1008
   2013.62753995      0.0940
   2013.62756849      0.0877
   2013.62759703      0.0818
   2013.62762557      0.0764
   2013.62765411      0.0713
   2013.62768265      0.0665
   2013.62771119      0.0620
   2013.62773973      0.0577
   2013.62776826      0.0538
   2013.62779680      0.0502
