   2013.62465753      0.0000
   2013.62468607      0.0000
   2013.62471461      0.0000
   2013.62474315      0.0000
   2013.62477169      0.0000
   2013.62480023      0.0000
   2013.62482877      0.0000
   2013.62485731      0.0000
   2013.62488584      0.0000
   2013.62491438      0.0000
   2013.62494292      0.0000
   2013.62497146      0.0000
   2013.62500000      0.0000
   2013.62502854      0.0000
   2013.62505708      0.0000
   2013.62508562      0.0000
   2013.62511416      0.0000
   2013.62514269      0.0000
   2013.62517123      0.0000
   2013.62519977      0.0000
   2013.62522831      0.0000
   2013.62525685      0.0000
   2013.62528539      0.0000
   2013.62531393      0.0000
   2013.62534247      0.0000
   2013.62537100      0.0000
   2013.62539954      0.0000
   2013.62542808      0.0000
   2013.62545662      0.0000
   2013.62548516      0.0000
   2013.62551370      0.0000
   2013.62554224      0.0000
   2013.62557078      0.0000
   2013.62559932      0.0000
   2013.62562785      0.0000
   2013.62565639      0.0000
   2013.62568493      0.0000
   2013.62571347      0.0000
   2013.62574201      0.0000
   2013.62577055      0.0000
   2013.62579909      0.0000
   2013.62582763      0.0000
   2013.62585616      0.0000
   2013.62588470      0.0000
   2013.62591324      0.0000
   2013.62594178      0.0000
   2013.62597032      0.0000
   2013.62599886      0.0000
   2013.62602740      0.0000
   2013.62605594      0.0000
   2013.62608447      0.0000
   2013.62611301      0.0000
   2013.62614155      0.0000
   2013.62617009      0.0000
   2013.62619863      0.0000
   2013.62622717      0.0000
   2013.62625571      0.0000
   2013.62628425      0.0000
   2013.62631279      0.0000
   2013.62634132      0.0000
   2013.62636986      0.0000
   2013.62639840      0.0000
   2013.62642694      0.0000
   2013.62645548      0.0000
   2013.62648402      0.0000
   2013.62651256      0.0000
   2013.62654110      0.0000
   2013.62656963      0.0000
   2013.62659817      0.0000
   2013.62662671      0.5929
   2013.62665525      2.6390
   2013.62668379      7.3183
   2013.62671233     16.2518
   2013.62674087     31.5180
   2013.62676941     31.7406
   2013.62679795     26.5612
   2013.62682648     20.7511
   2013.62685502     16.9476
   2013.62688356     13.5026
   2013.62691210     10.9296
   2013.62694064      9.1238
   2013.62696918      7.6930
   2013.62699772      7.0269
   2013.62702626      5.5408
   2013.62705479      5.1054
   2013.62708333      4.0584
   2013.62711187      3.4766
   2013.62714041      3.0127
   2013.62716895      2.7398
   2013.62719749      2.2540
   2013.62722603      2.0156
   2013.62725457      1.7805
   2013.62728311      1.5754
   2013.62731164      1.3961
   2013.62734018      1.2548
   2013.62736872      1.1158
   2013.62739726      0.9948
   2013.62742580      0.8990
   2013.62745434      0.8079
   2013.62748288      0.7260
   2013.62751142      0.6535
   2013.62753995      0.5900
   2013.62756849      0.5337
   2013.62759703      0.4840
   2013.62762557      0.4402
   2013.62765411      0.4013
   2013.62768265      0.3667
   2013.62771119      0.3357
   2013.62773973      0.3079
   2013.62776826      0.2828
   2013.62779680      0.2601
   2013.62782534      0.2394
   2013.62785388      0.2205
   2013.62788242      0.2032
   2013.62791096      0.1875
   2013.62793950      0.1732
   2013.62796804      0.1602
   2013.62799658      0.1483
   2013.62802511      0.1374
   2013.62805365      0.1275
   2013.62808219      0.1183
   2013.62811073      0.1098
   2013.62813927      0.1021
