   2013.62465753      0.0000
   2013.62468607      0.0000
   2013.62471461      0.0000
   2013.62474315      0.0000
   2013.62477169      0.0000
   2013.62480023      0.0000
   2013.62482877      0.0000
   2013.62485731      0.0000
   2013.62488584      0.0000
   2013.62491438      0.0000
   2013.62494292      0.0000
   2013.62497146      0.0000
   2013.62500000      0.0000
   2013.62502854      0.0000
   2013.62505708      0.0000
   2013.62508562      0.0000
   2013.62511416      0.0000
   2013.62514269      0.0000
   2013.62517123      0.0000
   2013.62519977      0.0000
   2013.62522831      0.0000
   2013.62525685      0.0000
   2013.62528539      0.0000
   2013.62531393      0.0000
   2013.62534247      0.0000
   2013.62537100      0.0000
   2013.62539954      0.0000
   2013.62542808      0.0000
   2013.62545662      0.0000
   2013.62548516      0.0000
   2013.62551370      0.0000
   2013.62554224      0.0000
   2013.62557078      0.0000
   2013.62559932      0.0000
   2013.62562785      0.0000
   2013.62565639      0.0000
   2013.62568493      0.0000
   2013.62571347      0.0001
   2013.62574201      0.0003
   2013.62577055      0.0004
   2013.62579909      0.0006
   2013.62582763      0.0007
   2013.62585616      0.0004
   2013.62588470      0.0003
   2013.62591324      0.0003
   2013.62594178      0.0002
   2013.62597032      0.0002
   2013.62599886      0.0002
   2013.62602740      0.0001
   2013.62605594      0.0001
   2013.62608447      0.0001
   2013.62611301      0.0001
   2013.62614155      0.0001
   2013.62617009      0.0001
   2013.62619863      0.0001
   2013.62622717      0.0001
   2013.62625571      0.0001
   2013.62628425      0.0011
   2013.62631279      0.0091
   2013.62634132      0.0168
   2013.62636986      0.0222
   2013.62639840      0.0261
   2013.62642694      0.0294
   2013.62645548      0.0316
   2013.62648402      0.0340
   2013.62651256      0.0366
   2013.62654110      0.0396
   2013.62656963      0.0429
   2013.62659817      0.0465
   2013.62662671      0.0505
   2013.62665525      0.0549
   2013.62668379      0.0599
   2013.62671233      0.0656
   2013.62674087      0.0723
   2013.62676941      0.0802
   2013.62679795      0.0900
   2013.62682648      0.1025
   2013.62685502      0.1176
   2013.62688356      0.1347
   2013.62691210      0.1521
   2013.62694064      0.1681
   2013.62696918      0.1811
   2013.62699772      0.1907
   2013.62702626      0.1968
   2013.62705479      0.2006
   2013.62708333      0.2013
   2013.62711187      0.1999
   2013.62714041      0.1971
   2013.62716895      0.1940
   2013.62719749      0.1898
   2013.62722603      0.1850
   2013.62725457      0.1799
   2013.62728311      0.1756
   2013.62731164      0.1706
   2013.62734018      0.1654
   2013.62736872      0.1604
   2013.62739726      0.1564
   2013.62742580      0.1518
   2013.62745434      0.1472
   2013.62748288      0.1428
   2013.62751142      0.1395
   2013.62753995      0.1356
   2013.62756849      0.1318
   2013.62759703      0.1282
   2013.62762557      0.1257
   2013.62765411      0.1225
   2013.62768265      0.1194
   2013.62771119      0.1165
   2013.62773973      0.1147
   2013.62776826      0.1123
   2013.62779680      0.1098
   2013.62782534      0.1074
   2013.62785388      0.1064
   2013.62788242      0.1045
   2013.62791096      0.1025
   2013.62793950      0.1007
   2013.62796804      0.1003
   2013.62799658      0.0989
   2013.62802511      0.0975
   2013.62805365      0.0962
   2013.62808219      0.0963
   2013.62811073      0.0954
   2013.62813927      0.0944
   2013.62816781      0.0936
   2013.62819635      0.0942
   2013.62822489      0.0938
   2013.62825342      0.0933
   2013.62828196      0.0930
   2013.62831050      0.0942
   2013.62833904      0.0943
   2013.62836758      0.0943
   2013.62839612      0.0945
   2013.62842466      0.0963
   2013.62845320      0.0970
   2013.62848174      0.0976
   2013.62851027      0.0983
   2013.62853881      0.1009
   2013.62856735      0.1023
   2013.62859589      0.1036
   2013.62862443      0.1051
   2013.62865297      0.1087
   2013.62868151      0.1110
   2013.62871005      0.1133
   2013.62873858      0.1158
   2013.62876712      0.1207
   2013.62879566      0.1242
   2013.62882420      0.1278
   2013.62885274      0.1317
   2013.62888128      0.1382
   2013.62890982      0.1433
   2013.62893836      0.1484
   2013.62896689      0.1537
   2013.62899543      0.1618
   2013.62902397      0.1682
   2013.62905251      0.1742
   2013.62908105      0.1799
   2013.62910959      0.1886
   2013.62913813      0.1952
   2013.62916667      0.2014
   2013.62919521      0.2075
   2013.62922374      0.2170
   2013.62925228      0.2239
   2013.62928082      0.2299
   2013.62930936      0.2356
   2013.62933790      0.2450
   2013.62936644      0.2513
   2013.62939498      0.2570
   2013.62942352      0.2624
   2013.62945205      0.2719
   2013.62948059      0.2781
   2013.62950913      0.2834
   2013.62953767      0.2885
   2013.62956621      0.2984
   2013.62959475      0.3045
   2013.62962329      0.3096
   2013.62965183      0.3145
   2013.62968037      0.3249
   2013.62970890      0.3312
   2013.62973744      0.3364
   2013.62976598      0.3416
   2013.62979452      0.3528
   2013.62982306      0.3594
   2013.62985160      0.3649
   2013.62988014      0.3705
   2013.62990868      0.3829
   2013.62993721      0.3901
   2013.62996575      0.3961
   2013.62999429      0.4024
   2013.63002283      0.4160
   2013.63005137      0.4240
   2013.63007991      0.4307
   2013.63010845      0.4377
   2013.63013699      0.4528
   2013.63016553      0.4616
   2013.63019406      0.4691
   2013.63022260      0.4770
   2013.63025114      0.4848
   2013.63027968      0.4916
   2013.63030822      0.4980
   2013.63033676      0.5039
   2013.63036530      0.5087
   2013.63039384      0.5117
   2013.63042237      0.5130
   2013.63045091      0.5130
   2013.63047945      0.5120
   2013.63050799      0.5103
   2013.63053653      0.5078
   2013.63056507      0.5044
   2013.63059361      0.5001
   2013.63062215      0.4948
   2013.63065068      0.4886
   2013.63067922      0.4815
   2013.63070776      0.4737
   2013.63073630      0.4652
   2013.63076484      0.4562
   2013.63079338      0.4467
   2013.63082192      0.4367
   2013.63085046      0.4261
   2013.63087900      0.4151
   2013.63090753      0.4037
   2013.63093607      0.3920
   2013.63096461      0.3801
   2013.63099315      0.3681
   2013.63102169      0.3561
   2013.63105023      0.3440
   2013.63107877      0.3321
   2013.63110731      0.3204
   2013.63113584      0.3089
   2013.63116438      0.2976
   2013.63119292      0.2866
   2013.63122146      0.2759
   2013.63125000      0.2656
   2013.63127854      0.2556
   2013.63130708      0.2460
   2013.63133562      0.2366
   2013.63136416      0.2275
   2013.63139269      0.2187
   2013.63142123      0.2103
   2013.63144977      0.2022
   2013.63147831      0.1945
   2013.63150685      0.1871
   2013.63153539      0.1801
   2013.63156393      0.1733
   2013.63159247      0.1669
   2013.63162100      0.1607
   2013.63164954      0.1548
   2013.63167808      0.1491
   2013.63170662      0.1438
   2013.63173516      0.1386
   2013.63176370      0.1337
   2013.63179224      0.1290
   2013.63182078      0.1245
   2013.63184932      0.1203
   2013.63187785      0.1162
   2013.63190639      0.1123
   2013.63193493      0.1086
   2013.63196347      0.1050
   2013.63199201      0.1016
   2013.63202055      0.0984
   2013.63204909      0.0952
   2013.63207763      0.0922
   2013.63210616      0.0894
   2013.63213470      0.0867
   2013.63216324      0.0840
   2013.63219178      0.0815
   2013.63222032      0.0791
   2013.63224886      0.0768
   2013.63227740      0.0745
   2013.63230594      0.0723
   2013.63233447      0.0702
   2013.63236301      0.0682
   2013.63239155      0.0663
   2013.63242009      0.0644
   2013.63244863      0.0626
   2013.63247717      0.0609
   2013.63250571      0.0592
