   2013.62465753      0.0000
   2013.62468607      0.0000
   2013.62471461      0.0000
   2013.62474315      0.0000
   2013.62477169      0.0000
   2013.62480023      0.0000
   2013.62482877      0.0000
   2013.62485731      0.0000
   2013.62488584      0.0000
   2013.62491438      0.0000
   2013.62494292      0.0000
   2013.62497146      0.0000
   2013.62500000      0.0000
   2013.62502854      0.0000
   2013.62505708      0.0000
   2013.62508562      0.0000
   2013.62511416      0.0000
   2013.62514269      0.0000
   2013.62517123      0.0000
   2013.62519977      0.0000
   2013.62522831      0.0000
   2013.62525685      0.0000
   2013.62528539      0.0000
   2013.62531393      0.0000
   2013.62534247      0.0000
   2013.62537100      0.0000
   2013.62539954      0.0000
   2013.62542808      0.0000
   2013.62545662      0.0000
   2013.62548516      0.0000
   2013.62551370      0.0000
   2013.62554224      0.0000
   2013.62557078      0.0000
   2013.62559932      0.0000
   2013.62562785      0.0000
   2013.62565639      0.0000
   2013.62568493      0.0000
   2013.62571347      0.0000
   2013.62574201      0.0000
   2013.62577055      0.0000
   2013.62579909      0.0000
   2013.62582763      0.0000
   2013.62585616      0.0000
   2013.62588470      0.0000
   2013.62591324      0.0000
   2013.62594178      0.0000
   2013.62597032      0.0000
   2013.62599886      0.0000
   2013.62602740      0.0000
   2013.62605594      0.0000
   2013.62608447      0.0000
   2013.62611301      0.0000
   2013.62614155      0.0000
   2013.62617009      0.0000
   2013.62619863      0.0000
   2013.62622717      0.0000
   2013.62625571      0.0000
   2013.62628425      0.0000
   2013.62631279      0.0000
   2013.62634132      0.0000
   2013.62636986      0.0000
   2013.62639840      0.0000
   2013.62642694      0.0000
   2013.62645548      0.0000
   2013.62648402      0.0000
   2013.62651256      0.0000
   2013.62654110      0.0000
   2013.62656963      0.0000
   2013.62659817      0.0000
   2013.62662671      0.0000
   2013.62665525      0.0000
   2013.62668379      0.0000
   2013.62671233      0.0000
   2013.62674087      0.0000
   2013.62676941      0.0000
   2013.62679795      0.0000
   2013.62682648      0.0000
   2013.62685502      0.0000
   2013.62688356      0.0000
   2013.62691210      0.0000
   2013.62694064      0.0000
   2013.62696918      0.0000
   2013.62699772      0.0000
   2013.62702626      0.0000
   2013.62705479      0.0000
   2013.62708333      0.0000
   2013.62711187      0.0000
   2013.62714041      0.0000
   2013.62716895      0.0000
   2013.62719749      0.0000
   2013.62722603      0.0000
   2013.62725457      0.0000
   2013.62728311      0.0000
   2013.62731164      8.2483
   2013.62734018     33.9638
   2013.62736872     84.4685
   2013.62739726     96.9659
   2013.62742580     76.1132
   2013.62745434     53.4551
   2013.62748288     39.2832
   2013.62751142     29.5061
   2013.62753995     24.8173
   2013.62756849     21.1632
   2013.62759703     19.0575
   2013.62762557     17.1916
   2013.62765411     15.5450
   2013.62768265     14.2391
   2013.62771119     13.1658
   2013.62773973     11.1406
   2013.62776826     10.8305
   2013.62779680      9.6929
   2013.62782534      8.6859
   2013.62785388      7.8107
   2013.62788242      6.8245
   2013.62791096      6.2155
   2013.62793950      5.1364
   2013.62796804      4.6918
   2013.62799658      4.4220
   2013.62802511      3.7241
   2013.62805365      3.2585
   2013.62808219      2.9051
   2013.62811073      2.5933
   2013.62813927      2.3359
   2013.62816781      2.1274
   2013.62819635      1.9460
   2013.62822489      1.7856
   2013.62825342      1.6444
   2013.62828196      1.5133
   2013.62831050      1.3916
   2013.62833904      1.2804
   2013.62836758      1.1815
   2013.62839612      1.1349
   2013.62842466      1.0306
   2013.62845320      0.9659
   2013.62848174      0.9030
   2013.62851027      0.8564
   2013.62853881      0.8077
   2013.62856735      0.7602
   2013.62859589      0.7135
   2013.62862443      0.6692
   2013.62865297      0.6283
   2013.62868151      0.5907
   2013.62871005      0.5564
   2013.62873858      0.5252
   2013.62876712      0.4970
   2013.62879566      0.4713
   2013.62882420      0.4478
   2013.62885274      0.4261
   2013.62888128      0.4057
   2013.62890982      0.3863
   2013.62893836      0.3678
   2013.62896689      0.3500
   2013.62899543      0.3329
   2013.62902397      0.3166
   2013.62905251      0.3011
   2013.62908105      0.2863
   2013.62910959      0.2723
   2013.62913813      0.2591
   2013.62916667      0.2465
   2013.62919521      0.2344
   2013.62922374      0.2227
   2013.62925228      0.2114
   2013.62928082      0.2005
   2013.62930936      0.1900
   2013.62933790      0.1799
   2013.62936644      0.1703
   2013.62939498      0.1611
   2013.62942352      0.1524
   2013.62945205      0.1440
   2013.62948059      0.1361
   2013.62950913      0.1285
   2013.62953767      0.1214
   2013.62956621      0.1146
   2013.62959475      0.1081
   2013.62962329      0.1020
