   2013.62465753      0.0000
   2013.62468607      0.0000
   2013.62471461      0.0000
   2013.62474315      0.0000
   2013.62477169      0.0000
   2013.62480023      0.0000
   2013.62482877      0.0000
   2013.62485731      0.0000
   2013.62488584      0.0000
   2013.62491438      0.0000
   2013.62494292      0.0000
   2013.62497146      0.0000
   2013.62500000      0.0000
   2013.62502854      0.0000
   2013.62505708      0.0000
   2013.62508562      0.0000
   2013.62511416      0.0000
   2013.62514269      0.0000
   2013.62517123      0.0000
   2013.62519977      0.0000
   2013.62522831      0.0000
   2013.62525685      0.0000
   2013.62528539      0.0000
   2013.62531393      0.0000
   2013.62534247      0.0000
   2013.62537100      0.0000
   2013.62539954      0.0000
   2013.62542808      0.0000
   2013.62545662      0.0000
   2013.62548516      0.0000
   2013.62551370      0.0000
   2013.62554224      0.0000
   2013.62557078      0.0000
   2013.62559932      0.0000
   2013.62562785      0.0000
   2013.62565639      0.0000
   2013.62568493      0.0000
   2013.62571347      0.0000
   2013.62574201      0.0000
   2013.62577055      0.0000
   2013.62579909      0.0000
   2013.62582763      0.0000
   2013.62585616      0.0000
   2013.62588470      0.0000
   2013.62591324      0.0000
   2013.62594178      0.0000
   2013.62597032      0.0000
   2013.62599886      0.0000
   2013.62602740      0.0000
   2013.62605594      0.0000
   2013.62608447      0.0000
   2013.62611301      0.0000
   2013.62614155      0.0000
   2013.62617009      0.0000
   2013.62619863      0.0000
   2013.62622717      0.0000
   2013.62625571      0.0000
   2013.62628425      0.0000
   2013.62631279      0.0000
   2013.62634132      0.0000
   2013.62636986      0.0000
   2013.62639840      0.0000
   2013.62642694      0.0000
   2013.62645548      0.0000
   2013.62648402      0.0000
   2013.62651256      0.0000
   2013.62654110      0.0000
   2013.62656963      0.0000
   2013.62659817      0.0000
   2013.62662671      0.0000
   2013.62665525      0.0000
   2013.62668379      0.0000
   2013.62671233      0.0000
   2013.62674087      0.0000
   2013.62676941      0.0000
   2013.62679795      0.0000
   2013.62682648      0.0000
   2013.62685502      0.0000
   2013.62688356      0.0000
   2013.62691210      0.0000
   2013.62694064      0.0000
   2013.62696918      0.0000
   2013.62699772      0.0000
   2013.62702626      0.0000
   2013.62705479      0.0000
   2013.62708333      0.0000
   2013.62711187      0.0000
   2013.62714041      0.0000
   2013.62716895      0.0000
   2013.62719749      0.1795
   2013.62722603      0.3664
   2013.62725457      1.0898
   2013.62728311      2.5318
   2013.62731164      4.3102
   2013.62734018      7.4301
   2013.62736872     11.6909
   2013.62739726     14.1719
   2013.62742580     13.9940
   2013.62745434     13.0027
   2013.62748288     11.6312
   2013.62751142     10.1734
   2013.62753995      9.0820
   2013.62756849      8.3121
   2013.62759703      7.3429
   2013.62762557      6.4988
   2013.62765411      5.7999
   2013.62768265      5.0709
   2013.62771119      4.5845
   2013.62773973      4.3787
   2013.62776826      3.7444
   2013.62779680      3.4168
   2013.62782534      3.0390
   2013.62785388      2.7527
   2013.62788242      2.4938
   2013.62791096      2.2635
   2013.62793950      2.0602
   2013.62796804      1.8053
   2013.62799658      1.7416
   2013.62802511      1.5906
   2013.62805365      1.4667
   2013.62808219      1.3612
   2013.62811073      1.2463
   2013.62813927      1.1789
   2013.62816781      1.0859
   2013.62819635      0.9942
   2013.62822489      0.9472
   2013.62825342      0.8881
   2013.62828196      0.8324
   2013.62831050      0.7899
   2013.62833904      0.7459
   2013.62836758      0.7044
   2013.62839612      0.6681
   2013.62842466      0.6470
   2013.62845320      0.6208
   2013.62848174      0.5956
   2013.62851027      0.5735
   2013.62853881      0.5669
   2013.62856735      0.5522
   2013.62859589      0.5375
   2013.62862443      0.5257
   2013.62865297      0.5328
   2013.62868151      0.5290
   2013.62871005      0.5245
   2013.62873858      0.5233
   2013.62876712      0.5439
   2013.62879566      0.5665
   2013.62882420      0.5706
   2013.62885274      0.5780
   2013.62888128      0.5930
   2013.62890982      0.6552
   2013.62893836      0.6892
   2013.62896689      0.7291
   2013.62899543      0.7713
   2013.62902397      0.8496
   2013.62905251      0.8760
   2013.62908105      0.9327
   2013.62910959      1.0238
   2013.62913813      1.1047
   2013.62916667      1.1972
   2013.62919521      1.2835
   2013.62922374      1.4075
   2013.62925228      1.5120
   2013.62928082      1.5941
   2013.62930936      1.6613
   2013.62933790      1.7761
   2013.62936644      1.8652
   2013.62939498      1.9262
   2013.62942352      1.9698
   2013.62945205      2.0726
   2013.62948059      2.1548
   2013.62950913      2.1946
   2013.62953767      2.2236
   2013.62956621      2.3142
   2013.62959475      2.3286
   2013.62962329      2.3953
   2013.62965183      2.3987
   2013.62968037      2.3799
   2013.62970890      2.4564
   2013.62973744      2.4879
   2013.62976598      2.4671
   2013.62979452      2.4178
   2013.62982306      2.4715
   2013.62985160      2.4741
   2013.62988014      2.4339
   2013.62990868      2.4401
   2013.62993721      2.4175
   2013.62996575      2.3726
   2013.62999429      2.3181
   2013.63002283      2.3016
   2013.63005137      2.2629
   2013.63007991      2.2079
   2013.63010845      2.1450
   2013.63013699      2.1154
   2013.63016553      2.0628
   2013.63019406      2.0018
   2013.63022260      1.9390
   2013.63025114      1.8770
   2013.63027968      1.8138
   2013.63030822      1.7444
   2013.63033676      1.6711
   2013.63036530      1.5978
   2013.63039384      1.5258
   2013.63042237      1.4840
   2013.63045091      1.3724
   2013.63047945      1.3056
   2013.63050799      1.2410
   2013.63053653      1.1605
   2013.63056507      1.1332
   2013.63059361      1.0552
   2013.63062215      0.9969
   2013.63065068      0.9331
   2013.63067922      0.8846
   2013.63070776      0.8336
   2013.63073630      0.7848
   2013.63076484      0.7380
   2013.63079338      0.6939
   2013.63082192      0.6532
   2013.63085046      0.6157
   2013.63087900      0.5808
   2013.63090753      0.5481
   2013.63093607      0.5176
   2013.63096461      0.4891
   2013.63099315      0.4624
   2013.63102169      0.4374
   2013.63105023      0.4139
   2013.63107877      0.3918
   2013.63110731      0.3712
   2013.63113584      0.3518
   2013.63116438      0.3337
   2013.63119292      0.3168
   2013.63122146      0.3010
   2013.63125000      0.2862
   2013.63127854      0.2723
   2013.63130708      0.2594
   2013.63133562      0.2472
   2013.63136416      0.2355
   2013.63139269      0.2246
   2013.63142123      0.2142
   2013.63144977      0.2044
   2013.63147831      0.1953
   2013.63150685      0.1867
   2013.63153539      0.1785
   2013.63156393      0.1709
   2013.63159247      0.1636
   2013.63162100      0.1568
   2013.63164954      0.1503
   2013.63167808      0.1441
   2013.63170662      0.1383
   2013.63173516      0.1328
   2013.63176370      0.1276
   2013.63179224      0.1227
   2013.63182078      0.1180
   2013.63184932      0.1136
   2013.63187785      0.1094
   2013.63190639      0.1054
   2013.63193493      0.1016
