   2013.62465753      0.0000
   2013.62468607      0.0000
   2013.62471461      0.0000
   2013.62474315      0.0000
   2013.62477169      0.0000
   2013.62480023      0.0000
   2013.62482877      0.0000
   2013.62485731      0.0000
   2013.62488584      0.0000
   2013.62491438      0.0000
   2013.62494292      0.0000
   2013.62497146      0.0000
   2013.62500000      0.0000
   2013.62502854      0.0000
   2013.62505708      0.0000
   2013.62508562      0.0000
   2013.62511416      0.0000
   2013.62514269      0.0000
   2013.62517123      0.0000
   2013.62519977      0.0000
   2013.62522831      0.0000
   2013.62525685      0.0000
   2013.62528539      0.0000
   2013.62531393      0.0000
   2013.62534247      0.0000
   2013.62537100      0.0000
   2013.62539954      0.0000
   2013.62542808      0.0000
   2013.62545662      0.0000
   2013.62548516      0.0000
   2013.62551370      0.0000
   2013.62554224      0.0000
   2013.62557078      0.0000
   2013.62559932      0.0000
   2013.62562785      0.0000
   2013.62565639      0.0000
   2013.62568493      0.0000
   2013.62571347      0.0000
   2013.62574201      0.0000
   2013.62577055      0.0000
   2013.62579909      0.0000
   2013.62582763      0.0000
   2013.62585616      0.0000
   2013.62588470      0.0000
   2013.62591324      0.0000
   2013.62594178      0.3754
   2013.62597032      1.2375
   2013.62599886      3.9590
   2013.62602740      7.5556
   2013.62605594     14.8164
   2013.62608447     24.1020
   2013.62611301     25.2541
   2013.62614155     22.8330
   2013.62617009     20.4215
   2013.62619863     18.2350
   2013.62622717     16.6551
   2013.62625571     15.6268
   2013.62628425     14.9717
   2013.62631279     14.7013
   2013.62634132     14.5000
   2013.62636986     14.1294
   2013.62639840     13.7121
   2013.62642694     13.3767
   2013.62645548     12.6336
   2013.62648402     11.1627
   2013.62651256     11.0894
   2013.62654110     10.5344
   2013.62656963      9.7109
   2013.62659817      8.6295
   2013.62662671      8.2961
   2013.62665525      7.8047
   2013.62668379      7.2357
   2013.62671233      6.6107
   2013.62674087      6.7201
   2013.62676941      6.5599
   2013.62679795      6.3851
   2013.62682648      6.1371
   2013.62685502      6.4511
   2013.62688356      6.4780
   2013.62691210      6.4208
   2013.62694064      6.2080
   2013.62696918      6.5298
   2013.62699772      6.5368
   2013.62702626      6.4425
   2013.62705479      6.1791
   2013.62708333      6.7831
   2013.62711187      6.4220
   2013.62714041      6.2940
   2013.62716895      6.0021
   2013.62719749      6.4883
   2013.62722603      6.1833
   2013.62725457      6.0383
   2013.62728311      5.7056
   2013.62731164      6.1448
   2013.62734018      5.8648
   2013.62736872      5.9165
   2013.62739726      5.5035
   2013.62742580      5.7643
   2013.62745434      5.5088
   2013.62748288      5.5031
   2013.62751142      5.1380
   2013.62753995      5.3833
   2013.62756849      5.1523
   2013.62759703      5.1114
   2013.62762557      5.0694
   2013.62765411      5.0147
   2013.62768265      4.8015
   2013.62771119      4.7493
   2013.62773973      4.7227
   2013.62776826      4.6677
   2013.62779680      4.5632
   2013.62782534      4.4253
   2013.62785388      4.2315
   2013.62788242      4.3629
   2013.62791096      4.2552
   2013.62793950      4.1456
   2013.62796804      4.1527
   2013.62799658      4.1079
   2013.62802511      4.0064
   2013.62805365      3.9463
   2013.62808219      3.9080
   2013.62811073      3.9126
   2013.62813927      3.8563
   2013.62816781      3.7266
   2013.62819635      3.6807
   2013.62822489      3.7929
   2013.62825342      3.6874
   2013.62828196      3.6724
   2013.62831050      3.7065
   2013.62833904      3.7729
   2013.62836758      3.7600
   2013.62839612      3.6796
   2013.62842466      3.8569
   2013.62845320      4.0866
   2013.62848174      4.0988
   2013.62851027      3.9599
   2013.62853881      3.6913
   2013.62856735      3.7615
   2013.62859589      3.8763
   2013.62862443      4.3059
   2013.62865297      4.5435
   2013.62868151      4.4045
   2013.62871005      4.2120
   2013.62873858      3.9709
   2013.62876712      3.7903
   2013.62879566      3.8146
   2013.62882420      4.0490
   2013.62885274      4.1550
   2013.62888128      4.2111
   2013.62890982      4.0535
   2013.62893836      3.8121
   2013.62896689      3.5466
   2013.62899543      3.3701
   2013.62902397      3.2776
   2013.62905251      3.4557
   2013.62908105      3.1781
   2013.62910959      3.1635
   2013.62913813      2.9659
   2013.62916667      2.7690
   2013.62919521      2.5611
   2013.62922374      2.3801
   2013.62925228      2.2361
   2013.62928082      2.2328
   2013.62930936      2.0557
   2013.62933790      1.9387
   2013.62936644      1.8184
   2013.62939498      1.6315
   2013.62942352      1.5074
   2013.62945205      1.3826
   2013.62948059      1.3341
   2013.62950913      1.1532
   2013.62953767      1.0563
   2013.62956621      0.9674
   2013.62959475      0.8872
   2013.62962329      0.8119
   2013.62965183      0.7414
   2013.62968037      0.6772
   2013.62970890      0.6202
   2013.62973744      0.5689
   2013.62976598      0.5228
   2013.62979452      0.4813
   2013.62982306      0.4440
   2013.62985160      0.4103
   2013.62988014      0.3796
   2013.62990868      0.3515
   2013.62993721      0.3259
   2013.62996575      0.3024
   2013.62999429      0.2808
   2013.63002283      0.2611
   2013.63005137      0.2428
   2013.63007991      0.2258
   2013.63010845      0.2101
   2013.63013699      0.1956
   2013.63016553      0.1822
   2013.63019406      0.1699
   2013.63022260      0.1585
   2013.63025114      0.1480
   2013.63027968      0.1382
   2013.63030822      0.1292
   2013.63033676      0.1208
   2013.63036530      0.1130
   2013.63039384      0.1058
