   2013.62465753      0.0000
   2013.62468607      0.0000
   2013.62471461      0.0000
   2013.62474315      0.0000
   2013.62477169      0.0000
   2013.62480023      0.0000
   2013.62482877      0.0000
   2013.62485731      0.0000
   2013.62488584      0.0000
   2013.62491438      0.0000
   2013.62494292      0.0000
   2013.62497146      0.0000
   2013.62500000      0.0000
   2013.62502854      0.0000
   2013.62505708      0.0000
   2013.62508562      0.0000
   2013.62511416      0.0000
   2013.62514269      0.0000
   2013.62517123      0.0000
   2013.62519977      0.0000
   2013.62522831      0.0000
   2013.62525685      0.0000
   2013.62528539      0.0000
   2013.62531393      0.0000
   2013.62534247      0.0000
   2013.62537100      0.0000
   2013.62539954      0.0000
   2013.62542808      0.0000
   2013.62545662      0.0000
   2013.62548516      0.0000
   2013.62551370      0.0000
   2013.62554224      0.0000
   2013.62557078      0.0000
   2013.62559932      0.0000
   2013.62562785      0.0000
   2013.62565639      0.0000
   2013.62568493      0.0000
   2013.62571347      0.0000
   2013.62574201      0.0000
   2013.62577055      0.0000
   2013.62579909      0.0000
   2013.62582763      0.0000
   2013.62585616      0.0000
   2013.62588470      0.0000
   2013.62591324      0.0000
   2013.62594178      0.0000
   2013.62597032      0.0000
   2013.62599886      0.0000
   2013.62602740      0.0000
   2013.62605594      0.0000
   2013.62608447      0.0000
   2013.62611301      0.0000
   2013.62614155      0.0000
   2013.62617009      0.0000
   2013.62619863      0.0000
   2013.62622717      0.0000
   2013.62625571      0.0000
   2013.62628425      0.0036
   2013.62631279      0.0039
   2013.62634132      0.0044
   2013.62636986      0.0281
   2013.62639840      0.0767
   2013.62642694      0.1372
   2013.62645548      0.2667
   2013.62648402      0.5007
   2013.62651256      0.8842
   2013.62654110      1.4651
   2013.62656963      2.3761
   2013.62659817      3.8281
   2013.62662671      5.7885
   2013.62665525      7.4197
   2013.62668379      8.5692
   2013.62671233      9.1933
   2013.62674087      9.5326
   2013.62676941      9.7465
   2013.62679795      9.8558
   2013.62682648      9.9104
   2013.62685502      9.9651
   2013.62688356     10.0079
   2013.62691210     10.0112
   2013.62694064     10.0015
   2013.62696918     10.0048
   2013.62699772      9.9815
   2013.62702626      9.5332
   2013.62705479      9.1816
   2013.62708333      8.7302
   2013.62711187      8.2601
   2013.62714041      7.8500
   2013.62716895      7.3352
   2013.62719749      6.9469
   2013.62722603      6.2880
   2013.62725457      5.6286
   2013.62728311      5.5261
   2013.62731164      4.6162
   2013.62734018      4.3654
   2013.62736872      3.7802
   2013.62739726      3.5452
   2013.62742580      3.2606
   2013.62745434      2.9169
   2013.62748288      2.6843
   2013.62751142      2.4725
   2013.62753995      2.2807
   2013.62756849      2.1053
   2013.62759703      1.9502
   2013.62762557      1.8166
   2013.62765411      1.6975
   2013.62768265      1.5820
   2013.62771119      1.4815
   2013.62773973      1.3916
   2013.62776826      1.3097
   2013.62779680      1.2334
   2013.62782534      1.1592
   2013.62785388      1.1093
   2013.62788242      1.0375
   2013.62791096      0.9550
   2013.62793950      0.9210
   2013.62796804      0.8729
   2013.62799658      0.8238
   2013.62802511      0.7768
   2013.62805365      0.7321
   2013.62808219      0.6905
   2013.62811073      0.6527
   2013.62813927      0.6182
   2013.62816781      0.5860
   2013.62819635      0.5560
   2013.62822489      0.5279
   2013.62825342      0.5016
   2013.62828196      0.4768
   2013.62831050      0.4549
   2013.62833904      0.4332
   2013.62836758      0.4125
   2013.62839612      0.3929
   2013.62842466      0.3778
   2013.62845320      0.3612
   2013.62848174      0.3450
   2013.62851027      0.3298
   2013.62853881      0.3220
   2013.62856735      0.3102
   2013.62859589      0.2982
   2013.62862443      0.2869
   2013.62865297      0.2858
   2013.62868151      0.2787
   2013.62871005      0.2708
   2013.62873858      0.2637
   2013.62876712      0.2687
   2013.62879566      0.2667
   2013.62882420      0.2637
   2013.62885274      0.2617
   2013.62888128      0.2754
   2013.62890982      0.2803
   2013.62893836      0.2839
   2013.62896689      0.2892
   2013.62899543      0.3138
   2013.62902397      0.3281
   2013.62905251      0.3414
   2013.62908105      0.3580
   2013.62910959      0.3997
   2013.62913813      0.4443
   2013.62916667      0.4758
   2013.62919521      0.5194
   2013.62922374      0.5814
   2013.62925228      0.6461
   2013.62928082      0.7325
   2013.62930936      0.8287
   2013.62933790      0.9628
   2013.62936644      1.1087
   2013.62939498      1.2786
   2013.62942352      1.4430
   2013.62945205      1.6276
   2013.62948059      1.7708
   2013.62950913      1.8715
   2013.62953767      1.9429
   2013.62956621      2.0498
   2013.62959475      2.1246
   2013.62962329      2.1626
   2013.62965183      2.1837
   2013.62968037      2.2440
   2013.62970890      2.2720
   2013.62973744      2.2736
   2013.62976598      2.2613
   2013.62979452      2.2910
   2013.62982306      2.2832
   2013.62985160      2.2593
   2013.62988014      2.2301
   2013.62990868      2.2291
   2013.62993721      2.1960
   2013.62996575      2.1597
   2013.62999429      2.1118
   2013.63002283      2.0862
   2013.63005137      2.0395
   2013.63007991      1.9915
   2013.63010845      1.9334
   2013.63013699      1.8903
   2013.63016553      1.8380
   2013.63019406      1.7811
   2013.63022260      1.6873
   2013.63025114      1.6657
   2013.63027968      1.5720
   2013.63030822      1.5195
   2013.63033676      1.4827
   2013.63036530      1.3977
   2013.63039384      1.3398
   2013.63042237      1.2831
   2013.63045091      1.2276
   2013.63047945      1.1485
   2013.63050799      1.1483
   2013.63053653      1.0592
   2013.63056507      1.0031
   2013.63059361      0.9363
   2013.63062215      0.9018
   2013.63065068      0.8574
   2013.63067922      0.8133
   2013.63070776      0.7704
   2013.63073630      0.7290
   2013.63076484      0.6900
   2013.63079338      0.6540
   2013.63082192      0.6207
   2013.63085046      0.5893
   2013.63087900      0.5595
   2013.63090753      0.5315
   2013.63093607      0.5051
   2013.63096461      0.4802
   2013.63099315      0.4566
   2013.63102169      0.4344
   2013.63105023      0.4133
   2013.63107877      0.3933
   2013.63110731      0.3744
   2013.63113584      0.3566
   2013.63116438      0.3397
   2013.63119292      0.3239
   2013.63122146      0.3089
   2013.63125000      0.2949
   2013.63127854      0.2816
   2013.63130708      0.2691
   2013.63133562      0.2573
   2013.63136416      0.2462
   2013.63139269      0.2356
   2013.63142123      0.2254
   2013.63144977      0.2158
   2013.63147831      0.2067
   2013.63150685      0.1981
   2013.63153539      0.1900
   2013.63156393      0.1823
   2013.63159247      0.1750
   2013.63162100      0.1681
   2013.63164954      0.1615
   2013.63167808      0.1553
   2013.63170662      0.1494
   2013.63173516      0.1437
   2013.63176370      0.1384
   2013.63179224      0.1333
   2013.63182078      0.1284
   2013.63184932      0.1238
   2013.63187785      0.1195
   2013.63190639      0.1153
   2013.63193493      0.1113
   2013.63196347      0.1076
   2013.63199201      0.1040
   2013.63202055      0.1005
