   2013.62465753      0.0000
   2013.62468607      0.0000
   2013.62471461      0.0000
   2013.62474315      0.0000
   2013.62477169      0.0000
   2013.62480023      0.0000
   2013.62482877      0.0000
   2013.62485731      0.0000
   2013.62488584      0.0000
   2013.62491438      0.0000
   2013.62494292      0.0000
   2013.62497146      0.0000
   2013.62500000      0.0000
   2013.62502854      0.0000
   2013.62505708      0.0000
   2013.62508562      0.0000
   2013.62511416      0.0000
   2013.62514269      0.0000
   2013.62517123      0.0000
   2013.62519977      0.0000
   2013.62522831      0.0000
   2013.62525685      0.0000
   2013.62528539      0.0000
   2013.62531393      0.0000
   2013.62534247      0.0000
   2013.62537100      0.0000
   2013.62539954      0.0000
   2013.62542808      0.0000
   2013.62545662      0.0000
   2013.62548516      0.0000
   2013.62551370      0.0000
   2013.62554224      0.0000
   2013.62557078      0.0000
   2013.62559932      0.0000
   2013.62562785      0.0000
   2013.62565639      0.0000
   2013.62568493      0.0000
   2013.62571347      0.0000
   2013.62574201      0.0000
   2013.62577055      0.0000
   2013.62579909      0.0000
   2013.62582763      0.0000
   2013.62585616      0.0000
   2013.62588470      0.0000
   2013.62591324      0.0000
   2013.62594178      0.0000
   2013.62597032      0.0000
   2013.62599886      0.0000
   2013.62602740      0.0000
   2013.62605594      0.0000
   2013.62608447      0.0000
   2013.62611301      0.0000
   2013.62614155      0.0000
   2013.62617009      0.0000
   2013.62619863      0.0000
   2013.62622717      0.0000
   2013.62625571      0.0000
   2013.62628425      0.0000
   2013.62631279      0.0000
   2013.62634132      0.0000
   2013.62636986      0.0000
   2013.62639840      0.0000
   2013.62642694      0.0000
   2013.62645548      0.0000
   2013.62648402      0.0000
   2013.62651256      0.0000
   2013.62654110      0.0000
   2013.62656963      0.0000
   2013.62659817      0.0000
   2013.62662671      0.0000
   2013.62665525      0.0000
   2013.62668379      0.0000
   2013.62671233      0.0000
   2013.62674087      0.0000
   2013.62676941      0.0000
   2013.62679795      0.0000
   2013.62682648      0.0000
   2013.62685502      0.0000
   2013.62688356      0.0000
   2013.62691210      0.0000
   2013.62694064      0.0000
   2013.62696918      0.4433
   2013.62699772      1.6036
   2013.62702626      4.6525
   2013.62705479      8.3691
   2013.62708333     16.4519
   2013.62711187     23.6227
   2013.62714041     22.9102
   2013.62716895     19.7498
   2013.62719749     16.4851
   2013.62722603     13.9304
   2013.62725457     12.0850
   2013.62728311     10.5000
   2013.62731164      9.6230
   2013.62734018      8.5583
   2013.62736872      7.8817
   2013.62739726      7.3093
   2013.62742580      6.8575
   2013.62745434      6.5157
   2013.62748288      6.2859
   2013.62751142      6.1428
   2013.62753995      6.0104
   2013.62756849      5.9220
   2013.62759703      5.8607
   2013.62762557      5.8515
   2013.62765411      5.8037
   2013.62768265      5.7692
   2013.62771119      5.7449
   2013.62773973      5.7522
   2013.62776826      5.7171
   2013.62779680      5.6326
   2013.62782534      5.6051
   2013.62785388      5.4433
   2013.62788242      5.2152
   2013.62791096      4.9755
   2013.62793950      4.9676
   2013.62796804      4.4651
   2013.62799658      4.1629
   2013.62802511      4.1936
   2013.62805365      3.8552
   2013.62808219      3.4503
   2013.62811073      3.2263
   2013.62813927      2.9333
   2013.62816781      2.7022
   2013.62819635      2.5358
   2013.62822489      2.3851
   2013.62825342      2.1635
   2013.62828196      1.9960
   2013.62831050      1.8245
   2013.62833904      1.7924
   2013.62836758      1.6836
   2013.62839612      1.5689
   2013.62842466      1.3840
   2013.62845320      1.4322
   2013.62848174      1.3666
   2013.62851027      1.2971
   2013.62853881      1.1747
   2013.62856735      1.2245
   2013.62859589      1.1928
   2013.62862443      1.1877
   2013.62865297      1.0799
   2013.62868151      1.1426
   2013.62871005      1.1382
   2013.62873858      1.1268
   2013.62876712      1.1594
   2013.62879566      1.1691
   2013.62882420      1.1851
   2013.62885274      1.1950
   2013.62888128      1.2518
   2013.62890982      1.2886
   2013.62893836      1.3236
   2013.62896689      1.3459
   2013.62899543      1.4197
   2013.62902397      1.4718
   2013.62905251      1.5145
   2013.62908105      1.5389
   2013.62910959      1.6263
   2013.62913813      1.6853
   2013.62916667      1.7238
   2013.62919521      1.7450
   2013.62922374      1.8440
   2013.62925228      1.9085
   2013.62928082      1.9427
   2013.62930936      1.9614
   2013.62933790      2.0663
   2013.62936644      2.1301
   2013.62939498      2.1507
   2013.62942352      2.1595
   2013.62945205      2.2593
   2013.62948059      2.2636
   2013.62950913      2.3207
   2013.62953767      2.3169
   2013.62956621      2.4044
   2013.62959475      2.3927
   2013.62962329      2.4374
   2013.62965183      2.4193
   2013.62968037      2.4909
   2013.62970890      2.4692
   2013.62973744      2.4882
   2013.62976598      2.4547
   2013.62979452      2.5098
   2013.62982306      2.4700
   2013.62985160      2.4711
   2013.62988014      2.4248
   2013.62990868      2.4656
   2013.62993721      2.4578
   2013.62996575      2.4004
   2013.62999429      2.3520
   2013.63002283      2.3710
   2013.63005137      2.3394
   2013.63007991      2.2892
   2013.63010845      2.2352
   2013.63013699      2.2411
   2013.63016553      2.2025
   2013.63019406      2.1559
   2013.63022260      2.0968
   2013.63025114      2.0514
   2013.63027968      1.9580
   2013.63030822      1.8837
   2013.63033676      1.8014
   2013.63036530      1.7229
   2013.63039384      1.6427
   2013.63042237      1.5513
   2013.63045091      1.4712
   2013.63047945      1.3917
   2013.63050799      1.3135
   2013.63053653      1.2357
   2013.63056507      1.1584
   2013.63059361      1.0972
   2013.63062215      1.0211
   2013.63065068      0.9441
   2013.63067922      0.8879
   2013.63070776      0.8261
   2013.63073630      0.7661
   2013.63076484      0.7087
   2013.63079338      0.6551
   2013.63082192      0.6060
   2013.63085046      0.5608
   2013.63087900      0.5194
   2013.63090753      0.4816
   2013.63093607      0.4470
   2013.63096461      0.4151
   2013.63099315      0.3855
   2013.63102169      0.3582
   2013.63105023      0.3328
   2013.63107877      0.3094
   2013.63110731      0.2878
   2013.63113584      0.2678
   2013.63116438      0.2493
   2013.63119292      0.2321
   2013.63122146      0.2160
   2013.63125000      0.2012
   2013.63127854      0.1874
   2013.63130708      0.1748
   2013.63133562      0.1630
   2013.63136416      0.1522
   2013.63139269      0.1421
   2013.63142123      0.1328
   2013.63144977      0.1242
   2013.63147831      0.1162
   2013.63150685      0.1087
   2013.63153539      0.1018
