   2013.62465753      0.0000
   2013.62468607      0.0000
   2013.62471461      0.0000
   2013.62474315      0.0000
   2013.62477169      0.0000
   2013.62480023      0.0000
   2013.62482877      0.0000
   2013.62485731      0.0000
   2013.62488584      0.0000
   2013.62491438      0.0000
   2013.62494292      0.0000
   2013.62497146      0.0000
   2013.62500000      0.0000
   2013.62502854      0.0000
   2013.62505708      0.0000
   2013.62508562      0.0000
   2013.62511416      0.0000
   2013.62514269      0.0213
   2013.62517123      0.0809
   2013.62519977      0.1495
   2013.62522831      0.3533
   2013.62525685      0.7902
   2013.62528539      1.5621
   2013.62531393      2.7180
   2013.62534247      4.7450
   2013.62537100      7.7900
   2013.62539954     10.5928
   2013.62542808     12.1678
   2013.62545662     13.1130
   2013.62548516     13.1273
   2013.62551370     13.3407
   2013.62554224     13.3996
   2013.62557078     13.2864
   2013.62559932     14.4849
   2013.62562785     14.6740
   2013.62565639     14.3984
   2013.62568493     13.8962
   2013.62571347     14.1692
   2013.62574201     13.9353
   2013.62577055     13.4301
   2013.62579909     12.2565
   2013.62582763     12.0797
   2013.62585616     11.5310
   2013.62588470     10.4360
   2013.62591324      9.6035
   2013.62594178      9.5070
   2013.62597032      9.2235
   2013.62599886      8.8951
   2013.62602740      8.8358
   2013.62605594      9.0207
   2013.62608447      8.8432
   2013.62611301      8.8846
   2013.62614155      8.9818
   2013.62617009      9.4111
   2013.62619863      9.5292
   2013.62622717      9.4888
   2013.62625571      9.9735
   2013.62628425     10.7274
   2013.62631279     11.8457
   2013.62634132     12.6504
   2013.62636986     11.9655
   2013.62639840     11.0183
   2013.62642694      9.7839
   2013.62645548      8.9153
   2013.62648402      8.5483
   2013.62651256      8.8977
   2013.62654110      9.7323
   2013.62656963     10.4366
   2013.62659817     10.1994
   2013.62662671      9.2784
   2013.62665525      8.5483
   2013.62668379      7.7914
   2013.62671233      6.0732
   2013.62674087      5.1848
   2013.62676941      4.8545
   2013.62679795      3.9110
   2013.62682648      3.3727
   2013.62685502      2.9497
   2013.62688356      2.7566
   2013.62691210      2.4063
   2013.62694064      2.1484
   2013.62696918      1.8470
   2013.62699772      1.6790
   2013.62702626      1.5148
   2013.62705479      1.3681
   2013.62708333      1.2654
   2013.62711187      1.1296
   2013.62714041      1.0102
   2013.62716895      0.9328
   2013.62719749      0.8496
   2013.62722603      0.7717
   2013.62725457      0.7005
   2013.62728311      0.6367
   2013.62731164      0.5797
   2013.62734018      0.5287
   2013.62736872      0.4832
   2013.62739726      0.4428
   2013.62742580      0.4065
   2013.62745434      0.3738
   2013.62748288      0.3442
   2013.62751142      0.3173
   2013.62753995      0.2929
   2013.62756849      0.2706
   2013.62759703      0.2503
   2013.62762557      0.2316
   2013.62765411      0.2144
   2013.62768265      0.1986
   2013.62771119      0.1841
   2013.62773973      0.1709
   2013.62776826      0.1587
   2013.62779680      0.1476
   2013.62782534      0.1373
   2013.62785388      0.1279
   2013.62788242      0.1192
   2013.62791096      0.1111
   2013.62793950      0.1037
