   2013.62465753      0.0000
   2013.62468607      0.0000
   2013.62471461      0.0000
   2013.62474315      0.0000
   2013.62477169      0.0000
   2013.62480023      0.0000
   2013.62482877      0.0000
   2013.62485731      0.0000
   2013.62488584      0.0000
   2013.62491438      0.0000
   2013.62494292      0.0000
   2013.62497146      0.0000
   2013.62500000      0.0000
   2013.62502854      0.0000
   2013.62505708      0.0000
   2013.62508562      0.0000
   2013.62511416      0.0000
   2013.62514269      0.0000
   2013.62517123      0.0000
   2013.62519977      0.0000
   2013.62522831      0.0000
   2013.62525685      0.0000
   2013.62528539      0.0000
   2013.62531393      0.0000
   2013.62534247      0.0000
   2013.62537100      0.0000
   2013.62539954      0.0000
   2013.62542808      0.0000
   2013.62545662      0.0000
   2013.62548516      0.0000
   2013.62551370      0.0000
   2013.62554224      0.0000
   2013.62557078      0.0000
   2013.62559932      0.0000
   2013.62562785      0.0000
   2013.62565639      0.0000
   2013.62568493      0.0000
   2013.62571347      0.0031
   2013.62574201      0.0051
   2013.62577055      0.0069
   2013.62579909      0.0431
   2013.62582763      0.1088
   2013.62585616      0.2316
   2013.62588470      0.5207
   2013.62591324      1.1185
   2013.62594178      2.1658
   2013.62597032      3.8696
   2013.62599886      6.6288
   2013.62602740     10.4428
   2013.62605594     13.3853
   2013.62608447     14.2869
   2013.62611301     14.4552
   2013.62614155     14.0063
   2013.62617009     13.7597
   2013.62619863     12.5010
   2013.62622717     11.3311
   2013.62625571     10.0796
   2013.62628425      8.9770
   2013.62631279      8.2715
   2013.62634132      7.2045
   2013.62636986      5.9957
   2013.62639840      5.8982
   2013.62642694      4.7997
   2013.62645548      4.5666
   2013.62648402      3.8770
   2013.62651256      3.5058
   2013.62654110      3.1849
   2013.62656963      2.8312
   2013.62659817      2.6113
   2013.62662671      2.4361
   2013.62665525      2.2445
   2013.62668379      2.0761
   2013.62671233      1.9646
   2013.62674087      1.8507
   2013.62676941      1.7510
   2013.62679795      1.6599
   2013.62682648      1.6096
   2013.62685502      1.5547
   2013.62688356      1.5052
   2013.62691210      1.4588
   2013.62694064      1.4387
   2013.62696918      1.4181
   2013.62699772      1.3975
   2013.62702626      1.3764
   2013.62705479      1.3759
   2013.62708333      1.3674
   2013.62711187      1.3572
   2013.62714041      1.3450
   2013.62716895      1.3460
   2013.62719749      1.3350
   2013.62722603      1.3223
   2013.62725457      1.3081
   2013.62728311      1.3011
   2013.62731164      1.2834
   2013.62734018      1.2647
   2013.62736872      1.2454
   2013.62739726      1.1320
   2013.62742580      1.2022
   2013.62745434      1.1887
   2013.62748288      1.1505
   2013.62751142      1.1318
   2013.62753995      1.1063
   2013.62756849      1.0689
   2013.62759703      1.0439
   2013.62762557      1.0497
   2013.62765411      1.0006
   2013.62768265      0.9682
   2013.62771119      0.9411
   2013.62773973      0.8994
   2013.62776826      0.8851
   2013.62779680      0.8594
   2013.62782534      0.8311
   2013.62785388      0.8052
   2013.62788242      0.7775
   2013.62791096      0.7506
   2013.62793950      0.7255
   2013.62796804      0.7042
   2013.62799658      0.6815
   2013.62802511      0.6587
   2013.62805365      0.6367
   2013.62808219      0.6177
   2013.62811073      0.5971
   2013.62813927      0.5767
   2013.62816781      0.5571
   2013.62819635      0.5409
   2013.62822489      0.5233
   2013.62825342      0.5059
   2013.62828196      0.4894
   2013.62831050      0.4773
   2013.62833904      0.4627
   2013.62836758      0.4481
   2013.62839612      0.4341
   2013.62842466      0.4254
   2013.62845320      0.4137
   2013.62848174      0.4017
   2013.62851027      0.3904
   2013.62853881      0.3856
   2013.62856735      0.3771
   2013.62859589      0.3681
   2013.62862443      0.3598
   2013.62865297      0.3600
   2013.62868151      0.3550
   2013.62871005      0.3492
   2013.62873858      0.3441
   2013.62876712      0.3487
   2013.62879566      0.3475
   2013.62882420      0.3454
   2013.62885274      0.3442
   2013.62888128      0.3542
   2013.62890982      0.3576
   2013.62893836      0.3601
   2013.62896689      0.3637
   2013.62899543      0.3800
   2013.62902397      0.3890
   2013.62905251      0.3971
   2013.62908105      0.4070
   2013.62910959      0.4319
   2013.62913813      0.4490
   2013.62916667      0.4659
   2013.62919521      0.4861
   2013.62922374      0.5247
   2013.62925228      0.5717
   2013.62928082      0.5887
   2013.62930936      0.6264
   2013.62933790      0.6682
   2013.62936644      0.7294
   2013.62939498      0.7790
   2013.62942352      0.8254
   2013.62945205      0.8849
   2013.62948059      0.9327
   2013.62950913      0.9804
   2013.62953767      1.0248
   2013.62956621      1.0820
   2013.62959475      1.1269
   2013.62962329      1.1636
   2013.62965183      1.1918
   2013.62968037      1.2303
   2013.62970890      1.2573
   2013.62973744      1.2762
   2013.62976598      1.2868
   2013.62979452      1.3087
   2013.62982306      1.3194
   2013.62985160      1.3228
   2013.62988014      1.3204
   2013.62990868      1.3285
   2013.62993721      1.3226
   2013.62996575      1.3134
   2013.62999429      1.3016
   2013.63002283      1.2963
   2013.63005137      1.2797
   2013.63007991      1.2618
   2013.63010845      1.2430
   2013.63013699      1.1298
   2013.63016553      1.2006
   2013.63019406      1.1874
   2013.63022260      1.1493
   2013.63025114      1.1234
   2013.63027968      1.0725
   2013.63030822      1.0581
   2013.63033676      1.0626
   2013.63036530      1.0065
   2013.63039384      0.9704
   2013.63042237      0.9383
   2013.63045091      0.8961
   2013.63047945      0.8715
   2013.63050799      0.8400
   2013.63053653      0.8076
   2013.63056507      0.7748
   2013.63059361      0.7427
   2013.63062215      0.7121
   2013.63065068      0.6832
   2013.63067922      0.6556
   2013.63070776      0.6291
   2013.63073630      0.6032
   2013.63076484      0.5779
   2013.63079338      0.5535
   2013.63082192      0.5299
   2013.63085046      0.5073
   2013.63087900      0.4857
   2013.63090753      0.4649
   2013.63093607      0.4450
   2013.63096461      0.4258
   2013.63099315      0.4073
   2013.63102169      0.3895
   2013.63105023      0.3725
   2013.63107877      0.3562
   2013.63110731      0.3407
   2013.63113584      0.3259
   2013.63116438      0.3118
   2013.63119292      0.2985
   2013.63122146      0.2858
   2013.63125000      0.2737
   2013.63127854      0.2623
   2013.63130708      0.2515
   2013.63133562      0.2411
   2013.63136416      0.2311
   2013.63139269      0.2216
   2013.63142123      0.2125
   2013.63144977      0.2039
   2013.63147831      0.1957
   2013.63150685      0.1880
   2013.63153539      0.1806
   2013.63156393      0.1736
   2013.63159247      0.1669
   2013.63162100      0.1606
   2013.63164954      0.1545
   2013.63167808      0.1487
   2013.63170662      0.1432
   2013.63173516      0.1380
   2013.63176370      0.1330
   2013.63179224      0.1283
   2013.63182078      0.1238
   2013.63184932      0.1195
   2013.63187785      0.1154
   2013.63190639      0.1115
   2013.63193493      0.1077
   2013.63196347      0.1042
   2013.63199201      0.1007
