   2013.62465753      0.0000
   2013.62468607      0.0000
   2013.62471461      0.0000
   2013.62474315      0.0000
   2013.62477169      0.0000
   2013.62480023      0.0000
   2013.62482877      0.0000
   2013.62485731      0.0000
   2013.62488584      0.0000
   2013.62491438      0.0000
   2013.62494292      0.0000
   2013.62497146      0.0000
   2013.62500000      0.0000
   2013.62502854      0.0000
   2013.62505708      0.0000
   2013.62508562      0.0000
   2013.62511416      0.0000
   2013.62514269      0.0000
   2013.62517123      0.0000
   2013.62519977      0.0000
   2013.62522831      0.0000
   2013.62525685      0.0000
   2013.62528539      0.0000
   2013.62531393      0.0000
   2013.62534247      0.0000
   2013.62537100      0.0000
   2013.62539954      0.0000
   2013.62542808      0.0000
   2013.62545662      0.0000
   2013.62548516      0.0000
   2013.62551370      0.0000
   2013.62554224      0.0000
   2013.62557078      0.0000
   2013.62559932      0.0000
   2013.62562785      0.0000
   2013.62565639      0.0000
   2013.62568493      0.0000
   2013.62571347      0.0000
   2013.62574201      0.0000
   2013.62577055      0.0000
   2013.62579909      0.0000
   2013.62582763      0.0000
   2013.62585616      0.0000
   2013.62588470      0.0000
   2013.62591324      0.0000
   2013.62594178      0.0000
   2013.62597032      0.0000
   2013.62599886      0.0000
   2013.62602740      0.0000
   2013.62605594      0.0000
   2013.62608447      0.0000
   2013.62611301      0.0000
   2013.62614155      0.0000
   2013.62617009      0.0000
   2013.62619863      0.0000
   2013.62622717      0.0000
   2013.62625571      0.0000
   2013.62628425      0.0000
   2013.62631279      0.0000
   2013.62634132      0.0000
   2013.62636986      0.0000
   2013.62639840      0.0000
   2013.62642694      0.0000
   2013.62645548      0.0000
   2013.62648402      0.0000
   2013.62651256      0.0000
   2013.62654110      0.0000
   2013.62656963      0.0000
   2013.62659817      0.0000
   2013.62662671      7.3384
   2013.62665525     30.8688
   2013.62668379     77.4914
   2013.62671233     92.0884
   2013.62674087     73.2390
   2013.62676941     51.9003
   2013.62679795     37.9911
   2013.62682648     28.4265
   2013.62685502     23.9972
   2013.62688356     20.1824
   2013.62691210     17.2642
   2013.62694064     15.0521
   2013.62696918     14.1977
   2013.62699772     13.1602
   2013.62702626     12.1872
   2013.62705479     10.9421
   2013.62708333     11.4304
   2013.62711187     10.1816
   2013.62714041      9.3386
   2013.62716895      8.5867
   2013.62719749      8.2568
   2013.62722603      8.0726
   2013.62725457      8.4588
   2013.62728311      8.5977
   2013.62731164      8.6596
   2013.62734018      8.3131
   2013.62736872      7.8485
   2013.62739726      7.1581
   2013.62742580      6.4443
   2013.62745434      5.7457
   2013.62748288      5.2246
   2013.62751142      5.2659
   2013.62753995      5.1589
   2013.62756849      5.0760
   2013.62759703      4.5818
   2013.62762557      4.5840
   2013.62765411      3.8161
   2013.62768265      3.4247
   2013.62771119      3.0973
   2013.62773973      2.9148
   2013.62776826      2.5109
   2013.62779680      2.1106
   2013.62782534      1.9006
   2013.62785388      1.6955
   2013.62788242      1.5145
   2013.62791096      1.3557
   2013.62793950      1.2374
   2013.62796804      1.1081
   2013.62799658      0.9949
   2013.62802511      0.9135
   2013.62805365      0.8314
   2013.62808219      0.7560
   2013.62811073      0.6875
   2013.62813927      0.6264
   2013.62816781      0.5717
   2013.62819635      0.5228
   2013.62822489      0.4791
   2013.62825342      0.4400
   2013.62828196      0.4049
   2013.62831050      0.3731
   2013.62833904      0.3440
   2013.62836758      0.3176
   2013.62839612      0.2934
   2013.62842466      0.2714
   2013.62845320      0.2511
   2013.62848174      0.2324
   2013.62851027      0.2152
   2013.62853881      0.1993
   2013.62856735      0.1847
   2013.62859589      0.1712
   2013.62862443      0.1589
   2013.62865297      0.1476
   2013.62868151      0.1372
   2013.62871005      0.1275
   2013.62873858      0.1186
   2013.62876712      0.1104
   2013.62879566      0.1027
