   2013.62465753      0.0000
   2013.62468607      0.0000
   2013.62471461      0.0000
   2013.62474315      0.0000
   2013.62477169      0.0000
   2013.62480023      0.0000
   2013.62482877      0.0000
   2013.62485731      0.0000
   2013.62488584      0.0000
   2013.62491438      0.0000
   2013.62494292      0.0000
   2013.62497146      0.0000
   2013.62500000      0.0000
   2013.62502854      0.0000
   2013.62505708      0.0000
   2013.62508562      0.0000
   2013.62511416      0.0000
   2013.62514269      0.0000
   2013.62517123      0.0000
   2013.62519977      0.0000
   2013.62522831      0.0000
   2013.62525685      0.0006
   2013.62528539      0.0014
   2013.62531393      0.0019
   2013.62534247      0.0011
   2013.62537100      0.0008
   2013.62539954      0.0006
   2013.62542808      0.0005
   2013.62545662      0.0004
   2013.62548516      0.0003
   2013.62551370      0.0003
   2013.62554224      0.0057
   2013.62557078      0.0217
   2013.62559932      0.0278
   2013.62562785      0.0318
   2013.62565639      0.0365
   2013.62568493      0.0415
   2013.62571347      0.0463
   2013.62574201      0.0511
   2013.62577055      0.0564
   2013.62579909      0.0640
   2013.62582763      0.0756
   2013.62585616      0.0917
   2013.62588470      0.1108
   2013.62591324      0.1295
   2013.62594178      0.1445
   2013.62597032      0.1567
   2013.62599886      0.1678
   2013.62602740      0.2756
   2013.62605594      0.3243
   2013.62608447      0.3771
   2013.62611301      0.4439
   2013.62614155      0.5275
   2013.62617009      0.6234
   2013.62619863      0.7208
   2013.62622717      0.7856
   2013.62625571      0.7819
   2013.62628425      0.7823
   2013.62631279      0.7804
   2013.62634132      0.7825
   2013.62636986      0.7959
   2013.62639840      0.8100
   2013.62642694      0.8172
   2013.62645548      0.8175
   2013.62648402      0.8131
   2013.62651256      0.8046
   2013.62654110      0.7908
   2013.62656963      0.7706
   2013.62659817      0.7444
   2013.62662671      0.7144
   2013.62665525      0.6830
   2013.62668379      0.6522
   2013.62671233      0.6244
   2013.62674087      0.6016
   2013.62676941      0.5864
   2013.62679795      0.5807
   2013.62682648      0.5839
   2013.62685502      0.5921
   2013.62688356      0.5996
   2013.62691210      0.6014
   2013.62694064      0.5958
   2013.62696918      0.5830
   2013.62699772      0.5648
   2013.62702626      0.5427
   2013.62705479      0.5182
   2013.62708333      0.4925
   2013.62711187      0.4663
   2013.62714041      0.4402
   2013.62716895      0.4146
   2013.62719749      0.3896
   2013.62722603      0.3654
   2013.62725457      0.3422
   2013.62728311      0.3201
   2013.62731164      0.2992
   2013.62734018      0.2796
   2013.62736872      0.2611
   2013.62739726      0.2438
   2013.62742580      0.2275
   2013.62745434      0.2122
   2013.62748288      0.1979
   2013.62751142      0.1845
   2013.62753995      0.1722
   2013.62756849      0.1607
   2013.62759703      0.1501
   2013.62762557      0.1402
   2013.62765411      0.1310
   2013.62768265      0.1224
   2013.62771119      0.1144
   2013.62773973      0.1070
   2013.62776826      0.1001
