   2013.62465753      0.0000
   2013.62468607      0.0000
   2013.62471461      0.0000
   2013.62474315      0.0000
   2013.62477169      0.0000
   2013.62480023      0.0000
   2013.62482877      0.0000
   2013.62485731      0.0000
   2013.62488584      0.0000
   2013.62491438      0.0000
   2013.62494292      0.0000
   2013.62497146      0.0000
   2013.62500000      0.0000
   2013.62502854      0.0000
   2013.62505708      0.0000
   2013.62508562      0.0000
   2013.62511416      0.0000
   2013.62514269      0.0000
   2013.62517123      0.0000
   2013.62519977      0.0000
   2013.62522831      0.0000
   2013.62525685      0.0000
   2013.62528539      0.0000
   2013.62531393      0.0000
   2013.62534247      0.0000
   2013.62537100      0.0000
   2013.62539954      0.0000
   2013.62542808      0.0000
   2013.62545662      0.0000
   2013.62548516      0.0000
   2013.62551370      0.0000
   2013.62554224      0.0000
   2013.62557078      0.0000
   2013.62559932      0.0000
   2013.62562785      0.0000
   2013.62565639      0.0000
   2013.62568493      0.0000
   2013.62571347      0.0000
   2013.62574201      0.0000
   2013.62577055      0.0000
   2013.62579909      0.0000
   2013.62582763      0.0000
   2013.62585616      0.0000
   2013.62588470      0.0000
   2013.62591324      0.0000
   2013.62594178      0.0000
   2013.62597032      0.0000
   2013.62599886      0.0000
   2013.62602740      0.0000
   2013.62605594      0.0000
   2013.62608447      0.0000
   2013.62611301      0.0000
   2013.62614155      0.0000
   2013.62617009      0.0000
   2013.62619863      0.0000
   2013.62622717      0.0000
   2013.62625571      0.0000
   2013.62628425      0.0000
   2013.62631279      0.0000
   2013.62634132      0.0000
   2013.62636986      0.0000
   2013.62639840      0.0000
   2013.62642694      0.0000
   2013.62645548      0.0000
   2013.62648402      0.0000
   2013.62651256      0.0000
   2013.62654110      0.0000
   2013.62656963      0.0000
   2013.62659817      0.0000
   2013.62662671      0.0000
   2013.62665525      0.0000
   2013.62668379      0.0000
   2013.62671233      0.0000
   2013.62674087      0.0000
   2013.62676941      0.0000
   2013.62679795      0.0000
   2013.62682648      0.0000
   2013.62685502     15.8243
   2013.62688356     73.9398
   2013.62691210    138.3462
   2013.62694064    127.3853
   2013.62696918     85.5500
   2013.62699772     54.7519
   2013.62702626     34.7092
   2013.62705479     24.6968
   2013.62708333     19.0088
   2013.62711187     14.8067
   2013.62714041     11.9696
   2013.62716895      9.8690
   2013.62719749      8.7444
   2013.62722603      7.2999
   2013.62725457      6.5922
   2013.62728311      5.4005
   2013.62731164      4.7541
   2013.62734018      4.2648
   2013.62736872      3.8245
   2013.62739726      3.5185
   2013.62742580      3.2557
   2013.62745434      3.0367
   2013.62748288      2.8492
   2013.62751142      2.6970
   2013.62753995      2.5771
   2013.62756849      2.4845
   2013.62759703      2.4156
   2013.62762557      2.3670
   2013.62765411      2.3353
   2013.62768265      2.3175
   2013.62771119      2.3107
   2013.62773973      2.3122
   2013.62776826      2.2913
   2013.62779680      2.2704
   2013.62782534      2.2358
   2013.62785388      2.1418
   2013.62788242      2.0883
   2013.62791096      2.0127
   2013.62793950      1.9352
   2013.62796804      1.8495
   2013.62799658      1.7574
   2013.62802511      1.6556
   2013.62805365      1.5635
   2013.62808219      1.4722
   2013.62811073      1.3814
   2013.62813927      1.2909
   2013.62816781      1.2016
   2013.62819635      1.1150
   2013.62822489      1.0357
   2013.62825342      0.9580
   2013.62828196      0.8877
   2013.62831050      0.8188
   2013.62833904      0.7520
   2013.62836758      0.6893
   2013.62839612      0.6323
   2013.62842466      0.5803
   2013.62845320      0.5327
   2013.62848174      0.4896
   2013.62851027      0.4505
   2013.62853881      0.4149
   2013.62856735      0.3823
   2013.62859589      0.3526
   2013.62862443      0.3254
   2013.62865297      0.3005
   2013.62868151      0.2777
   2013.62871005      0.2568
   2013.62873858      0.2375
   2013.62876712      0.2196
   2013.62879566      0.2032
   2013.62882420      0.1880
   2013.62885274      0.1742
   2013.62888128      0.1614
   2013.62890982      0.1497
   2013.62893836      0.1390
   2013.62896689      0.1291
   2013.62899543      0.1200
   2013.62902397      0.1115
   2013.62905251      0.1038
