   2013.62465753      0.0000
   2013.62468607      0.0000
   2013.62471461      0.0000
   2013.62474315      0.0000
   2013.62477169      0.0000
   2013.62480023      0.0000
   2013.62482877      0.0000
   2013.62485731      0.0000
   2013.62488584      0.0000
   2013.62491438      0.0000
   2013.62494292      0.0000
   2013.62497146      0.0000
   2013.62500000      0.0000
   2013.62502854      0.0000
   2013.62505708      0.0000
   2013.62508562      0.0000
   2013.62511416      0.0000
   2013.62514269      0.1300
   2013.62517123      0.2915
   2013.62519977      0.9215
   2013.62522831      2.8557
   2013.62525685      6.2664
   2013.62528539     13.1853
   2013.62531393     23.2492
   2013.62534247     30.4206
   2013.62537100     33.4272
   2013.62539954     33.9825
   2013.62542808     32.0698
   2013.62545662     29.8952
   2013.62548516     28.7410
   2013.62551370     25.0257
   2013.62554224     21.3676
   2013.62557078     18.1374
   2013.62559932     16.4731
   2013.62562785     14.5543
   2013.62565639     13.3839
   2013.62568493     11.8431
   2013.62571347     11.8442
   2013.62574201     11.4100
   2013.62577055     10.9317
   2013.62579909     10.5115
   2013.62582763     11.1504
   2013.62585616     11.0939
   2013.62588470     10.8194
   2013.62591324     10.6412
   2013.62594178     11.4421
   2013.62597032     11.5013
   2013.62599886     11.3597
   2013.62602740     11.1495
   2013.62605594     11.9886
   2013.62608447     12.0904
   2013.62611301     11.9578
   2013.62614155     12.1168
   2013.62617009     12.6446
   2013.62619863     12.7509
   2013.62622717     12.5787
   2013.62625571     12.9662
   2013.62628425     14.5822
   2013.62631279     15.0215
   2013.62634132     13.8245
   2013.62636986     12.7490
   2013.62639840     12.2056
   2013.62642694     12.2468
   2013.62645548     13.7553
   2013.62648402     15.0904
   2013.62651256     15.2434
   2013.62654110     14.4187
   2013.62656963     12.7618
   2013.62659817     11.1412
   2013.62662671      9.7196
   2013.62665525      8.8101
   2013.62668379      8.6541
   2013.62671233      8.8932
   2013.62674087      8.7177
   2013.62676941      8.2460
   2013.62679795      7.7528
   2013.62682648      6.1361
   2013.62685502      5.3921
   2013.62688356      4.5730
   2013.62691210      3.9844
   2013.62694064      3.4194
   2013.62696918      2.9742
   2013.62699772      2.7425
   2013.62702626      2.3986
   2013.62705479      2.1066
   2013.62708333      1.8740
   2013.62711187      1.6721
   2013.62714041      1.4967
   2013.62716895      1.3547
   2013.62719749      1.1826
   2013.62722603      1.0384
   2013.62725457      0.9636
   2013.62728311      0.8771
   2013.62731164      0.7951
   2013.62734018      0.7207
   2013.62736872      0.6542
   2013.62739726      0.5954
   2013.62742580      0.5427
   2013.62745434      0.4959
   2013.62748288      0.4542
   2013.62751142      0.4169
   2013.62753995      0.3833
   2013.62756849      0.3529
   2013.62759703      0.3254
   2013.62762557      0.3003
   2013.62765411      0.2776
   2013.62768265      0.2568
   2013.62771119      0.2377
   2013.62773973      0.2201
   2013.62776826      0.2039
   2013.62779680      0.1891
   2013.62782534      0.1756
   2013.62785388      0.1631
   2013.62788242      0.1517
   2013.62791096      0.1413
   2013.62793950      0.1316
   2013.62796804      0.1227
   2013.62799658      0.1144
   2013.62802511      0.1068
