   2013.62465753      0.0000
   2013.62468607      0.0000
   2013.62471461      0.0000
   2013.62474315      0.0000
   2013.62477169      0.0000
   2013.62480023      0.0000
   2013.62482877      0.0000
   2013.62485731      0.0000
   2013.62488584      0.0000
   2013.62491438      0.0000
   2013.62494292      0.0000
   2013.62497146      0.0000
   2013.62500000      0.0000
   2013.62502854      0.0000
   2013.62505708      0.0000
   2013.62508562      0.0000
   2013.62511416      0.0000
   2013.62514269      0.0000
   2013.62517123      0.0000
   2013.62519977      0.0000
   2013.62522831      0.0000
   2013.62525685      0.0000
   2013.62528539      0.0000
   2013.62531393      0.0000
   2013.62534247      0.0000
   2013.62537100      0.0000
   2013.62539954      0.0000
   2013.62542808      0.0000
   2013.62545662      0.0000
   2013.62548516      0.0000
   2013.62551370      0.0000
   2013.62554224      0.0000
   2013.62557078      0.0000
   2013.62559932      0.0000
   2013.62562785      0.0000
   2013.62565639      0.0000
   2013.62568493      0.0000
   2013.62571347      0.2287
   2013.62574201      0.5484
   2013.62577055      1.7994
   2013.62579909      3.7600
   2013.62582763      6.6666
   2013.62585616     12.1769
   2013.62588470     17.3367
   2013.62591324     18.3650
   2013.62594178     17.1260
   2013.62597032     15.6050
   2013.62599886     14.2385
   2013.62602740     13.5190
   2013.62605594     12.6250
   2013.62608447     12.2808
   2013.62611301     12.0766
   2013.62614155     12.0255
   2013.62617009     11.8715
   2013.62619863     11.9194
   2013.62622717     11.6713
   2013.62625571     11.7412
   2013.62628425     11.7288
   2013.62631279     11.8692
   2013.62634132     12.0729
   2013.62636986     12.0106
   2013.62639840     11.7492
   2013.62642694     11.5211
   2013.62645548     11.4811
   2013.62648402     11.4553
   2013.62651256     11.4574
   2013.62654110     11.3127
   2013.62656963     10.8912
   2013.62659817     10.3053
   2013.62662671      9.6447
   2013.62665525      9.0136
   2013.62668379      8.3237
   2013.62671233      7.9970
   2013.62674087      7.3664
   2013.62676941      7.1261
   2013.62679795      5.8283
   2013.62682648      5.2119
   2013.62685502      4.7254
   2013.62688356      4.0355
   2013.62691210      3.5479
   2013.62694064      3.1751
   2013.62696918      3.0245
   2013.62699772      2.5686
   2013.62702626      2.2777
   2013.62705479      1.9272
   2013.62708333      1.7540
   2013.62711187      1.5737
   2013.62714041      1.4137
   2013.62716895      1.3155
   2013.62719749      1.1574
   2013.62722603      1.0249
   2013.62725457      0.9489
   2013.62728311      0.8639
   2013.62731164      0.7838
   2013.62734018      0.7108
   2013.62736872      0.6453
   2013.62739726      0.5870
   2013.62742580      0.5349
   2013.62745434      0.4885
   2013.62748288      0.4473
   2013.62751142      0.4104
   2013.62753995      0.3771
   2013.62756849      0.3471
   2013.62759703      0.3199
   2013.62762557      0.2951
   2013.62765411      0.2727
   2013.62768265      0.2521
   2013.62771119      0.2333
   2013.62773973      0.2159
   2013.62776826      0.1999
   2013.62779680      0.1853
   2013.62782534      0.1720
   2013.62785388      0.1597
   2013.62788242      0.1485
   2013.62791096      0.1382
   2013.62793950      0.1287
   2013.62796804      0.1199
   2013.62799658      0.1118
   2013.62802511      0.1043
