   2013.62465753      0.0000
   2013.62468607      0.0000
   2013.62471461      0.0000
   2013.62474315      0.0000
   2013.62477169      0.0000
   2013.62480023      0.0000
   2013.62482877      0.0000
   2013.62485731      0.0000
   2013.62488584      0.0000
   2013.62491438      0.0000
   2013.62494292      0.0000
   2013.62497146      0.0000
   2013.62500000      0.0000
   2013.62502854      0.0000
   2013.62505708      0.0000
   2013.62508562      0.0000
   2013.62511416      0.0000
   2013.62514269      0.0000
   2013.62517123      0.0000
   2013.62519977      0.0000
   2013.62522831      0.0000
   2013.62525685      0.0000
   2013.62528539      0.0000
   2013.62531393      0.0000
   2013.62534247      0.0000
   2013.62537100      0.0000
   2013.62539954      0.0000
   2013.62542808      0.0000
   2013.62545662      0.0000
   2013.62548516      0.0000
   2013.62551370      0.0000
   2013.62554224      0.0000
   2013.62557078      0.0000
   2013.62559932      0.0000
   2013.62562785      0.0000
   2013.62565639      0.0000
   2013.62568493      0.0000
   2013.62571347      0.0064
   2013.62574201      0.0168
   2013.62577055      0.0450
   2013.62579909      0.0766
   2013.62582763      0.1351
   2013.62585616      0.2292
   2013.62588470      0.3539
   2013.62591324      0.5242
   2013.62594178      0.7317
   2013.62597032      0.9883
   2013.62599886      1.3849
   2013.62602740      2.0396
   2013.62605594      2.7740
   2013.62608447      3.4240
   2013.62611301      3.6690
   2013.62614155      3.8348
   2013.62617009      3.9146
   2013.62619863      3.7671
   2013.62622717      3.7146
   2013.62625571      3.8333
   2013.62628425      3.7916
   2013.62631279      3.8400
   2013.62634132      3.8345
   2013.62636986      4.0860
   2013.62639840      4.2107
   2013.62642694      4.4018
   2013.62645548      4.5025
   2013.62648402      4.7510
   2013.62651256      5.0232
   2013.62654110      5.0575
   2013.62656963      5.2667
   2013.62659817      5.3473
   2013.62662671      5.2546
   2013.62665525      5.2467
   2013.62668379      5.2457
   2013.62671233      4.8958
   2013.62674087      5.2176
   2013.62676941      5.0044
   2013.62679795      4.9796
   2013.62682648      4.9475
   2013.62685502      4.8648
   2013.62688356      4.6629
   2013.62691210      4.6513
   2013.62694064      4.4703
   2013.62696918      4.6458
   2013.62699772      4.5347
   2013.62702626      4.5960
   2013.62705479      4.6750
   2013.62708333      4.7156
   2013.62711187      4.6055
   2013.62714041      4.6284
   2013.62716895      4.4539
   2013.62719749      4.5076
   2013.62722603      4.5056
   2013.62725457      4.3844
   2013.62728311      4.1065
   2013.62731164      4.1721
   2013.62734018      4.0973
   2013.62736872      3.8997
   2013.62739726      3.6956
   2013.62742580      3.7214
   2013.62745434      3.5937
   2013.62748288      3.6216
   2013.62751142      3.1853
   2013.62753995      3.2568
   2013.62756849      3.1388
   2013.62759703      2.9907
   2013.62762557      2.9216
   2013.62765411      2.8028
   2013.62768265      2.6820
   2013.62771119      2.5568
   2013.62773973      2.4416
   2013.62776826      2.3757
   2013.62779680      2.2196
   2013.62782534      2.1225
   2013.62785388      2.0584
   2013.62788242      2.0045
   2013.62791096      1.8810
   2013.62793950      1.7906
   2013.62796804      1.7356
   2013.62799658      1.6894
   2013.62802511      1.6218
   2013.62805365      1.5587
   2013.62808219      1.3552
   2013.62811073      1.4317
   2013.62813927      1.4000
   2013.62816781      1.3043
   2013.62819635      1.1863
   2013.62822489      1.2344
   2013.62825342      1.1989
   2013.62828196      1.1370
   2013.62831050      1.0937
   2013.62833904      1.0963
   2013.62836758      1.0593
   2013.62839612      1.0703
   2013.62842466      0.9864
   2013.62845320      1.0229
   2013.62848174      1.0139
   2013.62851027      0.9902
   2013.62853881      1.0080
   2013.62856735      1.0740
   2013.62859589      1.0407
   2013.62862443      1.0473
   2013.62865297      1.1051
   2013.62868151      1.1333
   2013.62871005      1.1775
   2013.62873858      1.2126
   2013.62876712      1.3169
   2013.62879566      1.3989
   2013.62882420      1.4880
   2013.62885274      1.5634
   2013.62888128      1.7420
   2013.62890982      1.8948
   2013.62893836      2.0012
   2013.62896689      2.1460
   2013.62899543      2.4022
   2013.62902397      2.6063
   2013.62905251      2.7272
   2013.62908105      2.8905
   2013.62910959      3.2262
   2013.62913813      3.4106
   2013.62916667      3.5120
   2013.62919521      3.7358
   2013.62922374      3.7545
   2013.62925228      4.1831
   2013.62928082      4.2299
   2013.62930936      4.4373
   2013.62933790      4.3340
   2013.62936644      4.7891
   2013.62939498      4.7681
   2013.62942352      4.9744
   2013.62945205      4.7183
   2013.62948059      5.1818
   2013.62950913      5.0992
   2013.62953767      5.2570
   2013.62956621      4.9376
   2013.62959475      5.3671
   2013.62962329      5.2339
   2013.62965183      5.3492
   2013.62968037      5.0580
   2013.62970890      5.3645
   2013.62973744      5.1936
   2013.62976598      5.2245
   2013.62979452      4.9281
   2013.62982306      5.1875
   2013.62985160      4.9900
   2013.62988014      4.9616
   2013.62990868      4.7154
   2013.62993721      4.7448
   2013.62996575      4.7353
   2013.62999429      4.5823
   2013.63002283      4.3008
   2013.63005137      4.3394
   2013.63007991      4.2620
   2013.63010845      4.1140
   2013.63013699      4.0020
   2013.63016553      3.8573
   2013.63019406      3.7288
   2013.63022260      3.7877
   2013.63025114      3.6078
   2013.63027968      3.2655
   2013.63030822      3.1229
   2013.63033676      2.9504
   2013.63036530      2.7137
   2013.63039384      2.5418
   2013.63042237      2.3740
   2013.63045091      2.2075
   2013.63047945      2.0588
   2013.63050799      1.8838
   2013.63053653      1.7438
   2013.63056507      1.6140
   2013.63059361      1.4927
   2013.63062215      1.3774
   2013.63065068      1.2690
   2013.63067922      1.1653
   2013.63070776      1.0754
   2013.63073630      0.9882
   2013.63076484      0.9119
   2013.63079338      0.8386
   2013.63082192      0.7685
   2013.63085046      0.7032
   2013.63087900      0.6442
   2013.63090753      0.5912
   2013.63093607      0.5430
   2013.63096461      0.4994
   2013.63099315      0.4601
   2013.63102169      0.4245
   2013.63105023      0.3921
   2013.63107877      0.3625
   2013.63110731      0.3354
   2013.63113584      0.3106
   2013.63116438      0.2879
   2013.63119292      0.2672
   2013.63122146      0.2481
   2013.63125000      0.2304
   2013.63127854      0.2140
   2013.63130708      0.1990
   2013.63133562      0.1851
   2013.63136416      0.1723
   2013.63139269      0.1606
   2013.63142123      0.1497
   2013.63144977      0.1397
   2013.63147831      0.1305
   2013.63150685      0.1219
   2013.63153539      0.1140
   2013.63156393      0.1066
