   2013.62465753      0.0000
   2013.62468607      0.0000
   2013.62471461      0.0000
   2013.62474315      0.0000
   2013.62477169      0.0000
   2013.62480023      0.0000
   2013.62482877      0.0000
   2013.62485731      0.0000
   2013.62488584      0.0000
   2013.62491438      0.0000
   2013.62494292      0.0000
   2013.62497146      0.0000
   2013.62500000      0.0000
   2013.62502854      0.0000
   2013.62505708      0.0000
   2013.62508562      0.0000
   2013.62511416      0.0000
   2013.62514269      0.0000
   2013.62517123      0.0000
   2013.62519977      0.0000
   2013.62522831      0.0000
   2013.62525685      0.0000
   2013.62528539      0.0000
   2013.62531393      0.0000
   2013.62534247      0.0000
   2013.62537100      0.0000
   2013.62539954      0.0000
   2013.62542808      0.0000
   2013.62545662      0.0000
   2013.62548516      0.0000
   2013.62551370      0.0000
   2013.62554224      0.0000
   2013.62557078      0.0000
   2013.62559932      0.0000
   2013.62562785      0.0000
   2013.62565639      0.0000
   2013.62568493      0.0000
   2013.62571347      0.0000
   2013.62574201      0.0000
   2013.62577055      0.0000
   2013.62579909      0.0000
   2013.62582763      0.0000
   2013.62585616      0.0000
   2013.62588470      0.0000
   2013.62591324      0.0000
   2013.62594178      0.0000
   2013.62597032      0.0000
   2013.62599886      0.0000
   2013.62602740      0.0000
   2013.62605594      0.0000
   2013.62608447      0.0000
   2013.62611301      0.0000
   2013.62614155      0.0000
   2013.62617009      0.0000
   2013.62619863      0.0000
   2013.62622717      0.0000
   2013.62625571      0.0000
   2013.62628425      0.0000
   2013.62631279      0.0000
   2013.62634132      0.0000
   2013.62636986      0.0000
   2013.62639840      0.0000
   2013.62642694      0.0000
   2013.62645548      0.0000
   2013.62648402      0.0000
   2013.62651256      0.0117
   2013.62654110      0.0673
   2013.62656963      0.2419
   2013.62659817      0.5552
   2013.62662671      1.5495
   2013.62665525      3.0030
   2013.62668379      4.8676
   2013.62671233      7.7850
   2013.62674087     11.4477
   2013.62676941     12.6776
   2013.62679795     12.0324
   2013.62682648     10.4775
   2013.62685502      9.0991
   2013.62688356      7.9467
   2013.62691210      7.2710
   2013.62694064      6.2131
   2013.62696918      4.9579
   2013.62699772      4.2268
   2013.62702626      3.7952
   2013.62705479      3.2879
   2013.62708333      2.9104
   2013.62711187      2.5777
   2013.62714041      2.2799
   2013.62716895      2.0283
   2013.62719749      1.8215
   2013.62722603      1.6446
   2013.62725457      1.4902
   2013.62728311      1.3539
   2013.62731164      1.2608
   2013.62734018      1.1353
   2013.62736872      1.0174
   2013.62739726      0.9552
   2013.62742580      0.8827
   2013.62745434      0.8139
   2013.62748288      0.7511
   2013.62751142      0.6942
   2013.62753995      0.6437
   2013.62756849      0.5989
   2013.62759703      0.5586
   2013.62762557      0.5225
   2013.62765411      0.4899
   2013.62768265      0.4603
   2013.62771119      0.4331
   2013.62773973      0.4081
   2013.62776826      0.3850
   2013.62779680      0.3636
   2013.62782534      0.3439
   2013.62785388      0.3256
   2013.62788242      0.3087
   2013.62791096      0.2930
   2013.62793950      0.2785
   2013.62796804      0.2650
   2013.62799658      0.2524
   2013.62802511      0.2405
   2013.62805365      0.2294
   2013.62808219      0.2188
   2013.62811073      0.2090
   2013.62813927      0.1997
   2013.62816781      0.1910
   2013.62819635      0.1829
   2013.62822489      0.1752
   2013.62825342      0.1680
   2013.62828196      0.1611
   2013.62831050      0.1547
   2013.62833904      0.1486
   2013.62836758      0.1428
   2013.62839612      0.1373
   2013.62842466      0.1321
   2013.62845320      0.1272
   2013.62848174      0.1226
   2013.62851027      0.1181
   2013.62853881      0.1139
   2013.62856735      0.1100
   2013.62859589      0.1062
   2013.62862443      0.1026
