   2013.62465753      0.0000
   2013.62468607      0.0000
   2013.62471461      0.0000
   2013.62474315      0.0000
   2013.62477169      0.0000
   2013.62480023      0.0000
   2013.62482877      0.0000
   2013.62485731      0.0000
   2013.62488584      0.0000
   2013.62491438      0.0000
   2013.62494292      0.0000
   2013.62497146      0.0000
   2013.62500000      0.0000
   2013.62502854      0.0000
   2013.62505708      0.0000
   2013.62508562      0.0000
   2013.62511416      0.0000
   2013.62514269      0.0000
   2013.62517123      0.0000
   2013.62519977      0.0000
   2013.62522831      0.0000
   2013.62525685      0.0000
   2013.62528539      0.0000
   2013.62531393      0.0000
   2013.62534247      0.0000
   2013.62537100      0.0000
   2013.62539954      0.0000
   2013.62542808      0.0000
   2013.62545662      0.0000
   2013.62548516      0.0000
   2013.62551370      0.0000
   2013.62554224      0.0000
   2013.62557078      0.0000
   2013.62559932      0.0000
   2013.62562785      0.0000
   2013.62565639      0.0000
   2013.62568493      0.0000
   2013.62571347      0.0000
   2013.62574201      0.0000
   2013.62577055      0.0000
   2013.62579909      0.0000
   2013.62582763      0.0000
   2013.62585616      0.0000
   2013.62588470      0.0000
   2013.62591324      0.0000
   2013.62594178      0.0000
   2013.62597032      0.0000
   2013.62599886      0.0000
   2013.62602740      0.0000
   2013.62605594      0.0000
   2013.62608447      0.0000
   2013.62611301      0.0000
   2013.62614155      0.0000
   2013.62617009      0.0000
   2013.62619863      0.0000
   2013.62622717      0.0000
   2013.62625571      0.0000
   2013.62628425      0.0000
   2013.62631279      0.0000
   2013.62634132      0.0000
   2013.62636986      0.0000
   2013.62639840      0.0000
   2013.62642694      0.0000
   2013.62645548      0.0000
   2013.62648402      0.0000
   2013.62651256      0.0000
   2013.62654110      0.0000
   2013.62656963      0.0000
   2013.62659817      0.0000
   2013.62662671      0.0000
   2013.62665525      0.0000
   2013.62668379      0.0000
   2013.62671233      0.0000
   2013.62674087      0.0000
   2013.62676941      0.0000
   2013.62679795      0.0000
   2013.62682648      0.0000
   2013.62685502      0.0000
   2013.62688356      0.0000
   2013.62691210      0.0000
   2013.62694064      0.0000
   2013.62696918      0.0000
   2013.62699772      0.0000
   2013.62702626      0.0000
   2013.62705479      0.0000
   2013.62708333      0.0000
   2013.62711187      0.0000
   2013.62714041      0.0000
   2013.62716895      0.0000
   2013.62719749      0.0000
   2013.62722603      0.0000
   2013.62725457      0.0000
   2013.62728311      0.0000
   2013.62731164     11.1866
   2013.62734018     45.3839
   2013.62736872     99.8100
   2013.62739726    105.8101
   2013.62742580     78.2313
   2013.62745434     54.5121
   2013.62748288     37.4497
   2013.62751142     28.1825
   2013.62753995     21.8932
   2013.62756849     18.1616
   2013.62759703     15.6700
   2013.62762557     14.0300
   2013.62765411     12.9480
   2013.62768265     12.0618
   2013.62771119     11.3839
   2013.62773973     10.9420
   2013.62776826     10.5353
   2013.62779680     10.2275
   2013.62782534      9.9929
   2013.62785388      9.7812
   2013.62788242      9.5525
   2013.62791096      9.1730
   2013.62793950      8.7813
   2013.62796804      8.3032
   2013.62799658      7.9363
   2013.62802511      7.4125
   2013.62805365      6.8245
   2013.62808219      6.7386
   2013.62811073      5.6303
   2013.62813927      5.5051
   2013.62816781      4.5641
   2013.62819635      4.3482
   2013.62822489      3.7009
   2013.62825342      3.2676
   2013.62828196      2.8944
   2013.62831050      2.6776
   2013.62833904      2.3612
   2013.62836758      2.0091
   2013.62839612      1.7952
   2013.62842466      1.5994
   2013.62845320      1.4252
   2013.62848174      1.2980
   2013.62851027      1.1476
   2013.62853881      1.0191
   2013.62856735      0.9304
   2013.62859589      0.8403
   2013.62862443      0.7580
   2013.62865297      0.6843
   2013.62868151      0.6192
   2013.62871005      0.5614
   2013.62873858      0.5102
   2013.62876712      0.4651
   2013.62879566      0.4250
   2013.62882420      0.3893
   2013.62885274      0.3572
   2013.62888128      0.3283
   2013.62890982      0.3021
   2013.62893836      0.2785
   2013.62896689      0.2570
   2013.62899543      0.2373
   2013.62902397      0.2193
   2013.62905251      0.2027
   2013.62908105      0.1876
   2013.62910959      0.1738
   2013.62913813      0.1611
   2013.62916667      0.1496
   2013.62919521      0.1390
   2013.62922374      0.1292
   2013.62925228      0.1203
   2013.62928082      0.1120
   2013.62930936      0.1043
