   2013.62465753      0.0000
   2013.62468607      0.0000
   2013.62471461      0.0000
   2013.62474315      0.0000
   2013.62477169      0.0000
   2013.62480023      0.0000
   2013.62482877      0.0000
   2013.62485731      0.0000
   2013.62488584      0.0000
   2013.62491438      0.0000
   2013.62494292      0.0000
   2013.62497146      0.0000
   2013.62500000      0.0000
   2013.62502854      0.0000
   2013.62505708      0.0000
   2013.62508562      0.0000
   2013.62511416      0.0000
   2013.62514269      0.0000
   2013.62517123      0.0000
   2013.62519977      0.0000
   2013.62522831      0.0000
   2013.62525685      0.0000
   2013.62528539      0.0000
   2013.62531393      0.0000
   2013.62534247      0.0000
   2013.62537100      0.0000
   2013.62539954      0.0000
   2013.62542808      0.0000
   2013.62545662      0.0000
   2013.62548516      0.0000
   2013.62551370      0.0000
   2013.62554224      0.0000
   2013.62557078      0.0000
   2013.62559932      0.0000
   2013.62562785      0.0000
   2013.62565639      0.0000
   2013.62568493      0.0000
   2013.62571347      0.0000
   2013.62574201      0.0000
   2013.62577055      0.0000
   2013.62579909      0.0000
   2013.62582763      0.6052
   2013.62585616      2.9050
   2013.62588470      8.4533
   2013.62591324     18.6144
   2013.62594178     36.2400
   2013.62597032     41.0383
   2013.62599886     37.8141
   2013.62602740     35.0826
   2013.62605594     32.7852
   2013.62608447     31.0091
   2013.62611301     29.6470
   2013.62614155     25.7397
   2013.62617009     24.7130
   2013.62619863     22.0354
   2013.62622717     19.0855
   2013.62625571     16.1754
   2013.62628425     14.8037
   2013.62631279     13.2298
   2013.62634132     11.9156
   2013.62636986     10.5576
   2013.62639840     10.4914
   2013.62642694      9.9839
   2013.62645548      9.5316
   2013.62648402      9.3289
   2013.62651256      9.5143
   2013.62654110      9.2900
   2013.62656963      9.3817
   2013.62659817      9.0087
   2013.62662671      9.5859
   2013.62665525      9.4685
   2013.62668379      9.4609
   2013.62671233      9.2224
   2013.62674087      9.6689
   2013.62676941      9.7197
   2013.62679795      9.6733
   2013.62682648      9.3719
   2013.62685502      9.8130
   2013.62688356      9.7918
   2013.62691210      9.6734
   2013.62694064      9.2945
   2013.62696918      9.7006
   2013.62699772      9.6419
   2013.62702626      9.4870
   2013.62705479      9.1323
   2013.62708333      9.4582
   2013.62711187      9.4458
   2013.62714041      9.2000
   2013.62716895      8.8789
   2013.62719749      9.1145
   2013.62722603      9.1505
   2013.62725457      8.7530
   2013.62728311      8.4266
   2013.62731164      8.6257
   2013.62734018      8.4056
   2013.62736872      8.2012
   2013.62739726      7.8715
   2013.62742580      8.0589
   2013.62745434      7.9226
   2013.62748288      7.6142
   2013.62751142      7.2623
   2013.62753995      7.4317
   2013.62756849      7.3016
   2013.62759703      7.0631
   2013.62762557      6.6586
   2013.62765411      6.8788
   2013.62768265      6.7585
   2013.62771119      6.5457
   2013.62773973      6.1708
   2013.62776826      6.6360
   2013.62779680      6.2746
   2013.62782534      6.0931
   2013.62785388      5.7520
   2013.62788242      6.1811
   2013.62791096      5.8907
   2013.62793950      5.9777
   2013.62796804      5.4426
   2013.62799658      5.8536
   2013.62802511      5.6141
   2013.62805365      5.6845
   2013.62808219      5.2323
   2013.62811073      5.6363
   2013.62813927      5.4338
   2013.62816781      5.5261
   2013.62819635      5.1066
   2013.62822489      5.5370
   2013.62825342      5.3593
   2013.62828196      5.4890
   2013.62831050      5.1209
   2013.62833904      5.5726
   2013.62836758      5.4084
   2013.62839612      5.6088
   2013.62842466      5.2402
   2013.62845320      5.7857
   2013.62848174      5.5993
   2013.62851027      5.6845
   2013.62853881      5.5005
   2013.62856735      5.8370
   2013.62859589      5.9144
   2013.62862443      6.0356
   2013.62865297      5.8596
   2013.62868151      6.2497
   2013.62871005      6.3767
   2013.62873858      6.5164
   2013.62876712      6.3883
   2013.62879566      6.8004
   2013.62882420      6.9834
   2013.62885274      7.1127
   2013.62888128      7.0610
   2013.62890982      7.4237
   2013.62893836      7.5647
   2013.62896689      7.7889
   2013.62899543      7.7152
   2013.62902397      8.2095
   2013.62905251      8.3616
   2013.62908105      8.4810
   2013.62910959      8.4163
   2013.62913813      9.0187
   2013.62916667      8.9903
   2013.62919521      9.0443
   2013.62922374      8.9479
   2013.62925228      9.5797
   2013.62928082      9.4985
   2013.62930936      9.4910
   2013.62933790      9.2766
   2013.62936644      9.9648
   2013.62939498      9.8461
   2013.62942352      9.8471
   2013.62945205      9.5384
   2013.62948059     10.2431
   2013.62950913     10.0689
   2013.62953767     10.0216
   2013.62956621      9.6442
   2013.62959475     10.1269
   2013.62962329     10.0954
   2013.62965183      9.9685
   2013.62968037      9.5448
   2013.62970890      9.9793
   2013.62973744      9.9058
   2013.62976598      9.7466
   2013.62979452      9.3253
   2013.62982306      9.7017
   2013.62985160      9.7351
   2013.62988014      9.4305
   2013.62990868      9.0436
   2013.62993721      9.3305
   2013.62996575      9.3590
   2013.62999429      8.9939
   2013.63002283      8.6117
   2013.63005137      8.8045
   2013.63007991      8.6871
   2013.63010845      8.4519
   2013.63013699      8.0416
   2013.63016553      8.1480
   2013.63019406      8.1310
   2013.63022260      7.9169
   2013.63025114      7.4829
   2013.63027968      7.1122
   2013.63030822      6.6893
   2013.63033676      6.4171
   2013.63036530      6.1708
   2013.63039384      5.6302
   2013.63042237      4.8487
   2013.63045091      4.3740
   2013.63047945      4.2338
   2013.63050799      3.6316
   2013.63053653      3.2369
   2013.63056507      2.9191
   2013.63059361      2.7352
   2013.63062215      2.3910
   2013.63065068      2.1297
   2013.63067922      1.8322
   2013.63070776      1.6427
   2013.63073630      1.4714
   2013.63076484      1.3754
   2013.63079338      1.1847
   2013.63082192      1.0698
   2013.63085046      0.9686
   2013.63087900      0.8791
   2013.63090753      0.7962
   2013.63093607      0.7204
   2013.63096461      0.6531
   2013.63099315      0.5939
   2013.63102169      0.5411
   2013.63105023      0.4941
   2013.63107877      0.4522
   2013.63110731      0.4147
   2013.63113584      0.3810
   2013.63116438      0.3505
   2013.63119292      0.3230
   2013.63122146      0.2981
   2013.63125000      0.2755
   2013.63127854      0.2549
   2013.63130708      0.2359
   2013.63133562      0.2185
   2013.63136416      0.2025
   2013.63139269      0.1879
   2013.63142123      0.1745
   2013.63144977      0.1623
   2013.63147831      0.1510
   2013.63150685      0.1406
   2013.63153539      0.1311
   2013.63156393      0.1223
   2013.63159247      0.1142
   2013.63162100      0.1067
