   2013.62465753      0.0000
   2013.62468607      0.0000
   2013.62471461      0.0000
   2013.62474315      0.0000
   2013.62477169      0.0000
   2013.62480023      0.0000
   2013.62482877      0.0000
   2013.62485731      0.0000
   2013.62488584      0.0000
   2013.62491438      0.0000
   2013.62494292      0.0000
   2013.62497146      0.0000
   2013.62500000      0.0000
   2013.62502854      0.0000
   2013.62505708      0.0000
   2013.62508562      0.0000
   2013.62511416      0.0000
   2013.62514269      0.0000
   2013.62517123      0.0000
   2013.62519977      0.0000
   2013.62522831      0.0000
   2013.62525685      0.0000
   2013.62528539      0.0000
   2013.62531393      0.0000
   2013.62534247      0.0000
   2013.62537100      0.0000
   2013.62539954      0.0000
   2013.62542808      0.0000
   2013.62545662      0.0000
   2013.62548516      0.0000
   2013.62551370      0.0000
   2013.62554224      0.0000
   2013.62557078      0.0000
   2013.62559932      0.0000
   2013.62562785      0.0000
   2013.62565639      0.0000
   2013.62568493      0.0000
   2013.62571347      0.0000
   2013.62574201      0.0000
   2013.62577055      0.0000
   2013.62579909      0.0000
   2013.62582763      0.0000
   2013.62585616      0.0000
   2013.62588470      0.0000
   2013.62591324      0.0000
   2013.62594178      0.0000
   2013.62597032      0.0003
   2013.62599886      0.0006
   2013.62602740      0.0009
   2013.62605594      0.0011
   2013.62608447      0.0013
   2013.62611301      0.0014
   2013.62614155      0.0019
   2013.62617009      0.0019
   2013.62619863      0.0021
   2013.62622717      0.0122
   2013.62625571      0.0438
   2013.62628425      0.0714
   2013.62631279      0.1127
   2013.62634132      0.1775
   2013.62636986      0.2698
   2013.62639840      0.3858
   2013.62642694      0.5605
   2013.62645548      0.8079
   2013.62648402      1.1446
   2013.62651256      1.6828
   2013.62654110      2.3635
   2013.62656963      3.0053
   2013.62659817      3.6653
   2013.62662671      3.9625
   2013.62665525      4.2349
   2013.62668379      4.4166
   2013.62671233      4.5819
   2013.62674087      4.6761
   2013.62676941      4.7522
   2013.62679795      4.8266
   2013.62682648      4.8943
   2013.62685502      4.9245
   2013.62688356      4.9582
   2013.62691210      4.9876
   2013.62694064      5.0094
   2013.62696918      5.0053
   2013.62699772      5.1124
   2013.62702626      4.9551
   2013.62705479      4.8664
   2013.62708333      4.7371
   2013.62711187      4.5711
   2013.62714041      4.6605
   2013.62716895      4.2322
   2013.62719749      3.9857
   2013.62722603      4.0472
   2013.62725457      3.7466
   2013.62728311      3.3861
   2013.62731164      3.2061
   2013.62734018      3.0050
   2013.62736872      2.7407
   2013.62739726      2.5488
   2013.62742580      2.3649
   2013.62745434      2.1946
   2013.62748288      2.0338
   2013.62751142      1.8871
   2013.62753995      1.7454
   2013.62756849      1.6197
   2013.62759703      1.5092
   2013.62762557      1.4085
   2013.62765411      1.3156
   2013.62768265      1.2288
   2013.62771119      1.1867
   2013.62773973      1.0822
   2013.62776826      1.0142
   2013.62779680      0.9436
   2013.62782534      0.8919
   2013.62785388      0.8371
   2013.62788242      0.7852
   2013.62791096      0.7362
   2013.62793950      0.6908
   2013.62796804      0.6497
   2013.62799658      0.6125
   2013.62802511      0.5783
   2013.62805365      0.5467
   2013.62808219      0.5174
   2013.62811073      0.4901
   2013.62813927      0.4647
   2013.62816781      0.4409
   2013.62819635      0.4185
   2013.62822489      0.3975
   2013.62825342      0.3777
   2013.62828196      0.3592
   2013.62831050      0.3418
   2013.62833904      0.3255
   2013.62836758      0.3102
   2013.62839612      0.2959
   2013.62842466      0.2824
   2013.62845320      0.2698
   2013.62848174      0.2579
   2013.62851027      0.2467
   2013.62853881      0.2360
   2013.62856735      0.2258
   2013.62859589      0.2162
   2013.62862443      0.2071
   2013.62865297      0.2016
   2013.62868151      0.1940
   2013.62871005      0.1864
   2013.62873858      0.1792
   2013.62876712      0.1782
   2013.62879566      0.1731
   2013.62882420      0.1674
   2013.62885274      0.1620
   2013.62888128      0.1652
   2013.62890982      0.1626
   2013.62893836      0.1593
   2013.62896689      0.1566
   2013.62899543      0.1652
   2013.62902397      0.1668
   2013.62905251      0.1676
   2013.62908105      0.1698
   2013.62910959      0.1861
   2013.62913813      0.1947
   2013.62916667      0.2027
   2013.62919521      0.2121
   2013.62922374      0.2387
   2013.62925228      0.2569
   2013.62928082      0.2745
   2013.62930936      0.2948
   2013.62933790      0.3452
   2013.62936644      0.3837
   2013.62939498      0.4226
   2013.62942352      0.4751
   2013.62945205      0.5459
   2013.62948059      0.6267
   2013.62950913      0.7232
   2013.62953767      0.8321
   2013.62956621      0.9800
   2013.62959475      1.1480
   2013.62962329      1.3255
   2013.62965183      1.4754
   2013.62968037      1.6163
   2013.62970890      1.7103
   2013.62973744      1.7672
   2013.62976598      1.8004
   2013.62979452      1.8428
   2013.62982306      1.8547
   2013.62985160      1.8560
   2013.62988014      1.8395
   2013.62990868      1.8329
   2013.62993721      1.8096
   2013.62996575      1.7797
   2013.62999429      1.7388
   2013.63002283      1.7041
   2013.63005137      1.6624
   2013.63007991      1.6159
   2013.63010845      1.5379
   2013.63013699      1.5197
   2013.63016553      1.4374
   2013.63019406      1.3967
   2013.63022260      1.3397
   2013.63025114      1.2871
   2013.63027968      1.2352
   2013.63030822      1.1433
   2013.63033676      1.1184
   2013.63036530      1.0830
   2013.63039384      1.0208
   2013.63042237      0.9720
   2013.63045091      0.9167
   2013.63047945      0.8759
   2013.63050799      0.8320
   2013.63053653      0.7892
   2013.63056507      0.7476
   2013.63059361      0.7080
   2013.63062215      0.6712
   2013.63065068      0.6373
   2013.63067922      0.6056
   2013.63070776      0.5756
   2013.63073630      0.5472
   2013.63076484      0.5205
   2013.63079338      0.4953
   2013.63082192      0.4715
   2013.63085046      0.4490
   2013.63087900      0.4277
   2013.63090753      0.4075
   2013.63093607      0.3884
   2013.63096461      0.3702
   2013.63099315      0.3531
   2013.63102169      0.3369
   2013.63105023      0.3216
   2013.63107877      0.3072
   2013.63110731      0.2936
   2013.63113584      0.2808
   2013.63116438      0.2687
   2013.63119292      0.2572
   2013.63122146      0.2464
   2013.63125000      0.2360
   2013.63127854      0.2261
   2013.63130708      0.2167
   2013.63133562      0.2078
   2013.63136416      0.1993
   2013.63139269      0.1913
   2013.63142123      0.1837
   2013.63144977      0.1765
   2013.63147831      0.1697
   2013.63150685      0.1632
   2013.63153539      0.1570
   2013.63156393      0.1511
   2013.63159247      0.1455
   2013.63162100      0.1402
   2013.63164954      0.1351
   2013.63167808      0.1303
   2013.63170662      0.1257
   2013.63173516      0.1213
   2013.63176370      0.1171
   2013.63179224      0.1131
   2013.63182078      0.1093
   2013.63184932      0.1057
   2013.63187785      0.1022
