   2013.62465753      0.0000
   2013.62468607      0.0000
   2013.62471461      0.0000
   2013.62474315      0.0000
   2013.62477169      0.0000
   2013.62480023      0.0000
   2013.62482877      0.0000
   2013.62485731      0.0000
   2013.62488584      0.0000
   2013.62491438      0.0000
   2013.62494292      0.0000
   2013.62497146      0.0000
   2013.62500000      0.0000
   2013.62502854      0.0000
   2013.62505708      0.0000
   2013.62508562      0.0000
   2013.62511416      0.0000
   2013.62514269      0.0000
   2013.62517123      0.0000
   2013.62519977      0.0000
   2013.62522831      0.0000
   2013.62525685      0.0000
   2013.62528539      0.0000
   2013.62531393      0.0000
   2013.62534247      0.0000
   2013.62537100      0.0000
   2013.62539954      0.0000
   2013.62542808      0.0000
   2013.62545662      0.0000
   2013.62548516      0.0000
   2013.62551370      0.0000
   2013.62554224      0.0000
   2013.62557078      0.0000
   2013.62559932      0.0000
   2013.62562785      0.0000
   2013.62565639      0.0000
   2013.62568493      0.0000
   2013.62571347      0.0000
   2013.62574201      0.0000
   2013.62577055      0.0000
   2013.62579909      0.0000
   2013.62582763      0.0000
   2013.62585616      0.0000
   2013.62588470      0.0000
   2013.62591324      0.0000
   2013.62594178      0.0000
   2013.62597032      0.0000
   2013.62599886      0.0000
   2013.62602740      0.0000
   2013.62605594      0.2658
   2013.62608447      0.7441
   2013.62611301      2.6331
   2013.62614155      5.6702
   2013.62617009     11.0227
   2013.62619863     20.3267
   2013.62622717     26.4826
   2013.62625571     25.0603
   2013.62628425     22.7648
   2013.62631279     20.0007
   2013.62634132     17.7103
   2013.62636986     15.1351
   2013.62639840     13.7988
   2013.62642694     12.5365
   2013.62645548     10.7128
   2013.62648402      9.5543
   2013.62651256      8.5408
   2013.62654110      7.7376
   2013.62656963      7.0325
   2013.62659817      6.0725
   2013.62662671      5.8806
   2013.62665525      5.3075
   2013.62668379      5.0281
   2013.62671233      4.8433
   2013.62674087      4.6638
   2013.62676941      4.4296
   2013.62679795      4.3760
   2013.62682648      4.3977
   2013.62685502      4.3747
   2013.62688356      4.2675
   2013.62691210      4.3037
   2013.62694064      4.2035
   2013.62696918      4.3985
   2013.62699772      4.2992
   2013.62702626      4.3308
   2013.62705479      4.3904
   2013.62708333      4.3929
   2013.62711187      4.3538
   2013.62714041      4.2751
   2013.62716895      4.3118
   2013.62719749      4.2988
   2013.62722603      4.2178
   2013.62725457      4.1333
   2013.62728311      4.1543
   2013.62731164      4.1230
   2013.62734018      4.0211
   2013.62736872      3.8486
   2013.62739726      3.9078
   2013.62742580      3.8959
   2013.62745434      3.7270
   2013.62748288      3.6210
   2013.62751142      3.4423
   2013.62753995      3.5689
   2013.62756849      3.5022
   2013.62759703      3.5979
   2013.62762557      3.1957
   2013.62765411      3.3424
   2013.62768265      3.2824
   2013.62771119      3.1397
   2013.62773973      3.0559
   2013.62776826      3.1092
   2013.62779680      3.0748
   2013.62782534      2.9638
   2013.62785388      2.8603
   2013.62788242      2.8823
   2013.62791096      2.8500
   2013.62793950      2.7586
   2013.62796804      2.7690
   2013.62799658      2.6909
   2013.62802511      2.6613
   2013.62805365      2.5839
   2013.62808219      2.6105
   2013.62811073      2.5373
   2013.62813927      2.5188
   2013.62816781      2.4535
   2013.62819635      2.4916
   2013.62822489      2.4880
   2013.62825342      2.4263
   2013.62828196      2.3741
   2013.62831050      2.4294
   2013.62833904      2.4348
   2013.62836758      2.3997
   2013.62839612      2.3617
   2013.62842466      2.4337
   2013.62845320      2.4582
   2013.62848174      2.4419
   2013.62851027      2.4171
   2013.62853881      2.5066
   2013.62856735      2.5549
   2013.62859589      2.5693
   2013.62862443      2.5476
   2013.62865297      2.6616
   2013.62868151      2.7309
   2013.62871005      2.7128
   2013.62873858      2.7482
   2013.62876712      2.7862
   2013.62879566      2.9821
   2013.62882420      2.9701
   2013.62885274      3.0413
   2013.62888128      3.0150
   2013.62890982      3.2743
   2013.62893836      3.2701
   2013.62896689      3.3225
   2013.62899543      3.5157
   2013.62902397      3.5812
   2013.62905251      3.6448
   2013.62908105      3.6934
   2013.62910959      3.7743
   2013.62913813      3.9249
   2013.62916667      3.8999
   2013.62919521      4.0117
   2013.62922374      3.9997
   2013.62925228      4.2421
   2013.62928082      4.2080
   2013.62930936      4.3145
   2013.62933790      4.4526
   2013.62936644      4.5174
   2013.62939498      4.4625
   2013.62942352      4.5589
   2013.62945205      4.4676
   2013.62948059      4.7003
   2013.62950913      4.6182
   2013.62953767      4.6862
   2013.62956621      4.5617
   2013.62959475      4.7887
   2013.62962329      4.6835
   2013.62965183      4.7380
   2013.62968037      4.5950
   2013.62970890      4.8077
   2013.62973744      4.6821
   2013.62976598      4.7117
   2013.62979452      4.5068
   2013.62982306      4.7406
   2013.62985160      4.5967
   2013.62988014      4.5987
   2013.62990868      4.6155
   2013.62993721      4.5965
   2013.62996575      4.5233
   2013.62999429      4.4109
   2013.63002283      4.2332
   2013.63005137      4.3797
   2013.63007991      4.2746
   2013.63010845      4.1701
   2013.63013699      4.1678
   2013.63016553      4.1207
   2013.63019406      3.9998
   2013.63022260      3.8420
   2013.63025114      3.7207
   2013.63027968      3.8288
   2013.63030822      3.6008
   2013.63033676      3.2756
   2013.63036530      3.1431
   2013.63039384      2.9741
   2013.63042237      2.7330
   2013.63045091      2.5579
   2013.63047945      2.3828
   2013.63050799      2.2140
   2013.63053653      2.0307
   2013.63056507      1.8711
   2013.63059361      1.7242
   2013.63062215      1.5869
   2013.63065068      1.4572
   2013.63067922      1.3351
   2013.63070776      1.2177
   2013.63073630      1.1186
   2013.63076484      1.0230
   2013.63079338      0.9390
   2013.63082192      0.8605
   2013.63085046      0.7858
   2013.63087900      0.7163
   2013.63090753      0.6536
   2013.63093607      0.5978
   2013.63096461      0.5474
   2013.63099315      0.5021
   2013.63102169      0.4613
   2013.63105023      0.4246
   2013.63107877      0.3913
   2013.63110731      0.3611
   2013.63113584      0.3335
   2013.63116438      0.3084
   2013.63119292      0.2855
   2013.63122146      0.2646
   2013.63125000      0.2454
   2013.63127854      0.2276
   2013.63130708      0.2112
   2013.63133562      0.1962
   2013.63136416      0.1823
   2013.63139269      0.1696
   2013.63142123      0.1579
   2013.63144977      0.1472
   2013.63147831      0.1373
   2013.63150685      0.1281
   2013.63153539      0.1197
   2013.63156393      0.1118
   2013.63159247      0.1046
