   2013.62465753      0.0000
   2013.62468607      0.0000
   2013.62471461      0.0000
   2013.62474315      0.0000
   2013.62477169      0.0000
   2013.62480023      0.0000
   2013.62482877      0.0000
   2013.62485731      0.0000
   2013.62488584      0.0000
   2013.62491438      0.0000
   2013.62494292      0.0000
   2013.62497146      0.0000
   2013.62500000      0.0000
   2013.62502854      0.0000
   2013.62505708      0.0000
   2013.62508562      0.0000
   2013.62511416      0.0000
   2013.62514269      0.0000
   2013.62517123      0.0000
   2013.62519977      0.0000
   2013.62522831      0.0000
   2013.62525685      0.0000
   2013.62528539      0.0000
   2013.62531393      0.0000
   2013.62534247      0.0000
   2013.62537100      0.0000
   2013.62539954      0.0000
   2013.62542808      0.0000
   2013.62545662      0.0000
   2013.62548516      0.0000
   2013.62551370      0.0000
   2013.62554224      0.0000
   2013.62557078      0.0000
   2013.62559932      0.0000
   2013.62562785      0.0000
   2013.62565639      0.0000
   2013.62568493      0.0000
   2013.62571347      0.0000
   2013.62574201      0.0000
   2013.62577055      0.0000
   2013.62579909      0.0000
   2013.62582763      0.0000
   2013.62585616      0.0000
   2013.62588470      0.0000
   2013.62591324      0.0000
   2013.62594178      0.0000
   2013.62597032      0.0000
   2013.62599886      0.0000
   2013.62602740      0.0000
   2013.62605594      0.0000
   2013.62608447      0.0000
   2013.62611301      0.0000
   2013.62614155      0.0000
   2013.62617009      0.0000
   2013.62619863      0.0000
   2013.62622717      0.0000
   2013.62625571      0.0000
   2013.62628425      0.0000
   2013.62631279      0.0000
   2013.62634132      0.0000
   2013.62636986      0.0000
   2013.62639840      0.0000
   2013.62642694      0.0000
   2013.62645548      0.0000
   2013.62648402      0.0000
   2013.62651256      0.0000
   2013.62654110      0.0000
   2013.62656963      0.0000
   2013.62659817      0.0000
   2013.62662671      0.0000
   2013.62665525      0.0000
   2013.62668379      0.0000
   2013.62671233      0.0000
   2013.62674087      0.0000
   2013.62676941      0.0000
   2013.62679795      0.0000
   2013.62682648      0.0000
   2013.62685502      0.0000
   2013.62688356      0.0000
   2013.62691210      0.0000
   2013.62694064      0.0000
   2013.62696918      0.0000
   2013.62699772      0.0000
   2013.62702626      0.0000
   2013.62705479      0.0000
   2013.62708333     18.1790
   2013.62711187     80.0486
   2013.62714041    156.5223
   2013.62716895    135.9021
   2013.62719749    106.4198
   2013.62722603     72.7403
   2013.62725457     49.7103
   2013.62728311     38.1283
   2013.62731164     29.6313
   2013.62734018     24.1719
   2013.62736872     19.7070
   2013.62739726     15.7967
   2013.62742580     12.7700
   2013.62745434     10.5428
   2013.62748288      8.7843
   2013.62751142      7.2537
   2013.62753995      6.0489
   2013.62756849      5.5609
   2013.62759703      4.2775
   2013.62762557      3.6169
   2013.62765411      3.3382
   2013.62768265      2.7925
   2013.62771119      2.4007
   2013.62773973      2.0906
   2013.62776826      1.8315
   2013.62779680      1.5828
   2013.62782534      1.3637
   2013.62785388      1.2371
   2013.62788242      1.0662
   2013.62791096      0.9830
   2013.62793950      0.8880
   2013.62796804      0.7989
   2013.62799658      0.7193
   2013.62802511      0.6492
   2013.62805365      0.5878
   2013.62808219      0.5335
   2013.62811073      0.4854
   2013.62813927      0.4430
   2013.62816781      0.4052
   2013.62819635      0.3714
   2013.62822489      0.3409
   2013.62825342      0.3133
   2013.62828196      0.2885
   2013.62831050      0.2659
   2013.62833904      0.2452
   2013.62836758      0.2263
   2013.62839612      0.2089
   2013.62842466      0.1930
   2013.62845320      0.1784
   2013.62848174      0.1651
   2013.62851027      0.1530
   2013.62853881      0.1418
   2013.62856735      0.1316
   2013.62859589      0.1221
   2013.62862443      0.1134
   2013.62865297      0.1053
