   2013.62465753      0.0000
   2013.62468607      0.0000
   2013.62471461      0.0000
   2013.62474315      0.0000
   2013.62477169      0.0000
   2013.62480023      0.0000
   2013.62482877      0.0000
   2013.62485731      0.0000
   2013.62488584      0.0000
   2013.62491438      0.0000
   2013.62494292      0.0000
   2013.62497146      0.0000
   2013.62500000      0.0000
   2013.62502854      0.0000
   2013.62505708      0.0000
   2013.62508562      0.0000
   2013.62511416      0.0000
   2013.62514269      0.0000
   2013.62517123      0.0000
   2013.62519977      0.0000
   2013.62522831      0.0000
   2013.62525685      0.0000
   2013.62528539      0.0000
   2013.62531393      0.0000
   2013.62534247      0.0000
   2013.62537100      0.0000
   2013.62539954      0.0000
   2013.62542808      0.0000
   2013.62545662      0.0000
   2013.62548516      0.0000
   2013.62551370      0.0000
   2013.62554224      0.0000
   2013.62557078      0.0000
   2013.62559932      0.0000
   2013.62562785      0.0000
   2013.62565639      0.0000
   2013.62568493      0.0000
   2013.62571347      0.0000
   2013.62574201      0.0000
   2013.62577055      0.0000
   2013.62579909      0.0000
   2013.62582763      0.0000
   2013.62585616      0.0000
   2013.62588470      0.0000
   2013.62591324      0.0000
   2013.62594178      0.0005
   2013.62597032      0.0012
   2013.62599886      0.0017
   2013.62602740      0.0021
   2013.62605594      0.0024
   2013.62608447      0.0028
   2013.62611301      0.0032
   2013.62614155      0.0326
   2013.62617009      0.0693
   2013.62619863      0.1193
   2013.62622717      0.2043
   2013.62625571      0.3329
   2013.62628425      0.5229
   2013.62631279      0.8058
   2013.62634132      1.2229
   2013.62636986      1.8401
   2013.62639840      2.7352
   2013.62642694      3.7231
   2013.62645548      4.6341
   2013.62648402      5.2302
   2013.62651256      5.5834
   2013.62654110      5.7886
   2013.62656963      5.9090
   2013.62659817      5.9864
   2013.62662671      6.0370
   2013.62665525      6.0728
   2013.62668379      6.0996
   2013.62671233      6.0676
   2013.62674087      5.9102
   2013.62676941      5.9379
   2013.62679795      5.7110
   2013.62682648      5.4863
   2013.62685502      5.5352
   2013.62688356      5.1468
   2013.62691210      4.5717
   2013.62694064      4.2731
   2013.62696918      4.2507
   2013.62699772      3.6080
   2013.62702626      3.4242
   2013.62705479      3.1397
   2013.62708333      2.8936
   2013.62711187      2.6551
   2013.62714041      2.4380
   2013.62716895      2.2614
   2013.62719749      2.0799
   2013.62722603      1.9310
   2013.62725457      1.7876
   2013.62728311      1.5446
   2013.62731164      1.5911
   2013.62734018      1.5013
   2013.62736872      1.4035
   2013.62739726      1.2431
   2013.62742580      1.2795
   2013.62745434      1.2235
   2013.62748288      1.1665
   2013.62751142      1.0979
   2013.62753995      1.0989
   2013.62756849      1.0680
   2013.62759703      1.0329
   2013.62762557      1.0020
   2013.62765411      1.0137
   2013.62768265      1.0025
   2013.62771119      0.9877
   2013.62773973      0.9692
   2013.62776826      0.9950
   2013.62779680      0.9958
   2013.62782534      0.9863
   2013.62785388      0.9656
   2013.62788242      0.9974
   2013.62791096      0.9957
   2013.62793950      0.9929
   2013.62796804      0.9912
   2013.62799658      0.9848
   2013.62802511      1.0084
   2013.62805365      0.9934
   2013.62808219      0.9602
   2013.62811073      0.9416
   2013.62813927      0.9236
   2013.62816781      0.8877
   2013.62819635      0.8767
   2013.62822489      0.8537
   2013.62825342      0.8274
   2013.62828196      0.8006
   2013.62831050      0.7751
   2013.62833904      0.7493
   2013.62836758      0.7244
   2013.62839612      0.7003
   2013.62842466      0.6777
   2013.62845320      0.6543
   2013.62848174      0.6313
   2013.62851027      0.6087
   2013.62853881      0.5874
   2013.62856735      0.5660
   2013.62859589      0.5453
   2013.62862443      0.5254
   2013.62865297      0.5070
   2013.62868151      0.4886
   2013.62871005      0.4707
   2013.62873858      0.4534
   2013.62876712      0.4374
   2013.62879566      0.4214
   2013.62882420      0.4058
   2013.62885274      0.3907
   2013.62888128      0.3769
   2013.62890982      0.3632
   2013.62893836      0.3499
   2013.62896689      0.3373
   2013.62899543      0.3259
   2013.62902397      0.3145
   2013.62905251      0.3035
   2013.62908105      0.2930
   2013.62910959      0.2840
   2013.62913813      0.2747
   2013.62916667      0.2655
   2013.62919521      0.2568
   2013.62922374      0.2504
   2013.62925228      0.2429
   2013.62928082      0.2353
   2013.62930936      0.2280
   2013.62933790      0.2380
   2013.62936644      0.2355
   2013.62939498      0.2306
   2013.62942352      0.2267
   2013.62945205      0.2778
   2013.62948059      0.2954
   2013.62950913      0.3084
   2013.62953767      0.3437
   2013.62956621      0.3877
   2013.62959475      0.4498
   2013.62962329      0.5307
   2013.62965183      0.6187
   2013.62968037      0.6750
   2013.62970890      0.7379
   2013.62973744      0.7964
   2013.62976598      0.8527
   2013.62979452      0.9093
   2013.62982306      0.9627
   2013.62985160      1.0120
   2013.62988014      1.0645
   2013.62990868      1.1330
   2013.62993721      1.1991
   2013.62996575      1.3079
   2013.62999429      1.4281
   2013.63002283      1.5311
   2013.63005137      1.5845
   2013.63007991      1.5849
   2013.63010845      1.5473
   2013.63013699      1.4823
   2013.63016553      1.4012
   2013.63019406      1.3125
   2013.63022260      1.2889
   2013.63025114      1.1477
   2013.63027968      1.0607
   2013.63030822      0.9737
   2013.63033676      0.9116
   2013.63036530      0.8450
   2013.63039384      0.7823
   2013.63042237      0.7239
   2013.63045091      0.6707
   2013.63047945      0.6233
   2013.63050799      0.5806
   2013.63053653      0.5421
   2013.63056507      0.5072
   2013.63059361      0.4756
   2013.63062215      0.4468
   2013.63065068      0.4202
   2013.63067922      0.3956
   2013.63070776      0.3729
   2013.63073630      0.3519
   2013.63076484      0.3324
   2013.63079338      0.3144
   2013.63082192      0.2977
   2013.63085046      0.2822
   2013.63087900      0.2679
   2013.63090753      0.2545
   2013.63093607      0.2420
   2013.63096461      0.2302
   2013.63099315      0.2190
   2013.63102169      0.2086
   2013.63105023      0.1988
   2013.63107877      0.1896
   2013.63110731      0.1810
   2013.63113584      0.1729
   2013.63116438      0.1652
   2013.63119292      0.1580
   2013.63122146      0.1511
   2013.63125000      0.1447
   2013.63127854      0.1386
   2013.63130708      0.1328
   2013.63133562      0.1274
   2013.63136416      0.1222
   2013.63139269      0.1173
   2013.63142123      0.1127
   2013.63144977      0.1083
   2013.63147831      0.1041
   2013.63150685      0.1001
