   2013.62465753      0.0000
   2013.62468607      0.0000
   2013.62471461      0.0000
   2013.62474315      0.0000
   2013.62477169      0.0000
   2013.62480023      0.0000
   2013.62482877      0.0000
   2013.62485731      0.0000
   2013.62488584      0.0000
   2013.62491438      0.0000
   2013.62494292      0.0000
   2013.62497146      0.0000
   2013.62500000      0.0000
   2013.62502854      0.0000
   2013.62505708      0.0000
   2013.62508562      0.0000
   2013.62511416      0.0000
   2013.62514269      0.0000
   2013.62517123      0.0000
   2013.62519977      0.0000
   2013.62522831      0.0000
   2013.62525685      0.0000
   2013.62528539      0.0000
   2013.62531393      0.0000
   2013.62534247      0.0000
   2013.62537100      0.0000
   2013.62539954      0.0000
   2013.62542808      0.0000
   2013.62545662      0.0000
   2013.62548516      0.0000
   2013.62551370      0.0000
   2013.62554224      0.0000
   2013.62557078      0.0000
   2013.62559932      0.0000
   2013.62562785      0.0000
   2013.62565639      0.0000
   2013.62568493      0.0000
   2013.62571347      0.0000
   2013.62574201      0.0000
   2013.62577055      0.0000
   2013.62579909      0.0000
   2013.62582763      0.0000
   2013.62585616      0.0000
   2013.62588470      0.0000
   2013.62591324      0.0000
   2013.62594178      0.0000
   2013.62597032      0.0000
   2013.62599886      0.0000
   2013.62602740      0.0000
   2013.62605594      0.0000
   2013.62608447      0.0000
   2013.62611301      0.0000
   2013.62614155      0.0000
   2013.62617009      0.0000
   2013.62619863      0.0000
   2013.62622717      0.0000
   2013.62625571      0.0000
   2013.62628425      0.0000
   2013.62631279      0.0000
   2013.62634132      0.0000
   2013.62636986      0.0000
   2013.62639840      0.0000
   2013.62642694      0.0000
   2013.62645548      0.0000
   2013.62648402      0.0000
   2013.62651256      0.0000
   2013.62654110      0.0000
   2013.62656963      0.0000
   2013.62659817      0.0000
   2013.62662671      0.0000
   2013.62665525      0.0000
   2013.62668379      0.0000
   2013.62671233      0.0000
   2013.62674087      0.0000
   2013.62676941      0.0000
   2013.62679795      0.0000
   2013.62682648      0.0000
   2013.62685502      0.0000
   2013.62688356      0.0000
   2013.62691210      0.0000
   2013.62694064      0.0000
   2013.62696918      0.0000
   2013.62699772      0.0000
   2013.62702626      0.0000
   2013.62705479      0.0000
   2013.62708333      0.1008
   2013.62711187      0.1685
   2013.62714041      0.4113
   2013.62716895      1.1764
   2013.62719749      2.7291
   2013.62722603      6.7318
   2013.62725457     13.1417
   2013.62728311     14.9465
   2013.62731164     13.9975
   2013.62734018     12.1381
   2013.62736872     10.6761
   2013.62739726      9.1467
   2013.62742580      8.2016
   2013.62745434      7.2220
   2013.62748288      6.4582
   2013.62751142      5.8472
   2013.62753995      5.3692
   2013.62756849      4.9917
   2013.62759703      4.7038
   2013.62762557      4.4915
   2013.62765411      4.3352
   2013.62768265      4.2244
   2013.62771119      4.1517
   2013.62773973      4.1089
   2013.62776826      4.0825
   2013.62779680      3.9902
   2013.62782534      3.8178
   2013.62785388      3.6709
   2013.62788242      3.6875
   2013.62791096      3.3207
   2013.62793950      3.2270
   2013.62796804      2.9880
   2013.62799658      2.8059
   2013.62802511      2.6052
   2013.62805365      2.4148
   2013.62808219      2.3021
   2013.62811073      2.0961
   2013.62813927      1.9162
   2013.62816781      1.6821
   2013.62819635      1.5391
   2013.62822489      1.3985
   2013.62825342      1.3230
   2013.62828196      1.1509
   2013.62831050      1.0473
   2013.62833904      0.9538
   2013.62836758      0.8694
   2013.62839612      0.7901
   2013.62842466      0.7165
   2013.62845320      0.6502
   2013.62848174      0.5914
   2013.62851027      0.5385
   2013.62853881      0.4911
   2013.62856735      0.4487
   2013.62859589      0.4107
   2013.62862443      0.3764
   2013.62865297      0.3454
   2013.62868151      0.3173
   2013.62871005      0.2919
   2013.62873858      0.2688
   2013.62876712      0.2477
   2013.62879566      0.2284
   2013.62882420      0.2106
   2013.62885274      0.1944
   2013.62888128      0.1795
   2013.62890982      0.1660
   2013.62893836      0.1536
   2013.62896689      0.1423
   2013.62899543      0.1319
   2013.62902397      0.1223
   2013.62905251      0.1135
   2013.62908105      0.1054
