   2013.62465753      0.0000
   2013.62468607      0.0000
   2013.62471461      0.0000
   2013.62474315      0.0000
   2013.62477169      0.0000
   2013.62480023      0.0000
   2013.62482877      0.0000
   2013.62485731      0.0000
   2013.62488584      0.0000
   2013.62491438      0.0000
   2013.62494292      0.0000
   2013.62497146      0.0000
   2013.62500000      0.0000
   2013.62502854      0.0000
   2013.62505708      0.0000
   2013.62508562      0.0000
   2013.62511416      0.0000
   2013.62514269      0.0000
   2013.62517123      0.0000
   2013.62519977      0.0000
   2013.62522831      0.0000
   2013.62525685      0.0000
   2013.62528539      0.0000
   2013.62531393      0.0000
   2013.62534247      0.0000
   2013.62537100      0.0000
   2013.62539954      0.0000
   2013.62542808      0.0000
   2013.62545662      0.0000
   2013.62548516      0.0000
   2013.62551370      0.0000
   2013.62554224      0.0000
   2013.62557078      0.0000
   2013.62559932      0.0000
   2013.62562785      0.0000
   2013.62565639      0.0000
   2013.62568493      0.0000
   2013.62571347      0.0000
   2013.62574201      0.0000
   2013.62577055      0.0000
   2013.62579909      0.0000
   2013.62582763      0.4048
   2013.62585616      1.4377
   2013.62588470      4.6507
   2013.62591324      9.2258
   2013.62594178     19.0264
   2013.62597032     28.2667
   2013.62599886     28.7785
   2013.62602740     25.7192
   2013.62605594     24.3128
   2013.62608447     22.6176
   2013.62611301     21.4837
   2013.62614155     20.2316
   2013.62617009     20.6504
   2013.62619863     20.7339
   2013.62622717     20.7390
   2013.62625571     20.6529
   2013.62628425     22.2038
   2013.62631279     22.4310
   2013.62634132     21.5249
   2013.62636986     20.1281
   2013.62639840     20.1165
   2013.62642694     18.8613
   2013.62645548     17.0745
   2013.62648402     14.9643
   2013.62651256     14.0769
   2013.62654110     12.7907
   2013.62656963     11.6706
   2013.62659817     10.4310
   2013.62662671     10.4168
   2013.62665525      9.9590
   2013.62668379      9.5326
   2013.62671233      9.1286
   2013.62674087      9.3274
   2013.62676941      9.3448
   2013.62679795      9.1018
   2013.62682648      8.8705
   2013.62685502      9.1576
   2013.62688356      9.3136
   2013.62691210      8.9767
   2013.62694064      8.7500
   2013.62696918      9.0088
   2013.62699772      9.1218
   2013.62702626      8.7554
   2013.62705479      8.4807
   2013.62708333      8.7235
   2013.62711187      8.6511
   2013.62714041      8.4693
   2013.62716895      8.1193
   2013.62719749      8.3451
   2013.62722603      8.1502
   2013.62725457      8.1464
   2013.62728311      7.6610
   2013.62731164      7.8259
   2013.62734018      7.7153
   2013.62736872      7.4527
   2013.62739726      7.0493
   2013.62742580      7.2717
   2013.62745434      7.1442
   2013.62748288      6.9096
   2013.62751142      6.4789
   2013.62753995      6.9788
   2013.62756849      6.5574
   2013.62759703      6.3301
   2013.62762557      6.4426
   2013.62765411      6.3197
   2013.62768265      5.9871
   2013.62771119      5.9928
   2013.62773973      5.5340
   2013.62776826      5.7647
   2013.62779680      5.4839
   2013.62782534      5.4415
   2013.62785388      5.0814
   2013.62788242      5.3049
   2013.62791096      5.0710
   2013.62793950      5.0276
   2013.62796804      4.7850
   2013.62799658      4.9415
   2013.62802511      4.7451
   2013.62805365      4.7120
   2013.62808219      4.5160
   2013.62811073      4.6751
   2013.62813927      4.5184
   2013.62816781      4.5144
   2013.62819635      4.5517
   2013.62822489      4.5330
   2013.62825342      4.4106
   2013.62828196      4.4396
   2013.62831050      4.5149
   2013.62833904      4.5321
   2013.62836758      4.4369
   2013.62839612      4.5164
   2013.62842466      4.3209
   2013.62845320      4.6914
   2013.62848174      4.6204
   2013.62851027      4.7551
   2013.62853881      4.5681
   2013.62856735      5.0187
   2013.62859589      4.9497
   2013.62862443      5.1850
   2013.62865297      4.9618
   2013.62868151      5.3823
   2013.62871005      5.4237
   2013.62873858      5.5803
   2013.62876712      5.4951
   2013.62879566      5.8916
   2013.62882420      6.0504
   2013.62885274      6.2340
   2013.62888128      6.1452
   2013.62890982      6.5769
   2013.62893836      6.7678
   2013.62896689      6.9253
   2013.62899543      6.8921
   2013.62902397      7.2705
   2013.62905251      7.5706
   2013.62908105      7.6194
   2013.62910959      7.5351
   2013.62913813      7.9270
   2013.62916667      8.0496
   2013.62919521      8.1271
   2013.62922374      8.1203
   2013.62925228      8.5669
   2013.62928082      8.7432
   2013.62930936      8.7257
   2013.62933790      8.6343
   2013.62936644      9.1764
   2013.62939498      9.0861
   2013.62942352      9.0752
   2013.62945205      8.9366
   2013.62948059      9.5097
   2013.62950913      9.3628
   2013.62953767      9.2900
   2013.62956621      9.0272
   2013.62959475      9.4104
   2013.62962329      9.4721
   2013.62965183      9.2581
   2013.62968037      8.9688
   2013.62970890      9.2687
   2013.62973744      9.3871
   2013.62976598      9.0070
   2013.62979452      8.7110
   2013.62982306      8.9410
   2013.62985160      8.8486
   2013.62988014      8.6946
   2013.62990868      8.3249
   2013.62993721      8.5345
   2013.62996575      8.3338
   2013.62999429      8.1606
   2013.63002283      7.8408
   2013.63005137      8.0341
   2013.63007991      7.9182
   2013.63010845      7.7641
   2013.63013699      7.2970
   2013.63016553      7.4468
   2013.63019406      7.3164
   2013.63022260      7.0722
   2013.63025114      7.0408
   2013.63027968      6.6425
   2013.63030822      6.0416
   2013.63033676      5.7236
   2013.63036530      5.5926
   2013.63039384      4.7955
   2013.63042237      4.4278
   2013.63045091      4.3451
   2013.63047945      3.6992
   2013.63050799      3.3360
   2013.63053653      3.0428
   2013.63056507      2.7131
   2013.63059361      2.5491
   2013.63062215      2.2656
   2013.63065068      1.9411
   2013.63067922      1.7544
   2013.63070776      1.5764
   2013.63073630      1.4154
   2013.63076484      1.2675
   2013.63079338      1.1467
   2013.63082192      1.0362
   2013.63085046      0.9420
   2013.63087900      0.8555
   2013.63090753      0.7752
   2013.63093607      0.7022
   2013.63096461      0.6376
   2013.63099315      0.5805
   2013.63102169      0.5294
   2013.63105023      0.4839
   2013.63107877      0.4433
   2013.63110731      0.4069
   2013.63113584      0.3742
   2013.63116438      0.3445
   2013.63119292      0.3177
   2013.63122146      0.2933
   2013.63125000      0.2712
   2013.63127854      0.2510
   2013.63130708      0.2324
   2013.63133562      0.2153
   2013.63136416      0.1997
   2013.63139269      0.1853
   2013.63142123      0.1722
   2013.63144977      0.1602
   2013.63147831      0.1491
   2013.63150685      0.1389
   2013.63153539      0.1295
   2013.63156393      0.1209
   2013.63159247      0.1129
   2013.63162100      0.1055
