   2013.62465753      0.0000
   2013.62468607      0.0000
   2013.62471461      0.0000
   2013.62474315      0.0000
   2013.62477169      0.0000
   2013.62480023      0.0000
   2013.62482877      0.0000
   2013.62485731      0.0000
   2013.62488584      0.0000
   2013.62491438      0.0000
   2013.62494292      0.0000
   2013.62497146      0.0000
   2013.62500000      0.0000
   2013.62502854      0.0000
   2013.62505708      0.0000
   2013.62508562      0.0000
   2013.62511416      0.0000
   2013.62514269      0.0000
   2013.62517123      0.0000
   2013.62519977      0.0000
   2013.62522831      0.0000
   2013.62525685      0.0000
   2013.62528539      0.0000
   2013.62531393      0.0000
   2013.62534247      0.0000
   2013.62537100      0.0055
   2013.62539954      0.0051
   2013.62542808      0.0345
   2013.62545662      0.0817
   2013.62548516      0.1517
   2013.62551370      0.2949
   2013.62554224      0.5429
   2013.62557078      0.9556
   2013.62559932      1.5754
   2013.62562785      2.5293
   2013.62565639      3.9598
   2013.62568493      5.9175
   2013.62571347      7.4194
   2013.62574201      8.3995
   2013.62577055      8.9407
   2013.62579909      9.2911
   2013.62582763      9.5338
   2013.62585616      9.7364
   2013.62588470      9.8853
   2013.62591324     10.0419
   2013.62594178     10.1966
   2013.62597032     10.3542
   2013.62599886     10.4712
   2013.62602740     10.6174
   2013.62605594     10.7501
   2013.62608447     10.9038
   2013.62611301     11.0022
   2013.62614155     10.8880
   2013.62617009     11.0356
   2013.62619863     10.4475
   2013.62622717      9.8554
   2013.62625571      9.2473
   2013.62628425      8.8189
   2013.62631279      8.2171
   2013.62634132      7.5927
   2013.62636986      6.7103
   2013.62639840      6.5067
   2013.62642694      5.9737
   2013.62645548      5.5547
   2013.62648402      4.9072
   2013.62651256      4.9150
   2013.62654110      4.6433
   2013.62656963      4.3632
   2013.62659817      4.3129
   2013.62662671      4.1671
   2013.62665525      4.0861
   2013.62668379      3.9969
   2013.62671233      3.9136
   2013.62674087      4.0994
   2013.62676941      4.1443
   2013.62679795      4.1098
   2013.62682648      4.0547
   2013.62685502      4.2659
   2013.62688356      4.2921
   2013.62691210      4.2394
   2013.62694064      4.3179
   2013.62696918      4.3331
   2013.62699772      4.3115
   2013.62702626      4.2430
   2013.62705479      4.1105
   2013.62708333      4.2781
   2013.62711187      4.1994
   2013.62714041      4.1195
   2013.62716895      3.9693
   2013.62719749      4.1063
   2013.62722603      3.9939
   2013.62725457      3.8381
   2013.62728311      3.8226
   2013.62731164      3.7628
   2013.62734018      3.6797
   2013.62736872      3.6578
   2013.62739726      3.3510
   2013.62742580      3.5292
   2013.62745434      3.5310
   2013.62748288      3.3471
   2013.62751142      3.2441
   2013.62753995      3.0727
   2013.62756849      2.9189
   2013.62759703      2.8426
   2013.62762557      2.8694
   2013.62765411      2.8514
   2013.62768265      2.7486
   2013.62771119      2.5974
   2013.62773973      2.4394
   2013.62776826      2.2964
   2013.62779680      2.1490
   2013.62782534      2.0775
   2013.62785388      2.0161
   2013.62788242      1.9452
   2013.62791096      1.8574
   2013.62793950      1.7588
   2013.62796804      1.6579
   2013.62799658      1.5610
   2013.62802511      1.4684
   2013.62805365      1.3956
   2013.62808219      1.3316
   2013.62811073      1.2722
   2013.62813927      1.2126
   2013.62816781      1.1514
   2013.62819635      1.1302
   2013.62822489      1.0275
   2013.62825342      0.9704
   2013.62828196      0.9129
   2013.62831050      0.8616
   2013.62833904      0.8113
   2013.62836758      0.7625
   2013.62839612      0.7163
   2013.62842466      0.6731
   2013.62845320      0.6329
   2013.62848174      0.5950
   2013.62851027      0.5590
   2013.62853881      0.5249
   2013.62856735      0.4928
   2013.62859589      0.4627
   2013.62862443      0.4345
   2013.62865297      0.4080
   2013.62868151      0.3831
   2013.62871005      0.3598
   2013.62873858      0.3379
   2013.62876712      0.3173
   2013.62879566      0.2981
   2013.62882420      0.2801
   2013.62885274      0.2633
   2013.62888128      0.2475
   2013.62890982      0.2327
   2013.62893836      0.2186
   2013.62896689      0.2054
   2013.62899543      0.1929
   2013.62902397      0.1813
   2013.62905251      0.1704
   2013.62908105      0.1602
   2013.62910959      0.1507
   2013.62913813      0.1418
   2013.62916667      0.1334
   2013.62919521      0.1255
   2013.62922374      0.1182
   2013.62925228      0.1112
   2013.62928082      0.1047
