   2013.62465753      0.0000
   2013.62468607      0.0000
   2013.62471461      0.0000
   2013.62474315      0.0000
   2013.62477169      0.0000
   2013.62480023      0.0000
   2013.62482877      0.0000
   2013.62485731      0.0000
   2013.62488584      0.0000
   2013.62491438      0.0000
   2013.62494292      0.0000
   2013.62497146      0.0000
   2013.62500000      0.0000
   2013.62502854      0.0000
   2013.62505708      0.0000
   2013.62508562      0.0000
   2013.62511416      0.0000
   2013.62514269      0.0000
   2013.62517123      0.0000
   2013.62519977      0.0000
   2013.62522831      0.0000
   2013.62525685      0.0000
   2013.62528539      0.0000
   2013.62531393      0.0000
   2013.62534247      0.0000
   2013.62537100      0.0000
   2013.62539954      0.0000
   2013.62542808      0.0000
   2013.62545662      0.0000
   2013.62548516      0.0000
   2013.62551370      0.0000
   2013.62554224      0.0000
   2013.62557078      0.0000
   2013.62559932      0.0000
   2013.62562785      0.0000
   2013.62565639      0.0000
   2013.62568493      0.0000
   2013.62571347      0.0000
   2013.62574201      0.0000
   2013.62577055      0.0000
   2013.62579909      0.0000
   2013.62582763      0.0000
   2013.62585616      0.0000
   2013.62588470      0.0000
   2013.62591324      0.0000
   2013.62594178      0.0000
   2013.62597032      0.0000
   2013.62599886      0.0000
   2013.62602740      0.0000
   2013.62605594      0.0000
   2013.62608447      0.0000
   2013.62611301      0.0000
   2013.62614155      0.0000
   2013.62617009      0.0000
   2013.62619863      0.0000
   2013.62622717      0.0000
   2013.62625571      0.0000
   2013.62628425      0.0704
   2013.62631279      0.1364
   2013.62634132      0.2673
   2013.62636986      0.6024
   2013.62639840      1.1635
   2013.62642694      1.7831
   2013.62645548      2.5621
   2013.62648402      3.8127
   2013.62651256      5.7515
   2013.62654110      6.9508
   2013.62656963      6.9770
   2013.62659817      6.3301
   2013.62662671      6.7212
   2013.62665525      5.3227
   2013.62668379      4.7892
   2013.62671233      4.1128
   2013.62674087      3.9735
   2013.62676941      3.6361
   2013.62679795      3.3068
   2013.62682648      3.1329
   2013.62685502      2.8654
   2013.62688356      2.7041
   2013.62691210      2.5302
   2013.62694064      2.4678
   2013.62696918      2.3723
   2013.62699772      2.2753
   2013.62702626      2.1933
   2013.62705479      2.1998
   2013.62708333      2.1708
   2013.62711187      2.1308
   2013.62714041      2.0921
   2013.62716895      2.1172
   2013.62719749      2.1006
   2013.62722603      2.0725
   2013.62725457      2.0275
   2013.62728311      2.0040
   2013.62731164      2.0319
   2013.62734018      2.0189
   2013.62736872      1.9468
   2013.62739726      1.9117
   2013.62742580      1.8651
   2013.62745434      1.7713
   2013.62748288      1.6768
   2013.62751142      1.5772
   2013.62753995      1.5403
   2013.62756849      1.5045
   2013.62759703      1.4573
   2013.62762557      1.4078
   2013.62765411      1.3535
   2013.62768265      1.2928
   2013.62771119      1.2254
   2013.62773973      1.1523
   2013.62776826      1.1059
   2013.62779680      1.0221
   2013.62782534      0.9356
   2013.62785388      0.8993
   2013.62788242      0.8512
   2013.62791096      0.8038
   2013.62793950      0.7587
   2013.62796804      0.7154
   2013.62799658      0.6743
   2013.62802511      0.6358
   2013.62805365      0.5993
   2013.62808219      0.5640
   2013.62811073      0.5301
   2013.62813927      0.4976
   2013.62816781      0.4666
   2013.62819635      0.4372
   2013.62822489      0.4092
   2013.62825342      0.3827
   2013.62828196      0.3578
   2013.62831050      0.3343
   2013.62833904      0.3123
   2013.62836758      0.2918
   2013.62839612      0.2727
   2013.62842466      0.2550
   2013.62845320      0.2384
   2013.62848174      0.2228
   2013.62851027      0.2082
   2013.62853881      0.1946
   2013.62856735      0.1820
   2013.62859589      0.1702
   2013.62862443      0.1593
   2013.62865297      0.1491
   2013.62868151      0.1396
   2013.62871005      0.1307
   2013.62873858      0.1224
   2013.62876712      0.1147
   2013.62879566      0.1074
   2013.62882420      0.1007
