   2013.62465753      0.0000
   2013.62468607      0.0000
   2013.62471461      0.0000
   2013.62474315      0.0000
   2013.62477169      0.0000
   2013.62480023      0.0001
   2013.62482877      0.0011
   2013.62485731      0.0020
   2013.62488584      0.0029
   2013.62491438      0.0048
   2013.62494292      0.0066
   2013.62497146      0.0563
   2013.62500000      0.1208
   2013.62502854      0.2542
   2013.62505708      0.5265
   2013.62508562      1.0569
   2013.62511416      2.0026
   2013.62514269      3.3837
   2013.62517123      5.5410
   2013.62519977      8.3546
   2013.62522831     10.7988
   2013.62525685     12.2772
   2013.62528539     12.8121
   2013.62531393     12.7203
   2013.62534247     12.1880
   2013.62537100     11.8036
   2013.62539954     10.9282
   2013.62542808     10.0535
   2013.62545662      9.3385
   2013.62548516      8.5337
   2013.62551370      7.7373
   2013.62554224      6.9667
   2013.62557078      6.1208
   2013.62559932      5.7367
   2013.62562785      5.3048
   2013.62565639      4.7233
   2013.62568493      4.5128
   2013.62571347      4.1800
   2013.62574201      3.9721
   2013.62577055      3.7613
   2013.62579909      3.6529
   2013.62582763      3.5910
   2013.62585616      3.5483
   2013.62588470      3.4924
   2013.62591324      3.6601
   2013.62594178      3.5949
   2013.62597032      3.6190
   2013.62599886      3.6242
   2013.62602740      3.7713
   2013.62605594      3.8231
   2013.62608447      3.8657
   2013.62611301      3.8761
   2013.62614155      3.9882
   2013.62617009      4.0787
   2013.62619863      4.1248
   2013.62622717      4.1388
   2013.62625571      4.1554
   2013.62628425      4.3461
   2013.62631279      4.3967
   2013.62634132      4.4184
   2013.62636986      4.4158
   2013.62639840      4.6277
   2013.62642694      4.6722
   2013.62645548      4.7028
   2013.62648402      4.6487
   2013.62651256      4.8774
   2013.62654110      4.8722
   2013.62656963      4.8675
   2013.62659817      4.8354
   2013.62662671      5.0795
   2013.62665525      5.0534
   2013.62668379      5.0555
   2013.62671233      4.9994
   2013.62674087      5.1626
   2013.62676941      5.1749
   2013.62679795      5.1511
   2013.62682648      5.0771
   2013.62685502      5.2894
   2013.62688356      5.2330
   2013.62691210      5.2011
   2013.62694064      5.1055
   2013.62696918      5.2396
   2013.62699772      5.2234
   2013.62702626      5.1567
   2013.62705479      5.1772
   2013.62708333      5.1671
   2013.62711187      5.1447
   2013.62714041      5.0586
   2013.62716895      5.0602
   2013.62719749      5.0491
   2013.62722603      5.0253
   2013.62725457      4.9717
   2013.62728311      4.8828
   2013.62731164      4.8843
   2013.62734018      4.8545
   2013.62736872      4.7732
   2013.62739726      4.7294
   2013.62742580      4.6836
   2013.62745434      4.6508
   2013.62748288      4.5607
   2013.62751142      4.5611
   2013.62753995      4.4687
   2013.62756849      4.4325
   2013.62759703      4.3391
   2013.62762557      4.3365
   2013.62765411      4.4630
   2013.62768265      4.4856
   2013.62771119      4.2687
   2013.62773973      3.9839
   2013.62776826      3.9087
   2013.62779680      3.7708
   2013.62782534      3.9073
   2013.62785388      3.9961
   2013.62788242      4.0112
   2013.62791096      3.9355
   2013.62793950      3.8166
   2013.62796804      3.5593
   2013.62799658      3.3083
   2013.62802511      3.0006
   2013.62805365      2.8151
   2013.62808219      2.7420
   2013.62811073      2.7066
   2013.62813927      2.6425
   2013.62816781      2.5858
   2013.62819635      2.5159
   2013.62822489      2.4106
   2013.62825342      2.2644
   2013.62828196      2.0897
   2013.62831050      1.9163
   2013.62833904      1.7987
   2013.62836758      1.6622
   2013.62839612      1.5226
   2013.62842466      1.3953
   2013.62845320      1.2820
   2013.62848174      1.1835
   2013.62851027      1.0953
   2013.62853881      1.0217
   2013.62856735      0.9508
   2013.62859589      0.8869
   2013.62862443      0.8245
   2013.62865297      0.7630
   2013.62868151      0.7041
   2013.62871005      0.6494
   2013.62873858      0.5990
   2013.62876712      0.5522
   2013.62879566      0.5092
   2013.62882420      0.4699
   2013.62885274      0.4339
   2013.62888128      0.4008
   2013.62890982      0.3704
   2013.62893836      0.3425
   2013.62896689      0.3168
   2013.62899543      0.2933
   2013.62902397      0.2717
   2013.62905251      0.2518
   2013.62908105      0.2334
   2013.62910959      0.2163
   2013.62913813      0.2006
   2013.62916667      0.1862
   2013.62919521      0.1729
   2013.62922374      0.1606
   2013.62925228      0.1494
   2013.62928082      0.1391
   2013.62930936      0.1296
   2013.62933790      0.1208
   2013.62936644      0.1126
   2013.62939498      0.1051
