   2013.62465753      0.0000
   2013.62468607      0.0000
   2013.62471461      0.0000
   2013.62474315      0.0000
   2013.62477169      0.0000
   2013.62480023      0.0000
   2013.62482877      0.0000
   2013.62485731      0.0000
   2013.62488584      0.0000
   2013.62491438      0.0000
   2013.62494292      0.0000
   2013.62497146      0.0000
   2013.62500000      0.0000
   2013.62502854      0.0000
   2013.62505708      0.0000
   2013.62508562      0.0000
   2013.62511416      0.0000
   2013.62514269      0.0000
   2013.62517123      0.0000
   2013.62519977      0.0000
   2013.62522831      0.0000
   2013.62525685      0.0000
   2013.62528539      0.0000
   2013.62531393      0.0000
   2013.62534247      0.0000
   2013.62537100      0.0000
   2013.62539954      0.0000
   2013.62542808      0.0000
   2013.62545662      0.0000
   2013.62548516      0.0000
   2013.62551370      0.0000
   2013.62554224      0.0000
   2013.62557078      0.0000
   2013.62559932      0.0000
   2013.62562785      0.0000
   2013.62565639      0.0000
   2013.62568493      0.0000
   2013.62571347      0.0000
   2013.62574201      0.0000
   2013.62577055      0.0000
   2013.62579909      0.0000
   2013.62582763      0.0000
   2013.62585616      0.0000
   2013.62588470      0.0000
   2013.62591324      0.0000
   2013.62594178      0.0000
   2013.62597032      0.0000
   2013.62599886      0.0000
   2013.62602740      0.0000
   2013.62605594      0.0029
   2013.62608447      0.0061
   2013.62611301      0.0091
   2013.62614155      0.0675
   2013.62617009      0.1564
   2013.62619863      0.3762
   2013.62622717      0.9314
   2013.62625571      2.1028
   2013.62628425      3.8117
   2013.62631279      6.4427
   2013.62634132      9.7340
   2013.62636986     12.3062
   2013.62639840     12.7925
   2013.62642694     12.4075
   2013.62645548     11.1183
   2013.62648402      9.6699
   2013.62651256      8.4715
   2013.62654110      7.4105
   2013.62656963      6.9407
   2013.62659817      5.5233
   2013.62662671      4.7446
   2013.62665525      4.1512
   2013.62668379      3.6043
   2013.62671233      3.2121
   2013.62674087      2.8439
   2013.62676941      2.5160
   2013.62679795      2.2105
   2013.62682648      1.9713
   2013.62685502      1.7678
   2013.62688356      1.5920
   2013.62691210      1.4374
   2013.62694064      1.3613
   2013.62696918      1.1930
   2013.62699772      1.0856
   2013.62702626      0.9860
   2013.62705479      0.9094
   2013.62708333      0.8342
   2013.62711187      0.7657
   2013.62714041      0.7037
   2013.62716895      0.6485
   2013.62719749      0.5998
   2013.62722603      0.5562
   2013.62725457      0.5173
   2013.62728311      0.4824
   2013.62731164      0.4508
   2013.62734018      0.4221
   2013.62736872      0.3957
   2013.62739726      0.3715
   2013.62742580      0.3492
   2013.62745434      0.3287
   2013.62748288      0.3099
   2013.62751142      0.2925
   2013.62753995      0.2764
   2013.62756849      0.2615
   2013.62759703      0.2477
   2013.62762557      0.2348
   2013.62765411      0.2226
   2013.62768265      0.2113
   2013.62771119      0.2007
   2013.62773973      0.1908
   2013.62776826      0.1816
   2013.62779680      0.1729
   2013.62782534      0.1648
   2013.62785388      0.1572
   2013.62788242      0.1501
   2013.62791096      0.1433
   2013.62793950      0.1370
   2013.62796804      0.1310
   2013.62799658      0.1254
   2013.62802511      0.1201
   2013.62805365      0.1151
   2013.62808219      0.1104
   2013.62811073      0.1059
   2013.62813927      0.1016
