   2013.62465753      0.0000
   2013.62468607      0.0000
   2013.62471461      0.0000
   2013.62474315      0.0000
   2013.62477169      0.0000
   2013.62480023      0.0000
   2013.62482877      0.0000
   2013.62485731      0.0000
   2013.62488584      0.0000
   2013.62491438      0.0000
   2013.62494292      0.0000
   2013.62497146      0.0000
   2013.62500000      0.0000
   2013.62502854      0.0000
   2013.62505708      0.0000
   2013.62508562      0.0000
   2013.62511416      0.0000
   2013.62514269      0.0000
   2013.62517123      0.0000
   2013.62519977      0.0000
   2013.62522831      0.0000
   2013.62525685      0.0000
   2013.62528539      0.0000
   2013.62531393      0.0000
   2013.62534247      0.0000
   2013.62537100      0.0000
   2013.62539954      0.0000
   2013.62542808      0.0000
   2013.62545662      0.0000
   2013.62548516      0.0000
   2013.62551370      0.0000
   2013.62554224      0.0000
   2013.62557078      0.0000
   2013.62559932      0.0019
   2013.62562785      0.0033
   2013.62565639      0.0045
   2013.62568493      0.0059
   2013.62571347      0.0475
   2013.62574201      0.1037
   2013.62577055      0.2099
   2013.62579909      0.4447
   2013.62582763      0.9081
   2013.62585616      1.7703
   2013.62588470      3.1297
   2013.62591324      5.3275
   2013.62594178      8.1408
   2013.62597032     10.3474
   2013.62599886     11.3805
   2013.62602740     11.6906
   2013.62605594     11.6951
   2013.62608447     11.3217
   2013.62611301     10.6265
   2013.62614155      9.6948
   2013.62617009      8.8664
   2013.62619863      8.1452
   2013.62622717      7.1131
   2013.62625571      6.8147
   2013.62628425      5.4393
   2013.62631279      4.7229
   2013.62634132      4.1652
   2013.62636986      3.6146
   2013.62639840      3.1574
   2013.62642694      2.9343
   2013.62645548      2.5254
   2013.62648402      2.1182
   2013.62651256      1.8772
   2013.62654110      1.6590
   2013.62656963      1.4678
   2013.62659817      1.3266
   2013.62662671      1.1658
   2013.62665525      1.0302
   2013.62668379      0.9345
   2013.62671233      0.8393
   2013.62674087      0.7533
   2013.62676941      0.6769
   2013.62679795      0.6101
   2013.62682648      0.5510
   2013.62685502      0.4990
   2013.62688356      0.4531
   2013.62691210      0.4126
   2013.62694064      0.3767
   2013.62696918      0.3445
   2013.62699772      0.3157
   2013.62702626      0.2898
   2013.62705479      0.2664
   2013.62708333      0.2452
   2013.62711187      0.2257
   2013.62714041      0.2080
   2013.62716895      0.1919
   2013.62719749      0.1772
   2013.62722603      0.1638
   2013.62725457      0.1516
   2013.62728311      0.1405
   2013.62731164      0.1303
   2013.62734018      0.1210
   2013.62736872      0.1124
   2013.62739726      0.1045
