   2013.62465753      0.0000
   2013.62468607      0.0000
   2013.62471461      0.0001
   2013.62474315      0.0003
   2013.62477169      0.0007
   2013.62480023      0.0010
   2013.62482877      0.0013
   2013.62485731      0.0016
   2013.62488584      0.0020
   2013.62491438      0.0036
   2013.62494292      0.0047
   2013.62497146      0.0445
   2013.62500000      0.1007
   2013.62502854      0.1896
   2013.62505708      0.3527
   2013.62508562      0.6552
   2013.62511416      1.2352
   2013.62514269      2.0973
   2013.62517123      3.2874
   2013.62519977      5.0439
   2013.62522831      7.2240
   2013.62525685      8.8958
   2013.62528539      9.9987
   2013.62531393     10.5554
   2013.62534247     10.9513
   2013.62537100     11.0918
   2013.62539954     11.2209
   2013.62542808     11.1928
   2013.62545662     11.3496
   2013.62548516     11.3307
   2013.62551370     11.3802
   2013.62554224     11.1634
   2013.62557078     10.9476
   2013.62559932     10.5611
   2013.62562785     10.0925
   2013.62565639      9.5048
   2013.62568493      9.0216
   2013.62571347      8.6325
   2013.62574201      8.1357
   2013.62577055      7.6119
   2013.62579909      6.9412
   2013.62582763      6.8448
   2013.62585616      6.4777
   2013.62588470      6.1542
   2013.62591324      5.9604
   2013.62594178      6.0363
   2013.62597032      6.0389
   2013.62599886      6.0657
   2013.62602740      6.2082
   2013.62605594      6.5250
   2013.62608447      6.7539
   2013.62611301      6.8386
   2013.62614155      7.1139
   2013.62617009      7.3705
   2013.62619863      7.5308
   2013.62622717      7.5910
   2013.62625571      7.8004
   2013.62628425      8.0552
   2013.62631279      8.1883
   2013.62634132      8.2586
   2013.62636986      8.4069
   2013.62639840      8.5717
   2013.62642694      8.7851
   2013.62645548      8.7500
   2013.62648402      8.9334
   2013.62651256      9.1189
   2013.62654110      9.3236
   2013.62656963      9.3087
   2013.62659817      9.2873
   2013.62662671      9.5602
   2013.62665525      9.7396
   2013.62668379      9.6811
   2013.62671233      9.5796
   2013.62674087      9.8509
   2013.62676941      9.9235
   2013.62679795      9.8462
   2013.62682648      9.6876
   2013.62685502      9.9186
   2013.62688356      9.9446
   2013.62691210      9.8224
   2013.62694064      9.6087
   2013.62696918      9.8406
   2013.62699772      9.7923
   2013.62702626      9.6072
   2013.62705479      9.3630
   2013.62708333      9.5115
   2013.62711187      9.5111
   2013.62714041      9.2192
   2013.62716895      9.0540
   2013.62719749      9.0736
   2013.62722603      8.9508
   2013.62725457      8.7436
   2013.62728311      8.6264
   2013.62731164      8.6003
   2013.62734018      8.4683
   2013.62736872      8.3133
   2013.62739726      8.1853
   2013.62742580      8.1132
   2013.62745434      7.9892
   2013.62748288      7.8000
   2013.62751142      7.6506
   2013.62753995      7.6387
   2013.62756849      7.4702
   2013.62759703      7.2913
   2013.62762557      7.1078
   2013.62765411      7.1203
   2013.62768265      6.9470
   2013.62771119      6.8102
   2013.62773973      6.5262
   2013.62776826      6.6432
   2013.62779680      6.4858
   2013.62782534      6.3742
   2013.62785388      6.1376
   2013.62788242      6.2250
   2013.62791096      6.0918
   2013.62793950      5.9983
   2013.62796804      5.7713
   2013.62799658      5.8804
   2013.62802511      5.7827
   2013.62805365      5.7133
   2013.62808219      5.5174
   2013.62811073      5.6564
   2013.62813927      5.5886
   2013.62816781      5.5431
   2013.62819635      5.3927
   2013.62822489      5.5669
   2013.62825342      5.5202
   2013.62828196      5.5054
   2013.62831050      5.4041
   2013.62833904      5.6286
   2013.62836758      5.6192
   2013.62839612      5.5854
   2013.62842466      5.5914
   2013.62845320      5.7766
   2013.62848174      5.8238
   2013.62851027      5.8262
   2013.62853881      5.8517
   2013.62856735      6.0923
   2013.62859589      6.1820
   2013.62862443      6.1970
   2013.62865297      6.2474
   2013.62868151      6.5282
   2013.62871005      6.6508
   2013.62873858      6.6607
   2013.62876712      6.9774
   2013.62879566      7.5776
   2013.62882420      7.9949
   2013.62885274      7.8023
   2013.62888128      7.3367
   2013.62890982      6.9743
   2013.62893836      6.8681
   2013.62896689      7.5414
   2013.62899543      8.2944
   2013.62902397      8.6770
   2013.62905251      8.5563
   2013.62908105      8.0355
   2013.62910959      7.2916
   2013.62913813      6.5940
   2013.62916667      6.0288
   2013.62919521      5.8095
   2013.62922374      5.9268
   2013.62925228      6.0775
   2013.62928082      5.7082
   2013.62930936      5.3836
   2013.62933790      4.8215
   2013.62936644      4.2842
   2013.62939498      3.7956
   2013.62942352      3.3447
   2013.62945205      3.0157
   2013.62948059      2.7091
   2013.62950913      2.4383
   2013.62953767      2.1723
   2013.62956621      1.9776
   2013.62959475      1.8084
   2013.62962329      1.6917
   2013.62965183      1.5510
   2013.62968037      1.4104
   2013.62970890      1.2700
   2013.62973744      1.1798
   2013.62976598      1.0206
   2013.62979452      0.9701
   2013.62982306      0.8892
   2013.62985160      0.8097
   2013.62988014      0.7365
   2013.62990868      0.6698
   2013.62993721      0.6103
   2013.62996575      0.5570
   2013.62999429      0.5092
   2013.63002283      0.4667
   2013.63005137      0.4287
   2013.63007991      0.3944
   2013.63010845      0.3634
   2013.63013699      0.3352
   2013.63016553      0.3096
   2013.63019406      0.2863
   2013.63022260      0.2651
   2013.63025114      0.2455
   2013.63027968      0.2275
   2013.63030822      0.2109
   2013.63033676      0.1957
   2013.63036530      0.1818
   2013.63039384      0.1690
   2013.63042237      0.1572
   2013.63045091      0.1464
   2013.63047945      0.1365
   2013.63050799      0.1273
   2013.63053653      0.1188
   2013.63056507      0.1110
   2013.63059361      0.1037
