   2013.62465753      0.0000
   2013.62468607      0.0000
   2013.62471461      0.0000
   2013.62474315      0.0000
   2013.62477169      0.0000
   2013.62480023      0.0000
   2013.62482877      0.0000
   2013.62485731      0.0000
   2013.62488584      0.0000
   2013.62491438      0.0000
   2013.62494292      0.0000
   2013.62497146      0.0000
   2013.62500000      0.0000
   2013.62502854      0.0000
   2013.62505708      0.0000
   2013.62508562      0.0000
   2013.62511416      0.0000
   2013.62514269      0.0000
   2013.62517123      0.0000
   2013.62519977      0.0000
   2013.62522831      0.0000
   2013.62525685      0.0000
   2013.62528539      0.0000
   2013.62531393      0.0000
   2013.62534247      0.0000
   2013.62537100      0.0000
   2013.62539954      0.0000
   2013.62542808      0.0000
   2013.62545662      0.0000
   2013.62548516      0.0000
   2013.62551370      0.0000
   2013.62554224      0.0000
   2013.62557078      0.0000
   2013.62559932      0.0000
   2013.62562785      0.0000
   2013.62565639      0.0000
   2013.62568493      0.0000
   2013.62571347      0.0000
   2013.62574201      0.0000
   2013.62577055      0.0000
   2013.62579909      0.0000
   2013.62582763      0.0000
   2013.62585616      0.0000
   2013.62588470      0.0000
   2013.62591324      0.0000
   2013.62594178      0.0000
   2013.62597032      0.0000
   2013.62599886      0.0000
   2013.62602740      0.0000
   2013.62605594      0.0000
   2013.62608447      0.0000
   2013.62611301      0.0000
   2013.62614155      0.0000
   2013.62617009      0.0000
   2013.62619863      0.0000
   2013.62622717      0.0000
   2013.62625571      0.0000
   2013.62628425      0.0000
   2013.62631279      0.0000
   2013.62634132      0.0000
   2013.62636986      0.0000
   2013.62639840      0.0000
   2013.62642694      0.0000
   2013.62645548      0.0000
   2013.62648402      0.0000
   2013.62651256      0.0000
   2013.62654110      0.0000
   2013.62656963      0.0000
   2013.62659817      0.0000
   2013.62662671      0.0000
   2013.62665525      0.0000
   2013.62668379      0.0000
   2013.62671233      0.0000
   2013.62674087      0.0000
   2013.62676941      0.0000
   2013.62679795      0.0000
   2013.62682648      0.0000
   2013.62685502      0.0000
   2013.62688356      0.0000
   2013.62691210      0.0000
   2013.62694064      0.0000
   2013.62696918      0.0000
   2013.62699772      0.0000
   2013.62702626      0.0000
   2013.62705479      0.0000
   2013.62708333      0.0000
   2013.62711187      0.0000
   2013.62714041      0.0000
   2013.62716895      0.0000
   2013.62719749      0.8932
   2013.62722603      4.8709
   2013.62725457     12.3510
   2013.62728311     28.5364
   2013.62731164     44.2255
   2013.62734018     42.7663
   2013.62736872     36.6859
   2013.62739726     31.7153
   2013.62742580     28.1511
   2013.62745434     26.2030
   2013.62748288     23.4763
   2013.62751142     20.9331
   2013.62753995     18.6064
   2013.62756849     16.7629
   2013.62759703     14.4779
   2013.62762557     12.6835
   2013.62765411     11.0122
   2013.62768265      9.3021
   2013.62771119      8.1182
   2013.62773973      6.6951
   2013.62776826      6.1146
   2013.62779680      5.3091
   2013.62782534      5.0338
   2013.62785388      4.0958
   2013.62788242      3.6762
   2013.62791096      3.3137
   2013.62793950      2.9002
   2013.62796804      2.6577
   2013.62799658      2.4515
   2013.62802511      2.1903
   2013.62805365      1.9963
   2013.62808219      1.8092
   2013.62811073      1.7690
   2013.62813927      1.6554
   2013.62816781      1.5386
   2013.62819635      1.3564
   2013.62822489      1.4025
   2013.62825342      1.3377
   2013.62828196      1.2653
   2013.62831050      1.1514
   2013.62833904      1.2004
   2013.62836758      1.1674
   2013.62839612      1.1292
   2013.62842466      1.0515
   2013.62845320      1.1113
   2013.62848174      1.0997
   2013.62851027      1.0944
   2013.62853881      1.0283
   2013.62856735      1.1013
   2013.62859589      1.1079
   2013.62862443      1.1061
   2013.62865297      1.1453
   2013.62868151      1.1597
   2013.62871005      1.1787
   2013.62873858      1.1895
   2013.62876712      1.2474
   2013.62879566      1.2818
   2013.62882420      1.3167
   2013.62885274      1.3381
   2013.62888128      1.4161
   2013.62890982      1.4722
   2013.62893836      1.5188
   2013.62896689      1.5488
   2013.62899543      1.6472
   2013.62902397      1.7218
   2013.62905251      1.7727
   2013.62908105      1.8053
   2013.62910959      1.9223
   2013.62913813      2.0075
   2013.62916667      2.0569
   2013.62919521      2.0897
   2013.62922374      2.2154
   2013.62925228      2.3052
   2013.62928082      2.3443
   2013.62930936      2.3640
   2013.62933790      2.4875
   2013.62936644      2.5080
   2013.62939498      2.6007
   2013.62942352      2.5929
   2013.62945205      2.6992
   2013.62948059      2.6969
   2013.62950913      2.7809
   2013.62953767      2.7450
   2013.62956621      2.8336
   2013.62959475      2.8903
   2013.62962329      2.8245
   2013.62965183      2.8257
   2013.62968037      2.7965
   2013.62970890      2.8724
   2013.62973744      2.9220
   2013.62976598      2.8500
   2013.62979452      2.8038
   2013.62982306      2.8663
   2013.62985160      2.8778
   2013.62988014      2.8181
   2013.62990868      2.7545
   2013.62993721      2.8033
   2013.62996575      2.7975
   2013.62999429      2.7305
   2013.63002283      2.7497
   2013.63005137      2.6900
   2013.63007991      2.6653
   2013.63010845      2.5943
   2013.63013699      2.6107
   2013.63016553      2.5777
   2013.63019406      2.4987
   2013.63022260      2.4318
   2013.63025114      2.3739
   2013.63027968      2.2513
   2013.63030822      2.1684
   2013.63033676      2.0668
   2013.63036530      1.9695
   2013.63039384      1.8702
   2013.63042237      1.7772
   2013.63045091      1.6592
   2013.63047945      1.5617
   2013.63050799      1.4678
   2013.63053653      1.3771
   2013.63056507      1.2886
   2013.63059361      1.2026
   2013.63062215      1.1371
   2013.63065068      1.0488
   2013.63067922      0.9620
   2013.63070776      0.9033
   2013.63073630      0.8372
   2013.63076484      0.7732
   2013.63079338      0.7125
   2013.63082192      0.6561
   2013.63085046      0.6048
   2013.63087900      0.5578
   2013.63090753      0.5150
   2013.63093607      0.4762
   2013.63096461      0.4409
   2013.63099315      0.4085
   2013.63102169      0.3786
   2013.63105023      0.3511
   2013.63107877      0.3258
   2013.63110731      0.3024
   2013.63113584      0.2809
   2013.63116438      0.2611
   2013.63119292      0.2428
   2013.63122146      0.2257
   2013.63125000      0.2099
   2013.63127854      0.1953
   2013.63130708      0.1818
   2013.63133562      0.1694
   2013.63136416      0.1580
   2013.63139269      0.1474
   2013.63142123      0.1376
   2013.63144977      0.1285
   2013.63147831      0.1201
   2013.63150685      0.1123
   2013.63153539      0.1051
