   2013.62465753      0.0000
   2013.62468607      0.0000
   2013.62471461      0.0000
   2013.62474315      0.0000
   2013.62477169      0.0000
   2013.62480023      0.0000
   2013.62482877      0.0000
   2013.62485731      0.0000
   2013.62488584      0.0000
   2013.62491438      0.0000
   2013.62494292      0.0000
   2013.62497146      0.0000
   2013.62500000      0.0000
   2013.62502854      0.0000
   2013.62505708      0.0000
   2013.62508562      0.0000
   2013.62511416      0.0000
   2013.62514269      0.0000
   2013.62517123      0.0000
   2013.62519977      0.0000
   2013.62522831      0.0000
   2013.62525685      0.0000
   2013.62528539      0.0000
   2013.62531393      0.0000
   2013.62534247      0.0000
   2013.62537100      0.0000
   2013.62539954      0.0000
   2013.62542808      0.0000
   2013.62545662      0.0000
   2013.62548516      0.0000
   2013.62551370      0.0000
   2013.62554224      0.0000
   2013.62557078      0.0000
   2013.62559932      0.0000
   2013.62562785      0.0000
   2013.62565639      0.0000
   2013.62568493      0.0000
   2013.62571347      0.0000
   2013.62574201      0.0000
   2013.62577055      0.0000
   2013.62579909      0.0000
   2013.62582763      0.0000
   2013.62585616      0.0000
   2013.62588470      0.0000
   2013.62591324      0.0000
   2013.62594178      0.0000
   2013.62597032      0.0000
   2013.62599886      0.0000
   2013.62602740      0.0000
   2013.62605594      0.9050
   2013.62608447      4.6989
   2013.62611301     11.0845
   2013.62614155     24.5217
   2013.62617009     38.1338
   2013.62619863     37.1454
   2013.62622717     29.6179
   2013.62625571     24.6046
   2013.62628425     20.4733
   2013.62631279     17.6714
   2013.62634132     15.6691
   2013.62636986     14.5311
   2013.62639840     13.5942
   2013.62642694     13.0732
   2013.62645548     12.6873
   2013.62648402     12.8124
   2013.62651256     12.4686
   2013.62654110     12.5377
   2013.62656963     12.5313
   2013.62659817     12.6155
   2013.62662671     12.6838
   2013.62665525     12.8219
   2013.62668379     12.8309
   2013.62671233     12.7406
   2013.62674087     13.8492
   2013.62676941     14.0794
   2013.62679795     13.8538
   2013.62682648     13.3977
   2013.62685502     13.7052
   2013.62688356     13.5359
   2013.62691210     13.1237
   2013.62694064     11.9922
   2013.62696918     11.8530
   2013.62699772     11.2480
   2013.62702626     10.1889
   2013.62705479      9.2111
   2013.62708333      9.0512
   2013.62711187      8.5988
   2013.62714041      8.1758
   2013.62716895      7.6455
   2013.62719749      7.7119
   2013.62722603      7.5476
   2013.62725457      7.2849
   2013.62728311      6.9201
   2013.62731164      7.1436
   2013.62734018      7.0520
   2013.62736872      6.8608
   2013.62739726      6.5076
   2013.62742580      6.7628
   2013.62745434      6.6828
   2013.62748288      6.5095
   2013.62751142      6.1817
   2013.62753995      6.6925
   2013.62756849      6.3335
   2013.62759703      6.1738
   2013.62762557      5.8472
   2013.62765411      6.2879
   2013.62768265      5.9946
   2013.62771119      6.0963
   2013.62773973      5.5328
   2013.62776826      5.9486
   2013.62779680      5.6945
   2013.62782534      5.7512
   2013.62785388      5.2755
   2013.62788242      5.6659
   2013.62791096      5.4420
   2013.62793950      5.5010
   2013.62796804      5.0530
   2013.62799658      5.4513
   2013.62802511      5.2617
   2013.62805365      5.3338
   2013.62808219      4.9603
   2013.62811073      5.4441
   2013.62813927      5.3234
   2013.62816781      5.3046
   2013.62819635      4.7283
   2013.62822489      4.9549
   2013.62825342      5.0946
   2013.62828196      5.4575
   2013.62831050      4.8957
   2013.62833904      4.9047
   2013.62836758      4.7791
   2013.62839612      4.7386
   2013.62842466      5.1645
   2013.62845320      5.2351
   2013.62848174      5.1126
   2013.62851027      4.7945
   2013.62853881      4.4886
   2013.62856735      4.3428
   2013.62859589      4.4553
   2013.62862443      4.4946
   2013.62865297      4.4809
   2013.62868151      4.3095
   2013.62871005      4.0501
   2013.62873858      4.1056
   2013.62876712      3.7071
   2013.62879566      3.7665
   2013.62882420      4.0333
   2013.62885274      3.6910
   2013.62888128      3.5317
   2013.62890982      3.3560
   2013.62893836      2.9830
   2013.62896689      2.8518
   2013.62899543      2.6934
   2013.62902397      2.5889
   2013.62905251      2.4676
   2013.62908105      2.3011
   2013.62910959      2.1582
   2013.62913813      2.0908
   2013.62916667      1.9504
   2013.62919521      1.8309
   2013.62922374      1.7235
   2013.62925228      1.5562
   2013.62928082      1.4566
   2013.62930936      1.3536
   2013.62933790      1.2540
   2013.62936644      1.1838
   2013.62939498      1.0775
   2013.62942352      0.9780
   2013.62945205      0.9172
   2013.62948059      0.8477
   2013.62950913      0.7811
   2013.62953767      0.7189
   2013.62956621      0.6615
   2013.62959475      0.6097
   2013.62962329      0.5625
   2013.62965183      0.5196
   2013.62968037      0.4809
   2013.62970890      0.4457
   2013.62973744      0.4134
   2013.62976598      0.3837
   2013.62979452      0.3562
   2013.62982306      0.3309
   2013.62985160      0.3075
   2013.62988014      0.2859
   2013.62990868      0.2660
   2013.62993721      0.2476
   2013.62996575      0.2304
   2013.62999429      0.2145
   2013.63002283      0.1997
   2013.63005137      0.1860
   2013.63007991      0.1734
   2013.63010845      0.1618
   2013.63013699      0.1510
   2013.63016553      0.1411
   2013.63019406      0.1318
   2013.63022260      0.1233
   2013.63025114      0.1153
   2013.63027968      0.1079
   2013.63030822      0.1010
