   2013.62465753      0.0000
   2013.62468607      0.0000
   2013.62471461      0.0000
   2013.62474315      0.0000
   2013.62477169      0.0000
   2013.62480023      0.0000
   2013.62482877      0.0000
   2013.62485731      0.0000
   2013.62488584      0.0000
   2013.62491438      0.0000
   2013.62494292      0.0000
   2013.62497146      0.0000
   2013.62500000      0.0000
   2013.62502854      0.0000
   2013.62505708      0.0000
   2013.62508562      0.0000
   2013.62511416      0.0000
   2013.62514269      0.0000
   2013.62517123      0.0000
   2013.62519977      0.0000
   2013.62522831      0.0000
   2013.62525685      0.0000
   2013.62528539      0.0000
   2013.62531393      0.0000
   2013.62534247      0.0000
   2013.62537100      0.0000
   2013.62539954      0.0000
   2013.62542808      0.0000
   2013.62545662      0.0000
   2013.62548516      0.0000
   2013.62551370      0.0000
   2013.62554224      0.0000
   2013.62557078      0.0000
   2013.62559932      0.0000
   2013.62562785      0.0000
   2013.62565639      0.0000
   2013.62568493      0.0000
   2013.62571347      0.0000
   2013.62574201      0.0000
   2013.62577055      0.0000
   2013.62579909      0.0000
   2013.62582763      0.0000
   2013.62585616      0.0000
   2013.62588470      0.0000
   2013.62591324      0.0000
   2013.62594178      0.0000
   2013.62597032      0.0000
   2013.62599886      0.0000
   2013.62602740      0.0000
   2013.62605594      0.0050
   2013.62608447      0.0049
   2013.62611301      0.0225
   2013.62614155      0.0714
   2013.62617009      0.1314
   2013.62619863      0.2560
   2013.62622717      0.4419
   2013.62625571      0.7410
   2013.62628425      1.1187
   2013.62631279      1.6096
   2013.62634132      2.2052
   2013.62636986      2.9345
   2013.62639840      3.9806
   2013.62642694      4.7674
   2013.62645548      4.5680
   2013.62648402      4.4665
   2013.62651256      4.2578
   2013.62654110      4.1404
   2013.62656963      3.5912
   2013.62659817      3.2928
   2013.62662671      3.0754
   2013.62665525      2.7459
   2013.62668379      2.4979
   2013.62671233      2.3346
   2013.62674087      2.1832
   2013.62676941      2.0220
   2013.62679795      1.8294
   2013.62682648      1.6353
   2013.62685502      1.6578
   2013.62688356      1.5663
   2013.62691210      1.4738
   2013.62694064      1.3133
   2013.62696918      1.3625
   2013.62699772      1.3133
   2013.62702626      1.2877
   2013.62705479      1.1500
   2013.62708333      1.2097
   2013.62711187      1.1859
   2013.62714041      1.1611
   2013.62716895      1.0725
   2013.62719749      1.1392
   2013.62722603      1.1465
   2013.62725457      1.1007
   2013.62728311      1.0189
   2013.62731164      1.0880
   2013.62734018      1.0604
   2013.62736872      1.0350
   2013.62739726      1.0675
   2013.62742580      1.0357
   2013.62745434      0.9873
   2013.62748288      0.9566
   2013.62751142      0.9411
   2013.62753995      0.8925
   2013.62756849      0.8766
   2013.62759703      0.8456
   2013.62762557      0.8211
   2013.62765411      0.7881
   2013.62768265      0.7521
   2013.62771119      0.7180
   2013.62773973      0.6930
   2013.62776826      0.6626
   2013.62779680      0.6313
   2013.62782534      0.6012
   2013.62785388      0.5792
   2013.62788242      0.5513
   2013.62791096      0.5226
   2013.62793950      0.4954
   2013.62796804      0.4756
   2013.62799658      0.4517
   2013.62802511      0.4274
   2013.62805365      0.4043
   2013.62808219      0.3892
   2013.62811073      0.3694
   2013.62813927      0.3491
   2013.62816781      0.3294
   2013.62819635      0.3172
   2013.62822489      0.3009
   2013.62825342      0.2842
   2013.62828196      0.2681
   2013.62831050      0.2607
   2013.62833904      0.2480
   2013.62836758      0.2344
   2013.62839612      0.2212
   2013.62842466      0.2167
   2013.62845320      0.2065
   2013.62848174      0.1954
   2013.62851027      0.1845
   2013.62853881      0.1836
   2013.62856735      0.1757
   2013.62859589      0.1667
   2013.62862443      0.1580
   2013.62865297      0.1602
   2013.62868151      0.1545
   2013.62871005      0.1474
   2013.62873858      0.1407
   2013.62876712      0.1460
   2013.62879566      0.1424
   2013.62882420      0.1373
   2013.62885274      0.1326
   2013.62888128      0.1415
   2013.62890982      0.1406
   2013.62893836      0.1381
   2013.62896689      0.1362
   2013.62899543      0.1501
   2013.62902397      0.1531
   2013.62905251      0.1544
   2013.62908105      0.1567
   2013.62910959      0.1770
   2013.62913813      0.1858
   2013.62916667      0.1927
   2013.62919521      0.2004
   2013.62922374      0.2298
   2013.62925228      0.2471
   2013.62928082      0.2632
   2013.62930936      0.2825
   2013.62933790      0.3297
   2013.62936644      0.3755
   2013.62939498      0.4031
   2013.62942352      0.4535
   2013.62945205      0.5372
   2013.62948059      0.6092
   2013.62950913      0.6948
   2013.62953767      0.7852
   2013.62956621      0.9016
   2013.62959475      1.0015
   2013.62962329      1.0946
   2013.62965183      1.1700
   2013.62968037      1.2642
   2013.62970890      1.3230
   2013.62973744      1.3618
   2013.62976598      1.3827
   2013.62979452      1.4234
   2013.62982306      1.4385
   2013.62985160      1.4437
   2013.62988014      1.4336
   2013.62990868      1.4453
   2013.62993721      1.4359
   2013.62996575      1.4228
   2013.62999429      1.3963
   2013.63002283      1.3043
   2013.63005137      1.3788
   2013.63007991      1.3445
   2013.63010845      1.2982
   2013.63013699      1.1509
   2013.63016553      1.2321
   2013.63019406      1.2123
   2013.63022260      1.1686
   2013.63025114      1.0946
   2013.63027968      1.1141
   2013.63030822      1.0377
   2013.63033676      0.9877
   2013.63036530      0.9236
   2013.63039384      0.8900
   2013.63042237      0.8447
   2013.63045091      0.7990
   2013.63047945      0.7541
   2013.63050799      0.7100
   2013.63053653      0.6678
   2013.63056507      0.6281
   2013.63059361      0.5905
   2013.63062215      0.5547
   2013.63065068      0.5208
   2013.63067922      0.4890
   2013.63070776      0.4591
   2013.63073630      0.4310
   2013.63076484      0.4045
   2013.63079338      0.3796
   2013.63082192      0.3561
   2013.63085046      0.3340
   2013.63087900      0.3132
   2013.63090753      0.2938
   2013.63093607      0.2756
   2013.63096461      0.2585
   2013.63099315      0.2425
   2013.63102169      0.2274
   2013.63105023      0.2131
   2013.63107877      0.1997
   2013.63110731      0.1871
   2013.63113584      0.1754
   2013.63116438      0.1645
   2013.63119292      0.1542
   2013.63122146      0.1447
   2013.63125000      0.1358
   2013.63127854      0.1274
   2013.63130708      0.1196
   2013.63133562      0.1122
   2013.63136416      0.1054
