   2013.62465753      0.0000
   2013.62468607      0.0000
   2013.62471461      0.0000
   2013.62474315      0.0000
   2013.62477169      0.0000
   2013.62480023      0.0000
   2013.62482877      0.0000
   2013.62485731      0.0000
   2013.62488584      0.0000
   2013.62491438      0.0000
   2013.62494292      0.0000
   2013.62497146      0.0000
   2013.62500000      0.0000
   2013.62502854      0.0000
   2013.62505708      0.0000
   2013.62508562      0.0000
   2013.62511416      0.0000
   2013.62514269      0.0000
   2013.62517123      0.0000
   2013.62519977      0.0000
   2013.62522831      0.0000
   2013.62525685      0.0000
   2013.62528539      0.0000
   2013.62531393      0.0000
   2013.62534247      0.0000
   2013.62537100      0.0000
   2013.62539954      0.0000
   2013.62542808      0.0000
   2013.62545662      0.0000
   2013.62548516      0.0000
   2013.62551370      0.0000
   2013.62554224      0.0000
   2013.62557078      0.0000
   2013.62559932      0.0000
   2013.62562785      0.0000
   2013.62565639      0.0000
   2013.62568493      0.0000
   2013.62571347      0.0000
   2013.62574201      0.0000
   2013.62577055      0.0000
   2013.62579909      0.0000
   2013.62582763      0.0000
   2013.62585616      0.0000
   2013.62588470      0.0000
   2013.62591324      0.0000
   2013.62594178      0.0000
   2013.62597032      0.0000
   2013.62599886      0.0000
   2013.62602740      0.0000
   2013.62605594      0.0000
   2013.62608447      0.0000
   2013.62611301      0.0000
   2013.62614155      0.0000
   2013.62617009      0.0000
   2013.62619863      0.0000
   2013.62622717      0.0000
   2013.62625571      0.0000
   2013.62628425      0.0000
   2013.62631279      0.0000
   2013.62634132      0.0000
   2013.62636986      0.0000
   2013.62639840      0.0000
   2013.62642694      0.0000
   2013.62645548      0.0000
   2013.62648402      0.0000
   2013.62651256      0.0000
   2013.62654110      0.0000
   2013.62656963      0.0000
   2013.62659817      0.0000
   2013.62662671      0.0000
   2013.62665525      0.0000
   2013.62668379      0.0000
   2013.62671233      0.0000
   2013.62674087      0.0000
   2013.62676941      0.0000
   2013.62679795      0.0000
   2013.62682648      0.0000
   2013.62685502      0.0000
   2013.62688356      0.0000
   2013.62691210      0.0000
   2013.62694064      0.0000
   2013.62696918      0.0000
   2013.62699772      0.0000
   2013.62702626      0.0000
   2013.62705479      0.0000
   2013.62708333      0.0000
   2013.62711187      0.0000
   2013.62714041      0.0000
   2013.62716895      0.0000
   2013.62719749      0.0000
   2013.62722603      0.0000
   2013.62725457      0.0000
   2013.62728311      0.0000
   2013.62731164      0.1675
   2013.62734018      0.3133
   2013.62736872      0.8596
   2013.62739726      1.9388
   2013.62742580      3.1113
   2013.62745434      4.9416
   2013.62748288      8.1384
   2013.62751142     10.6834
   2013.62753995     10.9009
   2013.62756849      9.9119
   2013.62759703      8.7718
   2013.62762557      8.4794
   2013.62765411      6.5172
   2013.62768265      5.6147
   2013.62771119      4.8843
   2013.62773973      4.2109
   2013.62776826      3.7531
   2013.62779680      3.2596
   2013.62782534      2.8921
   2013.62785388      2.5670
   2013.62788242      2.2834
   2013.62791096      2.0282
   2013.62793950      1.8245
   2013.62796804      1.6500
   2013.62799658      1.4977
   2013.62802511      1.3629
   2013.62805365      1.2803
   2013.62808219      1.1460
   2013.62811073      1.0203
   2013.62813927      0.9641
   2013.62816781      0.8931
   2013.62819635      0.8244
   2013.62822489      0.7615
   2013.62825342      0.7043
   2013.62828196      0.6531
   2013.62831050      0.6078
   2013.62833904      0.5672
   2013.62836758      0.5306
   2013.62839612      0.4975
   2013.62842466      0.4675
   2013.62845320      0.4400
   2013.62848174      0.4146
   2013.62851027      0.3912
   2013.62853881      0.3695
   2013.62856735      0.3494
   2013.62859589      0.3308
   2013.62862443      0.3136
   2013.62865297      0.2977
   2013.62868151      0.2829
   2013.62871005      0.2691
   2013.62873858      0.2563
   2013.62876712      0.2442
   2013.62879566      0.2329
   2013.62882420      0.2222
   2013.62885274      0.2121
   2013.62888128      0.2026
   2013.62890982      0.1938
   2013.62893836      0.1855
   2013.62896689      0.1776
   2013.62899543      0.1703
   2013.62902397      0.1633
   2013.62905251      0.1567
   2013.62908105      0.1505
   2013.62910959      0.1446
   2013.62913813      0.1390
   2013.62916667      0.1337
   2013.62919521      0.1287
   2013.62922374      0.1240
   2013.62925228      0.1195
   2013.62928082      0.1152
   2013.62930936      0.1111
   2013.62933790      0.1073
   2013.62936644      0.1036
   2013.62939498      0.1001
