   2013.62465753      0.0000
   2013.62468607      0.0000
   2013.62471461      0.0000
   2013.62474315      0.0000
   2013.62477169      0.0000
   2013.62480023      0.0000
   2013.62482877      0.0000
   2013.62485731      0.0000
   2013.62488584      0.0000
   2013.62491438      0.0000
   2013.62494292      0.0000
   2013.62497146      0.0000
   2013.62500000      0.0000
   2013.62502854      0.0025
   2013.62505708      0.0041
   2013.62508562      0.0055
   2013.62511416      0.0213
   2013.62514269      0.0851
   2013.62517123      0.1684
   2013.62519977      0.3655
   2013.62522831      0.7938
   2013.62525685      1.6202
   2013.62528539      2.9058
   2013.62531393      4.9625
   2013.62534247      8.1002
   2013.62537100     11.3408
   2013.62539954     13.2007
   2013.62542808     14.3097
   2013.62545662     14.4871
   2013.62548516     14.1809
   2013.62551370     13.6213
   2013.62554224     12.6742
   2013.62557078     11.3824
   2013.62559932     10.8602
   2013.62562785      9.6811
   2013.62565639      8.5908
   2013.62568493      7.4053
   2013.62571347      7.0780
   2013.62574201      6.4668
   2013.62577055      5.2829
   2013.62579909      4.8425
   2013.62582763      4.3469
   2013.62585616      3.9278
   2013.62588470      3.5622
   2013.62591324      3.3650
   2013.62594178      3.1424
   2013.62597032      2.8860
   2013.62599886      2.6845
   2013.62602740      2.6313
   2013.62605594      2.5309
   2013.62608447      2.4341
   2013.62611301      2.3466
   2013.62614155      2.5133
   2013.62617009      2.4271
   2013.62619863      2.3935
   2013.62622717      2.4261
   2013.62625571      2.3632
   2013.62628425      2.7437
   2013.62631279      2.9036
   2013.62634132      3.0427
   2013.62636986      2.8414
   2013.62639840      2.9929
   2013.62642694      2.9410
   2013.62645548      3.0865
   2013.62648402      3.3546
   2013.62651256      3.5333
   2013.62654110      3.5679
   2013.62656963      3.4419
   2013.62659817      3.2995
   2013.62662671      3.1990
   2013.62665525      3.2343
   2013.62668379      3.3302
   2013.62671233      3.1965
   2013.62674087      3.4342
   2013.62676941      3.4230
   2013.62679795      3.2384
   2013.62682648      3.0839
   2013.62685502      2.8301
   2013.62688356      2.7898
   2013.62691210      2.6802
   2013.62694064      2.6114
   2013.62696918      2.4991
   2013.62699772      2.3577
   2013.62702626      2.2058
   2013.62705479      2.0621
   2013.62708333      1.9392
   2013.62711187      1.8138
   2013.62714041      1.7142
   2013.62716895      1.6212
   2013.62719749      1.5285
   2013.62722603      1.4335
   2013.62725457      1.3378
   2013.62728311      1.2454
   2013.62731164      1.2082
   2013.62734018      1.0763
   2013.62736872      1.0042
   2013.62739726      0.9356
   2013.62742580      0.8734
   2013.62745434      0.8133
   2013.62748288      0.7549
   2013.62751142      0.6995
   2013.62753995      0.6482
   2013.62756849      0.6010
   2013.62759703      0.5571
   2013.62762557      0.5165
   2013.62765411      0.4792
   2013.62768265      0.4451
   2013.62771119      0.4136
   2013.62773973      0.3846
   2013.62776826      0.3577
   2013.62779680      0.3329
   2013.62782534      0.3100
   2013.62785388      0.2889
   2013.62788242      0.2694
   2013.62791096      0.2514
   2013.62793950      0.2346
   2013.62796804      0.2189
   2013.62799658      0.2043
   2013.62802511      0.1908
   2013.62805365      0.1783
   2013.62808219      0.1667
   2013.62811073      0.1559
   2013.62813927      0.1459
   2013.62816781      0.1366
   2013.62819635      0.1279
   2013.62822489      0.1198
   2013.62825342      0.1122
   2013.62828196      0.1051
