   2013.62465753      0.0000
   2013.62468607      0.0000
   2013.62471461      0.0000
   2013.62474315      0.0000
   2013.62477169      0.0000
   2013.62480023      0.0000
   2013.62482877      0.0000
   2013.62485731      0.0000
   2013.62488584      0.0000
   2013.62491438      0.0000
   2013.62494292      0.0000
   2013.62497146      0.0000
   2013.62500000      0.0000
   2013.62502854      0.0000
   2013.62505708      0.0000
   2013.62508562      0.0000
   2013.62511416      0.0000
   2013.62514269      0.0000
   2013.62517123      0.0000
   2013.62519977      0.0000
   2013.62522831      0.0000
   2013.62525685      0.0000
   2013.62528539      0.0000
   2013.62531393      0.0000
   2013.62534247      0.0000
   2013.62537100      0.0000
   2013.62539954      0.0000
   2013.62542808      0.0000
   2013.62545662      0.0000
   2013.62548516      0.0000
   2013.62551370      0.0000
   2013.62554224      0.0000
   2013.62557078      0.0000
   2013.62559932      0.0000
   2013.62562785      0.0000
   2013.62565639      0.0000
   2013.62568493      0.0000
   2013.62571347      0.3716
   2013.62574201      1.2038
   2013.62577055      3.6845
   2013.62579909      6.7806
   2013.62582763     12.9854
   2013.62585616     20.9932
   2013.62588470     22.0969
   2013.62591324     19.9140
   2013.62594178     17.1006
   2013.62597032     14.8975
   2013.62599886     13.1489
   2013.62602740     12.1581
   2013.62605594     11.2367
   2013.62608447     10.6885
   2013.62611301     10.3894
   2013.62614155      9.4004
   2013.62617009      9.6394
   2013.62619863      9.4821
   2013.62622717      9.2162
   2013.62625571      9.0985
   2013.62628425      9.2332
   2013.62631279      9.0064
   2013.62634132      8.9191
   2013.62636986      8.9968
   2013.62639840      9.3035
   2013.62642694      9.4724
   2013.62645548      9.6759
   2013.62648402      9.9808
   2013.62651256     11.1278
   2013.62654110     11.7441
   2013.62656963     12.0308
   2013.62659817     12.5401
   2013.62662671     13.2531
   2013.62665525     13.5258
   2013.62668379     13.3923
   2013.62671233     13.4273
   2013.62674087     14.0512
   2013.62676941     14.0811
   2013.62679795     13.7565
   2013.62682648     13.6462
   2013.62685502     13.8436
   2013.62688356     14.0720
   2013.62691210     13.6726
   2013.62694064     13.6384
   2013.62696918     13.5813
   2013.62699772     13.4895
   2013.62702626     13.0973
   2013.62705479     12.7215
   2013.62708333     12.9662
   2013.62711187     12.7948
   2013.62714041     12.3708
   2013.62716895     11.7948
   2013.62719749     12.1189
   2013.62722603     11.8548
   2013.62725457     11.5550
   2013.62728311     10.7330
   2013.62731164     11.0713
   2013.62734018     10.7871
   2013.62736872     10.4053
   2013.62739726      9.7220
   2013.62742580      9.9922
   2013.62745434      9.8299
   2013.62748288      9.3283
   2013.62751142      8.8058
   2013.62753995      8.9091
   2013.62756849      8.5906
   2013.62759703      8.2798
   2013.62762557      7.8513
   2013.62765411      7.9384
   2013.62768265      7.7322
   2013.62771119      7.4010
   2013.62773973      6.9075
   2013.62776826      7.4671
   2013.62779680      6.9120
   2013.62782534      6.6481
   2013.62785388      6.2223
   2013.62788242      6.6250
   2013.62791096      6.2479
   2013.62793950      6.2947
   2013.62796804      5.6557
   2013.62799658      6.0422
   2013.62802511      5.7457
   2013.62805365      5.7758
   2013.62808219      5.2659
   2013.62811073      5.6461
   2013.62813927      5.4160
   2013.62816781      5.4735
   2013.62819635      5.0507
   2013.62822489      5.4613
   2013.62825342      5.2843
   2013.62828196      5.4042
   2013.62831050      5.0440
   2013.62833904      5.5446
   2013.62836758      5.3784
   2013.62839612      5.4518
   2013.62842466      5.2803
   2013.62845320      5.6236
   2013.62848174      5.7165
   2013.62851027      5.8567
   2013.62853881      5.7384
   2013.62856735      6.1603
   2013.62859589      6.3393
   2013.62862443      6.5223
   2013.62865297      6.4923
   2013.62868151      6.9492
   2013.62871005      7.3102
   2013.62873858      7.4227
   2013.62876712      7.4849
   2013.62879566      7.9861
   2013.62882420      8.3099
   2013.62885274      8.5243
   2013.62888128      8.8811
   2013.62890982      9.3815
   2013.62893836      9.6541
   2013.62896689      9.7835
   2013.62899543      9.8014
   2013.62902397     10.7365
   2013.62905251     11.0212
   2013.62908105     11.0889
   2013.62910959     11.5406
   2013.62913813     12.0527
   2013.62916667     12.3328
   2013.62919521     12.3023
   2013.62922374     12.6125
   2013.62925228     13.1907
   2013.62928082     13.3973
   2013.62930936     13.2447
   2013.62933790     13.8040
   2013.62936644     14.7758
   2013.62939498     14.2029
   2013.62942352     13.8433
   2013.62945205     13.1659
   2013.62948059     13.4732
   2013.62950913     15.4539
   2013.62953767     16.4874
   2013.62956621     15.9169
   2013.62959475     14.9883
   2013.62962329     12.7626
   2013.62965183     11.3412
   2013.62968037     10.4347
   2013.62970890     10.3570
   2013.62973744     11.0955
   2013.62976598     11.6017
   2013.62979452     10.9200
   2013.62982306      9.8605
   2013.62985160      8.9000
   2013.62988014      7.3122
   2013.62990868      6.7779
   2013.62993721      5.4871
   2013.62996575      5.3311
   2013.62999429      4.5321
   2013.63002283      4.6241
   2013.63005137      3.7693
   2013.63007991      3.5398
   2013.63010845      3.1600
   2013.63013699      2.8191
   2013.63016553      2.6172
   2013.63019406      2.3221
   2013.63022260      1.9552
   2013.63025114      1.7776
   2013.63027968      1.5884
   2013.63030822      1.4195
   2013.63033676      1.2666
   2013.63036530      1.1418
   2013.63039384      1.0298
   2013.63042237      0.9330
   2013.63045091      0.8451
   2013.63047945      0.7639
   2013.63050799      0.6907
   2013.63053653      0.6263
   2013.63056507      0.5694
   2013.63059361      0.5187
   2013.63062215      0.4736
   2013.63065068      0.4334
   2013.63067922      0.3974
   2013.63070776      0.3650
   2013.63073630      0.3357
   2013.63076484      0.3093
   2013.63079338      0.2854
   2013.63082192      0.2637
   2013.63085046      0.2439
   2013.63087900      0.2256
   2013.63090753      0.2089
   2013.63093607      0.1936
   2013.63096461      0.1796
   2013.63099315      0.1668
   2013.63102169      0.1550
   2013.63105023      0.1443
   2013.63107877      0.1344
   2013.63110731      0.1252
   2013.63113584      0.1168
   2013.63116438      0.1090
   2013.63119292      0.1018
