   2013.62465753      0.0000
   2013.62468607      0.0000
   2013.62471461      0.0000
   2013.62474315      0.0000
   2013.62477169      0.0000
   2013.62480023      0.0000
   2013.62482877      0.0000
   2013.62485731      0.0000
   2013.62488584      0.0000
   2013.62491438      0.0000
   2013.62494292      0.0000
   2013.62497146      0.0000
   2013.62500000      0.0000
   2013.62502854      0.0005
   2013.62505708      0.0020
   2013.62508562      0.0033
   2013.62511416      0.0045
   2013.62514269      0.0058
   2013.62517123      0.0447
   2013.62519977      0.0771
   2013.62522831      0.1235
   2013.62525685      0.2117
   2013.62528539      0.3328
   2013.62531393      0.4934
   2013.62534247      0.6704
   2013.62537100      0.8504
   2013.62539954      1.0572
   2013.62542808      1.3564
   2013.62545662      1.7925
   2013.62548516      2.1970
   2013.62551370      2.4535
   2013.62554224      2.4629
   2013.62557078      2.4799
   2013.62559932      2.2752
   2013.62562785      1.9882
   2013.62565639      1.8125
   2013.62568493      1.6335
   2013.62571347      1.4655
   2013.62574201      1.3682
   2013.62577055      1.1861
   2013.62579909      1.0417
   2013.62582763      0.9572
   2013.62585616      0.8643
   2013.62588470      0.7776
   2013.62591324      0.6995
   2013.62594178      0.6303
   2013.62597032      0.5691
   2013.62599886      0.5148
   2013.62602740      0.4668
   2013.62605594      0.4245
   2013.62608447      0.3868
   2013.62611301      0.3532
   2013.62614155      0.3230
   2013.62617009      0.2959
   2013.62619863      0.2715
   2013.62622717      0.2494
   2013.62625571      0.2292
   2013.62628425      0.2107
   2013.62631279      0.1939
   2013.62634132      0.1787
   2013.62636986      0.1648
   2013.62639840      0.1522
   2013.62642694      0.1407
   2013.62645548      0.1302
   2013.62648402      0.1206
   2013.62651256      0.1118
   2013.62654110      0.1037
