   2013.62465753      0.0000
   2013.62468607      0.0017
   2013.62471461      0.0046
   2013.62474315      0.0017
   2013.62477169      0.0008
   2013.62480023      0.0004
   2013.62482877      0.0001
   2013.62485731      0.0000
   2013.62488584      0.0028
   2013.62491438      0.0154
   2013.62494292      0.0283
   2013.62497146      0.0354
   2013.62500000      0.0560
   2013.62502854      0.0684
   2013.62505708      0.0797
   2013.62508562      0.0930
   2013.62511416      0.1238
   2013.62514269      0.1423
   2013.62517123      0.1607
   2013.62519977      0.1801
   2013.62522831      0.2231
   2013.62525685      0.2636
   2013.62528539      0.3190
   2013.62531393      0.3987
   2013.62534247      0.5271
   2013.62537100      0.6527
   2013.62539954      0.7623
   2013.62542808      0.8235
   2013.62545662      0.8783
   2013.62548516      0.8984
   2013.62551370      0.9137
   2013.62554224      0.9185
   2013.62557078      0.9600
   2013.62559932      0.9733
   2013.62562785      0.9912
   2013.62565639      1.0094
   2013.62568493      1.0896
   2013.62571347      1.1394
   2013.62574201      1.1889
   2013.62577055      1.2389
   2013.62579909      1.3688
   2013.62582763      1.4471
   2013.62585616      1.5276
   2013.62588470      1.5859
   2013.62591324      1.7564
   2013.62594178      1.8533
   2013.62597032      1.9553
   2013.62599886      2.0220
   2013.62602740      2.2354
   2013.62605594      2.3918
   2013.62608447      2.5273
   2013.62611301      2.6336
   2013.62614155      2.8466
   2013.62617009      3.1033
   2013.62619863      3.2564
   2013.62622717      3.4360
   2013.62625571      3.6535
   2013.62628425      3.9530
   2013.62631279      4.1101
   2013.62634132      4.2663
   2013.62636986      4.4455
   2013.62639840      4.8462
   2013.62642694      4.9364
   2013.62645548      5.0797
   2013.62648402      5.2021
   2013.62651256      5.5226
   2013.62654110      5.6673
   2013.62656963      5.7563
   2013.62659817      5.8688
   2013.62662671      6.1370
   2013.62665525      6.2607
   2013.62668379      6.2828
   2013.62671233      6.3264
   2013.62674087      6.5490
   2013.62676941      6.5622
   2013.62679795      6.5781
   2013.62682648      6.5354
   2013.62685502      6.7161
   2013.62688356      6.6775
   2013.62691210      6.6453
   2013.62694064      6.5270
   2013.62696918      6.6561
   2013.62699772      6.5564
   2013.62702626      6.4865
   2013.62705479      6.2290
   2013.62708333      6.3649
   2013.62711187      6.2425
   2013.62714041      6.1446
   2013.62716895      5.9686
   2013.62719749      5.8907
   2013.62722603      5.7878
   2013.62725457      5.6071
   2013.62728311      5.4552
   2013.62731164      5.3720
   2013.62734018      5.2657
   2013.62736872      5.0985
   2013.62739726      4.9466
   2013.62742580      4.8812
   2013.62745434      4.7260
   2013.62748288      4.5363
   2013.62751142      4.4065
   2013.62753995      4.3351
   2013.62756849      4.1467
   2013.62759703      3.9823
   2013.62762557      3.9302
   2013.62765411      3.7800
   2013.62768265      3.6068
   2013.62771119      3.4572
   2013.62773973      3.1812
   2013.62776826      3.2781
   2013.62779680      3.1141
   2013.62782534      2.9834
   2013.62785388      2.8824
   2013.62788242      2.8724
   2013.62791096      2.7078
   2013.62793950      2.5714
   2013.62796804      2.5467
   2013.62799658      2.4682
   2013.62802511      2.3554
   2013.62805365      2.2577
   2013.62808219      2.2521
   2013.62811073      2.1885
   2013.62813927      2.1032
   2013.62816781      2.0254
   2013.62819635      2.0423
   2013.62822489      1.9982
   2013.62825342      1.9480
   2013.62828196      1.8795
   2013.62831050      1.9094
   2013.62833904      1.8959
   2013.62836758      1.8674
   2013.62839612      1.8189
   2013.62842466      1.8772
   2013.62845320      1.8923
   2013.62848174      1.8880
   2013.62851027      1.8742
   2013.62853881      1.9591
   2013.62856735      2.0099
   2013.62859589      2.0399
   2013.62862443      2.0562
   2013.62865297      2.1964
   2013.62868151      2.2911
   2013.62871005      2.3667
   2013.62873858      2.4220
   2013.62876712      2.6183
   2013.62879566      2.7621
   2013.62882420      2.8867
   2013.62885274      2.9840
   2013.62888128      3.2482
   2013.62890982      3.4233
   2013.62893836      3.5598
   2013.62896689      3.7336
   2013.62899543      3.9153
   2013.62902397      4.2269
   2013.62905251      4.3666
   2013.62908105      4.5177
   2013.62910959      4.6728
   2013.62913813      5.1958
   2013.62916667      5.6647
   2013.62919521      5.7030
   2013.62922374      5.4434
   2013.62925228      5.2974
   2013.62928082      5.1672
   2013.62930936      5.6418
   2013.62933790      6.2418
   2013.62936644      6.3089
   2013.62939498      6.0965
   2013.62942352      5.6727
   2013.62945205      5.2887
   2013.62948059      5.1363
   2013.62950913      5.2593
   2013.62953767      5.4738
   2013.62956621      5.4512
   2013.62959475      5.0619
   2013.62962329      4.8220
   2013.62965183      4.3402
   2013.62968037      4.0929
   2013.62970890      3.8782
   2013.62973744      3.7057
   2013.62976598      3.5191
   2013.62979452      3.3583
   2013.62982306      3.2044
   2013.62985160      2.9839
   2013.62988014      2.7423
   2013.62990868      2.4928
   2013.62993721      2.2926
   2013.62996575      2.0741
   2013.62999429      1.9128
   2013.63002283      1.8203
   2013.63005137      1.7012
   2013.63007991      1.5747
   2013.63010845      1.4510
   2013.63013699      1.3330
   2013.63016553      1.2062
   2013.63019406      1.1235
   2013.63022260      1.0336
   2013.63025114      0.9501
   2013.63027968      0.8736
   2013.63030822      0.8009
   2013.63033676      0.7327
   2013.63036530      0.6708
   2013.63039384      0.6156
   2013.63042237      0.5659
   2013.63045091      0.5210
   2013.63047945      0.4806
   2013.63050799      0.4441
   2013.63053653      0.4111
   2013.63056507      0.3809
   2013.63059361      0.3533
   2013.63062215      0.3279
   2013.63065068      0.3047
   2013.63067922      0.2833
   2013.63070776      0.2637
   2013.63073630      0.2456
   2013.63076484      0.2287
   2013.63079338      0.2130
   2013.63082192      0.1986
   2013.63085046      0.1852
   2013.63087900      0.1728
   2013.63090753      0.1614
   2013.63093607      0.1508
   2013.63096461      0.1410
   2013.63099315      0.1319
   2013.63102169      0.1234
   2013.63105023      0.1156
   2013.63107877      0.1083
   2013.63110731      0.1015
   2013.63113584      0.0952
   2013.63116438      0.0893
   2013.63119292      0.0838
   2013.63122146      0.0786
   2013.63125000      0.0738
   2013.63127854      0.0692
   2013.63130708      0.0649
