   2013.62465753      0.0000
   2013.62468607      0.0000
   2013.62471461      0.0000
   2013.62474315      0.0000
   2013.62477169      0.0000
   2013.62480023      0.0000
   2013.62482877      0.0000
   2013.62485731      0.0000
   2013.62488584      0.0000
   2013.62491438      0.0000
   2013.62494292      0.0000
   2013.62497146      0.0000
   2013.62500000      0.0000
   2013.62502854      0.0000
   2013.62505708      0.0000
   2013.62508562      0.0000
   2013.62511416      0.0000
   2013.62514269      0.0000
   2013.62517123      0.0000
   2013.62519977      0.0000
   2013.62522831      0.0000
   2013.62525685      0.0000
   2013.62528539      0.0000
   2013.62531393      0.0000
   2013.62534247      0.0000
   2013.62537100      0.0000
   2013.62539954      0.0000
   2013.62542808      0.0000
   2013.62545662      0.0000
   2013.62548516      0.0000
   2013.62551370      0.0000
   2013.62554224      0.0000
   2013.62557078      0.0000
   2013.62559932      0.0000
   2013.62562785      0.0000
   2013.62565639      0.0000
   2013.62568493      0.0000
   2013.62571347      0.0000
   2013.62574201      0.0000
   2013.62577055      0.0000
   2013.62579909      0.0000
   2013.62582763      0.0000
   2013.62585616      0.0000
   2013.62588470      0.0000
   2013.62591324      0.0000
   2013.62594178      0.0000
   2013.62597032      0.0000
   2013.62599886      0.0000
   2013.62602740      0.0000
   2013.62605594      0.0000
   2013.62608447      0.0000
   2013.62611301      0.0000
   2013.62614155      0.0000
   2013.62617009      0.0000
   2013.62619863      0.0000
   2013.62622717      0.0000
   2013.62625571      0.0000
   2013.62628425      0.2366
   2013.62631279      0.6205
   2013.62634132      2.1836
   2013.62636986      4.8848
   2013.62639840      9.3626
   2013.62642694     17.7436
   2013.62645548     23.5919
   2013.62648402     23.3265
   2013.62651256     21.1012
   2013.62654110     18.4640
   2013.62656963     16.3064
   2013.62659817     13.7883
   2013.62662671     12.7775
   2013.62665525     11.1912
   2013.62668379      9.6756
   2013.62671233      8.4326
   2013.62674087      7.8062
   2013.62676941      6.9630
   2013.62679795      6.3439
   2013.62682648      5.5612
   2013.62685502      5.4224
   2013.62688356      5.0709
   2013.62691210      4.7104
   2013.62694064      4.5680
   2013.62696918      4.4271
   2013.62699772      4.2796
   2013.62702626      4.1509
   2013.62705479      4.1586
   2013.62708333      4.1273
   2013.62711187      4.0397
   2013.62714041      3.9638
   2013.62716895      3.9239
   2013.62719749      3.8527
   2013.62722603      3.8862
   2013.62725457      3.6817
   2013.62728311      3.5651
   2013.62731164      3.6278
   2013.62734018      3.5521
   2013.62736872      3.6207
   2013.62739726      3.2319
   2013.62742580      3.3688
   2013.62745434      3.4863
   2013.62748288      3.1167
   2013.62751142      2.8947
   2013.62753995      2.9671
   2013.62756849      2.9356
   2013.62759703      2.7989
   2013.62762557      2.6964
   2013.62765411      2.5720
   2013.62768265      2.4937
   2013.62771119      2.4462
   2013.62773973      2.3301
   2013.62776826      2.2521
   2013.62779680      2.1392
   2013.62782534      2.0017
   2013.62785388      1.9541
   2013.62788242      1.9183
   2013.62791096      1.8344
   2013.62793950      1.7188
   2013.62796804      1.6538
   2013.62799658      1.6061
   2013.62802511      1.5764
   2013.62805365      1.5138
   2013.62808219      1.4204
   2013.62811073      1.3847
   2013.62813927      1.3239
   2013.62816781      1.2909
   2013.62819635      1.2537
   2013.62822489      1.2090
   2013.62825342      1.1575
   2013.62828196      1.1055
   2013.62831050      1.0422
   2013.62833904      1.0567
   2013.62836758      0.9967
   2013.62839612      0.9489
   2013.62842466      0.9141
   2013.62845320      0.8681
   2013.62848174      0.8482
   2013.62851027      0.8236
   2013.62853881      0.7997
   2013.62856735      0.7768
   2013.62859589      0.7559
   2013.62862443      0.7396
   2013.62865297      0.7288
   2013.62868151      0.7219
   2013.62871005      0.7161
   2013.62873858      0.7090
   2013.62876712      0.6998
   2013.62879566      0.6889
   2013.62882420      0.6773
   2013.62885274      0.6658
   2013.62888128      0.6550
   2013.62890982      0.6454
   2013.62893836      0.6377
   2013.62896689      0.6321
   2013.62899543      0.6287
   2013.62902397      0.6269
   2013.62905251      0.6256
   2013.62908105      0.6234
   2013.62910959      0.6196
   2013.62913813      0.6138
   2013.62916667      0.6063
   2013.62919521      0.5974
   2013.62922374      0.5875
   2013.62925228      0.5767
   2013.62928082      0.5649
   2013.62930936      0.5523
   2013.62933790      0.5389
   2013.62936644      0.5250
   2013.62939498      0.5106
   2013.62942352      0.4956
   2013.62945205      0.4800
   2013.62948059      0.4640
   2013.62950913      0.4476
   2013.62953767      0.4310
   2013.62956621      0.4142
   2013.62959475      0.3974
   2013.62962329      0.3805
   2013.62965183      0.3637
   2013.62968037      0.3470
   2013.62970890      0.3305
   2013.62973744      0.3142
   2013.62976598      0.2984
   2013.62979452      0.2830
   2013.62982306      0.2682
   2013.62985160      0.2539
   2013.62988014      0.2403
   2013.62990868      0.2271
   2013.62993721      0.2144
   2013.62996575      0.2023
   2013.62999429      0.1908
   2013.63002283      0.1800
   2013.63005137      0.1697
   2013.63007991      0.1600
   2013.63010845      0.1509
   2013.63013699      0.1422
   2013.63016553      0.1341
   2013.63019406      0.1264
   2013.63022260      0.1192
   2013.63025114      0.1123
   2013.63027968      0.1058
