   2013.62465753      0.0000
   2013.62468607      0.0000
   2013.62471461      0.0000
   2013.62474315      0.0000
   2013.62477169      0.0000
   2013.62480023      0.0000
   2013.62482877      0.0000
   2013.62485731      0.0000
   2013.62488584      0.0000
   2013.62491438      0.0000
   2013.62494292      0.0000
   2013.62497146      0.0000
   2013.62500000      0.0000
   2013.62502854      0.0000
   2013.62505708      0.0000
   2013.62508562      0.0000
   2013.62511416      0.0000
   2013.62514269      0.0000
   2013.62517123      0.0000
   2013.62519977      0.0000
   2013.62522831      0.0000
   2013.62525685      0.0000
   2013.62528539      0.0000
   2013.62531393      0.0000
   2013.62534247      0.0000
   2013.62537100      0.0000
   2013.62539954      0.0000
   2013.62542808      0.0000
   2013.62545662      0.0000
   2013.62548516      0.0000
   2013.62551370      0.0000
   2013.62554224      0.0000
   2013.62557078      0.0000
   2013.62559932      0.0000
   2013.62562785      0.0000
   2013.62565639      0.0000
   2013.62568493      0.0000
   2013.62571347      0.0000
   2013.62574201      0.0000
   2013.62577055      0.0000
   2013.62579909      0.0000
   2013.62582763      0.0000
   2013.62585616      0.0000
   2013.62588470      0.0000
   2013.62591324      0.0000
   2013.62594178      0.0000
   2013.62597032      0.0000
   2013.62599886      0.0000
   2013.62602740      0.0000
   2013.62605594      0.0000
   2013.62608447      0.0000
   2013.62611301      0.0000
   2013.62614155      0.0000
   2013.62617009      0.0000
   2013.62619863      0.0000
   2013.62622717      0.0000
   2013.62625571      0.0000
   2013.62628425      0.0000
   2013.62631279      0.0000
   2013.62634132      0.0000
   2013.62636986      0.0000
   2013.62639840      0.0000
   2013.62642694      0.0000
   2013.62645548      0.0000
   2013.62648402      0.0000
   2013.62651256      0.0000
   2013.62654110      0.0000
   2013.62656963      0.0000
   2013.62659817      0.0000
   2013.62662671      0.0000
   2013.62665525      0.0000
   2013.62668379      0.0000
   2013.62671233      0.0000
   2013.62674087      0.0000
   2013.62676941      0.0000
   2013.62679795      0.0000
   2013.62682648      0.0000
   2013.62685502      0.0000
   2013.62688356      0.0000
   2013.62691210      0.0000
   2013.62694064      0.0000
   2013.62696918      0.0000
   2013.62699772      0.0000
   2013.62702626      0.0000
   2013.62705479      0.0000
   2013.62708333      0.0000
   2013.62711187      0.0002
   2013.62714041      0.0008
   2013.62716895      0.0013
   2013.62719749      0.0017
   2013.62722603      0.0021
   2013.62725457      0.0025
   2013.62728311      0.0029
   2013.62731164      0.0078
   2013.62734018      0.0427
   2013.62736872      0.0761
   2013.62739726      0.1268
   2013.62742580      0.1977
   2013.62745434      0.2968
   2013.62748288      0.4317
   2013.62751142      0.6107
   2013.62753995      0.7947
   2013.62756849      0.9967
   2013.62759703      1.2461
   2013.62762557      1.5638
   2013.62765411      1.9195
   2013.62768265      2.1616
   2013.62771119      2.2436
   2013.62773973      2.2200
   2013.62776826      2.0811
   2013.62779680      1.9380
   2013.62782534      1.8286
   2013.62785388      1.6864
   2013.62788242      1.5328
   2013.62791096      1.3871
   2013.62793950      1.2836
   2013.62796804      1.1411
   2013.62799658      1.0158
   2013.62802511      0.9333
   2013.62805365      0.8460
   2013.62808219      0.7648
   2013.62811073      0.6910
   2013.62813927      0.6254
   2013.62816781      0.5669
   2013.62819635      0.5148
   2013.62822489      0.4686
   2013.62825342      0.4275
   2013.62828196      0.3908
   2013.62831050      0.3579
   2013.62833904      0.3281
   2013.62836758      0.3013
   2013.62839612      0.2770
   2013.62842466      0.2549
   2013.62845320      0.2347
   2013.62848174      0.2161
   2013.62851027      0.1991
   2013.62853881      0.1836
   2013.62856735      0.1695
   2013.62859589      0.1566
   2013.62862443      0.1448
   2013.62865297      0.1340
   2013.62868151      0.1241
   2013.62871005      0.1150
   2013.62873858      0.1066
