   2013.62465753      0.0000
   2013.62468607      0.0000
   2013.62471461      0.0000
   2013.62474315      0.0000
   2013.62477169      0.0000
   2013.62480023      0.0000
   2013.62482877      0.0000
   2013.62485731      0.0000
   2013.62488584      0.0000
   2013.62491438      0.0000
   2013.62494292      0.0000
   2013.62497146      0.0000
   2013.62500000      0.0000
   2013.62502854      0.0000
   2013.62505708      0.0000
   2013.62508562      0.0000
   2013.62511416      0.0000
   2013.62514269      0.0000
   2013.62517123      0.0000
   2013.62519977      0.0000
   2013.62522831      0.0000
   2013.62525685      0.0000
   2013.62528539      0.0000
   2013.62531393      0.0000
   2013.62534247      0.0000
   2013.62537100      0.0000
   2013.62539954      0.0000
   2013.62542808      0.0000
   2013.62545662      0.0000
   2013.62548516      0.0000
   2013.62551370      0.0000
   2013.62554224      0.0000
   2013.62557078      0.0000
   2013.62559932      0.0000
   2013.62562785      0.0000
   2013.62565639      0.0000
   2013.62568493      0.0000
   2013.62571347      0.0000
   2013.62574201      0.0000
   2013.62577055      0.0000
   2013.62579909      0.0000
   2013.62582763      0.0000
   2013.62585616      0.0000
   2013.62588470      0.0000
   2013.62591324      0.0000
   2013.62594178      0.0000
   2013.62597032      0.0000
   2013.62599886      0.0000
   2013.62602740      0.0000
   2013.62605594      0.0000
   2013.62608447      0.0000
   2013.62611301      0.0000
   2013.62614155      0.0000
   2013.62617009      0.0000
   2013.62619863      0.0000
   2013.62622717      0.0000
   2013.62625571      0.0000
   2013.62628425      0.0000
   2013.62631279      0.0000
   2013.62634132      0.0000
   2013.62636986      0.0000
   2013.62639840      0.0000
   2013.62642694      0.0000
   2013.62645548      0.0000
   2013.62648402      0.0000
   2013.62651256      0.0000
   2013.62654110      0.0000
   2013.62656963      0.0000
   2013.62659817      0.0000
   2013.62662671      0.0000
   2013.62665525      0.0000
   2013.62668379      0.0000
   2013.62671233      0.0000
   2013.62674087      0.0000
   2013.62676941      0.0000
   2013.62679795      0.0000
   2013.62682648      0.0000
   2013.62685502      0.0000
   2013.62688356      0.0000
   2013.62691210      0.0000
   2013.62694064      0.0000
   2013.62696918      0.0000
   2013.62699772      0.0000
   2013.62702626      0.0000
   2013.62705479      0.0000
   2013.62708333     19.8430
   2013.62711187     79.6218
   2013.62714041    153.7280
   2013.62716895    136.1269
   2013.62719749    101.8389
   2013.62722603     68.2822
   2013.62725457     47.3620
   2013.62728311     33.4438
   2013.62731164     26.2427
   2013.62734018     20.8082
   2013.62736872     17.0353
   2013.62739726     13.6378
   2013.62742580     12.4351
   2013.62745434     10.8814
   2013.62748288      9.8315
   2013.62751142      8.5604
   2013.62753995      8.1903
   2013.62756849      7.7129
   2013.62759703      7.2040
   2013.62762557      6.6291
   2013.62765411      6.7657
   2013.62768265      6.6023
   2013.62771119      6.3952
   2013.62773973      6.0738
   2013.62776826      6.6039
   2013.62779680      6.2443
   2013.62782534      6.1198
   2013.62785388      5.8465
   2013.62788242      6.3624
   2013.62791096      6.0665
   2013.62793950      5.9580
   2013.62796804      5.6925
   2013.62799658      6.1993
   2013.62802511      5.9318
   2013.62805365      5.8360
   2013.62808219      5.5944
   2013.62811073      6.0900
   2013.62813927      5.8402
   2013.62816781      5.7571
   2013.62819635      5.5404
   2013.62822489      6.0742
   2013.62825342      5.8285
   2013.62828196      5.7638
   2013.62831050      5.5877
   2013.62833904      5.9716
   2013.62836758      5.9117
   2013.62839612      5.9770
   2013.62842466      5.7367
   2013.62845320      6.0455
   2013.62848174      6.0832
   2013.62851027      6.0624
   2013.62853881      5.9033
   2013.62856735      6.2673
   2013.62859589      6.3238
   2013.62862443      6.2992
   2013.62865297      6.1738
   2013.62868151      6.5307
   2013.62871005      6.6088
   2013.62873858      6.6979
   2013.62876712      6.4772
   2013.62879566      6.8420
   2013.62882420      6.9382
   2013.62885274      7.0220
   2013.62888128      6.8391
   2013.62890982      7.1970
   2013.62893836      7.3490
   2013.62896689      7.4107
   2013.62899543      7.2727
   2013.62902397      7.5940
   2013.62905251      7.8645
   2013.62908105      7.7955
   2013.62910959      7.6349
   2013.62913813      7.9642
   2013.62916667      8.0225
   2013.62919521      8.0475
   2013.62922374      7.9699
   2013.62925228      8.3510
   2013.62928082      8.4207
   2013.62930936      8.4241
   2013.62933790      8.4568
   2013.62936644      8.6200
   2013.62939498      8.6761
   2013.62942352      8.5721
   2013.62945205      8.4458
   2013.62948059      8.8144
   2013.62950913      8.8594
   2013.62953767      8.7823
   2013.62956621      8.5325
   2013.62959475      8.8482
   2013.62962329      8.8464
   2013.62965183      8.7847
   2013.62968037      8.4988
   2013.62970890      8.7917
   2013.62973744      8.7577
   2013.62976598      8.6660
   2013.62979452      8.3694
   2013.62982306      8.6295
   2013.62985160      8.5862
   2013.62988014      8.4485
   2013.62990868      8.1414
   2013.62993721      8.3866
   2013.62996575      8.2308
   2013.62999429      8.1145
   2013.63002283      7.8459
   2013.63005137      8.0440
   2013.63007991      8.0973
   2013.63010845      7.9362
   2013.63013699      7.5497
   2013.63016553      7.7424
   2013.63019406      7.6814
   2013.63022260      7.4524
   2013.63025114      7.2946
   2013.63027968      6.8897
   2013.63030822      6.5205
   2013.63033676      6.2474
   2013.63036530      6.0398
   2013.63039384      5.5417
   2013.63042237      4.7914
   2013.63045091      4.3309
   2013.63047945      4.2028
   2013.63050799      3.6039
   2013.63053653      3.2095
   2013.63056507      2.8944
   2013.63059361      2.6987
   2013.63062215      2.3701
   2013.63065068      2.1116
   2013.63067922      1.8166
   2013.63070776      1.6287
   2013.63073630      1.4585
   2013.63076484      1.2967
   2013.63079338      1.1741
   2013.63082192      1.0596
   2013.63085046      0.9596
   2013.63087900      0.8704
   2013.63090753      0.7878
   2013.63093607      0.7125
   2013.63096461      0.6458
   2013.63099315      0.5872
   2013.63102169      0.5348
   2013.63105023      0.4882
   2013.63107877      0.4466
   2013.63110731      0.4095
   2013.63113584      0.3760
   2013.63116438      0.3459
   2013.63119292      0.3186
   2013.63122146      0.2939
   2013.63125000      0.2715
   2013.63127854      0.2510
   2013.63130708      0.2323
   2013.63133562      0.2150
   2013.63136416      0.1992
   2013.63139269      0.1847
   2013.63142123      0.1715
   2013.63144977      0.1594
   2013.63147831      0.1483
   2013.63150685      0.1381
   2013.63153539      0.1287
   2013.63156393      0.1200
   2013.63159247      0.1120
   2013.63162100      0.1046
