   2013.62465753      0.0000
   2013.62468607      0.0000
   2013.62471461      0.0000
   2013.62474315      0.0000
   2013.62477169      0.0000
   2013.62480023      0.0000
   2013.62482877      0.0000
   2013.62485731      0.0000
   2013.62488584      0.0000
   2013.62491438      0.0000
   2013.62494292      0.0000
   2013.62497146      0.0000
   2013.62500000      0.0000
   2013.62502854      0.0000
   2013.62505708      0.0000
   2013.62508562      0.0000
   2013.62511416      0.0000
   2013.62514269      0.0000
   2013.62517123      0.0000
   2013.62519977      0.0000
   2013.62522831      0.0000
   2013.62525685      0.0000
   2013.62528539      0.0000
   2013.62531393      0.0000
   2013.62534247      0.0000
   2013.62537100      0.0000
   2013.62539954      0.0000
   2013.62542808      0.0000
   2013.62545662      0.0000
   2013.62548516      0.0000
   2013.62551370      0.0000
   2013.62554224      0.0000
   2013.62557078      0.0000
   2013.62559932      0.0814
   2013.62562785      0.1456
   2013.62565639      0.3235
   2013.62568493      0.7987
   2013.62571347      1.6132
   2013.62574201      2.6915
   2013.62577055      4.4428
   2013.62579909      6.8196
   2013.62582763      9.3151
   2013.62585616     10.0530
   2013.62588470      9.5444
   2013.62591324      8.9427
   2013.62594178      8.3340
   2013.62597032      7.4119
   2013.62599886      6.8995
   2013.62602740      5.6357
   2013.62605594      5.8727
   2013.62608447      5.3178
   2013.62611301      5.0058
   2013.62614155      4.5264
   2013.62617009      4.6567
   2013.62619863      4.3845
   2013.62622717      4.3947
   2013.62625571      4.2122
   2013.62628425      4.5834
   2013.62631279      4.5479
   2013.62634132      4.8496
   2013.62636986      4.7733
   2013.62639840      5.2245
   2013.62642694      5.4412
   2013.62645548      5.6957
   2013.62648402      5.6602
   2013.62651256      6.1163
   2013.62654110      6.2998
   2013.62656963      6.4815
   2013.62659817      6.3345
   2013.62662671      6.7487
   2013.62665525      6.8814
   2013.62668379      6.9958
   2013.62671233      6.8069
   2013.62674087      7.1663
   2013.62676941      7.2669
   2013.62679795      7.3213
   2013.62682648      7.0772
   2013.62685502      7.3559
   2013.62688356      7.3823
   2013.62691210      7.3841
   2013.62694064      7.0270
   2013.62696918      7.2917
   2013.62699772      7.2587
   2013.62702626      7.0921
   2013.62705479      6.7765
   2013.62708333      7.0265
   2013.62711187      6.9486
   2013.62714041      6.7637
   2013.62716895      6.3810
   2013.62719749      6.8994
   2013.62722603      6.5149
   2013.62725457      6.3148
   2013.62728311      6.4515
   2013.62731164      6.3246
   2013.62734018      6.0026
   2013.62736872      5.9969
   2013.62739726      5.5259
   2013.62742580      5.7408
   2013.62745434      5.4424
   2013.62748288      5.3563
   2013.62751142      5.0246
   2013.62753995      5.0068
   2013.62756849      5.0019
   2013.62759703      4.7893
   2013.62762557      4.5183
   2013.62765411      4.5030
   2013.62768265      4.4354
   2013.62771119      4.2781
   2013.62773973      4.2366
   2013.62776826      4.0338
   2013.62779680      3.8918
   2013.62782534      3.7438
   2013.62785388      3.5405
   2013.62788242      3.6231
   2013.62791096      3.5273
   2013.62793950      3.5942
   2013.62796804      3.1866
   2013.62799658      3.2891
   2013.62802511      3.2086
   2013.62805365      3.0946
   2013.62808219      2.9924
   2013.62811073      3.0156
   2013.62813927      2.9965
   2013.62816781      2.8921
   2013.62819635      2.9155
   2013.62822489      2.9158
   2013.62825342      2.8547
   2013.62828196      2.7747
   2013.62831050      2.8273
   2013.62833904      2.7735
   2013.62836758      2.7689
   2013.62839612      2.7640
   2013.62842466      2.8534
   2013.62845320      2.8979
   2013.62848174      2.8559
   2013.62851027      3.0873
   2013.62853881      2.9308
   2013.62856735      3.1011
   2013.62859589      3.0911
   2013.62862443      3.1400
   2013.62865297      3.3442
   2013.62868151      3.4433
   2013.62871005      3.4596
   2013.62873858      3.6035
   2013.62876712      3.5910
   2013.62879566      3.9627
   2013.62882420      3.9890
   2013.62885274      4.1820
   2013.62888128      4.1478
   2013.62890982      4.6225
   2013.62893836      4.6376
   2013.62896689      4.9297
   2013.62899543      4.8031
   2013.62902397      5.2690
   2013.62905251      5.3563
   2013.62908105      5.5551
   2013.62910959      5.4993
   2013.62913813      5.9210
   2013.62916667      6.0914
   2013.62919521      6.2791
   2013.62922374      6.1589
   2013.62925228      6.5854
   2013.62928082      6.7378
   2013.62930936      6.8684
   2013.62933790      6.8435
   2013.62936644      7.4650
   2013.62939498      7.9539
   2013.62942352      8.4008
   2013.62945205      8.0415
   2013.62948059      7.4003
   2013.62950913      6.9843
   2013.62953767      6.3463
   2013.62956621      6.3040
   2013.62959475      6.6797
   2013.62962329      7.0559
   2013.62965183      7.1801
   2013.62968037      6.9347
   2013.62970890      6.4695
   2013.62973744      6.2466
   2013.62976598      5.5713
   2013.62979452      4.6403
   2013.62982306      4.2500
   2013.62985160      3.9645
   2013.62988014      3.9304
   2013.62990868      3.6767
   2013.62993721      3.3325
   2013.62996575      3.0854
   2013.62999429      2.8469
   2013.63002283      2.7155
   2013.63005137      2.3934
   2013.63007991      2.1481
   2013.63010845      1.8515
   2013.63013699      1.6706
   2013.63016553      1.4995
   2013.63019406      1.3461
   2013.63022260      1.2091
   2013.63025114      1.0936
   2013.63027968      0.9911
   2013.63030822      0.9014
   2013.63033676      0.8189
   2013.63036530      0.7428
   2013.63039384      0.6745
   2013.63042237      0.6145
   2013.63045091      0.5610
   2013.63047945      0.5133
   2013.63050799      0.4708
   2013.63053653      0.4327
   2013.63056507      0.3985
   2013.63059361      0.3676
   2013.63062215      0.3395
   2013.63065068      0.3140
   2013.63067922      0.2908
   2013.63070776      0.2696
   2013.63073630      0.2502
   2013.63076484      0.2323
   2013.63079338      0.2158
   2013.63082192      0.2006
   2013.63085046      0.1866
   2013.63087900      0.1737
   2013.63090753      0.1619
   2013.63093607      0.1510
   2013.63096461      0.1409
   2013.63099315      0.1316
   2013.63102169      0.1230
   2013.63105023      0.1150
   2013.63107877      0.1076
   2013.63110731      0.1007
