   2013.62465753      0.0000
   2013.62468607      0.0000
   2013.62471461      0.0000
   2013.62474315      0.0000
   2013.62477169      0.0000
   2013.62480023      0.0000
   2013.62482877      0.0000
   2013.62485731      0.0000
   2013.62488584      0.0000
   2013.62491438      0.0000
   2013.62494292      0.0004
   2013.62497146      0.0008
   2013.62500000      0.0053
   2013.62502854      0.0039
   2013.62505708      0.0037
   2013.62508562      0.0058
   2013.62511416      0.0495
   2013.62514269      0.0998
   2013.62517123      0.1743
   2013.62519977      0.3116
   2013.62522831      0.5778
   2013.62525685      1.0039
   2013.62528539      1.6282
   2013.62531393      2.5111
   2013.62534247      3.8496
   2013.62537100      5.5659
   2013.62539954      6.9972
   2013.62542808      7.8111
   2013.62545662      8.5506
   2013.62548516      8.6930
   2013.62551370      8.9162
   2013.62554224      8.9245
   2013.62557078      9.2572
   2013.62559932      9.1708
   2013.62562785      9.2804
   2013.62565639      9.2142
   2013.62568493      9.5374
   2013.62571347      9.4335
   2013.62574201      9.5418
   2013.62577055      9.4885
   2013.62579909      9.8496
   2013.62582763      9.7673
   2013.62585616      9.9098
   2013.62588470      9.9715
   2013.62591324     10.1069
   2013.62594178     11.0704
   2013.62597032     11.5064
   2013.62599886     11.6370
   2013.62602740     11.8535
   2013.62605594     12.3334
   2013.62608447     12.7097
   2013.62611301     12.9194
   2013.62614155     12.1222
   2013.62617009     12.4228
   2013.62619863     11.9173
   2013.62622717     11.3151
   2013.62625571     10.4897
   2013.62628425     10.7252
   2013.62631279     10.5421
   2013.62634132     10.3970
   2013.62636986      9.9543
   2013.62639840     10.6668
   2013.62642694     10.6613
   2013.62645548     10.4369
   2013.62648402     10.2274
   2013.62651256     11.0215
   2013.62654110     11.0423
   2013.62656963     10.8022
   2013.62659817     10.5759
   2013.62662671     11.3670
   2013.62665525     11.2096
   2013.62668379     11.0706
   2013.62671233     10.8104
   2013.62674087     11.5863
   2013.62676941     11.3925
   2013.62679795     11.2071
   2013.62682648     10.8983
   2013.62685502     11.6385
   2013.62688356     11.3950
   2013.62691210     11.1778
   2013.62694064     10.8279
   2013.62696918     11.3040
   2013.62699772     11.2502
   2013.62702626     11.0024
   2013.62705479     10.5816
   2013.62708333     11.0474
   2013.62711187     10.9529
   2013.62714041     10.7954
   2013.62716895     10.2356
   2013.62719749     10.6592
   2013.62722603     10.5310
   2013.62725457     10.3113
   2013.62728311      9.7870
   2013.62731164     10.1625
   2013.62734018     10.0183
   2013.62736872      9.7827
   2013.62739726      9.3170
   2013.62742580      9.6520
   2013.62745434      9.5993
   2013.62748288      9.3133
   2013.62751142      8.9816
   2013.62753995      9.2014
   2013.62756849      9.2623
   2013.62759703      8.9269
   2013.62762557      8.5707
   2013.62765411      8.8085
   2013.62768265      8.7256
   2013.62771119      8.5397
   2013.62773973      8.2184
   2013.62776826      8.4164
   2013.62779680      8.2331
   2013.62782534      8.0935
   2013.62785388      7.8041
   2013.62788242      7.9943
   2013.62791096      8.0075
   2013.62793950      7.8788
   2013.62796804      7.5358
   2013.62799658      7.7329
   2013.62802511      7.7215
   2013.62805365      7.6504
   2013.62808219      7.3403
   2013.62811073      7.5523
   2013.62813927      7.5555
   2013.62816781      7.5184
   2013.62819635      7.2465
   2013.62822489      7.4851
   2013.62825342      7.5274
   2013.62828196      7.5158
   2013.62831050      7.2716
   2013.62833904      7.5394
   2013.62836758      7.6397
   2013.62839612      7.6237
   2013.62842466      7.4313
   2013.62845320      7.7258
   2013.62848174      7.7372
   2013.62851027      7.8722
   2013.62853881      7.6962
   2013.62856735      8.0265
   2013.62859589      8.1905
   2013.62862443      8.1349
   2013.62865297      8.0885
   2013.62868151      8.4994
   2013.62871005      8.6118
   2013.62873858      8.6336
   2013.62876712      8.5342
   2013.62879566      9.0889
   2013.62882420      9.0148
   2013.62885274      9.2055
   2013.62888128      9.2310
   2013.62890982     10.1570
   2013.62893836      9.7324
   2013.62896689      9.5157
   2013.62899543      8.9198
   2013.62902397      9.2746
   2013.62905251     10.4743
   2013.62908105     11.4679
   2013.62910959     11.5568
   2013.62913813     10.9911
   2013.62916667      9.8758
   2013.62919521      9.0104
   2013.62922374      8.1754
   2013.62925228      7.9668
   2013.62928082      8.5036
   2013.62930936      9.1838
   2013.62933790      9.0770
   2013.62936644      8.3920
   2013.62939498      7.6693
   2013.62942352      7.2219
   2013.62945205      5.7414
   2013.62948059      5.4193
   2013.62950913      4.5286
   2013.62953767      4.1170
   2013.62956621      4.0508
   2013.62959475      3.5405
   2013.62962329      3.2436
   2013.62965183      2.9904
   2013.62968037      2.8785
   2013.62970890      2.4976
   2013.62973744      2.2334
   2013.62976598      1.9039
   2013.62979452      1.7272
   2013.62982306      1.5474
   2013.62985160      1.3864
   2013.62988014      1.2416
   2013.62990868      1.1206
   2013.62993721      1.0127
   2013.62996575      0.9187
   2013.62999429      0.8327
   2013.63002283      0.7533
   2013.63005137      0.6817
   2013.63007991      0.6188
   2013.63010845      0.5630
   2013.63013699      0.5132
   2013.63016553      0.4689
   2013.63019406      0.4293
   2013.63022260      0.3938
   2013.63025114      0.3618
   2013.63027968      0.3330
   2013.63030822      0.3068
   2013.63033676      0.2832
   2013.63036530      0.2617
   2013.63039384      0.2420
   2013.63042237      0.2239
   2013.63045091      0.2073
   2013.63047945      0.1921
   2013.63050799      0.1782
   2013.63053653      0.1655
   2013.63056507      0.1538
   2013.63059361      0.1431
   2013.63062215      0.1333
   2013.63065068      0.1242
   2013.63067922      0.1158
   2013.63070776      0.1081
   2013.63073630      0.1010
