   2013.62465753      0.0000
   2013.62468607      0.0000
   2013.62471461      0.0000
   2013.62474315      0.0000
   2013.62477169      0.0000
   2013.62480023      0.0000
   2013.62482877      0.0000
   2013.62485731      0.0000
   2013.62488584      0.0000
   2013.62491438      0.0000
   2013.62494292      0.0000
   2013.62497146      0.0000
   2013.62500000      0.0000
   2013.62502854      0.0000
   2013.62505708      0.0000
   2013.62508562      0.0000
   2013.62511416      0.0000
   2013.62514269      0.0000
   2013.62517123      0.0000
   2013.62519977      0.0000
   2013.62522831      0.0000
   2013.62525685      0.0000
   2013.62528539      0.0000
   2013.62531393      0.0000
   2013.62534247      0.0000
   2013.62537100      0.0000
   2013.62539954      0.0000
   2013.62542808      0.0000
   2013.62545662      0.0000
   2013.62548516      0.0000
   2013.62551370      0.0000
   2013.62554224      0.0000
   2013.62557078      0.0000
   2013.62559932      0.0000
   2013.62562785      0.0000
   2013.62565639      0.0000
   2013.62568493      0.0000
   2013.62571347      0.0000
   2013.62574201      0.0000
   2013.62577055      0.0000
   2013.62579909      0.0000
   2013.62582763      0.0000
   2013.62585616      0.0000
   2013.62588470      0.0000
   2013.62591324      0.0000
   2013.62594178      0.0000
   2013.62597032      0.0000
   2013.62599886      0.0000
   2013.62602740      0.0000
   2013.62605594      0.0000
   2013.62608447      0.0000
   2013.62611301      0.0000
   2013.62614155      0.0000
   2013.62617009      1.8781
   2013.62619863     10.1656
   2013.62622717     22.8186
   2013.62625571     49.0657
   2013.62628425     50.9755
   2013.62631279     41.6477
   2013.62634132     30.7492
   2013.62636986     24.4884
   2013.62639840     19.5051
   2013.62642694     16.3391
   2013.62645548     14.0444
   2013.62648402     12.7274
   2013.62651256     11.5605
   2013.62654110     10.6782
   2013.62656963     10.0684
   2013.62659817      9.9250
   2013.62662671      9.5294
   2013.62665525      9.4417
   2013.62668379      9.2506
   2013.62671233      9.4800
   2013.62674087      9.3389
   2013.62676941      9.4278
   2013.62679795      9.3373
   2013.62682648      9.6520
   2013.62685502      9.5141
   2013.62688356      9.6049
   2013.62691210      9.4816
   2013.62694064      9.5901
   2013.62696918      9.6094
   2013.62699772      9.5533
   2013.62702626      9.5926
   2013.62705479      9.4781
   2013.62708333      9.0811
   2013.62711187      8.8490
   2013.62714041      8.5065
   2013.62716895      7.9717
   2013.62719749      8.0603
   2013.62722603      7.8609
   2013.62725457      7.6120
   2013.62728311      7.0133
   2013.62731164      7.1527
   2013.62734018      6.9964
   2013.62736872      6.9145
   2013.62739726      6.5408
   2013.62742580      6.8652
   2013.62745434      6.9169
   2013.62748288      6.8633
   2013.62751142      6.6618
   2013.62753995      7.0181
   2013.62756849      7.0262
   2013.62759703      6.9001
   2013.62762557      6.6037
   2013.62765411      6.8919
   2013.62768265      6.8389
   2013.62771119      6.6833
   2013.62773973      6.3679
   2013.62776826      6.6430
   2013.62779680      6.5922
   2013.62782534      6.4517
   2013.62785388      6.1338
   2013.62788242      6.7397
   2013.62791096      6.3745
   2013.62793950      6.2439
   2013.62796804      5.9762
   2013.62799658      6.5112
   2013.62802511      6.1887
   2013.62805365      6.0774
   2013.62808219      5.8362
   2013.62811073      6.3552
   2013.62813927      6.0584
   2013.62816781      5.9642
   2013.62819635      5.7546
   2013.62822489      6.3065
   2013.62825342      6.0182
   2013.62828196      6.0546
   2013.62831050      5.7778
   2013.62833904      6.0644
   2013.62836758      6.0821
   2013.62839612      6.0341
   2013.62842466      5.8684
   2013.62845320      6.1986
   2013.62848174      6.2377
   2013.62851027      6.3136
   2013.62853881      6.0429
   2013.62856735      6.4039
   2013.62859589      6.4613
   2013.62862443      6.5391
   2013.62865297      6.2979
   2013.62868151      6.6543
   2013.62871005      6.7299
   2013.62873858      6.8131
   2013.62876712      6.6011
   2013.62879566      6.9537
   2013.62882420      7.0508
   2013.62885274      7.1290
   2013.62888128      6.9780
   2013.62890982      7.2871
   2013.62893836      7.4198
   2013.62896689      7.4667
   2013.62899543      7.3139
   2013.62902397      7.6268
   2013.62905251      7.8545
   2013.62908105      7.8032
   2013.62910959      7.6057
   2013.62913813      7.9369
   2013.62916667      7.9802
   2013.62919521      8.2009
   2013.62922374      7.8883
   2013.62925228      8.2922
   2013.62928082      8.3471
   2013.62930936      8.3409
   2013.62933790      8.4026
   2013.62936644      8.5748
   2013.62939498      8.5267
   2013.62942352      8.4890
   2013.62945205      7.9760
   2013.62948059      8.8684
   2013.62950913      9.2400
   2013.62953767      9.0854
   2013.62956621      8.4802
   2013.62959475      8.0516
   2013.62962329      7.8080
   2013.62965183      8.3693
   2013.62968037      8.7855
   2013.62970890      8.5523
   2013.62973744      7.9832
   2013.62976598      7.3956
   2013.62979452      7.1831
   2013.62982306      6.7883
   2013.62985160      6.9914
   2013.62988014      7.0199
   2013.62990868      6.7223
   2013.62993721      6.2174
   2013.62996575      5.7008
   2013.62999429      5.3121
   2013.63002283      5.4133
   2013.63005137      5.2604
   2013.63007991      5.0853
   2013.63010845      4.5110
   2013.63013699      4.1357
   2013.63016553      4.0099
   2013.63019406      3.6519
   2013.63022260      3.2455
   2013.63025114      3.1167
   2013.63027968      2.8941
   2013.63030822      2.7057
   2013.63033676      2.5143
   2013.63036530      2.4665
   2013.63039384      2.1919
   2013.63042237      2.0134
   2013.63045091      1.8569
   2013.63047945      1.6498
   2013.63050799      1.5343
   2013.63053653      1.4193
   2013.63056507      1.3125
   2013.63059361      1.2796
   2013.63062215      1.1327
   2013.63065068      1.0426
   2013.63067922      0.9557
   2013.63070776      0.8861
   2013.63073630      0.8147
   2013.63076484      0.7474
   2013.63079338      0.6848
   2013.63082192      0.6282
   2013.63085046      0.5771
   2013.63087900      0.5309
   2013.63090753      0.4895
   2013.63093607      0.4523
   2013.63096461      0.4187
   2013.63099315      0.3880
   2013.63102169      0.3598
   2013.63105023      0.3340
   2013.63107877      0.3103
   2013.63110731      0.2886
   2013.63113584      0.2686
   2013.63116438      0.2501
   2013.63119292      0.2330
   2013.63122146      0.2170
   2013.63125000      0.2022
   2013.63127854      0.1886
   2013.63130708      0.1760
   2013.63133562      0.1644
   2013.63136416      0.1536
   2013.63139269      0.1436
   2013.63142123      0.1343
   2013.63144977      0.1258
   2013.63147831      0.1178
   2013.63150685      0.1103
   2013.63153539      0.1034
