   2013.62465753      0.0000
   2013.62468607      0.0000
   2013.62471461      0.0000
   2013.62474315      0.0000
   2013.62477169      0.0000
   2013.62480023      0.0000
   2013.62482877      0.0000
   2013.62485731      0.0000
   2013.62488584      0.0000
   2013.62491438      0.0000
   2013.62494292      0.0000
   2013.62497146      0.0000
   2013.62500000      0.0000
   2013.62502854      0.0000
   2013.62505708      0.0000
   2013.62508562      0.0000
   2013.62511416      0.0000
   2013.62514269      0.0000
   2013.62517123      0.0000
   2013.62519977      0.0000
   2013.62522831      0.0000
   2013.62525685      0.0003
   2013.62528539      0.0002
   2013.62531393      0.0002
   2013.62534247      0.0002
   2013.62537100      0.0019
   2013.62539954      0.0033
   2013.62542808      0.0044
   2013.62545662      0.0058
   2013.62548516      0.0498
   2013.62551370      0.1039
   2013.62554224      0.2072
   2013.62557078      0.4112
   2013.62559932      0.7769
   2013.62562785      1.3725
   2013.62565639      2.2279
   2013.62568493      3.4629
   2013.62571347      4.9900
   2013.62574201      6.3827
   2013.62577055      7.2086
   2013.62579909      7.3279
   2013.62582763      7.0973
   2013.62585616      6.7221
   2013.62588470      5.9732
   2013.62591324      5.7929
   2013.62594178      4.8102
   2013.62597032      4.6777
   2013.62599886      3.8846
   2013.62602740      3.5250
   2013.62605594      3.0952
   2013.62608447      2.7694
   2013.62611301      2.4765
   2013.62614155      2.2072
   2013.62617009      1.9814
   2013.62619863      1.7897
   2013.62622717      1.6228
   2013.62625571      1.4777
   2013.62628425      1.3471
   2013.62631279      1.2585
   2013.62634132      1.1349
   2013.62636986      1.0210
   2013.62639840      0.9625
   2013.62642694      0.8916
   2013.62645548      0.8241
   2013.62648402      0.7678
   2013.62651256      0.7132
   2013.62654110      0.6634
   2013.62656963      0.6201
   2013.62659817      0.5888
   2013.62662671      0.5559
   2013.62665525      0.5253
   2013.62668379      0.4981
   2013.62671233      0.4829
   2013.62674087      0.4628
   2013.62676941      0.4430
   2013.62679795      0.4256
   2013.62682648      0.4219
   2013.62685502      0.4112
   2013.62688356      0.4000
   2013.62691210      0.3910
   2013.62694064      0.3982
   2013.62696918      0.3966
   2013.62699772      0.3939
   2013.62702626      0.3937
   2013.62705479      0.4134
   2013.62708333      0.4223
   2013.62711187      0.4304
   2013.62714041      0.4424
   2013.62716895      0.4794
   2013.62719749      0.5188
   2013.62722603      0.5474
   2013.62725457      0.5879
   2013.62728311      0.6370
   2013.62731164      0.6901
   2013.62734018      0.7637
   2013.62736872      0.8401
   2013.62739726      0.9456
   2013.62742580      1.0459
   2013.62745434      1.1609
   2013.62748288      1.2743
   2013.62751142      1.4174
   2013.62753995      1.5376
   2013.62756849      1.6343
   2013.62759703      1.7049
   2013.62762557      1.8060
   2013.62765411      1.8811
   2013.62768265      1.9310
   2013.62771119      1.9619
   2013.62773973      2.0283
   2013.62776826      2.0674
   2013.62779680      2.0815
   2013.62782534      2.0795
   2013.62785388      2.1172
   2013.62788242      2.1209
   2013.62791096      2.1082
   2013.62793950      2.0868
   2013.62796804      2.0985
   2013.62799658      2.0790
   2013.62802511      2.0505
   2013.62805365      2.0169
   2013.62808219      2.0023
   2013.62811073      1.9659
   2013.62813927      1.9300
   2013.62816781      1.8819
   2013.62819635      1.8513
   2013.62822489      1.8072
   2013.62825342      1.7628
   2013.62828196      1.7107
   2013.62831050      1.6721
   2013.62833904      1.6254
   2013.62836758      1.5779
   2013.62839612      1.5261
   2013.62842466      1.4846
   2013.62845320      1.4377
   2013.62848174      1.3913
   2013.62851027      1.3385
   2013.62853881      1.2895
   2013.62856735      1.2485
   2013.62859589      1.2063
   2013.62862443      1.1640
   2013.62865297      1.1130
   2013.62868151      1.1257
   2013.62871005      1.0624
   2013.62873858      1.0083
   2013.62876712      0.9773
   2013.62879566      0.9458
   2013.62882420      0.9022
   2013.62885274      0.8803
   2013.62888128      0.8569
   2013.62890982      0.8291
   2013.62893836      0.8006
   2013.62896689      0.7739
   2013.62899543      0.7559
   2013.62902397      0.7351
   2013.62905251      0.7139
   2013.62908105      0.6942
   2013.62910959      0.6825
   2013.62913813      0.6663
   2013.62916667      0.6497
   2013.62919521      0.6345
   2013.62922374      0.6291
   2013.62925228      0.6176
   2013.62928082      0.6056
   2013.62930936      0.5951
   2013.62933790      0.5965
   2013.62936644      0.5903
   2013.62939498      0.5836
   2013.62942352      0.5785
   2013.62945205      0.5876
   2013.62948059      0.5876
   2013.62950913      0.5869
   2013.62953767      0.5881
   2013.62956621      0.6071
   2013.62959475      0.6286
   2013.62962329      0.6131
   2013.62965183      0.6315
   2013.62968037      0.6631
   2013.62970890      0.7073
   2013.62973744      0.7075
   2013.62976598      0.7323
   2013.62979452      0.7809
   2013.62982306      0.8092
   2013.62985160      0.8524
   2013.62988014      0.8915
   2013.62990868      0.9622
   2013.62993721      1.0187
   2013.62996575      1.0847
   2013.62999429      1.1508
   2013.63002283      1.2549
   2013.63005137      1.3437
   2013.63007991      1.4354
   2013.63010845      1.5120
   2013.63013699      1.6303
   2013.63016553      1.7294
   2013.63019406      1.8069
   2013.63022260      1.8681
   2013.63025114      1.9309
   2013.63027968      1.9819
   2013.63030822      2.0079
   2013.63033676      2.0162
   2013.63036530      2.0091
   2013.63039384      1.9896
   2013.63042237      1.9648
   2013.63045091      1.8835
   2013.63047945      1.8274
   2013.63050799      1.7631
   2013.63053653      1.6970
   2013.63056507      1.6191
   2013.63059361      1.5387
   2013.63062215      1.4621
   2013.63065068      1.3852
   2013.63067922      1.3079
   2013.63070776      1.2303
   2013.63073630      1.1936
   2013.63076484      1.0887
   2013.63079338      1.0191
   2013.63082192      0.9467
   2013.63085046      0.8901
   2013.63087900      0.8310
   2013.63090753      0.7748
   2013.63093607      0.7218
   2013.63096461      0.6731
   2013.63099315      0.6292
   2013.63102169      0.5893
   2013.63105023      0.5529
   2013.63107877      0.5195
   2013.63110731      0.4889
   2013.63113584      0.4607
   2013.63116438      0.4345
   2013.63119292      0.4101
   2013.63122146      0.3874
   2013.63125000      0.3663
   2013.63127854      0.3467
   2013.63130708      0.3285
   2013.63133562      0.3115
   2013.63136416      0.2958
   2013.63139269      0.2811
   2013.63142123      0.2674
   2013.63144977      0.2547
   2013.63147831      0.2427
   2013.63150685      0.2314
   2013.63153539      0.2207
   2013.63156393      0.2106
   2013.63159247      0.2012
   2013.63162100      0.1923
   2013.63164954      0.1840
   2013.63167808      0.1762
   2013.63170662      0.1688
   2013.63173516      0.1618
   2013.63176370      0.1552
   2013.63179224      0.1490
   2013.63182078      0.1431
   2013.63184932      0.1375
   2013.63187785      0.1322
   2013.63190639      0.1272
   2013.63193493      0.1225
   2013.63196347      0.1180
   2013.63199201      0.1137
   2013.63202055      0.1097
   2013.63204909      0.1058
   2013.63207763      0.1022
