   2013.62465753      0.0000
   2013.62468607      0.0000
   2013.62471461      0.0000
   2013.62474315      0.0000
   2013.62477169      0.0000
   2013.62480023      0.0000
   2013.62482877      0.0000
   2013.62485731      0.0000
   2013.62488584      0.0000
   2013.62491438      0.0001
   2013.62494292      0.0006
   2013.62497146      0.0011
   2013.62500000      0.0037
   2013.62502854      0.0034
   2013.62505708      0.0035
   2013.62508562      0.0038
   2013.62511416      0.0413
   2013.62514269      0.0856
   2013.62517123      0.1503
   2013.62519977      0.2709
   2013.62522831      0.4859
   2013.62525685      0.8334
   2013.62528539      1.3506
   2013.62531393      2.0786
   2013.62534247      3.1361
   2013.62537100      4.5718
   2013.62539954      5.9730
   2013.62542808      6.9265
   2013.62545662      7.5139
   2013.62548516      7.8213
   2013.62551370      8.0138
   2013.62554224      8.1137
   2013.62557078      8.2842
   2013.62559932      8.3231
   2013.62562785      8.3920
   2013.62565639      8.4003
   2013.62568493      8.5252
   2013.62571347      8.5436
   2013.62574201      8.6045
   2013.62577055      8.6045
   2013.62579909      8.7381
   2013.62582763      8.7596
   2013.62585616      8.8247
   2013.62588470      8.8192
   2013.62591324      8.7287
   2013.62594178      8.6343
   2013.62597032      8.3394
   2013.62599886      7.9587
   2013.62602740      7.6209
   2013.62605594      7.3526
   2013.62608447      6.8982
   2013.62611301      6.5046
   2013.62614155      6.0893
   2013.62617009      5.7711
   2013.62619863      5.4560
   2013.62622717      5.1203
   2013.62625571      4.9288
   2013.62628425      4.7237
   2013.62631279      4.5523
   2013.62634132      4.3848
   2013.62636986      4.2625
   2013.62639840      4.3670
   2013.62642694      4.3625
   2013.62645548      4.3593
   2013.62648402      4.3570
   2013.62651256      4.5718
   2013.62654110      4.6287
   2013.62656963      4.6714
   2013.62659817      4.6301
   2013.62662671      4.8651
   2013.62665525      4.8645
   2013.62668379      4.8626
   2013.62671233      4.8254
   2013.62674087      5.0590
   2013.62676941      5.0352
   2013.62679795      5.0173
   2013.62682648      4.9607
   2013.62685502      5.1078
   2013.62688356      5.1135
   2013.62691210      5.0640
   2013.62694064      5.1041
   2013.62696918      5.1036
   2013.62699772      5.0951
   2013.62702626      5.0161
   2013.62705479      5.0257
   2013.62708333      5.0192
   2013.62711187      4.9979
   2013.62714041      4.9446
   2013.62716895      4.8990
   2013.62719749      4.8745
   2013.62722603      4.8480
   2013.62725457      4.7780
   2013.62728311      4.7058
   2013.62731164      4.6961
   2013.62734018      4.6676
   2013.62736872      4.5820
   2013.62739726      4.5823
   2013.62742580      4.4879
   2013.62745434      4.4896
   2013.62748288      4.3547
   2013.62751142      4.3548
   2013.62753995      4.2548
   2013.62756849      4.2207
   2013.62759703      4.1084
   2013.62762557      4.1092
   2013.62765411      4.0099
   2013.62768265      3.9634
   2013.62771119      3.8645
   2013.62773973      3.9175
   2013.62776826      3.7837
   2013.62779680      3.7021
   2013.62782534      3.6612
   2013.62785388      3.6816
   2013.62788242      3.5901
   2013.62791096      3.5525
   2013.62793950      3.4938
   2013.62796804      3.3357
   2013.62799658      3.4506
   2013.62802511      3.4179
   2013.62805365      3.5623
   2013.62808219      3.1576
   2013.62811073      3.3422
   2013.62813927      3.3092
   2013.62816781      3.2910
   2013.62819635      3.0872
   2013.62822489      3.2562
   2013.62825342      3.2360
   2013.62828196      3.2555
   2013.62831050      3.0512
   2013.62833904      3.2284
   2013.62836758      3.2262
   2013.62839612      3.3770
   2013.62842466      3.0674
   2013.62845320      3.2539
   2013.62848174      3.2826
   2013.62851027      3.2684
   2013.62853881      3.1998
   2013.62856735      3.3519
   2013.62859589      3.3954
   2013.62862443      3.3931
   2013.62865297      3.5162
   2013.62868151      3.5439
   2013.62871005      3.5695
   2013.62873858      3.5515
   2013.62876712      3.7537
   2013.62879566      3.7652
   2013.62882420      3.8013
   2013.62885274      3.8148
   2013.62888128      3.9269
   2013.62890982      4.0198
   2013.62893836      4.0701
   2013.62896689      4.0927
   2013.62899543      4.1986
   2013.62902397      4.3110
   2013.62905251      4.3681
   2013.62908105      4.3939
   2013.62910959      4.3936
   2013.62913813      4.6015
   2013.62916667      4.6474
   2013.62919521      4.6761
   2013.62922374      4.6321
   2013.62925228      4.8539
   2013.62928082      4.8819
   2013.62930936      4.8608
   2013.62933790      4.8230
   2013.62936644      5.0634
   2013.62939498      5.0446
   2013.62942352      5.0481
   2013.62945205      4.9973
   2013.62948059      5.2260
   2013.62950913      5.1885
   2013.62953767      5.1854
   2013.62956621      5.1011
   2013.62959475      5.2560
   2013.62962329      5.2531
   2013.62965183      5.2143
   2013.62968037      5.1036
   2013.62970890      5.2381
   2013.62973744      5.2222
   2013.62976598      5.1497
   2013.62979452      5.1139
   2013.62982306      5.1389
   2013.62985160      5.1143
   2013.62988014      5.0138
   2013.62990868      4.9752
   2013.62993721      4.9857
   2013.62996575      4.9558
   2013.62999429      4.8899
   2013.63002283      4.8044
   2013.63005137      4.7982
   2013.63007991      4.7686
   2013.63010845      4.6832
   2013.63013699      4.6776
   2013.63016553      4.5817
   2013.63019406      4.5472
   2013.63022260      4.4473
   2013.63025114      4.3132
   2013.63027968      4.1425
   2013.63030822      3.9081
   2013.63033676      4.0080
   2013.63036530      3.5102
   2013.63039384      3.3081
   2013.63042237      3.1203
   2013.63045091      2.9163
   2013.63047945      2.6930
   2013.63050799      2.4746
   2013.63053653      2.2749
   2013.63056507      2.1279
   2013.63059361      1.9433
   2013.63062215      1.7744
   2013.63065068      1.6188
   2013.63067922      1.4746
   2013.63070776      1.3415
   2013.63073630      1.2183
   2013.63076484      1.1124
   2013.63079338      1.0128
   2013.63082192      0.9266
   2013.63085046      0.8458
   2013.63087900      0.7698
   2013.63090753      0.7001
   2013.63093607      0.6380
   2013.63096461      0.5828
   2013.63099315      0.5331
   2013.63102169      0.4886
   2013.63105023      0.4487
   2013.63107877      0.4128
   2013.63110731      0.3803
   2013.63113584      0.3507
   2013.63116438      0.3239
   2013.63119292      0.2995
   2013.63122146      0.2773
   2013.63125000      0.2570
   2013.63127854      0.2383
   2013.63130708      0.2210
   2013.63133562      0.2051
   2013.63136416      0.1905
   2013.63139269      0.1771
   2013.63142123      0.1649
   2013.63144977      0.1536
   2013.63147831      0.1431
   2013.63150685      0.1336
   2013.63153539      0.1247
   2013.63156393      0.1165
   2013.63159247      0.1089
   2013.63162100      0.1019
