   2013.62465753      0.0000
   2013.62468607      0.0000
   2013.62471461      0.0000
   2013.62474315      0.0000
   2013.62477169      0.0000
   2013.62480023      0.0000
   2013.62482877      0.0000
   2013.62485731      0.0000
   2013.62488584      0.0000
   2013.62491438      0.0000
   2013.62494292      0.0000
   2013.62497146      0.0000
   2013.62500000      0.0000
   2013.62502854      0.0000
   2013.62505708      0.0000
   2013.62508562      0.0000
   2013.62511416      0.0000
   2013.62514269      0.0000
   2013.62517123      0.0000
   2013.62519977      0.0000
   2013.62522831      0.0000
   2013.62525685      0.0000
   2013.62528539      0.0000
   2013.62531393      0.0000
   2013.62534247      0.0000
   2013.62537100      0.0000
   2013.62539954      0.0000
   2013.62542808      0.0000
   2013.62545662      0.0000
   2013.62548516      0.0000
   2013.62551370      0.0000
   2013.62554224      0.0000
   2013.62557078      0.0000
   2013.62559932      0.0000
   2013.62562785      0.0000
   2013.62565639      0.0000
   2013.62568493      0.0000
   2013.62571347      0.0000
   2013.62574201      0.0000
   2013.62577055      0.0000
   2013.62579909      0.0000
   2013.62582763      0.0000
   2013.62585616      0.0000
   2013.62588470      0.0000
   2013.62591324      0.0000
   2013.62594178      0.0000
   2013.62597032      0.0000
   2013.62599886      0.0000
   2013.62602740      0.0000
   2013.62605594      0.0000
   2013.62608447      0.0000
   2013.62611301      0.0000
   2013.62614155      0.0000
   2013.62617009      0.0000
   2013.62619863      0.0000
   2013.62622717      0.0000
   2013.62625571      0.0000
   2013.62628425      0.0000
   2013.62631279      0.0000
   2013.62634132      0.0000
   2013.62636986      0.0000
   2013.62639840      0.0099
   2013.62642694      0.0555
   2013.62645548      0.1017
   2013.62648402      0.2145
   2013.62651256      0.4512
   2013.62654110      0.8601
   2013.62656963      1.4437
   2013.62659817      2.3823
   2013.62662671      3.8385
   2013.62665525      5.9229
   2013.62668379      7.8263
   2013.62671233      8.8286
   2013.62674087      9.1809
   2013.62676941      9.2984
   2013.62679795      9.1818
   2013.62682648      9.2248
   2013.62685502      9.1616
   2013.62688356      9.1605
   2013.62691210      9.0345
   2013.62694064      9.0933
   2013.62696918      9.0443
   2013.62699772      8.9370
   2013.62702626      8.9051
   2013.62705479      9.0389
   2013.62708333      8.9972
   2013.62711187      8.8929
   2013.62714041      8.7248
   2013.62716895      8.4880
   2013.62719749      8.1353
   2013.62722603      7.8269
   2013.62725457      7.5689
   2013.62728311      6.8110
   2013.62731164      6.7676
   2013.62734018      6.3305
   2013.62736872      6.1521
   2013.62739726      5.6494
   2013.62742580      4.8789
   2013.62745434      4.4417
   2013.62748288      4.3415
   2013.62751142      3.6806
   2013.62753995      3.4706
   2013.62756849      3.2189
   2013.62759703      2.9741
   2013.62762557      2.6904
   2013.62765411      2.5001
   2013.62768265      2.3220
   2013.62771119      2.1546
   2013.62773973      2.0059
   2013.62776826      1.8718
   2013.62779680      1.7493
   2013.62782534      1.6320
   2013.62785388      1.5265
   2013.62788242      1.4328
   2013.62791096      1.3464
   2013.62793950      1.2652
   2013.62796804      1.1861
   2013.62799658      1.1359
   2013.62802511      1.0550
   2013.62805365      0.9639
   2013.62808219      0.9293
   2013.62811073      0.8780
   2013.62813927      0.8256
   2013.62816781      0.7756
   2013.62819635      0.7283
   2013.62822489      0.6844
   2013.62825342      0.6446
   2013.62828196      0.6083
   2013.62831050      0.5787
   2013.62833904      0.5485
   2013.62836758      0.5197
   2013.62839612      0.4930
   2013.62842466      0.4768
   2013.62845320      0.4556
   2013.62848174      0.4345
   2013.62851027      0.4150
   2013.62853881      0.4102
   2013.62856735      0.3971
   2013.62859589      0.3831
   2013.62862443      0.3711
   2013.62865297      0.3799
   2013.62868151      0.3768
   2013.62871005      0.3721
   2013.62873858      0.3701
   2013.62876712      0.3966
   2013.62879566      0.4076
   2013.62882420      0.4172
   2013.62885274      0.4319
   2013.62888128      0.4845
   2013.62890982      0.5190
   2013.62893836      0.5697
   2013.62896689      0.6211
   2013.62899543      0.7279
   2013.62902397      0.7918
   2013.62905251      0.9059
   2013.62908105      1.0241
   2013.62910959      1.2402
   2013.62913813      1.5005
   2013.62916667      1.7790
   2013.62919521      2.0788
   2013.62922374      2.4214
   2013.62925228      2.8025
   2013.62928082      3.0005
   2013.62930936      3.2936
   2013.62933790      3.5708
   2013.62936644      3.7481
   2013.62939498      3.8299
   2013.62942352      4.0157
   2013.62945205      4.2082
   2013.62948059      4.3326
   2013.62950913      4.3270
   2013.62953767      4.4488
   2013.62956621      4.3658
   2013.62959475      4.6239
   2013.62962329      4.5423
   2013.62965183      4.5964
   2013.62968037      4.4478
   2013.62970890      4.5384
   2013.62973744      4.6127
   2013.62976598      4.5167
   2013.62979452      4.2858
   2013.62982306      4.3822
   2013.62985160      4.3582
   2013.62988014      4.2546
   2013.62990868      4.0049
   2013.62993721      4.0993
   2013.62996575      4.0077
   2013.62999429      3.8280
   2013.63002283      3.6318
   2013.63005137      3.6281
   2013.63007991      3.5108
   2013.63010845      3.5439
   2013.63013699      3.2754
   2013.63016553      3.1724
   2013.63019406      3.0547
   2013.63022260      2.9106
   2013.63025114      2.7855
   2013.63027968      2.6565
   2013.63030822      2.5306
   2013.63033676      2.3488
   2013.63036530      2.2211
   2013.63039384      2.0953
   2013.63042237      1.9744
   2013.63045091      1.8621
   2013.63047945      1.7543
   2013.63050799      1.6417
   2013.63053653      1.5426
   2013.63056507      1.4507
   2013.63059361      1.3643
   2013.63062215      1.2815
   2013.63065068      1.2007
   2013.63067922      1.1457
   2013.63070776      1.0622
   2013.63073630      0.9721
   2013.63076484      0.9302
   2013.63079338      0.8744
   2013.63082192      0.8184
   2013.63085046      0.7652
   2013.63087900      0.7151
   2013.63090753      0.6690
   2013.63093607      0.6275
   2013.63096461      0.5895
   2013.63099315      0.5547
   2013.63102169      0.5226
   2013.63105023      0.4929
   2013.63107877      0.4655
   2013.63110731      0.4399
   2013.63113584      0.4160
   2013.63116438      0.3936
   2013.63119292      0.3727
   2013.63122146      0.3533
   2013.63125000      0.3351
   2013.63127854      0.3182
   2013.63130708      0.3024
   2013.63133562      0.2877
   2013.63136416      0.2739
   2013.63139269      0.2611
   2013.63142123      0.2490
   2013.63144977      0.2376
   2013.63147831      0.2268
   2013.63150685      0.2165
   2013.63153539      0.2069
   2013.63156393      0.1979
   2013.63159247      0.1894
   2013.63162100      0.1814
   2013.63164954      0.1738
   2013.63167808      0.1667
   2013.63170662      0.1600
   2013.63173516      0.1536
   2013.63176370      0.1475
   2013.63179224      0.1418
   2013.63182078      0.1363
   2013.63184932      0.1312
   2013.63187785      0.1263
   2013.63190639      0.1217
   2013.63193493      0.1173
   2013.63196347      0.1131
   2013.63199201      0.1091
   2013.63202055      0.1054
   2013.63204909      0.1018
