   2013.62465753      0.0000
   2013.62468607      0.0000
   2013.62471461      0.0000
   2013.62474315      0.0000
   2013.62477169      0.0000
   2013.62480023      0.0000
   2013.62482877      0.0000
   2013.62485731      0.0000
   2013.62488584      0.0000
   2013.62491438      0.0000
   2013.62494292      0.0000
   2013.62497146      0.0000
   2013.62500000      0.0000
   2013.62502854      0.0021
   2013.62505708      0.0022
   2013.62508562      0.0024
   2013.62511416      0.0051
   2013.62514269      0.0136
   2013.62517123      0.0544
   2013.62519977      0.0924
   2013.62522831      0.1715
   2013.62525685      0.3063
   2013.62528539      0.5200
   2013.62531393      0.8475
   2013.62534247      1.3837
   2013.62537100      2.1036
   2013.62539954      3.1498
   2013.62542808      4.5290
   2013.62545662      5.8054
   2013.62548516      6.7201
   2013.62551370      7.1701
   2013.62554224      7.4961
   2013.62557078      7.3558
   2013.62559932      7.6833
   2013.62562785      7.4375
   2013.62565639      7.2311
   2013.62568493      6.7781
   2013.62571347      6.7886
   2013.62574201      6.3632
   2013.62577055      6.2086
   2013.62579909      5.3566
   2013.62582763      5.6752
   2013.62585616      5.2642
   2013.62588470      5.0735
   2013.62591324      4.6361
   2013.62594178      4.8215
   2013.62597032      4.5684
   2013.62599886      4.6107
   2013.62602740      4.4204
   2013.62605594      4.7470
   2013.62608447      4.8173
   2013.62611301      5.0372
   2013.62614155      5.1071
   2013.62617009      5.5975
   2013.62619863      5.8825
   2013.62622717      6.1859
   2013.62625571      6.2431
   2013.62628425      6.7643
   2013.62631279      7.1101
   2013.62634132      7.3010
   2013.62636986      7.3273
   2013.62639840      7.9376
   2013.62642694      8.0045
   2013.62645548      8.1477
   2013.62648402      8.2332
   2013.62651256      8.7158
   2013.62654110      8.8383
   2013.62656963      9.1147
   2013.62659817      8.8687
   2013.62662671      9.5027
   2013.62665525      9.4414
   2013.62668379      9.4725
   2013.62671233      9.2463
   2013.62674087      9.7285
   2013.62676941      9.7847
   2013.62679795      9.7399
   2013.62682648      9.3844
   2013.62685502      9.8475
   2013.62688356      9.8162
   2013.62691210      9.6922
   2013.62694064      9.2967
   2013.62696918      9.6841
   2013.62699772      9.6874
   2013.62702626      9.4032
   2013.62705479      9.2755
   2013.62708333      9.2776
   2013.62711187      9.2886
   2013.62714041      8.9569
   2013.62716895      8.2538
   2013.62719749      8.9278
   2013.62722603      8.9216
   2013.62725457      8.5702
   2013.62728311      8.0199
   2013.62731164      7.5618
   2013.62734018      7.3739
   2013.62736872      7.7030
   2013.62739726      7.5750
   2013.62742580      7.0915
   2013.62745434      6.7801
   2013.62748288      6.2170
   2013.62751142      5.8424
   2013.62753995      5.6944
   2013.62756849      5.5948
   2013.62759703      5.3550
   2013.62762557      5.0099
   2013.62765411      4.6536
   2013.62768265      4.3611
   2013.62771119      4.0709
   2013.62773973      4.0119
   2013.62776826      4.1715
   2013.62779680      3.7611
   2013.62782534      3.3323
   2013.62785388      3.1764
   2013.62788242      2.9934
   2013.62791096      2.8273
   2013.62793950      2.6163
   2013.62796804      2.4801
   2013.62799658      2.3395
   2013.62802511      2.1964
   2013.62805365      2.0702
   2013.62808219      1.8900
   2013.62811073      1.7588
   2013.62813927      1.6428
   2013.62816781      1.5395
   2013.62819635      1.4439
   2013.62822489      1.3535
   2013.62825342      1.2682
   2013.62828196      1.1878
   2013.62831050      1.1534
   2013.62833904      1.0408
   2013.62836758      0.9768
   2013.62839612      0.9151
   2013.62842466      0.8597
   2013.62845320      0.8055
   2013.62848174      0.7529
   2013.62851027      0.7030
   2013.62853881      0.6567
   2013.62856735      0.6140
   2013.62859589      0.5741
   2013.62862443      0.5371
   2013.62865297      0.5028
   2013.62868151      0.4710
   2013.62871005      0.4416
   2013.62873858      0.4141
   2013.62876712      0.3885
   2013.62879566      0.3645
   2013.62882420      0.3419
   2013.62885274      0.3207
   2013.62888128      0.3008
   2013.62890982      0.2822
   2013.62893836      0.2649
   2013.62896689      0.2487
   2013.62899543      0.2334
   2013.62902397      0.2190
   2013.62905251      0.2055
   2013.62908105      0.1928
   2013.62910959      0.1809
   2013.62913813      0.1699
   2013.62916667      0.1596
   2013.62919521      0.1500
   2013.62922374      0.1409
   2013.62925228      0.1325
   2013.62928082      0.1246
   2013.62930936      0.1172
   2013.62933790      0.1102
   2013.62936644      0.1037
