   2013.62465753      0.0000
   2013.62468607      0.0000
   2013.62471461      0.0000
   2013.62474315      0.0000
   2013.62477169      0.0000
   2013.62480023      0.0000
   2013.62482877      0.0000
   2013.62485731      0.0000
   2013.62488584      0.0000
   2013.62491438      0.0000
   2013.62494292      0.0000
   2013.62497146      0.0000
   2013.62500000      0.0000
   2013.62502854      0.0000
   2013.62505708      0.0000
   2013.62508562      0.0000
   2013.62511416      0.0000
   2013.62514269      0.0000
   2013.62517123      0.0000
   2013.62519977      0.0000
   2013.62522831      0.0000
   2013.62525685      0.0000
   2013.62528539      0.0000
   2013.62531393      0.0000
   2013.62534247      0.0000
   2013.62537100      0.0000
   2013.62539954      0.0000
   2013.62542808      0.0000
   2013.62545662      0.0000
   2013.62548516      0.0000
   2013.62551370      0.0000
   2013.62554224      0.0000
   2013.62557078      0.0000
   2013.62559932      0.0000
   2013.62562785      0.0000
   2013.62565639      0.0000
   2013.62568493      0.0000
   2013.62571347      0.3390
   2013.62574201      1.0248
   2013.62577055      3.2732
   2013.62579909      6.1995
   2013.62582763     11.7682
   2013.62585616     19.8718
   2013.62588470     22.1611
   2013.62591324     20.5617
   2013.62594178     17.9711
   2013.62597032     15.8988
   2013.62599886     14.2521
   2013.62602740     13.2925
   2013.62605594     12.4895
   2013.62608447     12.0485
   2013.62611301     11.7359
   2013.62614155     11.8930
   2013.62617009     11.9854
   2013.62619863     12.4613
   2013.62622717     12.9743
   2013.62625571     13.3077
   2013.62628425     14.5076
   2013.62631279     14.8155
   2013.62634132     14.3662
   2013.62636986     13.7726
   2013.62639840     12.7944
   2013.62642694     11.3910
   2013.62645548      9.8429
   2013.62648402      8.6213
   2013.62651256      8.3142
   2013.62654110      6.5112
   2013.62656963      6.1251
   2013.62659817      4.9075
   2013.62662671      4.2213
   2013.62665525      3.6455
   2013.62668379      3.2201
   2013.62671233      2.9329
   2013.62674087      2.5293
   2013.62676941      2.1283
   2013.62679795      1.8779
   2013.62682648      1.6595
   2013.62685502      1.4680
   2013.62688356      1.3276
   2013.62691210      1.1676
   2013.62694064      1.0320
   2013.62696918      0.9370
   2013.62699772      0.8422
   2013.62702626      0.7563
   2013.62705479      0.6800
   2013.62708333      0.6132
   2013.62711187      0.5543
   2013.62714041      0.5022
   2013.62716895      0.4564
   2013.62719749      0.4158
   2013.62722603      0.3798
   2013.62725457      0.3476
   2013.62728311      0.3186
   2013.62731164      0.2926
   2013.62734018      0.2692
   2013.62736872      0.2478
   2013.62739726      0.2283
   2013.62742580      0.2104
   2013.62745434      0.1942
   2013.62748288      0.1794
   2013.62751142      0.1659
   2013.62753995      0.1537
   2013.62756849      0.1424
   2013.62759703      0.1321
   2013.62762557      0.1227
   2013.62765411      0.1140
   2013.62768265      0.1060
