   2013.62465753      0.0000
   2013.62468607      0.0000
   2013.62471461      0.0000
   2013.62474315      0.0000
   2013.62477169      0.0000
   2013.62480023      0.0000
   2013.62482877      0.0000
   2013.62485731      0.0000
   2013.62488584      0.0000
   2013.62491438      0.0000
   2013.62494292      0.0000
   2013.62497146      0.0000
   2013.62500000      0.0000
   2013.62502854      0.0000
   2013.62505708      0.0000
   2013.62508562      0.0000
   2013.62511416      0.0000
   2013.62514269      0.0000
   2013.62517123      0.0000
   2013.62519977      0.0000
   2013.62522831      0.0000
   2013.62525685      0.0000
   2013.62528539      0.0000
   2013.62531393      0.0000
   2013.62534247      0.0000
   2013.62537100      0.0000
   2013.62539954      0.0000
   2013.62542808      0.0000
   2013.62545662      0.0000
   2013.62548516      0.0000
   2013.62551370      0.0000
   2013.62554224      0.0000
   2013.62557078      0.0000
   2013.62559932      0.0408
   2013.62562785      0.0828
   2013.62565639      0.1414
   2013.62568493      0.2921
   2013.62571347      0.5705
   2013.62574201      0.9509
   2013.62577055      1.4089
   2013.62579909      2.1099
   2013.62582763      3.2666
   2013.62585616      4.7614
   2013.62588470      5.6471
   2013.62591324      5.6566
   2013.62594178      5.6120
   2013.62597032      4.7137
   2013.62599886      4.2975
   2013.62602740      3.8920
   2013.62605594      3.5654
   2013.62608447      3.2631
   2013.62611301      2.9788
   2013.62614155      2.7270
   2013.62617009      2.5120
   2013.62619863      2.3289
   2013.62622717      2.1729
   2013.62625571      2.0393
   2013.62628425      1.9324
   2013.62631279      1.8441
   2013.62634132      1.7718
   2013.62636986      1.7133
   2013.62639840      1.6670
   2013.62642694      1.6123
   2013.62645548      1.5670
   2013.62648402      1.5195
   2013.62651256      1.4516
   2013.62654110      1.4148
   2013.62656963      1.3480
   2013.62659817      1.2963
   2013.62662671      1.2456
   2013.62665525      1.1953
   2013.62668379      1.1435
   2013.62671233      1.1405
   2013.62674087      1.0466
   2013.62676941      0.9864
   2013.62679795      0.9212
   2013.62682648      0.8765
   2013.62685502      0.8236
   2013.62688356      0.7707
   2013.62691210      0.7184
   2013.62694064      0.6680
   2013.62696918      0.6211
   2013.62699772      0.5772
   2013.62702626      0.5363
   2013.62705479      0.4984
   2013.62708333      0.4633
   2013.62711187      0.4307
   2013.62714041      0.4003
   2013.62716895      0.3720
   2013.62719749      0.3456
   2013.62722603      0.3211
   2013.62725457      0.2984
   2013.62728311      0.2773
   2013.62731164      0.2579
   2013.62734018      0.2398
   2013.62736872      0.2229
   2013.62739726      0.2072
   2013.62742580      0.1926
   2013.62745434      0.1792
   2013.62748288      0.1668
   2013.62751142      0.1553
   2013.62753995      0.1447
   2013.62756849      0.1349
   2013.62759703      0.1258
   2013.62762557      0.1174
   2013.62765411      0.1096
   2013.62768265      0.1023
