   2013.62465753      0.0000
   2013.62468607      0.0000
   2013.62471461      0.0000
   2013.62474315      0.0000
   2013.62477169      0.0000
   2013.62480023      0.0000
   2013.62482877      0.0000
   2013.62485731      0.0000
   2013.62488584      0.0000
   2013.62491438      0.0000
   2013.62494292      0.0000
   2013.62497146      0.0000
   2013.62500000      0.0000
   2013.62502854      0.0000
   2013.62505708      0.0000
   2013.62508562      0.0000
   2013.62511416      0.0000
   2013.62514269      0.0000
   2013.62517123      0.0000
   2013.62519977      0.0000
   2013.62522831      0.0000
   2013.62525685      0.0000
   2013.62528539      0.0000
   2013.62531393      0.0000
   2013.62534247      0.0000
   2013.62537100      0.0000
   2013.62539954      0.0000
   2013.62542808      0.0000
   2013.62545662      0.0000
   2013.62548516      0.0000
   2013.62551370      0.0000
   2013.62554224      0.0000
   2013.62557078      0.0000
   2013.62559932      0.1077
   2013.62562785      0.1871
   2013.62565639      0.4433
   2013.62568493      1.1006
   2013.62571347      2.1236
   2013.62574201      3.4833
   2013.62577055      5.9283
   2013.62579909      9.3743
   2013.62582763     11.4638
   2013.62585616     11.9779
   2013.62588470     11.6490
   2013.62591324     11.3011
   2013.62594178     10.8462
   2013.62597032     10.3298
   2013.62599886      9.8662
   2013.62602740      9.5008
   2013.62605594      9.1483
   2013.62608447      8.8490
   2013.62611301      8.3508
   2013.62614155      7.8187
   2013.62617009      7.8933
   2013.62619863      7.5743
   2013.62622717      7.2884
   2013.62625571      6.7597
   2013.62628425      6.9147
   2013.62631279      7.1785
   2013.62634132      6.9126
   2013.62636986      7.0827
   2013.62639840      7.4763
   2013.62642694      7.7382
   2013.62645548      8.1657
   2013.62648402      8.6647
   2013.62651256      9.2882
   2013.62654110      9.6754
   2013.62656963      9.9863
   2013.62659817      9.8503
   2013.62662671     10.7357
   2013.62665525     10.8971
   2013.62668379     10.8530
   2013.62671233     10.5954
   2013.62674087     11.4272
   2013.62676941     11.2982
   2013.62679795     11.1585
   2013.62682648     10.8571
   2013.62685502     11.3637
   2013.62688356     11.3236
   2013.62691210     11.0794
   2013.62694064     10.6244
   2013.62696918     11.0679
   2013.62699772     10.9303
   2013.62702626     10.7107
   2013.62705479     10.0849
   2013.62708333     10.4677
   2013.62711187     10.2619
   2013.62714041      9.9464
   2013.62716895      9.3605
   2013.62719749      9.6264
   2013.62722603      9.4838
   2013.62725457      8.9748
   2013.62728311      8.5265
   2013.62731164      8.6302
   2013.62734018      8.3913
   2013.62736872      8.0554
   2013.62739726      7.5338
   2013.62742580      7.6119
   2013.62745434      7.3676
   2013.62748288      7.0298
   2013.62751142      6.6566
   2013.62753995      6.6170
   2013.62756849      6.3934
   2013.62759703      6.3138
   2013.62762557      5.7268
   2013.62765411      5.7285
   2013.62768265      5.5309
   2013.62771119      5.3850
   2013.62773973      4.9677
   2013.62776826      4.9777
   2013.62779680      4.8827
   2013.62782534      4.6676
   2013.62785388      4.3106
   2013.62788242      4.3459
   2013.62791096      4.2520
   2013.62793950      4.1118
   2013.62796804      3.9408
   2013.62799658      3.8421
   2013.62802511      3.7209
   2013.62805365      3.6367
   2013.62808219      3.3272
   2013.62811073      3.4700
   2013.62813927      3.3936
   2013.62816781      3.4757
   2013.62819635      3.1379
   2013.62822489      3.3160
   2013.62825342      3.1910
   2013.62828196      3.3074
   2013.62831050      3.0492
   2013.62833904      3.2271
   2013.62836758      3.1540
   2013.62839612      3.1805
   2013.62842466      3.1016
   2013.62845320      3.3420
   2013.62848174      3.3247
   2013.62851027      3.3746
   2013.62853881      3.4554
   2013.62856735      3.6934
   2013.62859589      3.7010
   2013.62862443      3.8945
   2013.62865297      3.9091
   2013.62868151      4.3592
   2013.62871005      4.3885
   2013.62873858      4.7187
   2013.62876712      4.6839
   2013.62879566      5.1288
   2013.62882420      5.3587
   2013.62885274      5.6401
   2013.62888128      5.6997
   2013.62890982      6.2518
   2013.62893836      6.8520
   2013.62896689      6.8854
   2013.62899543      7.0351
   2013.62902397      7.6813
   2013.62905251      7.8479
   2013.62908105      8.2033
   2013.62910959      8.4809
   2013.62913813      9.0514
   2013.62916667      9.2861
   2013.62919521      9.4460
   2013.62922374      9.4052
   2013.62925228     10.2322
   2013.62928082     10.4280
   2013.62930936     10.4460
   2013.62933790     10.3298
   2013.62936644     11.1579
   2013.62939498     11.2663
   2013.62942352     11.1737
   2013.62945205     10.9145
   2013.62948059     11.7182
   2013.62950913     11.5607
   2013.62953767     11.4059
   2013.62956621     11.1224
   2013.62959475     11.6000
   2013.62962329     11.5532
   2013.62965183     11.2957
   2013.62968037     10.8413
   2013.62970890     11.2739
   2013.62973744     11.1329
   2013.62976598     10.9227
   2013.62979452     10.2671
   2013.62982306     10.6509
   2013.62985160     10.4403
   2013.62988014     10.1226
   2013.62990868      9.5075
   2013.62993721      9.7945
   2013.62996575      9.6555
   2013.62999429      9.1874
   2013.63002283      8.6745
   2013.63005137      8.7746
   2013.63007991      8.5372
   2013.63010845      8.1510
   2013.63013699      7.6804
   2013.63016553      7.7415
   2013.63019406      7.5019
   2013.63022260      7.1540
   2013.63025114      7.0273
   2013.63027968      6.5460
   2013.63030822      6.1005
   2013.63033676      5.5751
   2013.63036530      5.4241
   2013.63039384      4.6959
   2013.63042237      4.2606
   2013.63045091      4.1419
   2013.63047945      3.5808
   2013.63050799      3.2187
   2013.63053653      2.9279
   2013.63056507      2.6155
   2013.63059361      2.4451
   2013.63062215      2.1869
   2013.63065068      1.8875
   2013.63067922      1.7023
   2013.63070776      1.5319
   2013.63073630      1.3772
   2013.63076484      1.2377
   2013.63079338      1.1205
   2013.63082192      1.0147
   2013.63085046      0.9233
   2013.63087900      0.8389
   2013.63090753      0.7604
   2013.63093607      0.6894
   2013.63096461      0.6267
   2013.63099315      0.5710
   2013.63102169      0.5213
   2013.63105023      0.4769
   2013.63107877      0.4372
   2013.63110731      0.4016
   2013.63113584      0.3695
   2013.63116438      0.3404
   2013.63119292      0.3140
   2013.63122146      0.2901
   2013.63125000      0.2684
   2013.63127854      0.2485
   2013.63130708      0.2302
   2013.63133562      0.2133
   2013.63136416      0.1979
   2013.63139269      0.1837
   2013.63142123      0.1708
   2013.63144977      0.1589
   2013.63147831      0.1479
   2013.63150685      0.1379
   2013.63153539      0.1286
   2013.63156393      0.1200
   2013.63159247      0.1121
   2013.63162100      0.1048
