   2013.62465753      0.0000
   2013.62468607      0.0000
   2013.62471461      0.0000
   2013.62474315      0.0000
   2013.62477169      0.0000
   2013.62480023      0.0000
   2013.62482877      0.0000
   2013.62485731      0.0000
   2013.62488584      0.0000
   2013.62491438      0.0000
   2013.62494292      0.0000
   2013.62497146      0.0000
   2013.62500000      0.0000
   2013.62502854      0.0000
   2013.62505708      0.0000
   2013.62508562      0.0000
   2013.62511416      0.0000
   2013.62514269      0.0000
   2013.62517123      0.0000
   2013.62519977      0.0000
   2013.62522831      0.0000
   2013.62525685      0.0000
   2013.62528539      0.0000
   2013.62531393      0.0000
   2013.62534247      0.0000
   2013.62537100      0.0000
   2013.62539954      0.0000
   2013.62542808      0.0000
   2013.62545662      0.0000
   2013.62548516      0.0000
   2013.62551370      0.0000
   2013.62554224      0.0000
   2013.62557078      0.0000
   2013.62559932      0.0000
   2013.62562785      0.0000
   2013.62565639      0.0000
   2013.62568493      0.0000
   2013.62571347      0.0000
   2013.62574201      0.0000
   2013.62577055      0.0000
   2013.62579909      0.0000
   2013.62582763      0.0000
   2013.62585616      0.0000
   2013.62588470      0.0000
   2013.62591324      0.0000
   2013.62594178      0.0000
   2013.62597032      0.0000
   2013.62599886      0.0000
   2013.62602740      0.0000
   2013.62605594      0.0000
   2013.62608447      0.0000
   2013.62611301      0.0000
   2013.62614155      0.0000
   2013.62617009      0.0000
   2013.62619863      0.0000
   2013.62622717      0.0000
   2013.62625571      0.0000
   2013.62628425      0.0000
   2013.62631279      0.0000
   2013.62634132      0.0000
   2013.62636986      0.0000
   2013.62639840      0.8880
   2013.62642694      4.5276
   2013.62645548     10.5505
   2013.62648402     22.6970
   2013.62651256     36.1354
   2013.62654110     35.5067
   2013.62656963     29.0825
   2013.62659817     23.3261
   2013.62662671     18.9216
   2013.62665525     16.0766
   2013.62668379     13.9644
   2013.62671233     12.7610
   2013.62674087     11.6693
   2013.62676941     10.8444
   2013.62679795     10.2840
   2013.62682648     10.0511
   2013.62685502      9.7908
   2013.62688356      9.7075
   2013.62691210      9.4963
   2013.62694064      9.5549
   2013.62696918      9.5201
   2013.62699772      9.4387
   2013.62702626      9.3888
   2013.62705479      9.4305
   2013.62708333      9.3936
   2013.62711187      9.2862
   2013.62714041      9.4520
   2013.62716895      9.1312
   2013.62719749      9.0771
   2013.62722603      8.8692
   2013.62725457      8.5452
   2013.62728311      8.2300
   2013.62731164      8.1019
   2013.62734018      7.6963
   2013.62736872      7.3031
   2013.62739726      6.6801
   2013.62742580      6.6210
   2013.62745434      6.2971
   2013.62748288      6.1023
   2013.62751142      5.4465
   2013.62753995      5.3759
   2013.62756849      5.2262
   2013.62759703      4.9213
   2013.62762557      4.5256
   2013.62765411      4.5094
   2013.62768265      4.4002
   2013.62771119      4.2307
   2013.62773973      4.0703
   2013.62776826      4.0669
   2013.62779680      3.8454
   2013.62782534      3.7777
   2013.62785388      3.3879
   2013.62788242      3.5268
   2013.62791096      3.4193
   2013.62793950      3.2296
   2013.62796804      3.1220
   2013.62799658      3.1244
   2013.62802511      3.0548
   2013.62805365      2.9269
   2013.62808219      2.9121
   2013.62811073      2.8151
   2013.62813927      2.7773
   2013.62816781      2.6844
   2013.62819635      2.7076
   2013.62822489      2.6242
   2013.62825342      2.6208
   2013.62828196      2.5550
   2013.62831050      2.6075
   2013.62833904      2.6135
   2013.62836758      2.5807
   2013.62839612      2.5351
   2013.62842466      2.6190
   2013.62845320      2.6587
   2013.62848174      2.6194
   2013.62851027      2.6443
   2013.62853881      2.7746
   2013.62856735      2.8524
   2013.62859589      2.8489
   2013.62862443      2.9355
   2013.62865297      2.9928
   2013.62868151      3.2251
   2013.62871005      3.2630
   2013.62873858      3.3676
   2013.62876712      3.4859
   2013.62879566      3.8156
   2013.62882420      3.8627
   2013.62885274      4.1154
   2013.62888128      4.1282
   2013.62890982      4.6527
   2013.62893836      4.6985
   2013.62896689      4.9293
   2013.62899543      4.9538
   2013.62902397      5.4043
   2013.62905251      5.6132
   2013.62908105      5.8589
   2013.62910959      5.8065
   2013.62913813      6.3031
   2013.62916667      6.5307
   2013.62919521      6.7302
   2013.62922374      6.7133
   2013.62925228      7.0978
   2013.62928082      7.3376
   2013.62930936      7.4476
   2013.62933790      7.3369
   2013.62936644      7.7169
   2013.62939498      7.7736
   2013.62942352      7.9483
   2013.62945205      7.7312
   2013.62948059      8.0521
   2013.62950913      8.0751
   2013.62953767      8.0615
   2013.62956621      7.9031
   2013.62959475      8.2475
   2013.62962329      8.1421
   2013.62965183      8.0835
   2013.62968037      7.9574
   2013.62970890      8.5731
   2013.62973744      8.2252
   2013.62976598      8.0875
   2013.62979452      7.6293
   2013.62982306      7.4255
   2013.62985160      7.7043
   2013.62988014      8.0262
   2013.62990868      7.7691
   2013.62993721      7.1234
   2013.62996575      6.8867
   2013.62999429      6.1497
   2013.63002283      6.1769
   2013.63005137      6.2640
   2013.63007991      6.1616
   2013.63010845      5.8696
   2013.63013699      5.4365
   2013.63016553      4.9956
   2013.63019406      4.6431
   2013.63022260      4.6058
   2013.63025114      4.4960
   2013.63027968      4.0067
   2013.63030822      4.0883
   2013.63033676      3.7817
   2013.63036530      3.3402
   2013.63039384      3.1328
   2013.63042237      2.9296
   2013.63045091      2.6718
   2013.63047945      2.5047
   2013.63050799      2.3528
   2013.63053653      2.3238
   2013.63056507      2.1070
   2013.63059361      1.8612
   2013.63062215      1.7305
   2013.63065068      1.5900
   2013.63067922      1.4535
   2013.63070776      1.3239
   2013.63073630      1.2026
   2013.63076484      1.0993
   2013.63079338      1.0027
   2013.63082192      0.9174
   2013.63085046      0.8372
   2013.63087900      0.7616
   2013.63090753      0.6923
   2013.63093607      0.6306
   2013.63096461      0.5754
   2013.63099315      0.5259
   2013.63102169      0.4815
   2013.63105023      0.4417
   2013.63107877      0.4059
   2013.63110731      0.3734
   2013.63113584      0.3441
   2013.63116438      0.3174
   2013.63119292      0.2931
   2013.63122146      0.2710
   2013.63125000      0.2509
   2013.63127854      0.2322
   2013.63130708      0.2151
   2013.63133562      0.1994
   2013.63136416      0.1850
   2013.63139269      0.1718
   2013.63142123      0.1597
   2013.63144977      0.1486
   2013.63147831      0.1383
   2013.63150685      0.1289
   2013.63153539      0.1202
   2013.63156393      0.1121
   2013.63159247      0.1047
