   2013.62465753      0.0000
   2013.62468607      0.0000
   2013.62471461      0.0000
   2013.62474315      0.0000
   2013.62477169      0.0000
   2013.62480023      0.0000
   2013.62482877      0.0000
   2013.62485731      0.0000
   2013.62488584      0.0000
   2013.62491438      0.0000
   2013.62494292      0.0000
   2013.62497146      0.0000
   2013.62500000      0.0000
   2013.62502854      0.0000
   2013.62505708      0.0000
   2013.62508562      0.0000
   2013.62511416      0.0000
   2013.62514269      0.0000
   2013.62517123      0.0000
   2013.62519977      0.0000
   2013.62522831      0.0000
   2013.62525685      0.0000
   2013.62528539      0.0000
   2013.62531393      0.0000
   2013.62534247      0.0000
   2013.62537100      0.0000
   2013.62539954      0.0000
   2013.62542808      0.0000
   2013.62545662      0.0000
   2013.62548516      0.0000
   2013.62551370      0.0000
   2013.62554224      0.0000
   2013.62557078      0.0000
   2013.62559932      0.0000
   2013.62562785      0.0000
   2013.62565639      0.0000
   2013.62568493      0.0000
   2013.62571347      0.0000
   2013.62574201      0.0000
   2013.62577055      0.0000
   2013.62579909      0.0000
   2013.62582763      0.0000
   2013.62585616      0.0000
   2013.62588470      0.0000
   2013.62591324      0.0000
   2013.62594178      0.0000
   2013.62597032      0.0000
   2013.62599886      0.0000
   2013.62602740      0.0000
   2013.62605594      0.0000
   2013.62608447      0.0000
   2013.62611301      0.0000
   2013.62614155      0.0000
   2013.62617009      0.0000
   2013.62619863      0.0000
   2013.62622717      0.0000
   2013.62625571      0.0000
   2013.62628425      0.0000
   2013.62631279      0.0000
   2013.62634132      0.0000
   2013.62636986      0.0000
   2013.62639840      0.0000
   2013.62642694      0.0000
   2013.62645548      0.0000
   2013.62648402      0.0000
   2013.62651256      0.0000
   2013.62654110      0.0000
   2013.62656963      0.0000
   2013.62659817      0.0000
   2013.62662671      0.0000
   2013.62665525      0.0000
   2013.62668379      0.0000
   2013.62671233      0.0000
   2013.62674087      0.0000
   2013.62676941      0.0000
   2013.62679795      0.0000
   2013.62682648      0.0000
   2013.62685502      0.0000
   2013.62688356      0.0000
   2013.62691210      0.0000
   2013.62694064      0.0000
   2013.62696918      0.2709
   2013.62699772      0.6940
   2013.62702626      2.2060
   2013.62705479      4.1536
   2013.62708333      7.0926
   2013.62711187     12.3644
   2013.62714041     16.2025
   2013.62716895     16.0087
   2013.62719749     14.4925
   2013.62722603     12.4327
   2013.62725457     10.6893
   2013.62728311      9.4906
   2013.62731164      8.3803
   2013.62734018      7.3749
   2013.62736872      6.5948
   2013.62739726      5.8979
   2013.62742580      5.4330
   2013.62745434      5.0874
   2013.62748288      4.7417
   2013.62751142      4.4820
   2013.62753995      4.2626
   2013.62756849      4.0046
   2013.62759703      3.8899
   2013.62762557      3.7734
   2013.62765411      3.6558
   2013.62768265      3.5545
   2013.62771119      3.4676
   2013.62773973      3.3932
   2013.62776826      3.3117
   2013.62779680      3.2340
   2013.62782534      3.2147
   2013.62785388      3.0841
   2013.62788242      3.0653
   2013.62791096      2.9614
   2013.62793950      2.8531
   2013.62796804      2.7516
   2013.62799658      2.6374
   2013.62802511      2.4518
   2013.62805365      2.3185
   2013.62808219      2.1842
   2013.62811073      2.0497
   2013.62813927      1.9173
   2013.62816781      1.7783
   2013.62819635      1.6578
   2013.62822489      1.5438
   2013.62825342      1.4347
   2013.62828196      1.3296
   2013.62831050      1.2293
   2013.62833904      1.1339
   2013.62836758      1.0482
   2013.62839612      0.9659
   2013.62842466      0.8923
   2013.62845320      0.8210
   2013.62848174      0.7526
   2013.62851027      0.6890
   2013.62853881      0.6316
   2013.62856735      0.5795
   2013.62859589      0.5321
   2013.62862443      0.4892
   2013.62865297      0.4505
   2013.62868151      0.4153
   2013.62871005      0.3831
   2013.62873858      0.3538
   2013.62876712      0.3271
   2013.62879566      0.3026
   2013.62882420      0.2801
   2013.62885274      0.2595
   2013.62888128      0.2408
   2013.62890982      0.2233
   2013.62893836      0.2071
   2013.62896689      0.1922
   2013.62899543      0.1789
   2013.62902397      0.1662
   2013.62905251      0.1543
   2013.62908105      0.1433
   2013.62910959      0.3071
   2013.62913813      0.3838
   2013.62916667      0.3933
   2013.62919521      0.3473
   2013.62922374      0.2856
   2013.62925228      0.2308
   2013.62928082      0.2130
   2013.62930936      0.3777
   2013.62933790      0.6074
   2013.62936644      0.6495
   2013.62939498      0.5918
   2013.62942352      0.5025
   2013.62945205      0.4765
   2013.62948059      0.5673
   2013.62950913      0.6955
   2013.62953767      0.6991
   2013.62956621      0.6733
   2013.62959475      0.7618
   2013.62962329      1.1826
   2013.62965183      1.4461
   2013.62968037      1.4880
   2013.62970890      1.5353
   2013.62973744      1.7066
   2013.62976598      1.9511
   2013.62979452      2.0180
   2013.62982306      2.0320
   2013.62985160      2.0574
   2013.62988014      2.4118
   2013.62990868      2.7526
   2013.62993721      2.9106
   2013.62996575      2.9295
   2013.62999429      3.1277
   2013.63002283      3.3521
   2013.63005137      3.6302
   2013.63007991      3.5191
   2013.63010845      3.1465
   2013.63013699      2.9615
   2013.63016553      2.7176
   2013.63019406      2.6220
   2013.63022260      2.3991
   2013.63025114      2.2610
   2013.63027968      2.1362
   2013.63030822      2.0485
   2013.63033676      1.9862
   2013.63036530      1.9262
   2013.63039384      1.8638
   2013.63042237      1.7920
   2013.63045091      1.7192
   2013.63047945      1.6409
   2013.63050799      1.5728
   2013.63053653      1.5055
   2013.63056507      1.4330
   2013.63059361      1.3525
   2013.63062215      1.2656
   2013.63065068      1.1725
   2013.63067922      1.0878
   2013.63070776      1.0015
   2013.63073630      0.9240
   2013.63076484      0.8487
   2013.63079338      0.7759
   2013.63082192      0.7077
   2013.63085046      0.6458
   2013.63087900      0.5904
   2013.63090753      0.5401
   2013.63093607      0.4949
   2013.63096461      0.4542
   2013.63099315      0.4175
   2013.63102169      0.3842
   2013.63105023      0.3540
   2013.63107877      0.3266
   2013.63110731      0.3016
   2013.63113584      0.2788
   2013.63116438      0.2580
   2013.63119292      0.2389
   2013.63122146      0.2213
   2013.63125000      0.2051
   2013.63127854      0.1902
   2013.63130708      0.1766
   2013.63133562      0.1641
   2013.63136416      0.1526
   2013.63139269      0.1420
   2013.63142123      0.1323
   2013.63144977      0.1233
   2013.63147831      0.1150
   2013.63150685      0.1073
   2013.63153539      0.1002
