   2013.62465753      0.0000
   2013.62468607      0.0000
   2013.62471461      0.0000
   2013.62474315      0.0000
   2013.62477169      0.0000
   2013.62480023      0.0000
   2013.62482877      0.0000
   2013.62485731      0.0000
   2013.62488584      0.0000
   2013.62491438      0.0000
   2013.62494292      0.0000
   2013.62497146      0.0000
   2013.62500000      0.0000
   2013.62502854      0.0000
   2013.62505708      0.0000
   2013.62508562      0.0000
   2013.62511416      0.0000
   2013.62514269      0.0000
   2013.62517123      0.0000
   2013.62519977      0.0000
   2013.62522831      0.0000
   2013.62525685      0.0000
   2013.62528539      0.0000
   2013.62531393      0.0000
   2013.62534247      0.0000
   2013.62537100      0.0000
   2013.62539954      0.0000
   2013.62542808      0.0000
   2013.62545662      0.0000
   2013.62548516      0.0000
   2013.62551370      0.0000
   2013.62554224      0.0000
   2013.62557078      0.0000
   2013.62559932      0.0000
   2013.62562785      0.0000
   2013.62565639      0.0000
   2013.62568493      0.0000
   2013.62571347      0.0000
   2013.62574201      0.0000
   2013.62577055      0.0000
   2013.62579909      0.0000
   2013.62582763      0.0001
   2013.62585616      0.0002
   2013.62588470      0.0001
   2013.62591324      0.0001
   2013.62594178      0.0001
   2013.62597032      0.0001
   2013.62599886      0.0001
   2013.62602740      0.0000
   2013.62605594      0.0000
   2013.62608447      0.0000
   2013.62611301      0.0000
   2013.62614155      0.0000
   2013.62617009      0.0000
   2013.62619863      0.0000
   2013.62622717      0.0000
   2013.62625571      0.0000
   2013.62628425      0.0000
   2013.62631279      0.0000
   2013.62634132      0.0000
   2013.62636986      0.0000
   2013.62639840      0.0000
   2013.62642694      0.0000
   2013.62645548      0.0000
   2013.62648402      0.0000
   2013.62651256      0.0000
   2013.62654110      0.0000
   2013.62656963      0.0000
   2013.62659817      0.0000
   2013.62662671      0.0000
   2013.62665525      0.0000
   2013.62668379      0.0000
   2013.62671233      0.0000
   2013.62674087      0.0000
   2013.62676941      0.0000
   2013.62679795      0.0000
   2013.62682648      0.0000
   2013.62685502      0.0000
   2013.62688356      0.0000
   2013.62691210      0.0000
   2013.62694064      0.0000
   2013.62696918      0.0000
   2013.62699772      0.0000
   2013.62702626      0.0000
   2013.62705479      0.0000
   2013.62708333      0.0000
   2013.62711187      0.0000
   2013.62714041      0.0000
   2013.62716895      0.0000
   2013.62719749      0.0000
   2013.62722603      0.0000
   2013.62725457      0.0000
   2013.62728311      0.0000
   2013.62731164      0.0000
   2013.62734018      0.0000
   2013.62736872      0.0000
   2013.62739726      0.0000
   2013.62742580      0.0000
   2013.62745434      0.0000
   2013.62748288      0.0000
   2013.62751142      0.0000
   2013.62753995      0.0000
   2013.62756849      0.0000
   2013.62759703      0.0000
   2013.62762557      0.0000
   2013.62765411      0.0000
   2013.62768265      0.0000
   2013.62771119      0.0000
   2013.62773973      0.0000
   2013.62776826      0.0000
   2013.62779680      0.0000
   2013.62782534      0.0000
   2013.62785388      0.0000
   2013.62788242      0.0010
   2013.62791096      0.0026
   2013.62793950      0.0040
   2013.62796804      0.0051
   2013.62799658      0.0059
   2013.62802511      0.0065
   2013.62805365      0.0069
   2013.62808219      0.0074
   2013.62811073      0.0077
   2013.62813927      0.0081
   2013.62816781      0.0084
   2013.62819635      0.0089
   2013.62822489      0.0093
   2013.62825342      0.0097
   2013.62828196      0.0102
   2013.62831050      0.0108
   2013.62833904      0.0114
   2013.62836758      0.0120
   2013.62839612      0.0127
   2013.62842466      0.0135
   2013.62845320      0.0144
   2013.62848174      0.0153
   2013.62851027      0.0163
   2013.62853881      0.0175
   2013.62856735      0.0187
   2013.62859589      0.0198
   2013.62862443      0.0209
   2013.62865297      0.0221
   2013.62868151      0.0232
   2013.62871005      0.0241
   2013.62873858      0.0249
   2013.62876712      0.0258
   2013.62879566      0.0265
   2013.62882420      0.0270
   2013.62885274      0.0274
   2013.62888128      0.0278
   2013.62890982      0.0281
   2013.62893836      0.0283
   2013.62896689      0.0284
   2013.62899543      0.0286
   2013.62902397      0.0287
   2013.62905251      0.0287
   2013.62908105      0.0286
   2013.62910959      0.0287
   2013.62913813      0.0287
   2013.62916667      0.0286
   2013.62919521      0.0284
   2013.62922374      0.0285
   2013.62925228      0.0284
   2013.62928082      0.0283
   2013.62930936      0.0281
   2013.62933790      0.0282
   2013.62936644      0.0281
   2013.62939498      0.0280
   2013.62942352      0.0278
   2013.62945205      0.0279
   2013.62948059      0.0278
   2013.62950913      0.0277
   2013.62953767      0.0275
   2013.62956621      0.0277
   2013.62959475      0.0277
   2013.62962329      0.0276
   2013.62965183      0.0274
   2013.62968037      0.0276
   2013.62970890      0.0277
   2013.62973744      0.0276
   2013.62976598      0.0275
   2013.62979452      0.0278
   2013.62982306      0.0279
   2013.62985160      0.0279
   2013.62988014      0.0279
   2013.62990868      0.0282
   2013.62993721      0.0284
   2013.62996575      0.0285
   2013.62999429      0.0285
   2013.63002283      0.0289
   2013.63005137      0.0292
   2013.63007991      0.0293
   2013.63010845      0.0295
   2013.63013699      0.0300
   2013.63016553      0.0304
   2013.63019406      0.0306
   2013.63022260      0.0308
   2013.63025114      0.0311
   2013.63027968      0.0313
   2013.63030822      0.0316
   2013.63033676      0.0319
   2013.63036530      0.0323
   2013.63039384      0.0325
   2013.63042237      0.0328
   2013.63045091      0.0331
   2013.63047945      0.0335
   2013.63050799      0.0338
   2013.63053653      0.0341
   2013.63056507      0.0345
   2013.63059361      0.0349
   2013.63062215      0.0353
   2013.63065068      0.0358
   2013.63067922      0.0362
   2013.63070776      0.0366
   2013.63073630      0.0371
   2013.63076484      0.0375
   2013.63079338      0.0380
   2013.63082192      0.0384
   2013.63085046      0.0388
   2013.63087900      0.0393
   2013.63090753      0.0397
   2013.63093607      0.0401
   2013.63096461      0.0406
   2013.63099315      0.0410
   2013.63102169      0.0414
   2013.63105023      0.0419
   2013.63107877      0.0423
   2013.63110731      0.0428
   2013.63113584      0.0433
   2013.63116438      0.0437
   2013.63119292      0.0442
   2013.63122146      0.0446
   2013.63125000      0.0450
   2013.63127854      0.0454
   2013.63130708      0.0458
   2013.63133562      0.0462
   2013.63136416      0.0465
   2013.63139269      0.0468
   2013.63142123      0.0471
   2013.63144977      0.0473
   2013.63147831      0.0475
   2013.63150685      0.0477
   2013.63153539      0.0479
   2013.63156393      0.0480
   2013.63159247      0.0481
   2013.63162100      0.0481
   2013.63164954      0.0482
   2013.63167808      0.0482
   2013.63170662      0.0481
   2013.63173516      0.0481
   2013.63176370      0.0480
   2013.63179224      0.0479
   2013.63182078      0.0478
   2013.63184932      0.0476
   2013.63187785      0.0474
   2013.63190639      0.0472
   2013.63193493      0.0469
   2013.63196347      0.0466
   2013.63199201      0.0463
   2013.63202055      0.0459
   2013.63204909      0.0455
   2013.63207763      0.0451
   2013.63210616      0.0447
   2013.63213470      0.0443
   2013.63216324      0.0438
   2013.63219178      0.0433
   2013.63222032      0.0428
   2013.63224886      0.0423
   2013.63227740      0.0417
   2013.63230594      0.0412
   2013.63233447      0.0406
   2013.63236301      0.0400
   2013.63239155      0.0395
   2013.63242009      0.0389
   2013.63244863      0.0383
   2013.63247717      0.0377
   2013.63250571      0.0372
   2013.63253425      0.0366
   2013.63256279      0.0360
   2013.63259132      0.0354
   2013.63261986      0.0349
   2013.63264840      0.0343
   2013.63267694      0.0338
   2013.63270548      0.0332
   2013.63273402      0.0327
   2013.63276256      0.0321
   2013.63279110      0.0316
   2013.63281963      0.0311
   2013.63284817      0.0306
   2013.63287671      0.0300
   2013.63290525      0.0295
   2013.63293379      0.0290
   2013.63296233      0.0285
   2013.63299087      0.0280
   2013.63301941      0.0275
   2013.63304795      0.0270
   2013.63307648      0.0266
   2013.63310502      0.0261
   2013.63313356      0.0256
   2013.63316210      0.0252
   2013.63319064      0.0248
   2013.63321918      0.0243
   2013.63324772      0.0239
   2013.63327626      0.0235
   2013.63330479      0.0231
   2013.63333333      0.0227
   2013.63336187      0.0223
   2013.63339041      0.0219
   2013.63341895      0.0216
   2013.63344749      0.0212
   2013.63347603      0.0208
   2013.63350457      0.0205
   2013.63353311      0.0201
   2013.63356164      0.0198
   2013.63359018      0.0195
   2013.63361872      0.0191
   2013.63364726      0.0188
   2013.63367580      0.0185
   2013.63370434      0.0182
   2013.63373288      0.0179
   2013.63376142      0.0176
   2013.63378995      0.0174
   2013.63381849      0.0171
   2013.63384703      0.0168
   2013.63387557      0.0165
   2013.63390411      0.0163
   2013.63393265      0.0160
   2013.63396119      0.0158
   2013.63398973      0.0155
   2013.63401826      0.0153
   2013.63404680      0.0150
   2013.63407534      0.0148
   2013.63410388      0.0146
   2013.63413242      0.0144
   2013.63416096      0.0141
   2013.63418950      0.0139
   2013.63421804      0.0137
   2013.63424658      0.0135
   2013.63427511      0.0133
   2013.63430365      0.0131
   2013.63433219      0.0129
   2013.63436073      0.0127
   2013.63438927      0.0126
   2013.63441781      0.0124
   2013.63444635      0.0122
   2013.63447489      0.0120
   2013.63450342      0.0118
   2013.63453196      0.0117
   2013.63456050      0.0115
   2013.63458904      0.0114
   2013.63461758      0.0112
   2013.63464612      0.0110
   2013.63467466      0.0109
   2013.63470320      0.0107
   2013.63473174      0.0106
   2013.63476027      0.0104
   2013.63478881      0.0103
   2013.63481735      0.0102
   2013.63484589      0.0100
   2013.63487443      0.0099
   2013.63490297      0.0098
   2013.63493151      0.0096
   2013.63496005      0.0095
   2013.63498858      0.0094
   2013.63501712      0.0093
   2013.63504566      0.0091
   2013.63507420      0.0090
   2013.63510274      0.0089
   2013.63513128      0.0088
