   2013.62465753      0.0000
   2013.62468607      0.0000
   2013.62471461      0.0000
   2013.62474315      0.0000
   2013.62477169      0.0000
   2013.62480023      0.0000
   2013.62482877      0.0000
   2013.62485731      0.0000
   2013.62488584      0.0000
   2013.62491438      0.0000
   2013.62494292      0.0000
   2013.62497146      0.0000
   2013.62500000      0.0000
   2013.62502854      0.0000
   2013.62505708      0.0000
   2013.62508562      0.0000
   2013.62511416      0.0000
   2013.62514269      0.0000
   2013.62517123      0.0000
   2013.62519977      0.0000
   2013.62522831      0.0000
   2013.62525685      0.0000
   2013.62528539      0.0000
   2013.62531393      0.0000
   2013.62534247      0.0000
   2013.62537100      0.0000
   2013.62539954      0.0000
   2013.62542808      0.0000
   2013.62545662      0.0000
   2013.62548516      0.0000
   2013.62551370      0.0000
   2013.62554224      0.0000
   2013.62557078      0.0000
   2013.62559932      0.0000
   2013.62562785      0.0000
   2013.62565639      0.0000
   2013.62568493      0.0000
   2013.62571347      0.0000
   2013.62574201      0.0000
   2013.62577055      0.0000
   2013.62579909      0.0000
   2013.62582763      0.0000
   2013.62585616      0.0000
   2013.62588470      0.0000
   2013.62591324      0.0000
   2013.62594178      0.0000
   2013.62597032      0.0000
   2013.62599886      0.0000
   2013.62602740      0.0000
   2013.62605594      0.0000
   2013.62608447      0.0000
   2013.62611301      0.0000
   2013.62614155      0.0000
   2013.62617009      0.0000
   2013.62619863      0.0000
   2013.62622717      0.0000
   2013.62625571      0.0000
   2013.62628425      0.0000
   2013.62631279      0.0000
   2013.62634132      0.0000
   2013.62636986      0.0000
   2013.62639840      0.0000
   2013.62642694      0.0000
   2013.62645548      0.0000
   2013.62648402      0.0000
   2013.62651256      0.0000
   2013.62654110      0.0000
   2013.62656963      0.0000
   2013.62659817      0.0000
   2013.62662671      0.0000
   2013.62665525      0.0000
   2013.62668379      0.0000
   2013.62671233      0.0000
   2013.62674087      0.0000
   2013.62676941      0.0000
   2013.62679795      0.0000
   2013.62682648      0.0000
   2013.62685502      0.6401
   2013.62688356      2.8870
   2013.62691210      7.3747
   2013.62694064     14.2853
   2013.62696918     27.1459
   2013.62699772     30.4422
   2013.62702626     26.6252
   2013.62705479     21.9149
   2013.62708333     18.0344
   2013.62711187     15.2147
   2013.62714041     13.1254
   2013.62716895     11.6963
   2013.62719749     10.5341
   2013.62722603      9.7050
   2013.62725457      9.0123
   2013.62728311      8.6218
   2013.62731164      8.2926
   2013.62734018      7.9750
   2013.62736872      7.8631
   2013.62739726      7.6820
   2013.62742580      7.6574
   2013.62745434      7.6142
   2013.62748288      7.5032
   2013.62751142      7.4342
   2013.62753995      7.4884
   2013.62756849      7.3610
   2013.62759703      7.2992
   2013.62762557      7.2069
   2013.62765411      7.2150
   2013.62768265      7.1467
   2013.62771119      7.0852
   2013.62773973      6.9965
   2013.62776826      7.0093
   2013.62779680      6.9453
   2013.62782534      6.8866
   2013.62785388      6.7992
   2013.62788242      6.5065
   2013.62791096      6.3183
   2013.62793950      6.1949
   2013.62796804      5.7365
   2013.62799658      5.5441
   2013.62802511      5.4726
   2013.62805365      5.1394
   2013.62808219      4.6140
   2013.62811073      4.2129
   2013.62813927      4.1094
   2013.62816781      3.5733
   2013.62819635      3.3964
   2013.62822489      3.1423
   2013.62825342      2.9085
   2013.62828196      2.6251
   2013.62831050      2.4833
   2013.62833904      2.3512
   2013.62836758      2.1975
   2013.62839612      2.0548
   2013.62842466      1.9502
   2013.62845320      1.8879
   2013.62848174      1.7982
   2013.62851027      1.7138
   2013.62853881      1.6980
   2013.62856735      1.6591
   2013.62859589      1.6228
   2013.62862443      1.5790
   2013.62865297      1.6101
   2013.62868151      1.6147
   2013.62871005      1.6171
   2013.62873858      1.6081
   2013.62876712      1.6773
   2013.62879566      1.7205
   2013.62882420      1.7496
   2013.62885274      1.7639
   2013.62888128      1.8653
   2013.62890982      1.9390
   2013.62893836      1.9850
   2013.62896689      2.0153
   2013.62899543      2.1463
   2013.62902397      2.2417
   2013.62905251      2.2997
   2013.62908105      2.3314
   2013.62910959      2.4804
   2013.62913813      2.5843
   2013.62916667      2.5974
   2013.62919521      2.6614
   2013.62922374      2.8136
   2013.62925228      2.8449
   2013.62928082      2.9114
   2013.62930936      2.9693
   2013.62933790      2.9235
   2013.62936644      3.1974
   2013.62939498      3.1700
   2013.62942352      3.2458
   2013.62945205      3.0811
   2013.62948059      3.3907
   2013.62950913      3.3416
   2013.62953767      3.3110
   2013.62956621      3.2011
   2013.62959475      3.5135
   2013.62962329      3.4402
   2013.62965183      3.3943
   2013.62968037      3.2659
   2013.62970890      3.4527
   2013.62973744      3.4626
   2013.62976598      3.3982
   2013.62979452      3.2199
   2013.62982306      3.4366
   2013.62985160      3.4167
   2013.62988014      3.5834
   2013.62990868      3.1674
   2013.62993721      3.3411
   2013.62996575      3.3046
   2013.62999429      3.4020
   2013.63002283      3.0609
   2013.63005137      3.1856
   2013.63007991      3.1981
   2013.63010845      3.0477
   2013.63013699      2.9341
   2013.63016553      2.9918
   2013.63019406      2.9493
   2013.63022260      2.8562
   2013.63025114      2.7822
   2013.63027968      2.6984
   2013.63030822      2.5906
   2013.63033676      2.4211
   2013.63036530      2.2974
   2013.63039384      2.1765
   2013.63042237      2.0512
   2013.63045091      1.9272
   2013.63047945      1.7948
   2013.63050799      1.6772
   2013.63053653      1.5668
   2013.63056507      1.4615
   2013.63059361      1.3597
   2013.63062215      1.2616
   2013.63065068      1.1628
   2013.63067922      1.0809
   2013.63070776      0.9983
   2013.63073630      0.9248
   2013.63076484      0.8544
   2013.63079338      0.7862
   2013.63082192      0.7215
   2013.63085046      0.6622
   2013.63087900      0.6087
   2013.63090753      0.5599
   2013.63093607      0.5155
   2013.63096461      0.4753
   2013.63099315      0.4387
   2013.63102169      0.4055
   2013.63105023      0.3750
   2013.63107877      0.3471
   2013.63110731      0.3215
   2013.63113584      0.2980
   2013.63116438      0.2765
   2013.63119292      0.2568
   2013.63122146      0.2385
   2013.63125000      0.2216
   2013.63127854      0.2059
   2013.63130708      0.1915
   2013.63133562      0.1782
   2013.63136416      0.1660
   2013.63139269      0.1547
   2013.63142123      0.1443
   2013.63144977      0.1347
   2013.63147831      0.1258
   2013.63150685      0.1175
   2013.63153539      0.1099
   2013.63156393      0.1028
