   2013.62465753      0.0000
   2013.62468607      0.0000
   2013.62471461      0.0000
   2013.62474315      0.0000
   2013.62477169      0.0000
   2013.62480023      0.0000
   2013.62482877      0.0000
   2013.62485731      0.0000
   2013.62488584      0.0000
   2013.62491438      0.0000
   2013.62494292      0.0000
   2013.62497146      0.0000
   2013.62500000      0.0000
   2013.62502854      0.0000
   2013.62505708      0.0000
   2013.62508562      0.0000
   2013.62511416      0.0000
   2013.62514269      0.0000
   2013.62517123      0.0000
   2013.62519977      0.0000
   2013.62522831      0.0000
   2013.62525685      0.0000
   2013.62528539      0.0000
   2013.62531393      0.0000
   2013.62534247      0.0000
   2013.62537100      0.0000
   2013.62539954      0.0000
   2013.62542808      0.0000
   2013.62545662      0.0000
   2013.62548516      0.0000
   2013.62551370      0.0000
   2013.62554224      0.0000
   2013.62557078      0.0000
   2013.62559932      0.0000
   2013.62562785      0.0000
   2013.62565639      0.0000
   2013.62568493      0.0000
   2013.62571347      0.0000
   2013.62574201      0.0000
   2013.62577055      0.0000
   2013.62579909      0.0000
   2013.62582763      0.1546
   2013.62585616      0.3011
   2013.62588470      0.8339
   2013.62591324      2.0698
   2013.62594178      3.6878
   2013.62597032      6.4915
   2013.62599886     10.9484
   2013.62602740     14.6337
   2013.62605594     15.3673
   2013.62608447     14.9069
   2013.62611301     14.0987
   2013.62614155     13.4804
   2013.62617009     13.3718
   2013.62619863     13.4569
   2013.62622717     13.7066
   2013.62625571     13.5709
   2013.62628425     14.3281
   2013.62631279     14.2591
   2013.62634132     13.8622
   2013.62636986     13.0401
   2013.62639840     12.3798
   2013.62642694     11.7383
   2013.62645548     11.0135
   2013.62648402     10.5984
   2013.62651256      9.9381
   2013.62654110      9.1992
   2013.62656963      8.5981
   2013.62659817      8.1766
   2013.62662671      7.5753
   2013.62665525      7.2116
   2013.62668379      6.5924
   2013.62671233      6.0554
   2013.62674087      5.4991
   2013.62676941      5.3250
   2013.62679795      4.6214
   2013.62682648      4.6283
   2013.62685502      4.0744
   2013.62688356      3.5192
   2013.62691210      3.1649
   2013.62694064      2.8757
   2013.62696918      2.7618
   2013.62699772      2.3929
   2013.62702626      2.1441
   2013.62705479      1.8482
   2013.62708333      1.6690
   2013.62711187      1.4996
   2013.62714041      1.3463
   2013.62716895      1.2094
   2013.62719749      1.0928
   2013.62722603      0.9888
   2013.62725457      0.8973
   2013.62728311      0.8127
   2013.62731164      0.7347
   2013.62734018      0.6647
   2013.62736872      0.6031
   2013.62739726      0.5482
   2013.62742580      0.4992
   2013.62745434      0.4557
   2013.62748288      0.4167
   2013.62751142      0.3818
   2013.62753995      0.3503
   2013.62756849      0.3219
   2013.62759703      0.2962
   2013.62762557      0.2729
   2013.62765411      0.2517
   2013.62768265      0.2323
   2013.62771119      0.2145
   2013.62773973      0.1982
   2013.62776826      0.1834
   2013.62779680      0.1698
   2013.62782534      0.1574
   2013.62785388      0.1461
   2013.62788242      0.1356
   2013.62791096      0.1261
   2013.62793950      0.1172
   2013.62796804      0.1091
   2013.62799658      0.1016
