   2013.62465753      0.0000
   2013.62468607      0.0000
   2013.62471461      0.0000
   2013.62474315      0.0000
   2013.62477169      0.0000
   2013.62480023      0.0000
   2013.62482877      0.0000
   2013.62485731      0.0000
   2013.62488584      0.0000
   2013.62491438      0.0025
   2013.62494292      0.0012
   2013.62497146      0.0008
   2013.62500000      0.0006
   2013.62502854      0.0005
   2013.62505708      0.0127
   2013.62508562      0.0327
   2013.62511416      0.0431
   2013.62514269      0.0521
   2013.62517123      0.0603
   2013.62519977      0.0649
   2013.62522831      0.0691
   2013.62525685      0.0761
   2013.62528539      0.0873
   2013.62531393      0.1166
   2013.62534247      0.1816
   2013.62537100      0.3115
   2013.62539954      0.5768
   2013.62542808      1.0675
   2013.62545662      1.5949
   2013.62548516      1.8625
   2013.62551370      1.9152
   2013.62554224      1.8750
   2013.62557078      1.7594
   2013.62559932      1.6534
   2013.62562785      1.5474
   2013.62565639      1.4453
   2013.62568493      1.3483
   2013.62571347      1.2578
   2013.62574201      1.2150
   2013.62577055      1.1088
   2013.62579909      1.0414
   2013.62582763      0.9655
   2013.62585616      0.9239
   2013.62588470      0.8749
   2013.62591324      0.8289
   2013.62594178      0.7789
   2013.62597032      0.7328
   2013.62599886      0.6908
   2013.62602740      0.6525
   2013.62605594      0.6172
   2013.62608447      0.5835
   2013.62611301      0.5509
   2013.62614155      0.5193
   2013.62617009      0.4891
   2013.62619863      0.4607
   2013.62622717      0.4342
   2013.62625571      0.4094
   2013.62628425      0.3863
   2013.62631279      0.3645
   2013.62634132      0.3440
   2013.62636986      0.3245
   2013.62639840      0.3062
   2013.62642694      0.2888
   2013.62645548      0.2724
   2013.62648402      0.2568
   2013.62651256      0.2422
   2013.62654110      0.2283
   2013.62656963      0.2150
   2013.62659817      0.2023
   2013.62662671      0.1905
   2013.62665525      0.1794
   2013.62668379      0.1689
   2013.62671233      0.1591
   2013.62674087      0.1499
   2013.62676941      0.1412
   2013.62679795      0.1330
   2013.62682648      0.1253
   2013.62685502      0.1180
   2013.62688356      0.1112
   2013.62691210      0.1047
