   2013.62465753      0.0000
   2013.62468607      0.0000
   2013.62471461      0.0000
   2013.62474315      0.0000
   2013.62477169      0.0000
   2013.62480023      0.0000
   2013.62482877      0.0000
   2013.62485731      0.0000
   2013.62488584      0.0000
   2013.62491438      0.0000
   2013.62494292      0.0000
   2013.62497146      0.0000
   2013.62500000      0.0000
   2013.62502854      0.0000
   2013.62505708      0.0000
   2013.62508562      0.0000
   2013.62511416      0.0000
   2013.62514269      0.0000
   2013.62517123      0.0000
   2013.62519977      0.0000
   2013.62522831      0.0000
   2013.62525685      0.0000
   2013.62528539      0.0000
   2013.62531393      0.0000
   2013.62534247      0.0000
   2013.62537100      0.0000
   2013.62539954      0.0000
   2013.62542808      0.0000
   2013.62545662      0.0000
   2013.62548516      0.0000
   2013.62551370      0.0000
   2013.62554224      0.0000
   2013.62557078      0.0000
   2013.62559932      0.0000
   2013.62562785      0.0000
   2013.62565639      0.0000
   2013.62568493      0.0000
   2013.62571347      0.0081
   2013.62574201      0.0382
   2013.62577055      0.0757
   2013.62579909      0.1392
   2013.62582763      0.2729
   2013.62585616      0.4896
   2013.62588470      0.8041
   2013.62591324      1.2133
   2013.62594178      1.8828
   2013.62597032      2.8071
   2013.62599886      4.1393
   2013.62602740      5.4143
   2013.62605594      6.2449
   2013.62608447      6.2936
   2013.62611301      6.3086
   2013.62614155      6.3003
   2013.62617009      6.3934
   2013.62619863      6.4143
   2013.62622717      6.2627
   2013.62625571      6.3318
   2013.62628425      6.3943
   2013.62631279      6.4757
   2013.62634132      6.5728
   2013.62636986      6.6396
   2013.62639840      6.7625
   2013.62642694      6.8696
   2013.62645548      6.9725
   2013.62648402      7.0297
   2013.62651256      7.0738
   2013.62654110      7.2971
   2013.62656963      7.2130
   2013.62659817      7.0982
   2013.62662671      7.0286
   2013.62665525      6.7795
   2013.62668379      6.4555
   2013.62671233      5.9987
   2013.62674087      5.9429
   2013.62676941      5.6755
   2013.62679795      5.5679
   2013.62682648      4.6736
   2013.62685502      4.6771
   2013.62688356      4.3252
   2013.62691210      4.0132
   2013.62694064      3.6043
   2013.62696918      3.6210
   2013.62699772      3.5049
   2013.62702626      3.2411
   2013.62705479      3.0418
   2013.62708333      2.9989
   2013.62711187      2.9196
   2013.62714041      2.7949
   2013.62716895      2.7836
   2013.62719749      2.7027
   2013.62722603      2.6733
   2013.62725457      2.5999
   2013.62728311      2.6231
   2013.62731164      2.5544
   2013.62734018      2.5292
   2013.62736872      2.4672
   2013.62739726      2.4764
   2013.62742580      2.4306
   2013.62745434      2.3693
   2013.62748288      2.3015
   2013.62751142      2.2439
   2013.62753995      2.2389
   2013.62756849      2.1803
   2013.62759703      2.1079
   2013.62762557      2.0554
   2013.62765411      2.0377
   2013.62768265      1.9824
   2013.62771119      1.8750
   2013.62773973      1.8628
   2013.62776826      1.8413
   2013.62779680      1.7902
   2013.62782534      1.7304
   2013.62785388      1.6781
   2013.62788242      1.6563
   2013.62791096      1.6104
   2013.62793950      1.5246
   2013.62796804      1.5106
   2013.62799658      1.4912
   2013.62802511      1.4510
   2013.62805365      1.4025
   2013.62808219      1.2801
   2013.62811073      1.3493
   2013.62813927      1.3191
   2013.62816781      1.2847
   2013.62819635      1.1742
   2013.62822489      1.2425
   2013.62825342      1.2182
   2013.62828196      1.1883
   2013.62831050      1.1019
   2013.62833904      1.1689
   2013.62836758      1.1538
   2013.62839612      1.1373
   2013.62842466      1.0614
   2013.62845320      1.1307
   2013.62848174      1.1262
   2013.62851027      1.1135
   2013.62853881      1.0607
   2013.62856735      1.1350
   2013.62859589      1.1425
   2013.62862443      1.1403
   2013.62865297      1.1801
   2013.62868151      1.1952
   2013.62871005      1.2142
   2013.62873858      1.2244
   2013.62876712      1.2835
   2013.62879566      1.3197
   2013.62882420      1.3566
   2013.62885274      1.3798
   2013.62888128      1.4592
   2013.62890982      1.5186
   2013.62893836      1.5664
   2013.62896689      1.5972
   2013.62899543      1.6985
   2013.62902397      1.7758
   2013.62905251      1.8287
   2013.62908105      1.8651
   2013.62910959      1.9873
   2013.62913813      2.0798
   2013.62916667      2.1326
   2013.62919521      2.1681
   2013.62922374      2.2986
   2013.62925228      2.3903
   2013.62928082      2.4325
   2013.62930936      2.4473
   2013.62933790      2.5709
   2013.62936644      2.6537
   2013.62939498      2.6373
   2013.62942352      2.6773
   2013.62945205      2.7861
   2013.62948059      2.8615
   2013.62950913      2.8164
   2013.62953767      2.8243
   2013.62956621      2.8200
   2013.62959475      2.9015
   2013.62962329      2.9170
   2013.62965183      2.9059
   2013.62968037      2.8753
   2013.62970890      2.9625
   2013.62973744      2.9511
   2013.62976598      2.9234
   2013.62979452      2.8782
   2013.62982306      2.9439
   2013.62985160      2.9594
   2013.62988014      2.8813
   2013.62990868      2.8128
   2013.62993721      2.8594
   2013.62996575      2.8518
   2013.62999429      2.7796
   2013.63002283      2.6979
   2013.63005137      2.7318
   2013.63007991      2.7052
   2013.63010845      2.6306
   2013.63013699      2.6404
   2013.63016553      2.6034
   2013.63019406      2.5205
   2013.63022260      2.4494
   2013.63025114      2.3881
   2013.63027968      2.2630
   2013.63030822      2.1792
   2013.63033676      2.0774
   2013.63036530      1.9798
   2013.63039384      1.8807
   2013.63042237      1.7930
   2013.63045091      1.6703
   2013.63047945      1.5725
   2013.63050799      1.4785
   2013.63053653      1.3876
   2013.63056507      1.2988
   2013.63059361      1.2124
   2013.63062215      1.1491
   2013.63065068      1.0573
   2013.63067922      0.9676
   2013.63070776      0.9104
   2013.63073630      0.8442
   2013.63076484      0.7799
   2013.63079338      0.7189
   2013.63082192      0.6620
   2013.63085046      0.6103
   2013.63087900      0.5630
   2013.63090753      0.5200
   2013.63093607      0.4809
   2013.63096461      0.4453
   2013.63099315      0.4128
   2013.63102169      0.3828
   2013.63105023      0.3551
   2013.63107877      0.3296
   2013.63110731      0.3061
   2013.63113584      0.2845
   2013.63116438      0.2645
   2013.63119292      0.2461
   2013.63122146      0.2290
   2013.63125000      0.2131
   2013.63127854      0.1983
   2013.63130708      0.1848
   2013.63133562      0.1722
   2013.63136416      0.1607
   2013.63139269      0.1500
   2013.63142123      0.1401
   2013.63144977      0.1309
   2013.63147831      0.1225
   2013.63150685      0.1146
   2013.63153539      0.1072
   2013.63156393      0.1004
