   2013.62465753      0.0000
   2013.62468607      0.0000
   2013.62471461      0.0000
   2013.62474315      0.0000
   2013.62477169      0.0000
   2013.62480023      0.0000
   2013.62482877      0.0000
   2013.62485731      0.0000
   2013.62488584      0.0000
   2013.62491438      0.0000
   2013.62494292      0.0000
   2013.62497146      0.0000
   2013.62500000      0.0000
   2013.62502854      0.0000
   2013.62505708      0.0000
   2013.62508562      0.0000
   2013.62511416      0.0000
   2013.62514269      0.0000
   2013.62517123      0.0000
   2013.62519977      0.0000
   2013.62522831      0.0000
   2013.62525685      0.0000
   2013.62528539      0.0000
   2013.62531393      0.0000
   2013.62534247      0.0000
   2013.62537100      0.0000
   2013.62539954      0.0000
   2013.62542808      0.0000
   2013.62545662      0.0000
   2013.62548516      0.0000
   2013.62551370      0.0000
   2013.62554224      0.0000
   2013.62557078      0.0000
   2013.62559932      0.0004
   2013.62562785      0.0013
   2013.62565639      0.0019
   2013.62568493      0.0025
   2013.62571347      0.0030
   2013.62574201      0.0034
   2013.62577055      0.0140
   2013.62579909      0.0553
   2013.62582763      0.0957
   2013.62585616      0.1769
   2013.62588470      0.3038
   2013.62591324      0.5085
   2013.62594178      0.8257
   2013.62597032      1.3162
   2013.62599886      2.0808
   2013.62602740      3.2053
   2013.62605594      4.6665
   2013.62608447      5.8905
   2013.62611301      6.6985
   2013.62614155      7.1635
   2013.62617009      7.4782
   2013.62619863      7.6736
   2013.62622717      7.9000
   2013.62625571      8.0314
   2013.62628425      7.7947
   2013.62631279      7.6790
   2013.62634132      7.4574
   2013.62636986      7.1387
   2013.62639840      6.7559
   2013.62642694      6.9424
   2013.62645548      6.2389
   2013.62648402      5.7424
   2013.62651256      4.8773
   2013.62654110      4.4803
   2013.62656963      4.2770
   2013.62659817      3.6625
   2013.62662671      3.2708
   2013.62665525      2.9675
   2013.62668379      2.6754
   2013.62671233      2.4151
   2013.62674087      2.1904
   2013.62676941      1.9994
   2013.62679795      1.8272
   2013.62682648      1.6842
   2013.62685502      1.5643
   2013.62688356      1.4591
   2013.62691210      1.3645
   2013.62694064      1.2783
   2013.62696918      1.2002
   2013.62699772      1.1301
   2013.62702626      1.0934
   2013.62705479      1.0196
   2013.62708333      0.9690
   2013.62711187      0.9136
   2013.62714041      0.8742
   2013.62716895      0.8302
   2013.62719749      0.7869
   2013.62722603      0.7439
   2013.62725457      0.7027
   2013.62728311      0.6641
   2013.62731164      0.6009
   2013.62734018      0.5562
   2013.62736872      0.5172
   2013.62739726      0.4818
   2013.62742580      0.4497
   2013.62745434      0.4202
   2013.62748288      0.3923
   2013.62751142      0.3657
   2013.62753995      0.3404
   2013.62756849      0.3166
   2013.62759703      0.2945
   2013.62762557      0.2741
   2013.62765411      0.2554
   2013.62768265      0.2381
   2013.62771119      0.2220
   2013.62773973      0.2069
   2013.62776826      0.1929
   2013.62779680      0.1798
   2013.62782534      0.1677
   2013.62785388      0.1563
   2013.62788242      0.1457
   2013.62791096      0.1358
   2013.62793950      0.1266
   2013.62796804      0.1179
   2013.62799658      0.1098
   2013.62802511      0.1023
