   2013.62465753      0.0000
   2013.62468607      0.0000
   2013.62471461      0.0000
   2013.62474315      0.0000
   2013.62477169      0.0000
   2013.62480023      0.0000
   2013.62482877      0.0000
   2013.62485731      0.0000
   2013.62488584      0.0000
   2013.62491438      0.0000
   2013.62494292      0.0000
   2013.62497146      0.0000
   2013.62500000      0.0000
   2013.62502854      0.0000
   2013.62505708      0.0000
   2013.62508562      0.0000
   2013.62511416      0.0000
   2013.62514269      0.0000
   2013.62517123      0.0000
   2013.62519977      0.0000
   2013.62522831      0.0000
   2013.62525685      0.0000
   2013.62528539      0.0000
   2013.62531393      0.0000
   2013.62534247      0.0000
   2013.62537100      0.0000
   2013.62539954      0.0000
   2013.62542808      0.0000
   2013.62545662      0.0000
   2013.62548516      0.0000
   2013.62551370      0.0000
   2013.62554224      0.0000
   2013.62557078      0.0000
   2013.62559932      0.3286
   2013.62562785      1.0252
   2013.62565639      3.4921
   2013.62568493      7.0592
   2013.62571347     14.0400
   2013.62574201     23.8888
   2013.62577055     26.5146
   2013.62579909     23.2424
   2013.62582763     21.1283
   2013.62585616     18.3491
   2013.62588470     16.0230
   2013.62591324     13.7937
   2013.62594178     13.0040
   2013.62597032     12.0040
   2013.62599886     10.6062
   2013.62602740      9.8779
   2013.62605594      9.5036
   2013.62608447      8.8863
   2013.62611301      8.6063
   2013.62614155      8.6415
   2013.62617009      8.9869
   2013.62619863      9.1993
   2013.62622717      9.4841
   2013.62625571      9.7689
   2013.62628425     10.8781
   2013.62631279     11.3911
   2013.62634132     11.5990
   2013.62636986     12.0632
   2013.62639840     12.8215
   2013.62642694     13.1909
   2013.62645548     13.1561
   2013.62648402     13.3525
   2013.62651256     14.2209
   2013.62654110     14.4919
   2013.62656963     14.3357
   2013.62659817     14.4363
   2013.62662671     15.3047
   2013.62665525     15.4604
   2013.62668379     15.1838
   2013.62671233     15.1466
   2013.62674087     15.5356
   2013.62676941     15.9155
   2013.62679795     15.5137
   2013.62682648     15.3214
   2013.62685502     15.5214
   2013.62688356     15.7531
   2013.62691210     15.2348
   2013.62694064     14.9432
   2013.62696918     15.0164
   2013.62699772     15.1097
   2013.62702626     14.5455
   2013.62705479     14.2053
   2013.62708333     14.1954
   2013.62711187     14.0141
   2013.62714041     13.5170
   2013.62716895     13.0495
   2013.62719749     13.1993
   2013.62722603     12.9507
   2013.62725457     12.4571
   2013.62728311     11.7798
   2013.62731164     12.0886
   2013.62734018     11.7660
   2013.62736872     11.3914
   2013.62739726     10.5656
   2013.62742580     10.8627
   2013.62745434     10.4590
   2013.62748288     10.1341
   2013.62751142      9.4711
   2013.62753995      9.6959
   2013.62756849      9.5119
   2013.62759703      8.9818
   2013.62762557      8.7542
   2013.62765411      8.6126
   2013.62768265      8.3778
   2013.62771119      8.0418
   2013.62773973      7.3699
   2013.62776826      7.9147
   2013.62779680      7.8671
   2013.62782534      7.4339
   2013.62785388      6.6867
   2013.62788242      6.5569
   2013.62791096      6.2770
   2013.62793950      6.7053
   2013.62796804      6.8771
   2013.62799658      6.4103
   2013.62802511      5.7936
   2013.62805365      5.4870
   2013.62808219      5.2142
   2013.62811073      5.2630
   2013.62813927      5.2551
   2013.62816781      5.2399
   2013.62819635      4.9901
   2013.62822489      4.6125
   2013.62825342      4.4058
   2013.62828196      4.3393
   2013.62831050      4.2296
   2013.62833904      3.9583
   2013.62836758      3.8725
   2013.62839612      3.8488
   2013.62842466      3.6270
   2013.62845320      3.4093
   2013.62848174      3.0361
   2013.62851027      2.8915
   2013.62853881      2.7182
   2013.62856735      2.6021
   2013.62859589      2.4724
   2013.62862443      2.3280
   2013.62865297      2.2594
   2013.62868151      2.0619
   2013.62871005      1.9136
   2013.62873858      1.7853
   2013.62876712      1.5858
   2013.62879566      1.5065
   2013.62882420      1.4057
   2013.62885274      1.3080
   2013.62888128      1.2135
   2013.62890982      1.1343
   2013.62893836      1.0432
   2013.62896689      0.9551
   2013.62899543      0.8833
   2013.62902397      0.8097
   2013.62905251      0.7402
   2013.62908105      0.6758
   2013.62910959      0.6176
   2013.62913813      0.5651
   2013.62916667      0.5178
   2013.62919521      0.4755
   2013.62922374      0.4376
   2013.62925228      0.4035
   2013.62928082      0.3725
   2013.62930936      0.3443
   2013.62933790      0.3185
   2013.62936644      0.2951
   2013.62939498      0.2736
   2013.62942352      0.2540
   2013.62945205      0.2359
   2013.62948059      0.2191
   2013.62950913      0.2037
   2013.62953767      0.1895
   2013.62956621      0.1765
   2013.62959475      0.1645
   2013.62962329      0.1534
   2013.62965183      0.1432
   2013.62968037      0.1338
   2013.62970890      0.1250
   2013.62973744      0.1169
   2013.62976598      0.1094
   2013.62979452      0.1024
