   2013.62465753      0.0000
   2013.62468607      0.0000
   2013.62471461      0.0000
   2013.62474315      0.0000
   2013.62477169      0.0000
   2013.62480023      0.0000
   2013.62482877      0.0000
   2013.62485731      0.0000
   2013.62488584      0.0000
   2013.62491438      0.0000
   2013.62494292      0.0000
   2013.62497146      0.0000
   2013.62500000      0.0000
   2013.62502854      0.0000
   2013.62505708      0.0000
   2013.62508562      0.0000
   2013.62511416      0.0000
   2013.62514269      0.0000
   2013.62517123      0.0000
   2013.62519977      0.0000
   2013.62522831      0.0000
   2013.62525685      0.0000
   2013.62528539      0.0000
   2013.62531393      0.0000
   2013.62534247      0.0000
   2013.62537100      0.0000
   2013.62539954      0.0000
   2013.62542808      0.0000
   2013.62545662      0.0000
   2013.62548516      0.0149
   2013.62551370      0.0678
   2013.62554224      0.1199
   2013.62557078      0.2601
   2013.62559932      0.5509
   2013.62562785      1.0438
   2013.62565639      1.7553
   2013.62568493      2.7213
   2013.62571347      4.3419
   2013.62574201      6.1689
   2013.62577055      7.4218
   2013.62579909      7.3927
   2013.62582763      7.4522
   2013.62585616      7.2991
   2013.62588470      6.6035
   2013.62591324      5.7602
   2013.62594178      5.5911
   2013.62597032      5.5171
   2013.62599886      4.7352
   2013.62602740      4.4004
   2013.62605594      4.2336
   2013.62608447      3.8711
   2013.62611301      3.9113
   2013.62614155      3.5364
   2013.62617009      3.5165
   2013.62619863      3.3602
   2013.62622717      3.2963
   2013.62625571      3.4170
   2013.62628425      3.4631
   2013.62631279      3.5307
   2013.62634132      3.5809
   2013.62636986      3.5721
   2013.62639840      3.9441
   2013.62642694      3.9756
   2013.62645548      4.1585
   2013.62648402      4.1051
   2013.62651256      4.5253
   2013.62654110      4.5222
   2013.62656963      4.7123
   2013.62659817      4.5419
   2013.62662671      5.0055
   2013.62665525      4.9533
   2013.62668379      5.1468
   2013.62671233      4.8917
   2013.62674087      5.3467
   2013.62676941      5.2442
   2013.62679795      5.4127
   2013.62682648      5.0711
   2013.62685502      5.5203
   2013.62688356      5.3753
   2013.62691210      5.5051
   2013.62694064      5.5229
   2013.62696918      5.5316
   2013.62699772      5.3564
   2013.62702626      5.4377
   2013.62705479      5.1339
   2013.62708333      5.3998
   2013.62711187      5.2045
   2013.62714041      5.2069
   2013.62716895      4.9104
   2013.62719749      5.1513
   2013.62722603      4.9454
   2013.62725457      4.9093
   2013.62728311      4.8759
   2013.62731164      4.8225
   2013.62734018      4.7041
   2013.62736872      4.5552
   2013.62739726      4.3335
   2013.62742580      4.3410
   2013.62745434      4.3000
   2013.62748288      4.1697
   2013.62751142      4.1710
   2013.62753995      3.9670
   2013.62756849      3.8436
   2013.62759703      3.7096
   2013.62762557      3.4789
   2013.62765411      3.5905
   2013.62768265      3.4981
   2013.62771119      3.5547
   2013.62773973      3.1565
   2013.62776826      3.2495
   2013.62779680      3.4087
   2013.62782534      3.0477
   2013.62785388      2.8968
   2013.62788242      2.9246
   2013.62791096      2.8652
   2013.62793950      2.7599
   2013.62796804      2.7566
   2013.62799658      2.6603
   2013.62802511      2.6144
   2013.62805365      2.5316
   2013.62808219      2.5375
   2013.62811073      2.4525
   2013.62813927      2.4203
   2013.62816781      2.3544
   2013.62819635      2.3731
   2013.62822489      2.2998
   2013.62825342      2.2920
   2013.62828196      2.2405
   2013.62831050      2.2813
   2013.62833904      2.2791
   2013.62836758      2.2431
   2013.62839612      2.2059
   2013.62842466      2.2757
   2013.62845320      2.2966
   2013.62848174      2.2850
   2013.62851027      2.2666
   2013.62853881      2.3583
   2013.62856735      2.4106
   2013.62859589      2.4286
   2013.62862443      2.4237
   2013.62865297      2.5510
   2013.62868151      2.6316
   2013.62871005      2.6316
   2013.62873858      2.6856
   2013.62876712      2.8457
   2013.62879566      2.9732
   2013.62882420      2.9937
   2013.62885274      3.0666
   2013.62888128      3.2879
   2013.62890982      3.4022
   2013.62893836      3.5044
   2013.62896689      3.5908
   2013.62899543      3.8117
   2013.62902397      3.9141
   2013.62905251      3.9345
   2013.62908105      4.1012
   2013.62910959      4.0347
   2013.62913813      4.4490
   2013.62916667      4.4472
   2013.62919521      4.6345
   2013.62922374      4.4809
   2013.62925228      4.9439
   2013.62928082      4.9000
   2013.62930936      5.1178
   2013.62933790      4.8753
   2013.62936644      5.3582
   2013.62939498      5.2680
   2013.62942352      5.4864
   2013.62945205      5.1488
   2013.62948059      5.6529
   2013.62950913      5.5138
   2013.62953767      5.7263
   2013.62956621      5.3020
   2013.62959475      5.7888
   2013.62962329      5.6082
   2013.62965183      5.7724
   2013.62968037      5.3085
   2013.62970890      5.7563
   2013.62973744      5.5609
   2013.62976598      5.6532
   2013.62979452      5.3143
   2013.62982306      5.5959
   2013.62985160      5.3856
   2013.62988014      5.4048
   2013.62990868      5.0682
   2013.62993721      5.3241
   2013.62996575      5.1077
   2013.62999429      5.0750
   2013.63002283      5.0319
   2013.63005137      4.9783
   2013.63007991      4.8827
   2013.63010845      4.7023
   2013.63013699      4.4659
   2013.63016553      4.4762
   2013.63019406      4.4405
   2013.63022260      4.3032
   2013.63025114      4.1533
   2013.63027968      3.9142
   2013.63030822      3.9035
   2013.63033676      3.6960
   2013.63036530      3.3224
   2013.63039384      3.1608
   2013.63042237      2.8962
   2013.63045091      2.6911
   2013.63047945      2.4926
   2013.63050799      2.3053
   2013.63053653      2.1076
   2013.63056507      1.9313
   2013.63059361      1.7730
   2013.63062215      1.6265
   2013.63065068      1.4898
   2013.63067922      1.3619
   2013.63070776      1.2962
   2013.63073630      1.1366
   2013.63076484      1.0399
   2013.63079338      0.9518
   2013.63082192      0.8718
   2013.63085046      0.7958
   2013.63087900      0.7251
   2013.63090753      0.6612
   2013.63093607      0.6044
   2013.63096461      0.5532
   2013.63099315      0.5072
   2013.63102169      0.4659
   2013.63105023      0.4287
   2013.63107877      0.3950
   2013.63110731      0.3644
   2013.63113584      0.3365
   2013.63116438      0.3112
   2013.63119292      0.2880
   2013.63122146      0.2669
   2013.63125000      0.2476
   2013.63127854      0.2296
   2013.63130708      0.2131
   2013.63133562      0.1979
   2013.63136416      0.1840
   2013.63139269      0.1712
   2013.63142123      0.1594
   2013.63144977      0.1485
   2013.63147831      0.1385
   2013.63150685      0.1293
   2013.63153539      0.1208
   2013.63156393      0.1129
   2013.63159247      0.1056
