   2013.62465753      0.0000
   2013.62468607      0.0000
   2013.62471461      0.0000
   2013.62474315      0.0000
   2013.62477169      0.0000
   2013.62480023      0.0000
   2013.62482877      0.0000
   2013.62485731      0.0000
   2013.62488584      0.0000
   2013.62491438      0.0000
   2013.62494292      0.0000
   2013.62497146      0.0000
   2013.62500000      0.0000
   2013.62502854      0.0000
   2013.62505708      0.0000
   2013.62508562      0.0000
   2013.62511416      0.0000
   2013.62514269      0.0000
   2013.62517123      0.0000
   2013.62519977      0.0000
   2013.62522831      0.0000
   2013.62525685      0.0000
   2013.62528539      0.0000
   2013.62531393      0.0000
   2013.62534247      0.0000
   2013.62537100      0.0000
   2013.62539954      0.0000
   2013.62542808      0.0000
   2013.62545662      0.0000
   2013.62548516      0.0000
   2013.62551370      0.0000
   2013.62554224      0.0000
   2013.62557078      0.0000
   2013.62559932      0.0008
   2013.62562785      0.0017
   2013.62565639      0.0023
   2013.62568493      0.0029
   2013.62571347      0.0034
   2013.62574201      0.0041
   2013.62577055      0.0401
   2013.62579909      0.0821
   2013.62582763      0.1516
   2013.62585616      0.2701
   2013.62588470      0.4624
   2013.62591324      0.7614
   2013.62594178      1.2174
   2013.62597032      1.9104
   2013.62599886      2.9267
   2013.62602740      4.2193
   2013.62605594      5.3665
   2013.62608447      6.0915
   2013.62611301      6.2475
   2013.62614155      6.1813
   2013.62617009      6.1030
   2013.62619863      5.6424
   2013.62622717      5.5767
   2013.62625571      4.7885
   2013.62628425      4.4425
   2013.62631279      4.3032
   2013.62634132      3.6951
   2013.62636986      3.4156
   2013.62639840      3.0423
   2013.62642694      2.7599
   2013.62645548      2.4950
   2013.62648402      2.2735
   2013.62651256      2.0705
   2013.62654110      1.8787
   2013.62656963      1.7125
   2013.62659817      1.5924
   2013.62662671      1.4772
   2013.62665525      1.3701
   2013.62668379      1.2719
   2013.62671233      1.2575
   2013.62674087      1.1482
   2013.62676941      1.0840
   2013.62679795      1.0291
   2013.62682648      1.0159
   2013.62685502      1.0251
   2013.62688356      0.9656
   2013.62691210      0.9452
   2013.62694064      0.9620
   2013.62696918      0.9940
   2013.62699772      0.9657
   2013.62702626      0.9789
   2013.62705479      1.0274
   2013.62708333      1.1114
   2013.62711187      1.1173
   2013.62714041      1.1804
   2013.62716895      1.2933
   2013.62719749      1.4143
   2013.62722603      1.5409
   2013.62725457      1.6671
   2013.62728311      1.8395
   2013.62731164      1.9637
   2013.62734018      2.1029
   2013.62736872      2.1900
   2013.62739726      2.3028
   2013.62742580      2.3732
   2013.62745434      2.4028
   2013.62748288      2.4102
   2013.62751142      2.4392
   2013.62753995      2.4347
   2013.62756849      2.4037
   2013.62759703      2.3674
   2013.62762557      2.3478
   2013.62765411      2.2957
   2013.62768265      2.2417
   2013.62771119      2.1741
   2013.62773973      2.0837
   2013.62776826      2.0643
   2013.62779680      1.9947
   2013.62782534      1.8835
   2013.62785388      1.8669
   2013.62788242      1.7913
   2013.62791096      1.7216
   2013.62793950      1.6219
   2013.62796804      1.5994
   2013.62799658      1.5320
   2013.62802511      1.4720
   2013.62805365      1.4125
   2013.62808219      1.3464
   2013.62811073      1.2972
   2013.62813927      1.2477
   2013.62816781      1.1987
   2013.62819635      1.1332
   2013.62822489      1.1002
   2013.62825342      1.0821
   2013.62828196      1.0195
   2013.62831050      0.9813
   2013.62833904      0.9445
   2013.62836758      0.9006
   2013.62839612      0.8705
   2013.62842466      0.8391
   2013.62845320      0.8061
   2013.62848174      0.7733
   2013.62851027      0.7427
   2013.62853881      0.7165
   2013.62856735      0.6909
   2013.62859589      0.6664
   2013.62862443      0.6433
   2013.62865297      0.6228
   2013.62868151      0.6015
   2013.62871005      0.5806
   2013.62873858      0.5607
   2013.62876712      0.5442
   2013.62879566      0.5265
   2013.62882420      0.5091
   2013.62885274      0.4926
   2013.62888128      0.4802
   2013.62890982      0.4658
   2013.62893836      0.4514
   2013.62896689      0.4377
   2013.62899543      0.4297
   2013.62902397      0.4183
   2013.62905251      0.4066
   2013.62908105      0.3956
   2013.62910959      0.3929
   2013.62913813      0.3851
   2013.62916667      0.3766
   2013.62919521      0.3689
   2013.62922374      0.3739
   2013.62925228      0.3710
   2013.62928082      0.3669
   2013.62930936      0.3640
   2013.62933790      0.3796
   2013.62936644      0.3842
   2013.62939498      0.3871
   2013.62942352      0.3924
   2013.62945205      0.4248
   2013.62948059      0.4422
   2013.62950913      0.4658
   2013.62953767      0.4837
   2013.62956621      0.5205
   2013.62959475      0.5928
   2013.62962329      0.6395
   2013.62965183      0.6704
   2013.62968037      0.7719
   2013.62970890      0.8873
   2013.62973744      0.9408
   2013.62976598      1.0401
   2013.62979452      1.2013
   2013.62982306      1.3827
   2013.62985160      1.5751
   2013.62988014      1.7575
   2013.62990868      1.9868
   2013.62993721      2.1495
   2013.62996575      2.3318
   2013.62999429      2.4330
   2013.63002283      2.4650
   2013.63005137      2.5878
   2013.63007991      2.5715
   2013.63010845      2.5282
   2013.63013699      2.5220
   2013.63016553      2.4997
   2013.63019406      2.4763
   2013.63022260      2.4511
   2013.63025114      2.3448
   2013.63027968      2.2532
   2013.63030822      2.1291
   2013.63033676      1.9949
   2013.63036530      1.8518
   2013.63039384      1.7189
   2013.63042237      1.5972
   2013.63045091      1.4839
   2013.63047945      1.3776
   2013.63050799      1.2783
   2013.63053653      1.1863
   2013.63056507      1.1189
   2013.63059361      1.0311
   2013.63062215      0.9469
   2013.63065068      0.8917
   2013.63067922      0.8301
   2013.63070776      0.7709
   2013.63073630      0.7146
   2013.63076484      0.6620
   2013.63079338      0.6140
   2013.63082192      0.5698
   2013.63085046      0.5293
   2013.63087900      0.4921
   2013.63090753      0.4580
   2013.63093607      0.4266
   2013.63096461      0.3974
   2013.63099315      0.3703
   2013.63102169      0.3450
   2013.63105023      0.3215
   2013.63107877      0.2997
   2013.63110731      0.2795
   2013.63113584      0.2607
   2013.63116438      0.2433
   2013.63119292      0.2270
   2013.63122146      0.2118
   2013.63125000      0.1976
   2013.63127854      0.1844
   2013.63130708      0.1722
   2013.63133562      0.1609
   2013.63136416      0.1505
   2013.63139269      0.1407
   2013.63142123      0.1317
   2013.63144977      0.1233
   2013.63147831      0.1154
   2013.63150685      0.1081
   2013.63153539      0.1013
