   2013.62465753      0.0000
   2013.62468607      0.0000
   2013.62471461      0.0000
   2013.62474315      0.0000
   2013.62477169      0.0000
   2013.62480023      0.0000
   2013.62482877      0.0000
   2013.62485731      0.0000
   2013.62488584      0.0000
   2013.62491438      0.0000
   2013.62494292      0.0000
   2013.62497146      0.0000
   2013.62500000      0.0000
   2013.62502854      0.0000
   2013.62505708      0.0000
   2013.62508562      0.0000
   2013.62511416      0.0000
   2013.62514269      0.0000
   2013.62517123      0.0000
   2013.62519977      0.0000
   2013.62522831      0.0000
   2013.62525685      0.0000
   2013.62528539      0.0000
   2013.62531393      0.0000
   2013.62534247      0.0000
   2013.62537100      0.0000
   2013.62539954      0.0000
   2013.62542808      0.0000
   2013.62545662      0.0000
   2013.62548516      0.0000
   2013.62551370      0.0000
   2013.62554224      0.0000
   2013.62557078      0.0000
   2013.62559932      0.0000
   2013.62562785      0.0000
   2013.62565639      0.0000
   2013.62568493      0.0000
   2013.62571347      0.0020
   2013.62574201      0.0018
   2013.62577055      0.0018
   2013.62579909      0.0024
   2013.62582763      0.0024
   2013.62585616      0.0150
   2013.62588470      0.0460
   2013.62591324      0.0750
   2013.62594178      0.1225
   2013.62597032      0.1924
   2013.62599886      0.2960
   2013.62602740      0.4427
   2013.62605594      0.6310
   2013.62608447      0.9090
   2013.62611301      1.2627
   2013.62614155      1.6822
   2013.62617009      2.0653
   2013.62619863      2.3697
   2013.62622717      2.6178
   2013.62625571      2.8640
   2013.62628425      3.1060
   2013.62631279      3.3621
   2013.62634132      3.6556
   2013.62636986      3.9663
   2013.62639840      4.2322
   2013.62642694      4.3452
   2013.62645548      4.5703
   2013.62648402      4.4399
   2013.62651256      4.6458
   2013.62654110      4.7208
   2013.62656963      4.5493
   2013.62659817      4.3162
   2013.62662671      4.6220
   2013.62665525      4.4671
   2013.62668379      4.3088
   2013.62671233      4.2213
   2013.62674087      4.1968
   2013.62676941      3.9735
   2013.62679795      3.8843
   2013.62682648      3.8689
   2013.62685502      3.8294
   2013.62688356      3.6607
   2013.62691210      3.5996
   2013.62694064      3.6241
   2013.62696918      3.6293
   2013.62699772      3.5032
   2013.62702626      3.4664
   2013.62705479      3.5012
   2013.62708333      3.5155
   2013.62711187      3.3741
   2013.62714041      3.3103
   2013.62716895      3.1612
   2013.62719749      3.1738
   2013.62722603      3.0999
   2013.62725457      2.9985
   2013.62728311      2.8279
   2013.62731164      2.7675
   2013.62734018      2.6199
   2013.62736872      2.4814
   2013.62739726      2.4006
   2013.62742580      2.3007
   2013.62745434      2.1867
   2013.62748288      2.0728
   2013.62751142      1.9966
   2013.62753995      1.8978
   2013.62756849      1.7995
   2013.62759703      1.6923
   2013.62762557      1.6064
   2013.62765411      1.5144
   2013.62768265      1.4177
   2013.62771119      1.3260
   2013.62773973      1.2563
   2013.62776826      1.1828
   2013.62779680      1.1405
   2013.62782534      1.0490
   2013.62785388      0.9629
   2013.62788242      0.9192
   2013.62791096      0.8604
   2013.62793950      0.8022
   2013.62796804      0.7523
   2013.62799658      0.7008
   2013.62802511      0.6516
   2013.62805365      0.6070
   2013.62808219      0.5710
   2013.62811073      0.5337
   2013.62813927      0.4979
   2013.62816781      0.4649
   2013.62819635      0.4415
   2013.62822489      0.4142
   2013.62825342      0.3870
   2013.62828196      0.3613
   2013.62831050      0.3462
   2013.62833904      0.3257
   2013.62836758      0.3049
   2013.62839612      0.2850
   2013.62842466      0.2778
   2013.62845320      0.2630
   2013.62848174      0.2471
   2013.62851027      0.2317
   2013.62853881      0.2305
   2013.62856735      0.2198
   2013.62859589      0.2075
   2013.62862443      0.1955
   2013.62865297      0.2007
   2013.62868151      0.1940
   2013.62871005      0.1851
   2013.62873858      0.1766
   2013.62876712      0.1887
   2013.62879566      0.1865
   2013.62882420      0.1818
   2013.62885274      0.1779
   2013.62888128      0.1996
   2013.62890982      0.2048
   2013.62893836      0.2073
   2013.62896689      0.2116
   2013.62899543      0.2482
   2013.62902397      0.2667
   2013.62905251      0.2827
   2013.62908105      0.3034
   2013.62910959      0.3679
   2013.62913813      0.4250
   2013.62916667      0.4624
   2013.62919521      0.5348
   2013.62922374      0.6728
   2013.62925228      0.8103
   2013.62928082      0.9869
   2013.62930936      1.2168
   2013.62933790      1.5756
   2013.62936644      1.9129
   2013.62939498      2.1282
   2013.62942352      2.3287
   2013.62945205      2.5751
   2013.62948059      2.6847
   2013.62950913      2.8023
   2013.62953767      2.8880
   2013.62956621      2.8516
   2013.62959475      3.0760
   2013.62962329      3.1203
   2013.62965183      3.3179
   2013.62968037      3.0032
   2013.62970890      3.2007
   2013.62973744      3.1994
   2013.62976598      3.3134
   2013.62979452      3.0075
   2013.62982306      3.1502
   2013.62985160      3.3415
   2013.62988014      3.0228
   2013.62990868      2.8995
   2013.62993721      2.9539
   2013.62996575      2.8947
   2013.62999429      2.7943
   2013.63002283      2.7692
   2013.63005137      2.6843
   2013.63007991      2.5940
   2013.63010845      2.4355
   2013.63013699      2.3891
   2013.63016553      2.3379
   2013.63019406      2.1972
   2013.63022260      2.0942
   2013.63025114      1.9996
   2013.63027968      1.9033
   2013.63030822      1.8130
   2013.63033676      1.6842
   2013.63036530      1.5841
   2013.63039384      1.4901
   2013.63042237      1.3999
   2013.63045091      1.3117
   2013.63047945      1.2256
   2013.63050799      1.1783
   2013.63053653      1.0725
   2013.63056507      0.9736
   2013.63059361      0.9252
   2013.63062215      0.8627
   2013.63065068      0.8002
   2013.63067922      0.7406
   2013.63070776      0.6844
   2013.63073630      0.6329
   2013.63076484      0.5859
   2013.63079338      0.5427
   2013.63082192      0.5034
   2013.63085046      0.4674
   2013.63087900      0.4345
   2013.63090753      0.4041
   2013.63093607      0.3759
   2013.63096461      0.3497
   2013.63099315      0.3255
   2013.63102169      0.3031
   2013.63105023      0.2823
   2013.63107877      0.2632
   2013.63110731      0.2454
   2013.63113584      0.2287
   2013.63116438      0.2132
   2013.63119292      0.1988
   2013.63122146      0.1855
   2013.63125000      0.1732
   2013.63127854      0.1618
   2013.63130708      0.1512
   2013.63133562      0.1414
   2013.63136416      0.1323
   2013.63139269      0.1238
   2013.63142123      0.1159
   2013.63144977      0.1086
   2013.63147831      0.1018
