   2013.62465753      0.0000
   2013.62468607      0.0000
   2013.62471461      0.0000
   2013.62474315      0.0000
   2013.62477169      0.0000
   2013.62480023      0.0000
   2013.62482877      0.0000
   2013.62485731      0.0000
   2013.62488584      0.0000
   2013.62491438      0.0000
   2013.62494292      0.0000
   2013.62497146      0.0000
   2013.62500000      0.0000
   2013.62502854      0.0000
   2013.62505708      0.0000
   2013.62508562      0.0000
   2013.62511416      0.0000
   2013.62514269      0.0000
   2013.62517123      0.0000
   2013.62519977      0.0000
   2013.62522831      0.0000
   2013.62525685      0.0000
   2013.62528539      0.0000
   2013.62531393      0.0000
   2013.62534247      0.0000
   2013.62537100      0.0000
   2013.62539954      0.0000
   2013.62542808      0.0000
   2013.62545662      0.0000
   2013.62548516      0.0000
   2013.62551370      0.0000
   2013.62554224      0.0000
   2013.62557078      0.0000
   2013.62559932      0.0000
   2013.62562785      0.0000
   2013.62565639      0.0000
   2013.62568493      0.0000
   2013.62571347      0.0000
   2013.62574201      0.0000
   2013.62577055      0.0000
   2013.62579909      0.0000
   2013.62582763      0.0000
   2013.62585616      0.0000
   2013.62588470      0.0000
   2013.62591324      0.0000
   2013.62594178      0.0000
   2013.62597032      0.0000
   2013.62599886      0.0000
   2013.62602740      0.0000
   2013.62605594      0.0000
   2013.62608447      0.0000
   2013.62611301      0.0000
   2013.62614155      0.0000
   2013.62617009      0.0000
   2013.62619863      0.0000
   2013.62622717      0.0000
   2013.62625571      0.0000
   2013.62628425      7.4572
   2013.62631279     31.7467
   2013.62634132     84.1258
   2013.62636986     99.1154
   2013.62639840     80.3951
   2013.62642694     58.7508
   2013.62645548     44.1404
   2013.62648402     35.3987
   2013.62651256     31.6030
   2013.62654110     29.4049
   2013.62656963     27.9935
   2013.62659817     24.5903
   2013.62662671     24.0467
   2013.62665525     22.1557
   2013.62668379     19.7018
   2013.62671233     17.4207
   2013.62674087     16.4706
   2013.62676941     14.9709
   2013.62679795     13.4293
   2013.62682648     12.1565
   2013.62685502     12.3514
   2013.62688356     11.8666
   2013.62691210     11.4109
   2013.62694064     10.9429
   2013.62696918     11.7185
   2013.62699772     11.5481
   2013.62702626     11.3744
   2013.62705479     11.0597
   2013.62708333     11.8259
   2013.62711187     11.5600
   2013.62714041     11.3103
   2013.62716895     10.9186
   2013.62719749     11.3746
   2013.62722603     11.2956
   2013.62725457     11.2050
   2013.62728311     10.5614
   2013.62731164     11.0107
   2013.62734018     10.8862
   2013.62736872     10.6906
   2013.62739726     10.1168
   2013.62742580     10.5206
   2013.62745434     10.3789
   2013.62748288     10.1455
   2013.62751142      9.6309
   2013.62753995      9.9948
   2013.62756849      9.8569
   2013.62759703      9.6226
   2013.62762557      9.1985
   2013.62765411      9.4787
   2013.62768265      9.5042
   2013.62771119      9.1160
   2013.62773973      8.7876
   2013.62776826      8.9881
   2013.62779680      8.8872
   2013.62782534      8.7375
   2013.62785388      8.3983
   2013.62788242      8.6395
   2013.62791096      8.5841
   2013.62793950      8.4384
   2013.62796804      8.1493
   2013.62799658      8.4077
   2013.62802511      8.2817
   2013.62805365      8.1882
   2013.62808219      7.9968
   2013.62811073      8.3097
   2013.62813927      8.1979
   2013.62816781      8.1333
   2013.62819635      7.9505
   2013.62822489      8.2793
   2013.62825342      8.1799
   2013.62828196      8.1366
   2013.62831050      8.3265
   2013.62833904      8.3319
   2013.62836758      8.2608
   2013.62839612      8.3210
   2013.62842466      7.8078
   2013.62845320      8.9495
   2013.62848174      9.3699
   2013.62851027      9.1232
   2013.62853881      8.4897
   2013.62856735      8.3482
   2013.62859589      7.7969
   2013.62862443      8.4195
   2013.62865297      9.3296
   2013.62868151      9.7311
   2013.62871005      9.2648
   2013.62873858      8.4150
   2013.62876712      7.7613
   2013.62879566      7.0989
   2013.62882420      6.8469
   2013.62885274      7.0721
   2013.62888128      7.2400
   2013.62890982      7.0166
   2013.62893836      6.9378
   2013.62896689      6.2052
   2013.62899543      5.5452
   2013.62902397      5.0437
   2013.62905251      4.7383
   2013.62908105      4.2811
   2013.62910959      4.4503
   2013.62913813      4.0205
   2013.62916667      3.4127
   2013.62919521      3.1376
   2013.62922374      3.0332
   2013.62925228      2.5860
   2013.62928082      2.2937
   2013.62930936      1.9573
   2013.62933790      1.7547
   2013.62936644      1.5673
   2013.62939498      1.4017
   2013.62942352      1.2844
   2013.62945205      1.1401
   2013.62948059      1.0157
   2013.62950913      0.9347
   2013.62953767      0.8498
   2013.62956621      0.7715
   2013.62959475      0.7006
   2013.62962329      0.6375
   2013.62965183      0.5813
   2013.62968037      0.5311
   2013.62970890      0.4865
   2013.62973744      0.4468
   2013.62976598      0.4111
   2013.62979452      0.3789
   2013.62982306      0.3497
   2013.62985160      0.3231
   2013.62988014      0.2989
   2013.62990868      0.2768
   2013.62993721      0.2566
   2013.62996575      0.2380
   2013.62999429      0.2208
   2013.63002283      0.2049
   2013.63005137      0.1904
   2013.63007991      0.1770
   2013.63010845      0.1647
   2013.63013699      0.1534
   2013.63016553      0.1430
   2013.63019406      0.1334
   2013.63022260      0.1245
   2013.63025114      0.1163
   2013.63027968      0.1087
   2013.63030822      0.1016
