   2013.62465753      0.0000
   2013.62468607      0.0000
   2013.62471461      0.0000
   2013.62474315      0.0000
   2013.62477169      0.0000
   2013.62480023      0.0000
   2013.62482877      0.0000
   2013.62485731      0.0000
   2013.62488584      0.0000
   2013.62491438      0.0000
   2013.62494292      0.0000
   2013.62497146      0.0000
   2013.62500000      0.0000
   2013.62502854      0.0000
   2013.62505708      0.0000
   2013.62508562      0.0000
   2013.62511416      0.0000
   2013.62514269      0.0000
   2013.62517123      0.0000
   2013.62519977      0.0000
   2013.62522831      0.0000
   2013.62525685      0.0000
   2013.62528539      0.0000
   2013.62531393      0.0000
   2013.62534247      0.0000
   2013.62537100      0.0000
   2013.62539954      0.0000
   2013.62542808      0.0000
   2013.62545662      0.0000
   2013.62548516      0.0000
   2013.62551370      0.0000
   2013.62554224      0.0000
   2013.62557078      0.0000
   2013.62559932      0.0000
   2013.62562785      0.0000
   2013.62565639      0.0000
   2013.62568493      0.0000
   2013.62571347      0.0000
   2013.62574201      0.0000
   2013.62577055      0.0000
   2013.62579909      0.0000
   2013.62582763      0.0000
   2013.62585616      0.0000
   2013.62588470      0.0000
   2013.62591324      0.0000
   2013.62594178      0.0000
   2013.62597032      0.0000
   2013.62599886      0.0000
   2013.62602740      0.0000
   2013.62605594      0.0000
   2013.62608447      0.0000
   2013.62611301      0.0000
   2013.62614155      0.0000
   2013.62617009      0.0000
   2013.62619863      0.0000
   2013.62622717      0.0000
   2013.62625571      0.0000
   2013.62628425      0.0000
   2013.62631279      0.0000
   2013.62634132      0.0000
   2013.62636986      0.0000
   2013.62639840      0.0000
   2013.62642694      0.0000
   2013.62645548      0.0000
   2013.62648402      0.0000
   2013.62651256      0.0000
   2013.62654110      0.0000
   2013.62656963      0.0000
   2013.62659817      0.0000
   2013.62662671      0.0000
   2013.62665525      0.0000
   2013.62668379      0.0000
   2013.62671233      0.0000
   2013.62674087      0.0000
   2013.62676941      0.0000
   2013.62679795      0.0000
   2013.62682648      0.0000
   2013.62685502      0.0000
   2013.62688356      0.0000
   2013.62691210      0.0000
   2013.62694064      0.0000
   2013.62696918     48.3460
   2013.62699772    161.9413
   2013.62702626    192.9649
   2013.62705479    170.6876
   2013.62708333    109.2694
   2013.62711187     66.1750
   2013.62714041     43.7239
   2013.62716895     30.8426
   2013.62719749     25.1210
   2013.62722603     20.7076
   2013.62725457     17.5533
   2013.62728311     15.2072
   2013.62731164     14.4589
   2013.62734018     13.2687
   2013.62736872     12.0830
   2013.62739726     11.0219
   2013.62742580     11.0810
   2013.62745434     10.7828
   2013.62748288     10.6153
   2013.62751142     10.1329
   2013.62753995     10.6424
   2013.62756849     10.6442
   2013.62759703     10.5518
   2013.62762557     10.0598
   2013.62765411     10.5110
   2013.62768265     10.4032
   2013.62771119     10.1935
   2013.62773973      9.7026
   2013.62776826     10.0999
   2013.62779680      9.9802
   2013.62782534      9.7729
   2013.62785388      9.3464
   2013.62788242      9.7037
   2013.62791096      9.6121
   2013.62793950      9.4354
   2013.62796804      9.1069
   2013.62799658      9.4299
   2013.62802511      9.3731
   2013.62805365      9.2341
   2013.62808219      8.9922
   2013.62811073      9.2815
   2013.62813927      9.2514
   2013.62816781      9.1285
   2013.62819635      8.9422
   2013.62822489      9.2553
   2013.62825342      9.2706
   2013.62828196      9.3775
   2013.62831050      9.3817
   2013.62833904      9.5811
   2013.62836758      9.4142
   2013.62839612      9.3738
   2013.62842466      8.7641
   2013.62845320     10.0618
   2013.62848174     10.9936
   2013.62851027     10.9610
   2013.62853881      9.7477
   2013.62856735      9.2812
   2013.62859589      8.6731
   2013.62862443      8.7682
   2013.62865297      9.9411
   2013.62868151     10.7967
   2013.62871005     10.3665
   2013.62873858      9.6637
   2013.62876712      8.7433
   2013.62879566      7.8696
   2013.62882420      7.2928
   2013.62885274      7.3662
   2013.62888128      7.5322
   2013.62890982      7.4312
   2013.62893836      7.4879
   2013.62896689      6.1294
   2013.62899543      5.8112
   2013.62902397      5.1351
   2013.62905251      4.3442
   2013.62908105      4.1846
   2013.62910959      3.7940
   2013.62913813      3.3759
   2013.62916667      3.0913
   2013.62919521      2.8097
   2013.62922374      2.6513
   2013.62925228      2.3735
   2013.62928082      2.1296
   2013.62930936      1.8140
   2013.62933790      1.6491
   2013.62936644      1.4765
   2013.62939498      1.3818
   2013.62942352      1.1969
   2013.62945205      1.0486
   2013.62948059      0.9678
   2013.62950913      0.8775
   2013.62953767      0.7928
   2013.62956621      0.7164
   2013.62959475      0.6484
   2013.62962329      0.5884
   2013.62965183      0.5350
   2013.62968037      0.4876
   2013.62970890      0.4457
   2013.62973744      0.4084
   2013.62976598      0.3750
   2013.62979452      0.3449
   2013.62982306      0.3177
   2013.62985160      0.2931
   2013.62988014      0.2707
   2013.62990868      0.2504
   2013.62993721      0.2316
   2013.62996575      0.2144
   2013.62999429      0.1987
   2013.63002283      0.1843
   2013.63005137      0.1711
   2013.63007991      0.1590
   2013.63010845      0.1479
   2013.63013699      0.1377
   2013.63016553      0.1284
   2013.63019406      0.1197
   2013.63022260      0.1117
   2013.63025114      0.1043
