   2013.62465753      0.0000
   2013.62468607      0.0006
   2013.62471461      0.0023
   2013.62474315      0.0038
   2013.62477169      0.0052
   2013.62480023      0.0119
   2013.62482877      0.0678
   2013.62485731      0.1304
   2013.62488584      0.2789
   2013.62491438      0.6185
   2013.62494292      1.2989
   2013.62497146      2.4979
   2013.62500000      4.5726
   2013.62502854      8.0549
   2013.62505708     12.2737
   2013.62508562     15.0767
   2013.62511416     16.5351
   2013.62514269     17.3748
   2013.62517123     17.1756
   2013.62519977     16.0597
   2013.62522831     14.5400
   2013.62525685     13.4900
   2013.62528539     12.1961
   2013.62531393     10.9355
   2013.62534247      9.8927
   2013.62537100      9.3273
   2013.62539954      8.7493
   2013.62542808      8.1568
   2013.62545662      7.8420
   2013.62548516      7.7648
   2013.62551370      7.7064
   2013.62554224      7.4664
   2013.62557078      7.5673
   2013.62559932      7.7396
   2013.62562785      7.7887
   2013.62565639      7.9561
   2013.62568493      7.9465
   2013.62571347      8.1752
   2013.62574201      8.3071
   2013.62577055      8.3833
   2013.62579909      8.6085
   2013.62582763      8.8921
   2013.62585616      9.1028
   2013.62588470      9.2499
   2013.62591324      9.3800
   2013.62594178      9.8762
   2013.62597032     10.2071
   2013.62599886     10.3353
   2013.62602740     10.5790
   2013.62605594     11.1035
   2013.62608447     11.5230
   2013.62611301     11.6312
   2013.62614155     12.0856
   2013.62617009     12.4911
   2013.62619863     12.9918
   2013.62622717     13.0573
   2013.62625571     13.6086
   2013.62628425     13.9165
   2013.62631279     14.6022
   2013.62634132     14.6369
   2013.62636986     15.1459
   2013.62639840     15.5554
   2013.62642694     16.1484
   2013.62645548     16.0749
   2013.62648402     16.4683
   2013.62651256     16.7852
   2013.62654110     17.3196
   2013.62656963     17.1168
   2013.62659817     17.3762
   2013.62662671     17.7144
   2013.62665525     18.0669
   2013.62668379     17.7463
   2013.62671233     17.8735
   2013.62674087     17.9331
   2013.62676941     18.3024
   2013.62679795     17.8919
   2013.62682648     17.8452
   2013.62685502     17.9798
   2013.62688356     18.1143
   2013.62691210     17.6377
   2013.62694064     17.5290
   2013.62696918     17.3892
   2013.62699772     17.4654
   2013.62702626     16.9477
   2013.62705479     16.8185
   2013.62708333     16.4456
   2013.62711187     16.4160
   2013.62714041     15.9713
   2013.62716895     15.7506
   2013.62719749     15.3744
   2013.62722603     15.1826
   2013.62725457     14.6298
   2013.62728311     14.4777
   2013.62731164     14.1078
   2013.62734018     13.8911
   2013.62736872     13.3757
   2013.62739726     13.0909
   2013.62742580     12.8201
   2013.62745434     12.6156
   2013.62748288     12.1678
   2013.62751142     11.7305
   2013.62753995     11.6765
   2013.62756849     11.4572
   2013.62759703     11.0617
   2013.62762557     10.5906
   2013.62765411     10.6113
   2013.62768265     10.3749
   2013.62771119     10.0497
   2013.62773973      9.6203
   2013.62776826      9.6712
   2013.62779680      9.5243
   2013.62782534      9.1728
   2013.62785388      8.9931
   2013.62788242      8.9010
   2013.62791096      8.7683
   2013.62793950      8.5563
   2013.62796804      8.3680
   2013.62799658      8.3633
   2013.62802511      8.2216
   2013.62805365      8.0721
   2013.62808219      8.0384
   2013.62811073      8.4192
   2013.62813927      8.7311
   2013.62816781      8.3925
   2013.62819635      7.8049
   2013.62822489      7.2543
   2013.62825342      7.0265
   2013.62828196      7.4209
   2013.62831050      8.1616
   2013.62833904      8.4582
   2013.62836758      8.1979
   2013.62839612      7.6179
   2013.62842466      6.8945
   2013.62845320      6.3174
   2013.62848174      5.8943
   2013.62851027      5.8462
   2013.62853881      6.0613
   2013.62856735      6.0019
   2013.62859589      5.8074
   2013.62862443      5.2295
   2013.62865297      4.7703
   2013.62868151      4.2641
   2013.62871005      3.8354
   2013.62873858      3.3855
   2013.62876712      3.2379
   2013.62879566      3.0301
   2013.62882420      2.8266
   2013.62885274      2.6224
   2013.62888128      2.3617
   2013.62890982      2.1383
   2013.62893836      1.9374
   2013.62896689      1.8047
   2013.62899543      1.6272
   2013.62902397      1.4618
   2013.62905251      1.2947
   2013.62908105      1.1921
   2013.62910959      1.0448
   2013.62913813      0.9663
   2013.62916667      0.8771
   2013.62919521      0.7929
   2013.62922374      0.7166
   2013.62925228      0.6485
   2013.62928082      0.5883
   2013.62930936      0.5346
   2013.62933790      0.4870
   2013.62936644      0.4449
   2013.62939498      0.4074
   2013.62942352      0.3737
   2013.62945205      0.3434
   2013.62948059      0.3161
   2013.62950913      0.2914
   2013.62953767      0.2690
   2013.62956621      0.2485
   2013.62959475      0.2297
   2013.62962329      0.2125
   2013.62965183      0.1968
   2013.62968037      0.1824
   2013.62970890      0.1692
   2013.62973744      0.1572
   2013.62976598      0.1461
   2013.62979452      0.1360
   2013.62982306      0.1266
   2013.62985160      0.1180
   2013.62988014      0.1101
   2013.62990868      0.1027
