   2013.62465753      0.0000
   2013.62468607      0.0000
   2013.62471461      0.0000
   2013.62474315      0.0000
   2013.62477169      0.0000
   2013.62480023      0.0000
   2013.62482877      0.0000
   2013.62485731      0.0000
   2013.62488584      0.0000
   2013.62491438      0.0000
   2013.62494292      0.0000
   2013.62497146      0.0000
   2013.62500000      0.0000
   2013.62502854      0.0000
   2013.62505708      0.0000
   2013.62508562      0.0000
   2013.62511416      0.0000
   2013.62514269      0.0000
   2013.62517123      0.0000
   2013.62519977      0.0000
   2013.62522831      0.0000
   2013.62525685      0.1946
   2013.62528539      0.4398
   2013.62531393      1.3889
   2013.62534247      3.1778
   2013.62537100      5.9387
   2013.62539954     11.0640
   2013.62542808     17.0328
   2013.62545662     18.6498
   2013.62548516     18.8984
   2013.62551370     17.9439
   2013.62554224     16.9650
   2013.62557078     15.8710
   2013.62559932     15.9509
   2013.62562785     15.8587
   2013.62565639     15.7406
   2013.62568493     15.5224
   2013.62571347     15.8183
   2013.62574201     16.0338
   2013.62577055     16.0878
   2013.62579909     15.8125
   2013.62582763     16.5188
   2013.62585616     16.8319
   2013.62588470     16.8578
   2013.62591324     16.8442
   2013.62594178     17.0886
   2013.62597032     17.2994
   2013.62599886     17.7735
   2013.62602740     17.5567
   2013.62605594     19.1530
   2013.62608447     19.6691
   2013.62611301     19.1460
   2013.62614155     18.0505
   2013.62617009     16.7234
   2013.62619863     15.7514
   2013.62622717     15.0699
   2013.62625571     14.5972
   2013.62628425     14.3852
   2013.62631279     13.8898
   2013.62634132     12.9194
   2013.62636986     11.5691
   2013.62639840     10.0279
   2013.62642694      8.6738
   2013.62645548      8.2525
   2013.62648402      6.3822
   2013.62651256      5.5239
   2013.62654110      5.1327
   2013.62656963      4.0804
   2013.62659817      3.4951
   2013.62662671      3.0265
   2013.62665525      2.7496
   2013.62668379      2.2695
   2013.62671233      2.0180
   2013.62674087      1.7798
   2013.62676941      1.5727
   2013.62679795      1.3922
   2013.62682648      1.2489
   2013.62685502      1.0751
   2013.62688356      0.9918
   2013.62691210      0.8951
   2013.62694064      0.8043
   2013.62696918      0.7230
   2013.62699772      0.6512
   2013.62702626      0.5884
   2013.62705479      0.5327
   2013.62708333      0.4836
   2013.62711187      0.4404
   2013.62714041      0.4020
   2013.62716895      0.3677
   2013.62719749      0.3371
   2013.62722603      0.3095
   2013.62725457      0.2846
   2013.62728311      0.2621
   2013.62731164      0.2416
   2013.62734018      0.2227
   2013.62736872      0.2056
   2013.62739726      0.1899
   2013.62742580      0.1757
   2013.62745434      0.1627
   2013.62748288      0.1508
   2013.62751142      0.1399
   2013.62753995      0.1300
   2013.62756849      0.1208
   2013.62759703      0.1124
   2013.62762557      0.1046
