   2013.62465753      0.0000
   2013.62468607      0.0000
   2013.62471461      0.0000
   2013.62474315      0.0000
   2013.62477169      0.0000
   2013.62480023      0.0000
   2013.62482877      0.0000
   2013.62485731      0.0000
   2013.62488584      0.0000
   2013.62491438      0.0000
   2013.62494292      0.0000
   2013.62497146      0.0000
   2013.62500000      0.0000
   2013.62502854      0.0000
   2013.62505708      0.0000
   2013.62508562      0.0000
   2013.62511416      0.0000
   2013.62514269      0.0000
   2013.62517123      0.0000
   2013.62519977      0.0000
   2013.62522831      0.0000
   2013.62525685      0.0000
   2013.62528539      0.0000
   2013.62531393      0.0000
   2013.62534247      0.0000
   2013.62537100      0.0000
   2013.62539954      0.0000
   2013.62542808      0.0000
   2013.62545662      0.0000
   2013.62548516      0.0000
   2013.62551370      0.0000
   2013.62554224      0.0000
   2013.62557078      0.0000
   2013.62559932      0.0000
   2013.62562785      0.0000
   2013.62565639      0.0000
   2013.62568493      0.0000
   2013.62571347      0.0000
   2013.62574201      0.0000
   2013.62577055      0.0000
   2013.62579909      0.0000
   2013.62582763      0.0000
   2013.62585616      0.0000
   2013.62588470      0.0000
   2013.62591324      0.0000
   2013.62594178      0.0000
   2013.62597032      0.0000
   2013.62599886      0.0000
   2013.62602740      0.0000
   2013.62605594      0.0000
   2013.62608447      0.0000
   2013.62611301      0.0000
   2013.62614155      0.0000
   2013.62617009      0.1440
   2013.62619863      0.2983
   2013.62622717      0.8837
   2013.62625571      2.4871
   2013.62628425      4.8516
   2013.62631279      8.7135
   2013.62634132     14.0657
   2013.62636986     16.9876
   2013.62639840     16.9334
   2013.62642694     15.5868
   2013.62645548     13.7396
   2013.62648402     11.5521
   2013.62651256     10.6206
   2013.62654110      9.2465
   2013.62656963      8.4512
   2013.62659817      6.8128
   2013.62662671      6.4818
   2013.62665525      5.9050
   2013.62668379      5.6054
   2013.62671233      4.8806
   2013.62674087      4.5781
   2013.62676941      4.1604
   2013.62679795      3.8798
   2013.62682648      3.5453
   2013.62685502      3.7432
   2013.62688356      3.5393
   2013.62691210      3.6689
   2013.62694064      3.2144
   2013.62696918      3.3654
   2013.62699772      3.3480
   2013.62702626      3.4632
   2013.62705479      3.1154
   2013.62708333      3.2904
   2013.62711187      3.2638
   2013.62714041      3.3701
   2013.62716895      3.0658
   2013.62719749      3.1796
   2013.62722603      3.1968
   2013.62725457      3.0464
   2013.62728311      2.9422
   2013.62731164      3.0061
   2013.62734018      2.9619
   2013.62736872      2.8687
   2013.62739726      2.7351
   2013.62742580      2.7736
   2013.62745434      2.7169
   2013.62748288      2.6272
   2013.62751142      2.6073
   2013.62753995      2.5294
   2013.62756849      2.4461
   2013.62759703      2.3528
   2013.62762557      2.2777
   2013.62765411      2.2424
   2013.62768265      2.1668
   2013.62771119      2.0852
   2013.62773973      2.0084
   2013.62776826      1.9716
   2013.62779680      1.9027
   2013.62782534      1.7944
   2013.62785388      1.7567
   2013.62788242      1.7215
   2013.62791096      1.6629
   2013.62793950      1.5700
   2013.62796804      1.4427
   2013.62799658      1.5020
   2013.62802511      1.4559
   2013.62805365      1.3949
   2013.62808219      1.2479
   2013.62811073      1.3227
   2013.62813927      1.3031
   2013.62816781      1.2252
   2013.62819635      1.1246
   2013.62822489      1.1764
   2013.62825342      1.1538
   2013.62828196      1.0742
   2013.62831050      1.0684
   2013.62833904      1.0740
   2013.62836758      1.0439
   2013.62839612      1.0151
   2013.62842466      0.9891
   2013.62845320      1.0199
   2013.62848174      1.0126
   2013.62851027      0.9903
   2013.62853881      0.9982
   2013.62856735      1.0236
   2013.62859589      1.0313
   2013.62862443      1.0331
   2013.62865297      1.0784
   2013.62868151      1.0965
   2013.62871005      1.1246
   2013.62873858      1.1450
   2013.62876712      1.2172
   2013.62879566      1.2663
   2013.62882420      1.3207
   2013.62885274      1.3624
   2013.62888128      1.4732
   2013.62890982      1.5630
   2013.62893836      1.6419
   2013.62896689      1.7027
   2013.62899543      1.8529
   2013.62902397      1.9727
   2013.62905251      2.0656
   2013.62908105      2.1334
   2013.62910959      2.3150
   2013.62913813      2.4525
   2013.62916667      2.5040
   2013.62919521      2.5936
   2013.62922374      2.6739
   2013.62925228      2.9204
   2013.62928082      2.9477
   2013.62930936      3.0707
   2013.62933790      3.0419
   2013.62936644      3.3164
   2013.62939498      3.3160
   2013.62942352      3.3229
   2013.62945205      3.4018
   2013.62948059      3.5791
   2013.62950913      3.5463
   2013.62953767      3.5725
   2013.62956621      3.6475
   2013.62959475      3.7493
   2013.62962329      3.7411
   2013.62965183      3.6673
   2013.62968037      3.7218
   2013.62970890      3.8061
   2013.62973744      3.7853
   2013.62976598      3.6783
   2013.62979452      3.6013
   2013.62982306      3.7559
   2013.62985160      3.6191
   2013.62988014      3.5339
   2013.62990868      3.3469
   2013.62993721      3.5078
   2013.62996575      3.4563
   2013.62999429      3.5379
   2013.63002283      3.1504
   2013.63005137      3.2967
   2013.63007991      3.5258
   2013.63010845      3.1167
   2013.63013699      2.9747
   2013.63016553      3.0207
   2013.63019406      2.9558
   2013.63022260      2.8444
   2013.63025114      2.7597
   2013.63027968      2.6567
   2013.63030822      2.4859
   2013.63033676      2.3594
   2013.63036530      2.2325
   2013.63039384      2.1065
   2013.63042237      1.9807
   2013.63045091      1.8567
   2013.63047945      1.7267
   2013.63050799      1.6141
   2013.63053653      1.5073
   2013.63056507      1.4050
   2013.63059361      1.3063
   2013.63062215      1.2113
   2013.63065068      1.1347
   2013.63067922      1.0456
   2013.63070776      0.9589
   2013.63073630      0.8927
   2013.63076484      0.8231
   2013.63079338      0.7571
   2013.63082192      0.6953
   2013.63085046      0.6388
   2013.63087900      0.5875
   2013.63090753      0.5409
   2013.63093607      0.4988
   2013.63096461      0.4607
   2013.63099315      0.4261
   2013.63102169      0.3945
   2013.63105023      0.3654
   2013.63107877      0.3386
   2013.63110731      0.3141
   2013.63113584      0.2915
   2013.63116438      0.2707
   2013.63119292      0.2516
   2013.63122146      0.2339
   2013.63125000      0.2174
   2013.63127854      0.2022
   2013.63130708      0.1882
   2013.63133562      0.1753
   2013.63136416      0.1634
   2013.63139269      0.1524
   2013.63142123      0.1423
   2013.63144977      0.1329
   2013.63147831      0.1242
   2013.63150685      0.1161
   2013.63153539      0.1086
   2013.63156393      0.1017
