   2013.62465753      0.0000
   2013.62468607      0.0000
   2013.62471461      0.0000
   2013.62474315      0.0000
   2013.62477169      0.0000
   2013.62480023      0.0000
   2013.62482877      0.0000
   2013.62485731      0.0000
   2013.62488584      0.0000
   2013.62491438      0.0000
   2013.62494292      0.0000
   2013.62497146      0.0000
   2013.62500000      0.0000
   2013.62502854      0.0000
   2013.62505708      0.0000
   2013.62508562      0.0000
   2013.62511416      0.0000
   2013.62514269      0.0000
   2013.62517123      0.0000
   2013.62519977      0.0000
   2013.62522831      0.0000
   2013.62525685      0.1451
   2013.62528539      0.2887
   2013.62531393      0.8172
   2013.62534247      2.1562
   2013.62537100      4.1744
   2013.62539954      7.7707
   2013.62542808     13.6058
   2013.62545662     17.2516
   2013.62548516     18.8287
   2013.62551370     18.4385
   2013.62554224     17.2522
   2013.62557078     15.7509
   2013.62559932     15.0737
   2013.62562785     14.3206
   2013.62565639     13.3030
   2013.62568493     11.4401
   2013.62571347     11.1631
   2013.62574201     10.5533
   2013.62577055      9.7312
   2013.62579909      8.7810
   2013.62582763      8.6950
   2013.62585616      8.3140
   2013.62588470      8.3128
   2013.62591324      7.9191
   2013.62594178      8.2763
   2013.62597032      8.3183
   2013.62599886      8.4914
   2013.62602740      8.7790
   2013.62605594      9.1476
   2013.62608447      9.1739
   2013.62611301      9.4817
   2013.62614155      9.1670
   2013.62617009      9.9163
   2013.62619863      9.8742
   2013.62622717      9.9740
   2013.62625571      9.7601
   2013.62628425     10.5233
   2013.62631279     10.5861
   2013.62634132     10.4926
   2013.62636986     10.2697
   2013.62639840     11.0468
   2013.62642694     11.1084
   2013.62645548     10.9926
   2013.62648402     10.7609
   2013.62651256     11.5561
   2013.62654110     11.6013
   2013.62656963     11.4381
   2013.62659817     11.1350
   2013.62662671     11.9439
   2013.62665525     11.9482
   2013.62668379     11.7377
   2013.62671233     11.4227
   2013.62674087     12.1775
   2013.62676941     12.1363
   2013.62679795     11.8765
   2013.62682648     11.5102
   2013.62685502     11.9658
   2013.62688356     11.9891
   2013.62691210     11.7431
   2013.62694064     11.4163
   2013.62696918     11.8595
   2013.62699772     11.8365
   2013.62702626     11.5629
   2013.62705479     11.1726
   2013.62708333     11.6100
   2013.62711187     11.5203
   2013.62714041     11.2321
   2013.62716895     10.8127
   2013.62719749     11.2343
   2013.62722603     11.1238
   2013.62725457     10.9769
   2013.62728311     10.3732
   2013.62731164     10.8003
   2013.62734018     10.6849
   2013.62736872     10.4951
   2013.62739726      9.9647
   2013.62742580     10.3707
   2013.62745434     10.2378
   2013.62748288     10.0132
   2013.62751142      9.5130
   2013.62753995      9.8764
   2013.62756849      9.8383
   2013.62759703      9.5003
   2013.62762557      9.1160
   2013.62765411      9.3730
   2013.62768265      9.4212
   2013.62771119      9.0375
   2013.62773973      8.7303
   2013.62776826      8.9417
   2013.62779680      8.8586
   2013.62782534      8.7655
   2013.62785388      8.4129
   2013.62788242      8.6620
   2013.62791096      8.6102
   2013.62793950      8.4610
   2013.62796804      8.1877
   2013.62799658      8.4376
   2013.62802511      8.2914
   2013.62805365      8.2028
   2013.62808219      7.9971
   2013.62811073      8.2955
   2013.62813927      8.1673
   2013.62816781      8.1024
   2013.62819635      7.9169
   2013.62822489      8.2541
   2013.62825342      8.1535
   2013.62828196      8.1139
   2013.62831050      7.9620
   2013.62833904      8.3127
   2013.62836758      8.2486
   2013.62839612      8.3212
   2013.62842466      8.1473
   2013.62845320      8.4900
   2013.62848174      8.5411
   2013.62851027      8.5469
   2013.62853881      8.5624
   2013.62856735      8.7646
   2013.62859589      8.7861
   2013.62862443      8.8200
   2013.62865297      8.7145
   2013.62868151      9.2567
   2013.62871005      9.1842
   2013.62873858      9.2042
   2013.62876712      9.0746
   2013.62879566      9.7529
   2013.62882420      9.8280
   2013.62885274      9.7690
   2013.62888128      9.5430
   2013.62890982     10.3203
   2013.62893836     10.2462
   2013.62896689     10.3902
   2013.62899543     10.0524
   2013.62902397     10.8548
   2013.62905251     10.9046
   2013.62908105     10.7885
   2013.62910959     10.5301
   2013.62913813     11.3388
   2013.62916667     11.3901
   2013.62919521     11.2552
   2013.62922374     11.0395
   2013.62925228     11.8142
   2013.62928082     11.8479
   2013.62930936     11.6671
   2013.62933790     11.6244
   2013.62936644     13.2701
   2013.62939498     12.9947
   2013.62942352     12.3344
   2013.62945205     11.4867
   2013.62948059     11.0964
   2013.62950913     11.7160
   2013.62953767     13.4626
   2013.62956621     13.1953
   2013.62959475     12.2642
   2013.62962329     10.8987
   2013.62965183      9.8277
   2013.62968037      9.3741
   2013.62970890      9.4011
   2013.62973744     10.1305
   2013.62976598     10.1426
   2013.62979452      9.4071
   2013.62982306      8.5381
   2013.62985160      8.5804
   2013.62988014      6.6111
   2013.62990868      6.1295
   2013.62993721      6.1729
   2013.62996575      5.3888
   2013.62999429      5.5153
   2013.63002283      4.6348
   2013.63005137      4.5963
   2013.63007991      3.8101
   2013.63010845      3.3719
   2013.63013699      3.0342
   2013.63016553      2.6887
   2013.63019406      2.5083
   2013.63022260      2.2462
   2013.63025114      2.0334
   2013.63027968      1.7579
   2013.63030822      1.6210
   2013.63033676      1.4739
   2013.63036530      1.3408
   2013.63039384      1.2491
   2013.63042237      1.1201
   2013.63045091      1.0049
   2013.63047945      0.9328
   2013.63050799      0.8530
   2013.63053653      0.7776
   2013.63056507      0.7082
   2013.63059361      0.6455
   2013.63062215      0.5893
   2013.63065068      0.5389
   2013.63067922      0.4938
   2013.63070776      0.4535
   2013.63073630      0.4173
   2013.63076484      0.3846
   2013.63079338      0.3548
   2013.63082192      0.3278
   2013.63085046      0.3031
   2013.63087900      0.2806
   2013.63090753      0.2600
   2013.63093607      0.2411
   2013.63096461      0.2236
   2013.63099315      0.2075
   2013.63102169      0.1927
   2013.63105023      0.1791
   2013.63107877      0.1666
   2013.63110731      0.1551
   2013.63113584      0.1446
   2013.63116438      0.1348
   2013.63119292      0.1259
   2013.63122146      0.1175
   2013.63125000      0.1098
   2013.63127854      0.1027
