   2013.62465753      0.0000
   2013.62468607      0.0000
   2013.62471461      0.0000
   2013.62474315      0.0000
   2013.62477169      0.0000
   2013.62480023      0.0000
   2013.62482877      0.0000
   2013.62485731      0.0000
   2013.62488584      0.0000
   2013.62491438      0.0000
   2013.62494292      0.0000
   2013.62497146      0.0000
   2013.62500000      0.0000
   2013.62502854      0.0000
   2013.62505708      0.0000
   2013.62508562      0.0000
   2013.62511416      0.0000
   2013.62514269      0.0000
   2013.62517123      0.0000
   2013.62519977      0.0000
   2013.62522831      0.0000
   2013.62525685      0.0000
   2013.62528539      0.0000
   2013.62531393      0.0000
   2013.62534247      0.0000
   2013.62537100      0.0000
   2013.62539954      0.0000
   2013.62542808      0.0000
   2013.62545662      0.0000
   2013.62548516      0.0000
   2013.62551370      0.0000
   2013.62554224      0.0000
   2013.62557078      0.0000
   2013.62559932      0.0000
   2013.62562785      0.0000
   2013.62565639      0.0000
   2013.62568493      0.0000
   2013.62571347      0.0000
   2013.62574201      0.0000
   2013.62577055      0.0000
   2013.62579909      0.0000
   2013.62582763      0.0000
   2013.62585616      0.0000
   2013.62588470      0.0000
   2013.62591324      0.0000
   2013.62594178      0.0000
   2013.62597032      0.0000
   2013.62599886      0.0000
   2013.62602740      0.0000
   2013.62605594      0.0000
   2013.62608447      0.0000
   2013.62611301      0.0000
   2013.62614155      0.0000
   2013.62617009      0.0008
   2013.62619863      0.0022
   2013.62622717      0.0032
   2013.62625571      0.0041
   2013.62628425      0.0052
   2013.62631279      0.0398
   2013.62634132      0.0899
   2013.62636986      0.1735
   2013.62639840      0.3430
   2013.62642694      0.6429
   2013.62645548      1.1281
   2013.62648402      1.9052
   2013.62651256      3.1346
   2013.62654110      4.9611
   2013.62656963      7.0332
   2013.62659817      8.5781
   2013.62662671      9.4568
   2013.62665525      9.9164
   2013.62668379     10.1731
   2013.62671233     10.3063
   2013.62674087     10.4372
   2013.62676941      9.9100
   2013.62679795      9.6207
   2013.62682648      9.0356
   2013.62685502      8.5229
   2013.62688356      7.9337
   2013.62691210      7.3020
   2013.62694064      6.7523
   2013.62696918      6.4130
   2013.62699772      5.7272
   2013.62702626      4.7530
   2013.62705479      4.5633
   2013.62708333      3.8306
   2013.62711187      3.3855
   2013.62714041      3.0501
   2013.62716895      2.7300
   2013.62719749      2.4463
   2013.62722603      2.1767
   2013.62725457      1.9567
   2013.62728311      1.7688
   2013.62731164      1.6050
   2013.62734018      1.4594
   2013.62736872      1.3296
   2013.62739726      1.2352
   2013.62742580      1.1194
   2013.62745434      1.0090
   2013.62748288      0.9449
   2013.62751142      0.8726
   2013.62753995      0.8047
   2013.62756849      0.7426
   2013.62759703      0.6863
   2013.62762557      0.6365
   2013.62765411      0.5921
   2013.62768265      0.5523
   2013.62771119      0.5164
   2013.62773973      0.4842
   2013.62776826      0.4548
   2013.62779680      0.4278
   2013.62782534      0.4030
   2013.62785388      0.3802
   2013.62788242      0.3590
   2013.62791096      0.3394
   2013.62793950      0.3214
   2013.62796804      0.3048
   2013.62799658      0.2893
   2013.62802511      0.2750
   2013.62805365      0.2616
   2013.62808219      0.2493
   2013.62811073      0.2376
   2013.62813927      0.2266
   2013.62816781      0.2162
   2013.62819635      0.2066
   2013.62822489      0.1976
   2013.62825342      0.1891
   2013.62828196      0.1811
   2013.62831050      0.1737
   2013.62833904      0.1666
   2013.62836758      0.1599
   2013.62839612      0.1536
   2013.62842466      0.1477
   2013.62845320      0.1421
   2013.62848174      0.1367
   2013.62851027      0.1317
   2013.62853881      0.1270
   2013.62856735      0.1225
   2013.62859589      0.1182
   2013.62862443      0.1141
   2013.62865297      0.1103
   2013.62868151      0.1067
   2013.62871005      0.1031
