   2013.62465753      0.0000
   2013.62468607      0.0000
   2013.62471461      0.0000
   2013.62474315      0.0000
   2013.62477169      0.0000
   2013.62480023      0.0000
   2013.62482877      0.0000
   2013.62485731      0.0000
   2013.62488584      0.0000
   2013.62491438      0.0000
   2013.62494292      0.0000
   2013.62497146      0.0000
   2013.62500000      0.0000
   2013.62502854      0.0000
   2013.62505708      0.0000
   2013.62508562      0.0000
   2013.62511416      0.0000
   2013.62514269      0.0000
   2013.62517123      0.0000
   2013.62519977      0.0000
   2013.62522831      0.0000
   2013.62525685      0.0000
   2013.62528539      0.0000
   2013.62531393      0.0000
   2013.62534247      0.0000
   2013.62537100      0.0000
   2013.62539954      0.0000
   2013.62542808      0.0000
   2013.62545662      0.0000
   2013.62548516      0.0000
   2013.62551370      0.0000
   2013.62554224      0.0000
   2013.62557078      0.0000
   2013.62559932      0.0000
   2013.62562785      0.0000
   2013.62565639      0.0000
   2013.62568493      0.0000
   2013.62571347      0.0000
   2013.62574201      0.0000
   2013.62577055      0.0000
   2013.62579909      0.0000
   2013.62582763      0.0060
   2013.62585616      0.0110
   2013.62588470      0.0355
   2013.62591324      0.0651
   2013.62594178      0.1111
   2013.62597032      0.1884
   2013.62599886      0.2896
   2013.62602740      0.4308
   2013.62605594      0.6031
   2013.62608447      0.8100
   2013.62611301      1.1065
   2013.62614155      1.5977
   2013.62617009      2.3222
   2013.62619863      2.9299
   2013.62622717      3.3699
   2013.62625571      3.7192
   2013.62628425      3.6675
   2013.62631279      3.6819
   2013.62634132      3.6763
   2013.62636986      3.8255
   2013.62639840      3.8233
   2013.62642694      3.9018
   2013.62645548      3.9321
   2013.62648402      4.2284
   2013.62651256      4.3881
   2013.62654110      4.6157
   2013.62656963      4.7404
   2013.62659817      5.0214
   2013.62662671      5.3242
   2013.62665525      5.3766
   2013.62668379      5.6099
   2013.62671233      5.8310
   2013.62674087      6.1359
   2013.62676941      6.0353
   2013.62679795      5.9941
   2013.62682648      5.8281
   2013.62685502      6.0077
   2013.62688356      5.9193
   2013.62691210      5.9004
   2013.62694064      5.3760
   2013.62696918      5.7216
   2013.62699772      5.4283
   2013.62702626      5.3720
   2013.62705479      4.9808
   2013.62708333      5.1302
   2013.62711187      4.8630
   2013.62714041      4.7737
   2013.62716895      4.5681
   2013.62719749      4.6055
   2013.62722603      4.5255
   2013.62725457      4.3969
   2013.62728311      4.0187
   2013.62731164      4.1570
   2013.62734018      4.2454
   2013.62736872      4.0103
   2013.62739726      3.7799
   2013.62742580      3.6393
   2013.62745434      3.4759
   2013.62748288      3.5575
   2013.62751142      3.2820
   2013.62753995      3.1443
   2013.62756849      2.9694
   2013.62759703      2.8078
   2013.62762557      2.7090
   2013.62765411      2.6168
   2013.62768265      2.4367
   2013.62771119      2.2920
   2013.62773973      2.1494
   2013.62776826      2.0296
   2013.62779680      1.9253
   2013.62782534      1.8280
   2013.62785388      1.7306
   2013.62788242      1.6262
   2013.62791096      1.5254
   2013.62793950      1.4361
   2013.62796804      1.3548
   2013.62799658      1.2788
   2013.62802511      1.2048
   2013.62805365      1.1314
   2013.62808219      1.0789
   2013.62811073      1.0059
   2013.62813927      0.9314
   2013.62816781      0.8879
   2013.62819635      0.8357
   2013.62822489      0.7844
   2013.62825342      0.7351
   2013.62828196      0.6886
   2013.62831050      0.6460
   2013.62833904      0.6073
   2013.62836758      0.5715
   2013.62839612      0.5384
   2013.62842466      0.5077
   2013.62845320      0.4792
   2013.62848174      0.4527
   2013.62851027      0.4283
   2013.62853881      0.4055
   2013.62856735      0.3841
   2013.62859589      0.3639
   2013.62862443      0.3447
   2013.62865297      0.3264
   2013.62868151      0.3090
   2013.62871005      0.2924
   2013.62873858      0.2766
   2013.62876712      0.2616
   2013.62879566      0.2474
   2013.62882420      0.2340
   2013.62885274      0.2212
   2013.62888128      0.2090
   2013.62890982      0.1975
   2013.62893836      0.1868
   2013.62896689      0.1767
   2013.62899543      0.1674
   2013.62902397      0.1588
   2013.62905251      0.1507
   2013.62908105      0.1433
   2013.62910959      0.1363
   2013.62913813      0.1300
   2013.62916667      0.1241
   2013.62919521      0.1188
   2013.62922374      0.1140
   2013.62925228      0.1097
   2013.62928082      0.1061
   2013.62930936      0.1030
   2013.62933790      0.1008
