   2013.62465753      0.0000
   2013.62468607      0.0000
   2013.62471461      0.0000
   2013.62474315      0.0000
   2013.62477169      0.0000
   2013.62480023      0.0000
   2013.62482877      0.0000
   2013.62485731      0.0000
   2013.62488584      0.0000
   2013.62491438      0.0000
   2013.62494292      0.0000
   2013.62497146      0.0000
   2013.62500000      0.0000
   2013.62502854      0.0000
   2013.62505708      0.0000
   2013.62508562      0.0000
   2013.62511416      0.0000
   2013.62514269      0.0000
   2013.62517123      0.0000
   2013.62519977      0.0000
   2013.62522831      0.0000
   2013.62525685      0.0000
   2013.62528539      0.0000
   2013.62531393      0.0000
   2013.62534247      0.0000
   2013.62537100      0.0000
   2013.62539954      0.0000
   2013.62542808      0.0000
   2013.62545662      0.0000
   2013.62548516      0.0000
   2013.62551370      0.0000
   2013.62554224      0.0000
   2013.62557078      0.0000
   2013.62559932      0.0000
   2013.62562785      0.0000
   2013.62565639      0.0000
   2013.62568493      0.0000
   2013.62571347      0.0000
   2013.62574201      0.0000
   2013.62577055      0.0000
   2013.62579909      0.0000
   2013.62582763      0.0000
   2013.62585616      0.0000
   2013.62588470      0.0000
   2013.62591324      0.0000
   2013.62594178      0.0000
   2013.62597032      0.0000
   2013.62599886      0.0000
   2013.62602740      0.0000
   2013.62605594      0.0014
   2013.62608447      0.0015
   2013.62611301      0.0017
   2013.62614155      0.0022
   2013.62617009      0.0023
   2013.62619863      0.0025
   2013.62622717      0.0197
   2013.62625571      0.0538
   2013.62628425      0.0849
   2013.62631279      0.1390
   2013.62634132      0.2214
   2013.62636986      0.3400
   2013.62639840      0.4900
   2013.62642694      0.7169
   2013.62645548      1.0335
   2013.62648402      1.5232
   2013.62651256      2.1817
   2013.62654110      2.9553
   2013.62656963      3.6177
   2013.62659817      4.0735
   2013.62662671      4.2882
   2013.62665525      4.3459
   2013.62668379      4.5839
   2013.62671233      4.2224
   2013.62674087      4.1263
   2013.62676941      3.9327
   2013.62679795      3.9749
   2013.62682648      3.5261
   2013.62685502      3.4113
   2013.62688356      3.2589
   2013.62691210      3.0645
   2013.62694064      2.8982
   2013.62696918      2.7142
   2013.62699772      2.5495
   2013.62702626      2.3901
   2013.62705479      2.2291
   2013.62708333      2.1490
   2013.62711187      2.0365
   2013.62714041      1.9288
   2013.62716895      1.8534
   2013.62719749      1.7728
   2013.62722603      1.7039
   2013.62725457      1.6331
   2013.62728311      1.5830
   2013.62731164      1.5270
   2013.62734018      1.4808
   2013.62736872      1.4314
   2013.62739726      1.3931
   2013.62742580      1.3492
   2013.62745434      1.3128
   2013.62748288      1.2671
   2013.62751142      1.2298
   2013.62753995      1.1971
   2013.62756849      1.1633
   2013.62759703      1.1292
   2013.62762557      1.0848
   2013.62765411      1.0916
   2013.62768265      1.0305
   2013.62771119      0.9886
   2013.62773973      0.9578
   2013.62776826      0.9049
   2013.62779680      0.8885
   2013.62782534      0.8595
   2013.62785388      0.8287
   2013.62788242      0.7970
   2013.62791096      0.7654
   2013.62793950      0.7356
   2013.62796804      0.7088
   2013.62799658      0.6824
   2013.62802511      0.6567
   2013.62805365      0.6322
   2013.62808219      0.6096
   2013.62811073      0.5866
   2013.62813927      0.5642
   2013.62816781      0.5428
   2013.62819635      0.5248
   2013.62822489      0.5056
   2013.62825342      0.4868
   2013.62828196      0.4689
   2013.62831050      0.4542
   2013.62833904      0.4382
   2013.62836758      0.4224
   2013.62839612      0.4074
   2013.62842466      0.3977
   2013.62845320      0.3851
   2013.62848174      0.3723
   2013.62851027      0.3602
   2013.62853881      0.3544
   2013.62856735      0.3449
   2013.62859589      0.3352
   2013.62862443      0.3261
   2013.62865297      0.3254
   2013.62868151      0.3197
   2013.62871005      0.3134
   2013.62873858      0.3077
   2013.62876712      0.3112
   2013.62879566      0.3092
   2013.62882420      0.3064
   2013.62885274      0.3043
   2013.62888128      0.3138
   2013.62890982      0.3164
   2013.62893836      0.3180
   2013.62896689      0.3206
   2013.62899543      0.3365
   2013.62902397      0.3232
   2013.62905251      0.3181
   2013.62908105      0.3145
   2013.62910959      0.3243
   2013.62913813      0.3239
   2013.62916667      0.3206
   2013.62919521      0.3163
   2013.62922374      0.3252
   2013.62925228      0.3222
   2013.62928082      0.3158
   2013.62930936      0.3096
   2013.62933790      0.3191
   2013.62936644      0.3198
   2013.62939498      0.3194
   2013.62942352      0.3210
   2013.62945205      0.3396
   2013.62948059      0.3503
   2013.62950913      0.3606
   2013.62953767      0.3732
   2013.62956621      0.4067
   2013.62959475      0.4276
   2013.62962329      0.4416
   2013.62965183      0.4522
   2013.62968037      0.4575
   2013.62970890      0.4543
   2013.62973744      0.4439
   2013.62976598      0.4288
   2013.62979452      0.4108
   2013.62982306      0.3915
   2013.62985160      0.3725
   2013.62988014      0.3550
   2013.62990868      0.3389
   2013.62993721      0.3236
   2013.62996575      0.3085
   2013.62999429      0.2932
   2013.63002283      0.2779
   2013.63005137      0.2628
   2013.63007991      0.2480
   2013.63010845      0.2337
   2013.63013699      0.2198
   2013.63016553      0.2065
   2013.63019406      0.1939
   2013.63022260      0.1819
   2013.63025114      0.1707
   2013.63027968      0.1601
   2013.63030822      0.1502
   2013.63033676      0.1408
   2013.63036530      0.1320
   2013.63039384      0.1237
   2013.63042237      0.1159
   2013.63045091      0.1086
   2013.63047945      0.1017
