   2013.62465753      0.0000
   2013.62468607      0.0000
   2013.62471461      0.0000
   2013.62474315      0.0000
   2013.62477169      0.0000
   2013.62480023      0.0000
   2013.62482877      0.0000
   2013.62485731      0.0000
   2013.62488584      0.0000
   2013.62491438      0.0000
   2013.62494292      0.0000
   2013.62497146      0.0000
   2013.62500000      0.0000
   2013.62502854      0.0000
   2013.62505708      0.0000
   2013.62508562      0.0000
   2013.62511416      0.0000
   2013.62514269      0.0000
   2013.62517123      0.0000
   2013.62519977      0.0000
   2013.62522831      0.0000
   2013.62525685      0.0000
   2013.62528539      0.0000
   2013.62531393      0.0000
   2013.62534247      0.0000
   2013.62537100      0.0000
   2013.62539954      0.0000
   2013.62542808      0.0000
   2013.62545662      0.0000
   2013.62548516      0.0000
   2013.62551370      0.0000
   2013.62554224      0.0000
   2013.62557078      0.0000
   2013.62559932      0.0000
   2013.62562785      0.0000
   2013.62565639      0.0000
   2013.62568493      0.0000
   2013.62571347      0.0000
   2013.62574201      0.0000
   2013.62577055      0.0000
   2013.62579909      0.0000
   2013.62582763      0.0000
   2013.62585616      0.0000
   2013.62588470      0.0000
   2013.62591324      0.0000
   2013.62594178      0.0000
   2013.62597032      0.0000
   2013.62599886      0.0000
   2013.62602740      0.0000
   2013.62605594      0.0000
   2013.62608447      0.0000
   2013.62611301      0.0000
   2013.62614155      0.0000
   2013.62617009      0.0000
   2013.62619863      0.0000
   2013.62622717      0.0000
   2013.62625571      0.0000
   2013.62628425      0.0000
   2013.62631279      0.0000
   2013.62634132      0.0000
   2013.62636986      0.0000
   2013.62639840      0.0000
   2013.62642694      0.0000
   2013.62645548      0.0000
   2013.62648402      0.0000
   2013.62651256      0.0000
   2013.62654110      0.0000
   2013.62656963      0.0000
   2013.62659817      0.0000
   2013.62662671      0.0000
   2013.62665525      0.0000
   2013.62668379      0.0000
   2013.62671233      0.0000
   2013.62674087      0.1484
   2013.62676941      0.2824
   2013.62679795      0.7644
   2013.62682648      1.8983
   2013.62685502      3.3465
   2013.62688356      5.7332
   2013.62691210      9.6657
   2013.62694064     13.0839
   2013.62696918     13.5732
   2013.62699772     13.0530
   2013.62702626     12.2848
   2013.62705479     11.1102
   2013.62708333     10.3916
   2013.62711187      9.3619
   2013.62714041      8.4489
   2013.62716895      7.4222
   2013.62719749      7.3617
   2013.62722603      6.5151
   2013.62725457      5.8646
   2013.62728311      5.1978
   2013.62731164      4.6811
   2013.62734018      4.5714
   2013.62736872      3.8282
   2013.62739726      3.4203
   2013.62742580      3.0831
   2013.62745434      2.7663
   2013.62748288      2.5036
   2013.62751142      2.2132
   2013.62753995      1.9932
   2013.62756849      1.7956
   2013.62759703      1.6187
   2013.62762557      1.4672
   2013.62765411      1.3308
   2013.62768265      1.2276
   2013.62771119      1.1055
   2013.62773973      0.9943
   2013.62776826      0.9171
   2013.62779680      0.8374
   2013.62782534      0.7639
   2013.62785388      0.6967
   2013.62788242      0.6364
   2013.62791096      0.5824
   2013.62793950      0.5339
   2013.62796804      0.4907
   2013.62799658      0.4519
   2013.62802511      0.4171
   2013.62805365      0.3854
   2013.62808219      0.3565
   2013.62811073      0.3300
   2013.62813927      0.3057
   2013.62816781      0.2835
   2013.62819635      0.2632
   2013.62822489      0.2444
   2013.62825342      0.2270
   2013.62828196      0.2108
   2013.62831050      0.1984
   2013.62833904      0.1850
   2013.62836758      0.1721
   2013.62839612      0.1602
   2013.62842466      0.1546
   2013.62845320      0.1451
   2013.62848174      0.1354
   2013.62851027      0.1264
   2013.62853881      0.1257
   2013.62856735      0.1190
   2013.62859589      0.1114
   2013.62862443      0.1043
