   2013.62465753      0.0000
   2013.62468607      0.0000
   2013.62471461      0.0000
   2013.62474315      0.0000
   2013.62477169      0.0000
   2013.62480023      0.0000
   2013.62482877      0.0000
   2013.62485731      0.0000
   2013.62488584      0.0000
   2013.62491438      0.0000
   2013.62494292      0.0000
   2013.62497146      0.0000
   2013.62500000      0.0000
   2013.62502854      0.0000
   2013.62505708      0.0000
   2013.62508562      0.0000
   2013.62511416      0.0000
   2013.62514269      0.0000
   2013.62517123      0.0000
   2013.62519977      0.0000
   2013.62522831      0.0000
   2013.62525685      0.0000
   2013.62528539      0.0000
   2013.62531393      0.0000
   2013.62534247      0.0000
   2013.62537100      0.1286
   2013.62539954      0.2358
   2013.62542808      0.6116
   2013.62545662      1.6104
   2013.62548516      3.0121
   2013.62551370      5.2735
   2013.62554224      9.2292
   2013.62557078     13.1541
   2013.62559932     15.5544
   2013.62562785     15.8697
   2013.62565639     14.9262
   2013.62568493     13.7552
   2013.62571347     13.5483
   2013.62574201     12.9579
   2013.62577055     12.3031
   2013.62579909     11.2206
   2013.62582763     11.1198
   2013.62585616     10.5871
   2013.62588470      9.8750
   2013.62591324      8.9332
   2013.62594178      8.8852
   2013.62597032      8.5417
   2013.62599886      8.3907
   2013.62602740      8.3961
   2013.62605594      8.5557
   2013.62608447      8.7378
   2013.62611301      8.8719
   2013.62614155      8.9451
   2013.62617009      9.7534
   2013.62619863     10.0533
   2013.62622717     10.2111
   2013.62625571     10.8291
   2013.62628425     13.0852
   2013.62631279     13.0105
   2013.62634132     12.3624
   2013.62636986     11.6309
   2013.62639840     11.2536
   2013.62642694     11.9234
   2013.62645548     13.2137
   2013.62648402     13.7716
   2013.62651256     14.3854
   2013.62654110     15.2014
   2013.62656963     15.0120
   2013.62659817     13.6250
   2013.62662671     11.9091
   2013.62665525     10.0826
   2013.62668379      8.5089
   2013.62671233      7.1890
   2013.62674087      5.9297
   2013.62676941      4.9862
   2013.62679795      4.3188
   2013.62682648      3.6700
   2013.62685502      3.1543
   2013.62688356      2.8512
   2013.62691210      2.3429
   2013.62694064      2.0651
   2013.62696918      1.8123
   2013.62699772      1.5947
   2013.62702626      1.4877
   2013.62705479      1.2576
   2013.62708333      1.0817
   2013.62711187      0.9943
   2013.62714041      0.8952
   2013.62716895      0.8029
   2013.62719749      0.7206
   2013.62722603      0.6482
   2013.62725457      0.5850
   2013.62728311      0.5292
   2013.62731164      0.4801
   2013.62734018      0.4368
   2013.62736872      0.3985
   2013.62739726      0.3644
   2013.62742580      0.3339
   2013.62745434      0.3064
   2013.62748288      0.2817
   2013.62751142      0.2594
   2013.62753995      0.2390
   2013.62756849      0.2204
   2013.62759703      0.2034
   2013.62762557      0.1879
   2013.62765411      0.1738
   2013.62768265      0.1610
   2013.62771119      0.1492
   2013.62773973      0.1385
   2013.62776826      0.1287
   2013.62779680      0.1196
   2013.62782534      0.1113
   2013.62785388      0.1036
