   2013.62465753      0.0000
   2013.62468607      0.0000
   2013.62471461      0.0000
   2013.62474315      0.0000
   2013.62477169      0.0000
   2013.62480023      0.0000
   2013.62482877      0.0000
   2013.62485731      0.0000
   2013.62488584      0.0000
   2013.62491438      0.0002
   2013.62494292      0.0004
   2013.62497146      0.0006
   2013.62500000      0.0021
   2013.62502854      0.0018
   2013.62505708      0.0017
   2013.62508562      0.0016
   2013.62511416      0.0033
   2013.62514269      0.0029
   2013.62517123      0.0270
   2013.62519977      0.0565
   2013.62522831      0.0929
   2013.62525685      0.1511
   2013.62528539      0.2343
   2013.62531393      0.3436
   2013.62534247      0.5272
   2013.62537100      0.7741
   2013.62539954      1.0782
   2013.62542808      1.4977
   2013.62545662      2.1458
   2013.62548516      2.8581
   2013.62551370      3.4298
   2013.62554224      3.8904
   2013.62557078      4.3202
   2013.62559932      4.4962
   2013.62562785      4.5339
   2013.62565639      4.6309
   2013.62568493      4.8504
   2013.62571347      4.9021
   2013.62574201      4.8185
   2013.62577055      4.8614
   2013.62579909      4.5988
   2013.62582763      4.7382
   2013.62585616      4.6915
   2013.62588470      4.5604
   2013.62591324      4.2750
   2013.62594178      4.4905
   2013.62597032      4.3699
   2013.62599886      4.2118
   2013.62602740      4.0294
   2013.62605594      4.1769
   2013.62608447      4.1153
   2013.62611301      4.0337
   2013.62614155      3.9183
   2013.62617009      4.2061
   2013.62619863      4.2573
   2013.62622717      4.3758
   2013.62625571      4.3788
   2013.62628425      4.8096
   2013.62631279      5.0695
   2013.62634132      5.4100
   2013.62636986      5.5101
   2013.62639840      6.0602
   2013.62642694      6.3581
   2013.62645548      6.6177
   2013.62648402      6.5826
   2013.62651256      7.0277
   2013.62654110      7.2548
   2013.62656963      7.3764
   2013.62659817      7.2844
   2013.62662671      7.6342
   2013.62665525      7.6968
   2013.62668379      7.8649
   2013.62671233      7.6562
   2013.62674087      7.9779
   2013.62676941      8.0043
   2013.62679795      8.1686
   2013.62682648      7.8314
   2013.62685502      8.1065
   2013.62688356      8.0838
   2013.62691210      8.2312
   2013.62694064      7.7887
   2013.62696918      8.0214
   2013.62699772      8.1015
   2013.62702626      7.9533
   2013.62705479      7.5742
   2013.62708333      7.7680
   2013.62711187      7.6971
   2013.62714041      7.4652
   2013.62716895      7.1108
   2013.62719749      7.3075
   2013.62722603      7.1814
   2013.62725457      6.9433
   2013.62728311      6.5038
   2013.62731164      6.9752
   2013.62734018      6.5612
   2013.62736872      6.3191
   2013.62739726      6.0166
   2013.62742580      6.2468
   2013.62745434      5.8930
   2013.62748288      5.8454
   2013.62751142      5.3693
   2013.62753995      5.4001
   2013.62756849      5.2476
   2013.62759703      5.1317
   2013.62762557      4.7663
   2013.62765411      4.7882
   2013.62768265      4.7013
   2013.62771119      4.5116
   2013.62773973      4.1785
   2013.62776826      4.2165
   2013.62779680      4.1225
   2013.62782534      3.9161
   2013.62785388      3.7312
   2013.62788242      3.7309
   2013.62791096      3.6143
   2013.62793950      3.6796
   2013.62796804      3.2370
   2013.62799658      3.3548
   2013.62802511      3.2709
   2013.62805365      3.1394
   2013.62808219      3.0396
   2013.62811073      3.0690
   2013.62813927      3.0649
   2013.62816781      2.9387
   2013.62819635      2.9620
   2013.62822489      2.8812
   2013.62825342      2.9078
   2013.62828196      2.8198
   2013.62831050      2.8721
   2013.62833904      2.8894
   2013.62836758      2.8124
   2013.62839612      2.8081
   2013.62842466      2.8979
   2013.62845320      2.9433
   2013.62848174      2.9000
   2013.62851027      2.9308
   2013.62853881      3.0133
   2013.62856735      3.1527
   2013.62859589      3.1487
   2013.62862443      3.2038
   2013.62865297      3.2393
   2013.62868151      3.5309
   2013.62871005      3.5493
   2013.62873858      3.7302
   2013.62876712      3.7358
   2013.62879566      4.1471
   2013.62882420      4.1901
   2013.62885274      4.4525
   2013.62888128      4.5891
   2013.62890982      5.2543
   2013.62893836      5.0413
   2013.62896689      5.2167
   2013.62899543      4.9908
   2013.62902397      5.4529
   2013.62905251      6.2706
   2013.62908105      6.7993
   2013.62910959      7.0897
   2013.62913813      7.1822
   2013.62916667      6.5838
   2013.62919521      6.0574
   2013.62922374      5.6369
   2013.62925228      5.4822
   2013.62928082      5.7020
   2013.62930936      6.0722
   2013.62933790      6.2730
   2013.62936644      6.6847
   2013.62939498      5.7609
   2013.62942352      5.6185
   2013.62945205      4.7503
   2013.62948059      4.1433
   2013.62950913      3.9790
   2013.62953767      3.6216
   2013.62956621      3.2293
   2013.62959475      3.0142
   2013.62962329      2.8358
   2013.62965183      2.6095
   2013.62968037      2.5100
   2013.62970890      2.2741
   2013.62973744      2.0637
   2013.62976598      1.7941
   2013.62979452      1.6268
   2013.62982306      1.4657
   2013.62985160      1.3849
   2013.62988014      1.1893
   2013.62990868      1.0770
   2013.62993721      0.9770
   2013.62996575      0.8883
   2013.62999429      0.8058
   2013.63002283      0.7298
   2013.63005137      0.6617
   2013.63007991      0.6018
   2013.63010845      0.5482
   2013.63013699      0.5004
   2013.63016553      0.4578
   2013.63019406      0.4196
   2013.63022260      0.3853
   2013.63025114      0.3543
   2013.63027968      0.3263
   2013.63030822      0.3009
   2013.63033676      0.2779
   2013.63036530      0.2570
   2013.63039384      0.2378
   2013.63042237      0.2200
   2013.63045091      0.2038
   2013.63047945      0.1890
   2013.63050799      0.1754
   2013.63053653      0.1630
   2013.63056507      0.1515
   2013.63059361      0.1410
   2013.63062215      0.1314
   2013.63065068      0.1225
   2013.63067922      0.1143
   2013.63070776      0.1067
