   2013.62465753      0.0000
   2013.62468607      0.0004
   2013.62471461      0.0017
   2013.62474315      0.0030
   2013.62477169      0.0041
   2013.62480023      0.0052
   2013.62482877      0.0301
   2013.62485731      0.0829
   2013.62488584      0.1292
   2013.62491438      0.2263
   2013.62494292      0.3745
   2013.62497146      0.5727
   2013.62500000      0.8107
   2013.62502854      1.1191
   2013.62505708      1.4396
   2013.62508562      1.9121
   2013.62511416      2.5138
   2013.62514269      3.0089
   2013.62517123      3.0646
   2013.62519977      2.9893
   2013.62522831      2.8308
   2013.62525685      2.7355
   2013.62528539      2.4201
   2013.62531393      2.0734
   2013.62534247      1.8766
   2013.62537100      1.6805
   2013.62539954      1.5012
   2013.62542808      1.4023
   2013.62545662      1.2091
   2013.62548516      1.0546
   2013.62551370      0.9712
   2013.62554224      0.8774
   2013.62557078      0.7894
   2013.62559932      0.7101
   2013.62562785      0.6399
   2013.62565639      0.5780
   2013.62568493      0.5230
   2013.62571347      0.4744
   2013.62574201      0.4314
   2013.62577055      0.3933
   2013.62579909      0.3592
   2013.62582763      0.3286
   2013.62585616      0.3011
   2013.62588470      0.2764
   2013.62591324      0.2539
   2013.62594178      0.2334
   2013.62597032      0.2146
   2013.62599886      0.1975
   2013.62602740      0.1820
   2013.62605594      0.1678
   2013.62608447      0.1549
   2013.62611301      0.1432
   2013.62614155      0.1324
   2013.62617009      0.1226
   2013.62619863      0.1135
   2013.62622717      0.1052
