   2013.62465753      0.0000
   2013.62468607      0.0000
   2013.62471461      0.0000
   2013.62474315      0.0000
   2013.62477169      0.0000
   2013.62480023      0.0000
   2013.62482877      0.0000
   2013.62485731      0.0000
   2013.62488584      0.0000
   2013.62491438      0.0000
   2013.62494292      0.0000
   2013.62497146      0.0000
   2013.62500000      0.0000
   2013.62502854      0.0000
   2013.62505708      0.0000
   2013.62508562      0.0000
   2013.62511416      0.0000
   2013.62514269      0.0000
   2013.62517123      0.0000
   2013.62519977      0.0000
   2013.62522831      0.0000
   2013.62525685      0.1382
   2013.62528539      0.2507
   2013.62531393      0.6458
   2013.62534247      1.6352
   2013.62537100      2.9203
   2013.62539954      4.9460
   2013.62542808      8.4332
   2013.62545662     12.2229
   2013.62548516     13.3098
   2013.62551370     13.1615
   2013.62554224     12.4505
   2013.62557078     11.9209
   2013.62559932     12.2314
   2013.62562785     12.1010
   2013.62565639     11.8086
   2013.62568493     11.5242
   2013.62571347     12.0487
   2013.62574201     12.1942
   2013.62577055     12.3576
   2013.62579909     11.8289
   2013.62582763     12.9588
   2013.62585616     12.7223
   2013.62588470     11.5578
   2013.62591324      9.9137
   2013.62594178      9.4983
   2013.62597032      8.8039
   2013.62599886      9.2305
   2013.62602740      9.9698
   2013.62605594     10.4400
   2013.62608447     10.2079
   2013.62611301      9.3396
   2013.62614155      8.4738
   2013.62617009      7.5748
   2013.62619863      6.8165
   2013.62622717      6.4749
   2013.62625571      6.4376
   2013.62628425      6.4817
   2013.62631279      6.7850
   2013.62634132      5.7423
   2013.62636986      5.1967
   2013.62639840      5.0225
   2013.62642694      4.0349
   2013.62645548      3.5034
   2013.62648402      3.0614
   2013.62651256      2.8396
   2013.62654110      2.4750
   2013.62656963      2.1624
   2013.62659817      1.9168
   2013.62662671      1.7059
   2013.62665525      1.5237
   2013.62668379      1.3139
   2013.62671233      1.2041
   2013.62674087      1.0836
   2013.62676941      0.9770
   2013.62679795      0.8920
   2013.62682648      0.8096
   2013.62685502      0.7347
   2013.62688356      0.6672
   2013.62691210      0.6075
   2013.62694064      0.5540
   2013.62696918      0.5062
   2013.62699772      0.4636
   2013.62702626      0.4256
   2013.62705479      0.3913
   2013.62708333      0.3603
   2013.62711187      0.3321
   2013.62714041      0.3065
   2013.62716895      0.2832
   2013.62719749      0.2619
   2013.62722603      0.2424
   2013.62725457      0.2244
   2013.62728311      0.2079
   2013.62731164      0.1927
   2013.62734018      0.1788
   2013.62736872      0.1660
   2013.62739726      0.1543
   2013.62742580      0.1436
   2013.62745434      0.1337
   2013.62748288      0.1246
   2013.62751142      0.1161
   2013.62753995      0.1083
   2013.62756849      0.1011
