   2013.62465753      0.0000
   2013.62468607      0.0000
   2013.62471461      0.0000
   2013.62474315      0.0000
   2013.62477169      0.0000
   2013.62480023      0.0000
   2013.62482877      0.0000
   2013.62485731      0.0000
   2013.62488584      0.0000
   2013.62491438      0.0003
   2013.62494292      0.0014
   2013.62497146      0.0022
   2013.62500000      0.0072
   2013.62502854      0.0061
   2013.62505708      0.0307
   2013.62508562      0.0765
   2013.62511416      0.1551
   2013.62514269      0.3161
   2013.62517123      0.6133
   2013.62519977      1.1366
   2013.62522831      1.9962
   2013.62525685      3.2298
   2013.62528539      5.1060
   2013.62531393      7.4082
   2013.62534247      9.1698
   2013.62537100     10.2296
   2013.62539954     10.7767
   2013.62542808     11.0298
   2013.62545662     11.2688
   2013.62548516     11.3329
   2013.62551370     11.4482
   2013.62554224     11.4648
   2013.62557078     11.5978
   2013.62559932     11.6673
   2013.62562785     11.7282
   2013.62565639     11.5715
   2013.62568493     11.3990
   2013.62571347     11.0144
   2013.62574201     10.5730
   2013.62577055      9.9727
   2013.62579909      9.4651
   2013.62582763      9.1599
   2013.62585616      8.7128
   2013.62588470      8.1445
   2013.62591324      7.6222
   2013.62594178      7.5130
   2013.62597032      7.2044
   2013.62599886      7.0545
   2013.62602740      7.1280
   2013.62605594      7.2453
   2013.62608447      7.5064
   2013.62611301      7.7848
   2013.62614155      8.2719
   2013.62617009      8.6632
   2013.62619863      9.1512
   2013.62622717      9.4356
   2013.62625571      9.9378
   2013.62628425     11.4057
   2013.62631279     11.8150
   2013.62634132     11.2588
   2013.62636986     10.5804
   2013.62639840     10.1053
   2013.62642694     10.6821
   2013.62645548     12.4671
   2013.62648402     13.6383
   2013.62651256     13.5929
   2013.62654110     12.4962
   2013.62656963     11.2099
   2013.62659817      9.9447
   2013.62662671      8.8882
   2013.62665525      8.5949
   2013.62668379      8.9509
   2013.62671233      9.1637
   2013.62674087      8.7347
   2013.62676941      7.7929
   2013.62679795      6.6118
   2013.62682648      5.8998
   2013.62685502      5.0380
   2013.62688356      4.4283
   2013.62691210      3.8337
   2013.62694064      3.3834
   2013.62696918      3.0792
   2013.62699772      2.7911
   2013.62702626      2.4951
   2013.62705479      2.2335
   2013.62708333      2.0190
   2013.62711187      1.8283
   2013.62714041      1.6520
   2013.62716895      1.4895
   2013.62719749      1.3800
   2013.62722603      1.2686
   2013.62725457      1.1332
   2013.62728311      1.0122
   2013.62731164      0.9274
   2013.62734018      0.8406
   2013.62736872      0.7610
   2013.62739726      0.6892
   2013.62742580      0.6255
   2013.62745434      0.5688
   2013.62748288      0.5182
   2013.62751142      0.4733
   2013.62753995      0.4334
   2013.62756849      0.3976
   2013.62759703      0.3653
   2013.62762557      0.3362
   2013.62765411      0.3098
   2013.62768265      0.2858
   2013.62771119      0.2641
   2013.62773973      0.2441
   2013.62776826      0.2258
   2013.62779680      0.2089
   2013.62782534      0.1935
   2013.62785388      0.1794
   2013.62788242      0.1665
   2013.62791096      0.1547
   2013.62793950      0.1438
   2013.62796804      0.1338
   2013.62799658      0.1247
   2013.62802511      0.1162
   2013.62805365      0.1083
   2013.62808219      0.1011
