   2013.62465753      0.0000
   2013.62468607      0.0000
   2013.62471461      0.0000
   2013.62474315      0.0000
   2013.62477169      0.0000
   2013.62480023      0.0000
   2013.62482877      0.0000
   2013.62485731      0.0000
   2013.62488584      0.0000
   2013.62491438      0.0047
   2013.62494292      0.0105
   2013.62497146      0.0632
   2013.62500000      0.1798
   2013.62502854      0.5040
   2013.62505708      1.3083
   2013.62508562      2.7331
   2013.62511416      4.5946
   2013.62514269      7.1008
   2013.62517123     10.3304
   2013.62519977     11.9749
   2013.62522831     11.6744
   2013.62525685     10.4281
   2013.62528539      9.1719
   2013.62531393      7.9039
   2013.62534247      6.7349
   2013.62537100      5.6439
   2013.62539954      4.9314
   2013.62542808      4.1606
   2013.62545662      3.6972
   2013.62548516      3.2845
   2013.62551370      2.8827
   2013.62554224      2.6071
   2013.62557078      2.2056
   2013.62559932      2.0854
   2013.62562785      1.8456
   2013.62565639      1.6503
   2013.62568493      1.5121
   2013.62571347      1.3802
   2013.62574201      1.3058
   2013.62577055      1.1578
   2013.62579909      1.0879
   2013.62582763      0.9905
   2013.62585616      0.9300
   2013.62588470      0.8636
   2013.62591324      0.8305
   2013.62594178      0.7834
   2013.62597032      0.7350
   2013.62599886      0.6946
   2013.62602740      0.6884
   2013.62605594      0.6650
   2013.62608447      0.6404
   2013.62611301      0.6215
   2013.62614155      0.6363
   2013.62617009      0.6189
   2013.62619863      0.6285
   2013.62622717      0.6231
   2013.62625571      0.6289
   2013.62628425      0.6416
   2013.62631279      0.6640
   2013.62634132      0.6859
   2013.62636986      0.7486
   2013.62639840      0.7639
   2013.62642694      0.8057
   2013.62645548      0.8455
   2013.62648402      0.9324
   2013.62651256      0.9951
   2013.62654110      1.0576
   2013.62656963      1.1230
   2013.62659817      1.2415
   2013.62662671      1.3149
   2013.62665525      1.3856
   2013.62668379      1.4343
   2013.62671233      1.5466
   2013.62674087      1.5940
   2013.62676941      1.6359
   2013.62679795      1.6570
   2013.62682648      1.7344
   2013.62685502      1.7779
   2013.62688356      1.7980
   2013.62691210      1.7895
   2013.62694064      1.8831
   2013.62696918      1.9434
   2013.62699772      1.9815
   2013.62702626      1.9443
   2013.62705479      1.9109
   2013.62708333      1.8507
   2013.62711187      1.8125
   2013.62714041      1.7886
   2013.62716895      1.8263
   2013.62719749      1.8783
   2013.62722603      1.8758
   2013.62725457      1.8280
   2013.62728311      1.7510
   2013.62731164      1.6621
   2013.62734018      1.5815
   2013.62736872      1.5094
   2013.62739726      1.4533
   2013.62742580      1.4046
   2013.62745434      1.3916
   2013.62748288      1.3543
   2013.62751142      1.3140
   2013.62753995      1.2666
   2013.62756849      1.2112
   2013.62759703      1.1493
   2013.62762557      1.1127
   2013.62765411      1.0295
   2013.62768265      0.9416
   2013.62771119      0.9050
   2013.62773973      0.8547
   2013.62776826      0.8045
   2013.62779680      0.7569
   2013.62782534      0.7115
   2013.62785388      0.6689
   2013.62788242      0.6294
   2013.62791096      0.5922
   2013.62793950      0.5569
   2013.62796804      0.5232
   2013.62799658      0.4912
   2013.62802511      0.4608
   2013.62805365      0.4321
   2013.62808219      0.4050
   2013.62811073      0.3793
   2013.62813927      0.3552
   2013.62816781      0.3325
   2013.62819635      0.3112
   2013.62822489      0.2913
   2013.62825342      0.2728
   2013.62828196      0.2555
   2013.62831050      0.2394
   2013.62833904      0.2242
   2013.62836758      0.2099
   2013.62839612      0.1965
   2013.62842466      0.1841
   2013.62845320      0.1724
   2013.62848174      0.1616
   2013.62851027      0.1514
   2013.62853881      0.1420
   2013.62856735      0.1331
   2013.62859589      0.1248
   2013.62862443      0.1170
   2013.62865297      0.1098
   2013.62868151      0.1029
