   2013.62465753      0.0000
   2013.62468607      0.0000
   2013.62471461      0.0000
   2013.62474315      0.0000
   2013.62477169      0.0000
   2013.62480023      0.0000
   2013.62482877      0.0000
   2013.62485731      0.0000
   2013.62488584      0.0000
   2013.62491438      0.0000
   2013.62494292      0.0000
   2013.62497146      0.0000
   2013.62500000      0.0000
   2013.62502854      0.0000
   2013.62505708      0.0000
   2013.62508562      0.0000
   2013.62511416      0.0000
   2013.62514269      0.0000
   2013.62517123      0.0000
   2013.62519977      0.0000
   2013.62522831      0.0000
   2013.62525685      0.0000
   2013.62528539      0.0000
   2013.62531393      0.0000
   2013.62534247      0.0000
   2013.62537100      0.0000
   2013.62539954      0.0000
   2013.62542808      0.0000
   2013.62545662      0.0000
   2013.62548516      0.0000
   2013.62551370      0.0000
   2013.62554224      0.0000
   2013.62557078      0.0000
   2013.62559932      0.4153
   2013.62562785      1.4759
   2013.62565639      4.5062
   2013.62568493      8.4646
   2013.62571347     16.8830
   2013.62574201     25.6814
   2013.62577055     25.6279
   2013.62579909     23.2071
   2013.62582763     20.0278
   2013.62585616     17.8087
   2013.62588470     16.1730
   2013.62591324     15.6811
   2013.62594178     14.5417
   2013.62597032     14.3361
   2013.62599886     14.2284
   2013.62602740     13.9854
   2013.62605594     14.8461
   2013.62608447     15.0196
   2013.62611301     15.2616
   2013.62614155     15.2657
   2013.62617009     16.3721
   2013.62619863     16.6214
   2013.62622717     16.9046
   2013.62625571     16.9023
   2013.62628425     18.3936
   2013.62631279     18.2898
   2013.62634132     18.6296
   2013.62636986     18.6169
   2013.62639840     20.0424
   2013.62642694     21.0392
   2013.62645548     21.2185
   2013.62648402     21.1923
   2013.62651256     21.5065
   2013.62654110     20.9692
   2013.62656963     20.4846
   2013.62659817     20.0139
   2013.62662671     20.5364
   2013.62665525     20.8173
   2013.62668379     21.2313
   2013.62671233     19.8243
   2013.62674087     18.3024
   2013.62676941     16.1606
   2013.62679795     14.0661
   2013.62682648     12.0318
   2013.62685502     10.1437
   2013.62688356      8.6092
   2013.62691210      8.0435
   2013.62694064      6.1945
   2013.62696918      5.3094
   2013.62699772      5.0353
   2013.62702626      3.9547
   2013.62705479      3.5571
   2013.62708333      3.1807
   2013.62711187      2.8685
   2013.62714041      2.7384
   2013.62716895      2.4431
   2013.62719749      2.2063
   2013.62722603      1.9934
   2013.62725457      1.7956
   2013.62728311      1.6128
   2013.62731164      1.3770
   2013.62734018      1.2873
   2013.62736872      1.1448
   2013.62739726      1.0193
   2013.62742580      0.9345
   2013.62745434      0.8461
   2013.62748288      0.7646
   2013.62751142      0.6913
   2013.62753995      0.6265
   2013.62756849      0.5690
   2013.62759703      0.5179
   2013.62762557      0.4725
   2013.62765411      0.4322
   2013.62768265      0.3961
   2013.62771119      0.3637
   2013.62773973      0.3343
   2013.62776826      0.3078
   2013.62779680      0.2838
   2013.62782534      0.2620
   2013.62785388      0.2420
   2013.62788242      0.2236
   2013.62791096      0.2068
   2013.62793950      0.1914
   2013.62796804      0.1773
   2013.62799658      0.1644
   2013.62802511      0.1527
   2013.62805365      0.1419
   2013.62808219      0.1319
   2013.62811073      0.1228
   2013.62813927      0.1143
   2013.62816781      0.1065
