   2013.62465753      0.0000
   2013.62468607      0.0000
   2013.62471461      0.0000
   2013.62474315      0.0000
   2013.62477169      0.0000
   2013.62480023      0.0000
   2013.62482877      0.0000
   2013.62485731      0.0000
   2013.62488584      0.0000
   2013.62491438      0.0000
   2013.62494292      0.0000
   2013.62497146      0.0000
   2013.62500000      0.0000
   2013.62502854      0.0000
   2013.62505708      0.0000
   2013.62508562      0.0000
   2013.62511416      0.0000
   2013.62514269      0.0000
   2013.62517123      0.0000
   2013.62519977      0.0000
   2013.62522831      0.0000
   2013.62525685      0.0000
   2013.62528539      0.0000
   2013.62531393      0.0000
   2013.62534247      0.0000
   2013.62537100      0.0000
   2013.62539954      0.0000
   2013.62542808      0.0000
   2013.62545662      0.0000
   2013.62548516      0.0000
   2013.62551370      0.0000
   2013.62554224      0.0000
   2013.62557078      0.0000
   2013.62559932      0.1741
   2013.62562785      0.3817
   2013.62565639      1.1996
   2013.62568493      3.0395
   2013.62571347      5.7364
   2013.62574201     11.2347
   2013.62577055     18.2159
   2013.62579909     20.7378
   2013.62582763     21.9182
   2013.62585616     21.5387
   2013.62588470     21.0630
   2013.62591324     20.1924
   2013.62594178     20.8746
   2013.62597032     20.4018
   2013.62599886     19.7057
   2013.62602740     17.9870
   2013.62605594     17.3614
   2013.62608447     15.9922
   2013.62611301     14.5709
   2013.62614155     12.7440
   2013.62617009     12.1741
   2013.62619863     11.3293
   2013.62622717     10.1728
   2013.62625571      9.5521
   2013.62628425      9.3238
   2013.62631279      8.9350
   2013.62634132      8.6857
   2013.62636986      8.8629
   2013.62639840      9.2567
   2013.62642694      9.5860
   2013.62645548      9.8573
   2013.62648402     10.0382
   2013.62651256     11.1230
   2013.62654110     11.5063
   2013.62656963     11.5890
   2013.62659817     11.8645
   2013.62662671     12.4594
   2013.62665525     12.6030
   2013.62668379     12.4516
   2013.62671233     12.5669
   2013.62674087     13.0237
   2013.62676941     13.0340
   2013.62679795     12.7539
   2013.62682648     12.7588
   2013.62685502     13.1185
   2013.62688356     12.8476
   2013.62691210     12.5686
   2013.62694064     12.2635
   2013.62696918     12.5814
   2013.62699772     12.4570
   2013.62702626     12.0924
   2013.62705479     11.5545
   2013.62708333     11.9209
   2013.62711187     11.7042
   2013.62714041     11.4450
   2013.62716895     10.6495
   2013.62719749     10.9948
   2013.62722603     10.6213
   2013.62725457     10.3276
   2013.62728311      9.6215
   2013.62731164      9.8924
   2013.62734018      9.6964
   2013.62736872      9.2062
   2013.62739726      8.6459
   2013.62742580      8.7205
   2013.62745434      8.4537
   2013.62748288      8.1307
   2013.62751142      7.5865
   2013.62753995      7.6408
   2013.62756849      7.3916
   2013.62759703      7.0492
   2013.62762557      6.8523
   2013.62765411      6.6320
   2013.62768265      6.4077
   2013.62771119      6.3266
   2013.62773973      5.7417
   2013.62776826      5.7291
   2013.62779680      5.5566
   2013.62782534      5.4221
   2013.62785388      5.0564
   2013.62788242      5.1742
   2013.62791096      4.9809
   2013.62793950      4.7570
   2013.62796804      4.4857
   2013.62799658      4.5869
   2013.62802511      4.4331
   2013.62805365      4.2825
   2013.62808219      4.2587
   2013.62811073      4.1910
   2013.62813927      4.0781
   2013.62816781      3.9898
   2013.62819635      3.9500
   2013.62822489      3.9623
   2013.62825342      3.9023
   2013.62828196      3.7695
   2013.62831050      3.8803
   2013.62833904      3.9337
   2013.62836758      3.8491
   2013.62839612      3.9106
   2013.62842466      3.8022
   2013.62845320      4.1173
   2013.62848174      4.0770
   2013.62851027      4.2117
   2013.62853881      4.1483
   2013.62856735      4.5798
   2013.62859589      4.5722
   2013.62862443      4.8634
   2013.62865297      4.7758
   2013.62868151      5.1984
   2013.62871005      5.4070
   2013.62873858      5.6720
   2013.62876712      5.7171
   2013.62879566      6.2620
   2013.62882420      6.6364
   2013.62885274      6.8865
   2013.62888128      7.2243
   2013.62890982      7.6952
   2013.62893836      7.8901
   2013.62896689      8.2429
   2013.62899543      8.9783
   2013.62902397      9.2786
   2013.62905251      9.4640
   2013.62908105      9.6288
   2013.62910959      9.6307
   2013.62913813     10.8336
   2013.62916667     12.4939
   2013.62919521     12.9013
   2013.62922374     11.7847
   2013.62925228     10.9847
   2013.62928082     10.1689
   2013.62930936     10.0009
   2013.62933790     11.3458
   2013.62936644     12.4788
   2013.62939498     12.0410
   2013.62942352     11.0064
   2013.62945205     10.0080
   2013.62948059      8.9404
   2013.62950913      8.3866
   2013.62953767      8.4386
   2013.62956621      8.5663
   2013.62959475      8.6848
   2013.62962329      7.4839
   2013.62965183      7.2602
   2013.62968037      5.7931
   2013.62970890      5.4724
   2013.62973744      4.9528
   2013.62976598      4.1925
   2013.62979452      4.1429
   2013.62982306      3.5884
   2013.62985160      3.2808
   2013.62988014      2.9782
   2013.62990868      2.8585
   2013.62993721      2.5071
   2013.62996575      2.2388
   2013.62999429      1.8977
   2013.63002283      1.7270
   2013.63005137      1.5460
   2013.63007991      1.3847
   2013.63010845      1.2614
   2013.63013699      1.1257
   2013.63016553      1.0068
   2013.63019406      0.9208
   2013.63022260      0.8347
   2013.63025114      0.7561
   2013.63027968      0.6854
   2013.63030822      0.6228
   2013.63033676      0.5673
   2013.63036530      0.5179
   2013.63039384      0.4741
   2013.63042237      0.4352
   2013.63045091      0.4003
   2013.63047945      0.3689
   2013.63050799      0.3404
   2013.63053653      0.3146
   2013.63056507      0.2911
   2013.63059361      0.2697
   2013.63062215      0.2501
   2013.63065068      0.2320
   2013.63067922      0.2153
   2013.63070776      0.1999
   2013.63073630      0.1859
   2013.63076484      0.1730
   2013.63079338      0.1611
   2013.63082192      0.1502
   2013.63085046      0.1401
   2013.63087900      0.1308
   2013.63090753      0.1222
   2013.63093607      0.1142
   2013.63096461      0.1068
   2013.63099315      0.1000
