   2013.62465753      0.0000
   2013.62468607      0.0000
   2013.62471461      0.0000
   2013.62474315      0.0000
   2013.62477169      0.0000
   2013.62480023      0.0000
   2013.62482877      0.0000
   2013.62485731      0.0000
   2013.62488584      0.0000
   2013.62491438      0.0000
   2013.62494292      0.0000
   2013.62497146      0.0000
   2013.62500000      0.0000
   2013.62502854      0.0000
   2013.62505708      0.0000
   2013.62508562      0.0000
   2013.62511416      0.0000
   2013.62514269      0.0000
   2013.62517123      0.0000
   2013.62519977      0.0000
   2013.62522831      0.0000
   2013.62525685      0.0000
   2013.62528539      0.0000
   2013.62531393      0.0000
   2013.62534247      0.0000
   2013.62537100      0.0000
   2013.62539954      0.0000
   2013.62542808      0.0000
   2013.62545662      0.0000
   2013.62548516      0.0000
   2013.62551370      0.0000
   2013.62554224      0.0000
   2013.62557078      0.0000
   2013.62559932      0.0000
   2013.62562785      0.0000
   2013.62565639      0.0000
   2013.62568493      0.0000
   2013.62571347      0.0000
   2013.62574201      0.0000
   2013.62577055      0.0000
   2013.62579909      0.0000
   2013.62582763      0.0000
   2013.62585616      0.0000
   2013.62588470      0.0000
   2013.62591324      0.0000
   2013.62594178      0.0000
   2013.62597032      0.0000
   2013.62599886      0.0000
   2013.62602740      0.0000
   2013.62605594      0.0000
   2013.62608447      0.0000
   2013.62611301      0.0000
   2013.62614155      0.0000
   2013.62617009      0.0000
   2013.62619863      0.0000
   2013.62622717      0.0000
   2013.62625571      0.0000
   2013.62628425      0.0014
   2013.62631279      0.0013
   2013.62634132      0.0014
   2013.62636986      0.0020
   2013.62639840      0.0019
   2013.62642694      0.0020
   2013.62645548      0.0057
   2013.62648402      0.0337
   2013.62651256      0.0622
   2013.62654110      0.0952
   2013.62656963      0.1494
   2013.62659817      0.2284
   2013.62662671      0.3321
   2013.62665525      0.4615
   2013.62668379      0.6571
   2013.62671233      0.9313
   2013.62674087      1.2903
   2013.62676941      1.8198
   2013.62679795      2.4271
   2013.62682648      2.9628
   2013.62685502      3.3572
   2013.62688356      3.6338
   2013.62691210      3.8000
   2013.62694064      3.8963
   2013.62696918      3.9641
   2013.62699772      4.0400
   2013.62702626      4.0237
   2013.62705479      4.0093
   2013.62708333      3.9415
   2013.62711187      3.7864
   2013.62714041      3.7254
   2013.62716895      3.4045
   2013.62719749      3.6435
   2013.62722603      3.5457
   2013.62725457      3.2242
   2013.62728311      3.1036
   2013.62731164      2.9455
   2013.62734018      2.7839
   2013.62736872      2.5659
   2013.62739726      2.4139
   2013.62742580      2.2605
   2013.62745434      2.1084
   2013.62748288      1.9661
   2013.62751142      1.8386
   2013.62753995      1.7337
   2013.62756849      1.6018
   2013.62759703      1.4981
   2013.62762557      1.4031
   2013.62765411      1.3158
   2013.62768265      1.2340
   2013.62771119      1.2030
   2013.62773973      1.0952
   2013.62776826      1.0265
   2013.62779680      0.9518
   2013.62782534      0.9073
   2013.62785388      0.8551
   2013.62788242      0.8046
   2013.62791096      0.7569
   2013.62793950      0.7121
   2013.62796804      0.6712
   2013.62799658      0.6344
   2013.62802511      0.6005
   2013.62805365      0.5691
   2013.62808219      0.5399
   2013.62811073      0.5127
   2013.62813927      0.4872
   2013.62816781      0.4633
   2013.62819635      0.4408
   2013.62822489      0.4196
   2013.62825342      0.3996
   2013.62828196      0.3807
   2013.62831050      0.3629
   2013.62833904      0.3461
   2013.62836758      0.3303
   2013.62839612      0.3154
   2013.62842466      0.3023
   2013.62845320      0.2893
   2013.62848174      0.2768
   2013.62851027      0.2651
   2013.62853881      0.2569
   2013.62856735      0.2470
   2013.62859589      0.2371
   2013.62862443      0.2276
   2013.62865297      0.2240
   2013.62868151      0.2168
   2013.62871005      0.2093
   2013.62873858      0.2022
   2013.62876712      0.2027
   2013.62879566      0.1984
   2013.62882420      0.1936
   2013.62885274      0.1893
   2013.62888128      0.1953
   2013.62890982      0.1949
   2013.62893836      0.1938
   2013.62896689      0.1935
   2013.62899543      0.2050
   2013.62902397      0.2098
   2013.62905251      0.2137
   2013.62908105      0.2186
   2013.62910959      0.2383
   2013.62913813      0.2501
   2013.62916667      0.2610
   2013.62919521      0.2737
   2013.62922374      0.3044
   2013.62925228      0.3268
   2013.62928082      0.3582
   2013.62930936      0.3874
   2013.62933790      0.4434
   2013.62936644      0.4929
   2013.62939498      0.5350
   2013.62942352      0.6016
   2013.62945205      0.6998
   2013.62948059      0.7961
   2013.62950913      0.9021
   2013.62953767      1.0170
   2013.62956621      1.1610
   2013.62959475      1.2917
   2013.62962329      1.3962
   2013.62965183      1.4689
   2013.62968037      1.5446
   2013.62970890      1.5961
   2013.62973744      1.6259
   2013.62976598      1.6384
   2013.62979452      1.6726
   2013.62982306      1.6814
   2013.62985160      1.6798
   2013.62988014      1.6717
   2013.62990868      1.6730
   2013.62993721      1.6574
   2013.62996575      1.6407
   2013.62999429      1.6119
   2013.63002283      1.5921
   2013.63005137      1.5617
   2013.63007991      1.5306
   2013.63010845      1.4918
   2013.63013699      1.4565
   2013.63016553      1.4175
   2013.63019406      1.3765
   2013.63022260      1.3246
   2013.63025114      1.2749
   2013.63027968      1.2325
   2013.63030822      1.1896
   2013.63033676      1.1224
   2013.63036530      1.1400
   2013.63039384      1.0593
   2013.63042237      1.0057
   2013.63045091      0.9625
   2013.63047945      0.9110
   2013.63050799      0.8757
   2013.63053653      0.8356
   2013.63056507      0.7959
   2013.63059361      0.7568
   2013.63062215      0.7192
   2013.63065068      0.6839
   2013.63067922      0.6510
   2013.63070776      0.6203
   2013.63073630      0.5911
   2013.63076484      0.5631
   2013.63079338      0.5366
   2013.63082192      0.5113
   2013.63085046      0.4875
   2013.63087900      0.4649
   2013.63090753      0.4434
   2013.63093607      0.4229
   2013.63096461      0.4034
   2013.63099315      0.3849
   2013.63102169      0.3673
   2013.63105023      0.3506
   2013.63107877      0.3348
   2013.63110731      0.3198
   2013.63113584      0.3057
   2013.63116438      0.2923
   2013.63119292      0.2797
   2013.63122146      0.2677
   2013.63125000      0.2564
   2013.63127854      0.2457
   2013.63130708      0.2354
   2013.63133562      0.2256
   2013.63136416      0.2162
   2013.63139269      0.2073
   2013.63142123      0.1989
   2013.63144977      0.1909
   2013.63147831      0.1834
   2013.63150685      0.1762
   2013.63153539      0.1694
   2013.63156393      0.1629
   2013.63159247      0.1567
   2013.63162100      0.1508
   2013.63164954      0.1452
   2013.63167808      0.1398
   2013.63170662      0.1348
   2013.63173516      0.1299
   2013.63176370      0.1253
   2013.63179224      0.1209
   2013.63182078      0.1168
   2013.63184932      0.1128
   2013.63187785      0.1090
   2013.63190639      0.1054
   2013.63193493      0.1019
