   2013.62465753      0.0000
   2013.62468607      0.0000
   2013.62471461      0.0000
   2013.62474315      0.0000
   2013.62477169      0.0000
   2013.62480023      0.0000
   2013.62482877      0.0000
   2013.62485731      0.0000
   2013.62488584      0.0000
   2013.62491438      0.0000
   2013.62494292      0.0000
   2013.62497146      0.0000
   2013.62500000      0.0000
   2013.62502854      0.0000
   2013.62505708      0.0000
   2013.62508562      0.0000
   2013.62511416      0.0000
   2013.62514269      0.0000
   2013.62517123      0.0000
   2013.62519977      0.0000
   2013.62522831      0.0000
   2013.62525685      0.0000
   2013.62528539      0.0000
   2013.62531393      0.0000
   2013.62534247      0.0000
   2013.62537100      0.0000
   2013.62539954      0.0000
   2013.62542808      0.0000
   2013.62545662      0.0000
   2013.62548516      0.0000
   2013.62551370      0.0000
   2013.62554224      0.0000
   2013.62557078      0.0000
   2013.62559932      0.0000
   2013.62562785      0.0000
   2013.62565639      0.0000
   2013.62568493      0.0000
   2013.62571347      0.0000
   2013.62574201      0.0000
   2013.62577055      0.0000
   2013.62579909      0.0000
   2013.62582763      0.0000
   2013.62585616      0.0000
   2013.62588470      0.0000
   2013.62591324      0.0000
   2013.62594178      0.0000
   2013.62597032      0.0000
   2013.62599886      0.0000
   2013.62602740      0.0000
   2013.62605594      0.0000
   2013.62608447      0.0000
   2013.62611301      0.0000
   2013.62614155      0.0000
   2013.62617009      0.0000
   2013.62619863      0.0000
   2013.62622717      0.0000
   2013.62625571      0.0000
   2013.62628425      0.0000
   2013.62631279      0.0000
   2013.62634132      0.0000
   2013.62636986      0.0000
   2013.62639840      0.0000
   2013.62642694      0.0000
   2013.62645548      0.0000
   2013.62648402      0.0000
   2013.62651256      0.0000
   2013.62654110      0.0000
   2013.62656963      0.0000
   2013.62659817      0.0000
   2013.62662671      0.0000
   2013.62665525      0.0000
   2013.62668379      0.0000
   2013.62671233      0.0000
   2013.62674087      0.0000
   2013.62676941      0.0000
   2013.62679795      0.0000
   2013.62682648      0.0000
   2013.62685502      0.0000
   2013.62688356      0.0000
   2013.62691210      0.0000
   2013.62694064      0.0000
   2013.62696918      0.0000
   2013.62699772      0.0000
   2013.62702626      0.0000
   2013.62705479      0.0000
   2013.62708333      0.0000
   2013.62711187      0.0000
   2013.62714041      0.0000
   2013.62716895      0.0000
   2013.62719749      0.0000
   2013.62722603      0.0000
   2013.62725457      0.0000
   2013.62728311      0.0000
   2013.62731164      0.8596
   2013.62734018      5.5865
   2013.62736872     20.3009
   2013.62739726     55.7393
   2013.62742580     56.3299
   2013.62745434     45.0791
   2013.62748288     32.7774
   2013.62751142     25.4449
   2013.62753995     20.4120
   2013.62756849     16.9723
   2013.62759703     14.7513
   2013.62762557     13.0248
   2013.62765411     11.8412
   2013.62768265     10.9886
   2013.62771119     10.4857
   2013.62773973     10.0546
   2013.62776826      9.7695
   2013.62779680      9.5841
   2013.62782534      9.4309
   2013.62785388      8.9453
   2013.62788242      8.5607
   2013.62791096      8.1165
   2013.62793950      7.5488
   2013.62796804      7.1366
   2013.62799658      6.8712
   2013.62802511      5.7090
   2013.62805365      5.5677
   2013.62808219      4.5416
   2013.62811073      4.0283
   2013.62813927      3.5826
   2013.62816781      3.2207
   2013.62819635      3.1242
   2013.62822489      2.6050
   2013.62825342      2.1482
   2013.62828196      1.9561
   2013.62831050      1.7395
   2013.62833904      1.5466
   2013.62836758      1.3756
   2013.62839612      1.2391
   2013.62842466      1.0656
   2013.62845320      0.9878
   2013.62848174      0.8931
   2013.62851027      0.8032
   2013.62853881      0.7223
   2013.62856735      0.6505
   2013.62859589      0.5873
   2013.62862443      0.5313
   2013.62865297      0.4818
   2013.62868151      0.4381
   2013.62871005      0.3993
   2013.62873858      0.3647
   2013.62876712      0.3336
   2013.62879566      0.3057
   2013.62882420      0.2806
   2013.62885274      0.2578
   2013.62888128      0.2371
   2013.62890982      0.2181
   2013.62893836      0.2008
   2013.62896689      0.1850
   2013.62899543      0.1707
   2013.62902397      0.1577
   2013.62905251      0.1458
   2013.62908105      0.1349
   2013.62910959      0.1250
   2013.62913813      0.1158
   2013.62916667      0.1074
