   2013.62465753      0.0000
   2013.62468607      0.0000
   2013.62471461      0.0000
   2013.62474315      0.0000
   2013.62477169      0.0000
   2013.62480023      0.0000
   2013.62482877      0.0000
   2013.62485731      0.0000
   2013.62488584      0.0000
   2013.62491438      0.0000
   2013.62494292      0.0000
   2013.62497146      0.0000
   2013.62500000      0.0000
   2013.62502854      0.0015
   2013.62505708      0.0034
   2013.62508562      0.0049
   2013.62511416      0.0073
   2013.62514269      0.0531
   2013.62517123      0.1166
   2013.62519977      0.2457
   2013.62522831      0.5322
   2013.62525685      1.1020
   2013.62528539      2.1053
   2013.62531393      3.6303
   2013.62534247      6.0782
   2013.62537100      9.2891
   2013.62539954     11.5320
   2013.62542808     12.2466
   2013.62545662     11.8711
   2013.62548516     11.9086
   2013.62551370     11.0493
   2013.62554224      9.9236
   2013.62557078      8.9807
   2013.62559932      8.2932
   2013.62562785      7.0380
   2013.62565639      6.6839
   2013.62568493      5.4313
   2013.62571347      4.7555
   2013.62574201      4.1254
   2013.62577055      3.6041
   2013.62579909      3.2588
   2013.62582763      2.9002
   2013.62585616      2.5817
   2013.62588470      2.2897
   2013.62591324      2.0225
   2013.62594178      1.9391
   2013.62597032      1.7961
   2013.62599886      1.5933
   2013.62602740      1.4015
   2013.62605594      1.4253
   2013.62608447      1.3442
   2013.62611301      1.2452
   2013.62614155      1.2265
   2013.62617009      1.2359
   2013.62619863      1.1607
   2013.62622717      1.1336
   2013.62625571      1.1711
   2013.62628425      1.1663
   2013.62631279      1.2004
   2013.62634132      1.2252
   2013.62636986      1.3305
   2013.62639840      1.4230
   2013.62642694      1.5350
   2013.62645548      1.6459
   2013.62648402      1.8796
   2013.62651256      2.0945
   2013.62654110      2.2476
   2013.62656963      2.4342
   2013.62659817      2.5991
   2013.62662671      2.9310
   2013.62665525      3.0266
   2013.62668379      3.1173
   2013.62671233      3.4105
   2013.62674087      3.5171
   2013.62676941      3.5964
   2013.62679795      3.6718
   2013.62682648      3.7386
   2013.62685502      3.8546
   2013.62688356      3.8530
   2013.62691210      3.8451
   2013.62694064      3.8592
   2013.62696918      3.9438
   2013.62699772      3.8823
   2013.62702626      3.8693
   2013.62705479      3.8332
   2013.62708333      3.7480
   2013.62711187      3.6811
   2013.62714041      3.5768
   2013.62716895      3.3387
   2013.62719749      3.5047
   2013.62722603      3.4277
   2013.62725457      3.4771
   2013.62728311      3.0991
   2013.62731164      3.1731
   2013.62734018      3.0791
   2013.62736872      2.9502
   2013.62739726      2.8932
   2013.62742580      2.7871
   2013.62745434      2.6746
   2013.62748288      2.5554
   2013.62751142      2.4353
   2013.62753995      2.3711
   2013.62756849      2.2117
   2013.62759703      2.1090
   2013.62762557      2.0288
   2013.62765411      1.9269
   2013.62768265      1.8393
   2013.62771119      1.7404
   2013.62773973      1.5980
   2013.62776826      1.5737
   2013.62779680      1.4948
   2013.62782534      1.4079
   2013.62785388      1.3393
   2013.62788242      1.2678
   2013.62791096      1.1947
   2013.62793950      1.1673
   2013.62796804      1.0744
   2013.62799658      1.0111
   2013.62802511      0.9393
   2013.62805365      0.8914
   2013.62808219      0.8464
   2013.62811073      0.7954
   2013.62813927      0.7433
   2013.62816781      0.6949
   2013.62819635      0.6628
   2013.62822489      0.6247
   2013.62825342      0.5866
   2013.62828196      0.5517
   2013.62831050      0.5336
   2013.62833904      0.5060
   2013.62836758      0.4773
   2013.62839612      0.4509
   2013.62842466      0.4436
   2013.62845320      0.4242
   2013.62848174      0.4025
   2013.62851027      0.3824
   2013.62853881      0.3857
   2013.62856735      0.3741
   2013.62859589      0.3594
   2013.62862443      0.3462
   2013.62865297      0.3612
   2013.62868151      0.3585
   2013.62871005      0.3521
   2013.62873858      0.3480
   2013.62876712      0.3787
   2013.62879566      0.3886
   2013.62882420      0.3947
   2013.62885274      0.4053
   2013.62888128      0.4585
   2013.62890982      0.4883
   2013.62893836      0.5317
   2013.62896689      0.5731
   2013.62899543      0.6779
   2013.62902397      0.7548
   2013.62905251      0.8217
   2013.62908105      0.9213
   2013.62910959      1.0959
   2013.62913813      1.2861
   2013.62916667      1.5224
   2013.62919521      1.7511
   2013.62922374      2.0846
   2013.62925228      2.3611
   2013.62928082      2.5300
   2013.62930936      2.7109
   2013.62933790      3.0053
   2013.62936644      3.2022
   2013.62939498      3.2761
   2013.62942352      3.3881
   2013.62945205      3.5849
   2013.62948059      3.7234
   2013.62950913      3.7985
   2013.62953767      3.8347
   2013.62956621      3.9692
   2013.62959475      4.0241
   2013.62962329      4.0242
   2013.62965183      4.0006
   2013.62968037      3.9085
   2013.62970890      4.0846
   2013.62973744      4.0223
   2013.62976598      3.9625
   2013.62979452      3.9181
   2013.62982306      3.8686
   2013.62985160      3.7836
   2013.62988014      3.7301
   2013.62990868      3.5135
   2013.62993721      3.6058
   2013.62996575      3.5204
   2013.62999429      3.5779
   2013.63002283      3.1607
   2013.63005137      3.2673
   2013.63007991      3.1656
   2013.63010845      3.0403
   2013.63013699      2.9747
   2013.63016553      2.8741
   2013.63019406      2.7542
   2013.63022260      2.6373
   2013.63025114      2.4695
   2013.63027968      2.3596
   2013.63030822      2.2280
   2013.63033676      2.1009
   2013.63036530      1.9764
   2013.63039384      1.8775
   2013.63042237      1.7297
   2013.63045091      1.6181
   2013.63047945      1.5128
   2013.63050799      1.4127
   2013.63053653      1.3166
   2013.63056507      1.2237
   2013.63059361      1.1556
   2013.63062215      1.0612
   2013.63065068      0.9698
   2013.63067922      0.9108
   2013.63070776      0.8437
   2013.63073630      0.7790
   2013.63076484      0.7179
   2013.63079338      0.6612
   2013.63082192      0.6099
   2013.63085046      0.5629
   2013.63087900      0.5202
   2013.63090753      0.4814
   2013.63093607      0.4462
   2013.63096461      0.4139
   2013.63099315      0.3841
   2013.63102169      0.3567
   2013.63105023      0.3313
   2013.63107877      0.3079
   2013.63110731      0.2864
   2013.63113584      0.2665
   2013.63116438      0.2482
   2013.63119292      0.2311
   2013.63122146      0.2152
   2013.63125000      0.2004
   2013.63127854      0.1868
   2013.63130708      0.1743
   2013.63133562      0.1627
   2013.63136416      0.1519
   2013.63139269      0.1420
   2013.63142123      0.1328
   2013.63144977      0.1242
   2013.63147831      0.1163
   2013.63150685      0.1089
   2013.63153539      0.1020
