   2013.62465753      0.0000
   2013.62468607      0.0000
   2013.62471461      0.0000
   2013.62474315      0.0000
   2013.62477169      0.0000
   2013.62480023      0.0000
   2013.62482877      0.0000
   2013.62485731      0.0000
   2013.62488584      0.0000
   2013.62491438      0.0000
   2013.62494292      0.0000
   2013.62497146      0.0000
   2013.62500000      0.0000
   2013.62502854      0.0000
   2013.62505708      0.0000
   2013.62508562      0.0000
   2013.62511416      0.0000
   2013.62514269      0.0000
   2013.62517123      0.0000
   2013.62519977      0.0000
   2013.62522831      0.0000
   2013.62525685      0.0000
   2013.62528539      0.0000
   2013.62531393      0.0000
   2013.62534247      0.0000
   2013.62537100      0.0000
   2013.62539954      0.0000
   2013.62542808      0.0000
   2013.62545662      0.0000
   2013.62548516      0.0000
   2013.62551370      0.0000
   2013.62554224      0.0000
   2013.62557078      0.0000
   2013.62559932      0.0000
   2013.62562785      0.0000
   2013.62565639      0.0000
   2013.62568493      0.0000
   2013.62571347      0.0000
   2013.62574201      0.0000
   2013.62577055      0.0000
   2013.62579909      0.0000
   2013.62582763      0.0000
   2013.62585616      0.0000
   2013.62588470      0.0000
   2013.62591324      0.0000
   2013.62594178      0.0000
   2013.62597032      0.0000
   2013.62599886      0.0000
   2013.62602740      0.0000
   2013.62605594      0.0000
   2013.62608447      0.0000
   2013.62611301      0.0000
   2013.62614155      0.0000
   2013.62617009      0.0000
   2013.62619863      0.0000
   2013.62622717      0.0000
   2013.62625571      0.0000
   2013.62628425      0.0035
   2013.62631279      0.0059
   2013.62634132      0.0083
   2013.62636986      0.0687
   2013.62639840      0.1518
   2013.62642694      0.3502
   2013.62645548      0.8234
   2013.62648402      1.8192
   2013.62651256      3.4822
   2013.62654110      6.2975
   2013.62656963     10.2740
   2013.62659817     13.4760
   2013.62662671     14.6892
   2013.62665525     14.6935
   2013.62668379     13.8474
   2013.62671233     12.0773
   2013.62674087     11.5945
   2013.62676941     10.1627
   2013.62679795      9.0618
   2013.62682648      7.6018
   2013.62685502      7.4102
   2013.62688356      6.7509
   2013.62691210      5.9142
   2013.62694064      5.0504
   2013.62696918      4.5099
   2013.62699772      4.0486
   2013.62702626      3.6587
   2013.62705479      3.4756
   2013.62708333      3.2376
   2013.62711187      3.0057
   2013.62714041      2.8065
   2013.62716895      2.6537
   2013.62719749      2.5033
   2013.62722603      2.3653
   2013.62725457      2.2430
   2013.62728311      2.0907
   2013.62731164      2.0403
   2013.62734018      1.9053
   2013.62736872      1.8119
   2013.62739726      1.7240
   2013.62742580      1.6409
   2013.62745434      1.5613
   2013.62748288      1.4765
   2013.62751142      1.4030
   2013.62753995      1.3326
   2013.62756849      1.2646
   2013.62759703      1.1977
   2013.62762557      1.1800
   2013.62765411      1.0818
   2013.62768265      1.0188
   2013.62771119      0.9470
   2013.62773973      0.9080
   2013.62776826      0.8586
   2013.62779680      0.8095
   2013.62782534      0.7623
   2013.62785388      0.7173
   2013.62788242      0.6757
   2013.62791096      0.6378
   2013.62793950      0.6030
   2013.62796804      0.5705
   2013.62799658      0.5402
   2013.62802511      0.5119
   2013.62805365      0.4855
   2013.62808219      0.4607
   2013.62811073      0.4373
   2013.62813927      0.4153
   2013.62816781      0.3946
   2013.62819635      0.3751
   2013.62822489      0.3568
   2013.62825342      0.3395
   2013.62828196      0.3234
   2013.62831050      0.3082
   2013.62833904      0.2940
   2013.62836758      0.2806
   2013.62839612      0.2681
   2013.62842466      0.2562
   2013.62845320      0.2451
   2013.62848174      0.2344
   2013.62851027      0.2243
   2013.62853881      0.2147
   2013.62856735      0.2056
   2013.62859589      0.1971
   2013.62862443      0.1890
   2013.62865297      0.1814
   2013.62868151      0.1741
   2013.62871005      0.1672
   2013.62873858      0.1607
   2013.62876712      0.1570
   2013.62879566      0.1515
   2013.62882420      0.1459
   2013.62885274      0.1406
   2013.62888128      0.1441
   2013.62890982      0.1411
   2013.62893836      0.1371
   2013.62896689      0.1335
   2013.62899543      0.1419
   2013.62902397      0.1420
   2013.62905251      0.1408
   2013.62908105      0.1407
   2013.62910959      0.1563
   2013.62913813      0.1626
   2013.62916667      0.1687
   2013.62919521      0.1775
   2013.62922374      0.2077
   2013.62925228      0.2281
   2013.62928082      0.2484
   2013.62930936      0.2729
   2013.62933790      0.3232
   2013.62936644      0.3630
   2013.62939498      0.4156
   2013.62942352      0.4736
   2013.62945205      0.5562
   2013.62948059      0.6599
   2013.62950913      0.7835
   2013.62953767      0.9205
   2013.62956621      1.1199
   2013.62959475      1.3708
   2013.62962329      1.6315
   2013.62965183      1.8438
   2013.62968037      2.0404
   2013.62970890      2.1678
   2013.62973744      2.2361
   2013.62976598      2.2668
   2013.62979452      2.3147
   2013.62982306      2.3145
   2013.62985160      2.2941
   2013.62988014      2.2613
   2013.62990868      2.2384
   2013.62993721      2.1933
   2013.62996575      2.1372
   2013.62999429      2.0717
   2013.63002283      2.0194
   2013.63005137      1.9076
   2013.63007991      1.8437
   2013.63010845      1.7679
   2013.63013699      1.6923
   2013.63016553      1.6179
   2013.63019406      1.5436
   2013.63022260      1.4644
   2013.63025114      1.3941
   2013.63027968      1.3260
   2013.63030822      1.2595
   2013.63033676      1.1938
   2013.63036530      1.1769
   2013.63039384      1.0792
   2013.63042237      1.0170
   2013.63045091      0.9457
   2013.63047945      0.9069
   2013.63050799      0.8578
   2013.63053653      0.8088
   2013.63056507      0.7617
   2013.63059361      0.7169
   2013.63062215      0.6754
   2013.63065068      0.6376
   2013.63067922      0.6028
   2013.63070776      0.5704
   2013.63073630      0.5401
   2013.63076484      0.5119
   2013.63079338      0.4854
   2013.63082192      0.4606
   2013.63085046      0.4373
   2013.63087900      0.4153
   2013.63090753      0.3946
   2013.63093607      0.3751
   2013.63096461      0.3568
   2013.63099315      0.3396
   2013.63102169      0.3234
   2013.63105023      0.3083
   2013.63107877      0.2940
   2013.63110731      0.2807
   2013.63113584      0.2681
   2013.63116438      0.2563
   2013.63119292      0.2451
   2013.63122146      0.2345
   2013.63125000      0.2243
   2013.63127854      0.2147
   2013.63130708      0.2057
   2013.63133562      0.1971
   2013.63136416      0.1890
   2013.63139269      0.1814
   2013.63142123      0.1741
   2013.63144977      0.1673
   2013.63147831      0.1608
   2013.63150685      0.1546
   2013.63153539      0.1487
   2013.63156393      0.1431
   2013.63159247      0.1378
   2013.63162100      0.1328
   2013.63164954      0.1280
   2013.63167808      0.1234
   2013.63170662      0.1191
   2013.63173516      0.1149
   2013.63176370      0.1110
   2013.63179224      0.1073
   2013.63182078      0.1037
   2013.63184932      0.1003
