   2013.62465753      0.0000
   2013.62468607      0.0000
   2013.62471461      0.0000
   2013.62474315      0.0000
   2013.62477169      0.0000
   2013.62480023      0.0000
   2013.62482877      0.0000
   2013.62485731      0.0000
   2013.62488584      0.0000
   2013.62491438      0.0000
   2013.62494292      0.0000
   2013.62497146      0.0000
   2013.62500000      0.0000
   2013.62502854      0.0000
   2013.62505708      0.0000
   2013.62508562      0.0000
   2013.62511416      0.0000
   2013.62514269      0.0000
   2013.62517123      0.0000
   2013.62519977      0.0000
   2013.62522831      0.0000
   2013.62525685      0.0000
   2013.62528539      0.0000
   2013.62531393      0.0000
   2013.62534247      0.0000
   2013.62537100      0.0000
   2013.62539954      0.0000
   2013.62542808      0.0000
   2013.62545662      0.0000
   2013.62548516      0.0000
   2013.62551370      0.0000
   2013.62554224      0.0000
   2013.62557078      0.0000
   2013.62559932      0.0000
   2013.62562785      0.0000
   2013.62565639      0.0000
   2013.62568493      0.0000
   2013.62571347      0.0000
   2013.62574201      0.0000
   2013.62577055      0.0000
   2013.62579909      0.0000
   2013.62582763      0.0000
   2013.62585616      0.0000
   2013.62588470      0.0000
   2013.62591324      0.0000
   2013.62594178      0.0000
   2013.62597032      0.0000
   2013.62599886      0.0000
   2013.62602740      0.0000
   2013.62605594      0.0000
   2013.62608447      0.0000
   2013.62611301      0.0000
   2013.62614155      0.0000
   2013.62617009      0.0000
   2013.62619863      0.0000
   2013.62622717      0.0000
   2013.62625571      0.0000
   2013.62628425      0.0000
   2013.62631279      0.0000
   2013.62634132      0.0000
   2013.62636986      0.0000
   2013.62639840      0.0000
   2013.62642694      0.0000
   2013.62645548      0.0000
   2013.62648402      0.0000
   2013.62651256      0.0000
   2013.62654110      0.0000
   2013.62656963      0.0000
   2013.62659817      0.0000
   2013.62662671      0.0000
   2013.62665525      0.0000
   2013.62668379      0.0001
   2013.62671233      0.0004
   2013.62674087      0.0006
   2013.62676941      0.0009
   2013.62679795      0.0011
   2013.62682648      0.0013
   2013.62685502      0.0015
   2013.62688356      0.0016
   2013.62691210      0.0018
   2013.62694064      0.0020
   2013.62696918      0.0144
   2013.62699772      0.0445
   2013.62702626      0.0686
   2013.62705479      0.1033
   2013.62708333      0.1597
   2013.62711187      0.2434
   2013.62714041      0.3474
   2013.62716895      0.5084
   2013.62719749      0.7017
   2013.62722603      0.9285
   2013.62725457      1.2033
   2013.62728311      1.5525
   2013.62731164      1.9109
   2013.62734018      2.1988
   2013.62736872      2.3133
   2013.62739726      2.3720
   2013.62742580      2.3380
   2013.62745434      2.2517
   2013.62748288      2.2483
   2013.62751142      2.0578
   2013.62753995      1.9121
   2013.62756849      1.6664
   2013.62759703      1.5712
   2013.62762557      1.4405
   2013.62765411      1.3155
   2013.62768265      1.1952
   2013.62771119      1.0927
   2013.62773973      0.9967
   2013.62776826      0.9112
   2013.62779680      0.8313
   2013.62782534      0.7558
   2013.62785388      0.6864
   2013.62788242      0.6245
   2013.62791096      0.5690
   2013.62793950      0.5190
   2013.62796804      0.4743
   2013.62799658      0.4342
   2013.62802511      0.3981
   2013.62805365      0.3655
   2013.62808219      0.3360
   2013.62811073      0.3092
   2013.62813927      0.2849
   2013.62816781      0.2628
   2013.62819635      0.2426
   2013.62822489      0.2239
   2013.62825342      0.2068
   2013.62828196      0.1911
   2013.62831050      0.1768
   2013.62833904      0.1636
   2013.62836758      0.1516
   2013.62839612      0.1405
   2013.62842466      0.1304
   2013.62845320      0.1210
   2013.62848174      0.1124
   2013.62851027      0.1044
