   2013.62465753      0.0000
   2013.62468607      0.0000
   2013.62471461      0.0000
   2013.62474315      0.0000
   2013.62477169      0.0000
   2013.62480023      0.0000
   2013.62482877      0.0000
   2013.62485731      0.0000
   2013.62488584      0.0000
   2013.62491438      0.0000
   2013.62494292      0.0000
   2013.62497146      0.0000
   2013.62500000      0.0000
   2013.62502854      0.0000
   2013.62505708      0.0000
   2013.62508562      0.0000
   2013.62511416      0.0000
   2013.62514269      0.0036
   2013.62517123      0.0027
   2013.62519977      0.0023
   2013.62522831      0.0212
   2013.62525685      0.0579
   2013.62528539      0.0905
   2013.62531393      0.1477
   2013.62534247      0.2535
   2013.62537100      0.3808
   2013.62539954      0.5673
   2013.62542808      0.8292
   2013.62545662      1.2212
   2013.62548516      1.7822
   2013.62551370      2.5690
   2013.62554224      3.3402
   2013.62557078      4.1156
   2013.62559932      4.5021
   2013.62562785      4.7546
   2013.62565639      4.8131
   2013.62568493      5.0916
   2013.62571347      5.1687
   2013.62574201      5.2927
   2013.62577055      5.2904
   2013.62579909      5.4526
   2013.62582763      5.6873
   2013.62585616      5.8232
   2013.62588470      5.7808
   2013.62591324      5.6638
   2013.62594178      5.8438
   2013.62597032      5.7234
   2013.62599886      5.8271
   2013.62602740      5.3762
   2013.62605594      5.7673
   2013.62608447      5.5164
   2013.62611301      5.5410
   2013.62614155      5.1886
   2013.62617009      5.8500
   2013.62619863      6.0331
   2013.62622717      6.4122
   2013.62625571      5.7312
   2013.62628425      5.4471
   2013.62631279      5.1574
   2013.62634132      4.9226
   2013.62636986      5.3062
   2013.62639840      6.2138
   2013.62642694      7.1170
   2013.62645548      7.4477
   2013.62648402      7.2941
   2013.62651256      6.7426
   2013.62654110      6.3928
   2013.62656963      5.7786
   2013.62659817      5.3439
   2013.62662671      5.1323
   2013.62665525      5.0612
   2013.62668379      4.5864
   2013.62671233      4.3683
   2013.62674087      4.2722
   2013.62676941      3.6799
   2013.62679795      3.2596
   2013.62682648      2.8892
   2013.62685502      2.6635
   2013.62688356      2.3477
   2013.62691210      1.9923
   2013.62694064      1.7789
   2013.62696918      1.5830
   2013.62699772      1.4105
   2013.62702626      1.2825
   2013.62705479      1.1382
   2013.62708333      1.0142
   2013.62711187      0.9273
   2013.62714041      0.8398
   2013.62716895      0.7601
   2013.62719749      0.6885
   2013.62722603      0.6253
   2013.62725457      0.5692
   2013.62728311      0.5193
   2013.62731164      0.4751
   2013.62734018      0.4358
   2013.62736872      0.4006
   2013.62739726      0.3689
   2013.62742580      0.3402
   2013.62745434      0.3141
   2013.62748288      0.2904
   2013.62751142      0.2688
   2013.62753995      0.2490
   2013.62756849      0.2308
   2013.62759703      0.2139
   2013.62762557      0.1985
   2013.62765411      0.1843
   2013.62768265      0.1713
   2013.62771119      0.1593
   2013.62773973      0.1483
   2013.62776826      0.1382
   2013.62779680      0.1289
   2013.62782534      0.1202
   2013.62785388      0.1122
   2013.62788242      0.1048
