   2013.62465753      0.0000
   2013.62468607      0.0000
   2013.62471461      0.0000
   2013.62474315      0.0000
   2013.62477169      0.0000
   2013.62480023      0.0000
   2013.62482877      0.0000
   2013.62485731      0.0000
   2013.62488584      0.0000
   2013.62491438      0.0000
   2013.62494292      0.0000
   2013.62497146      0.0000
   2013.62500000      0.0000
   2013.62502854      0.0000
   2013.62505708      0.0000
   2013.62508562      0.0000
   2013.62511416      0.0000
   2013.62514269      0.0510
   2013.62517123      0.2066
   2013.62519977      0.6170
   2013.62522831      1.8876
   2013.62525685      4.2141
   2013.62528539      7.3412
   2013.62531393     12.1778
   2013.62534247     16.4330
   2013.62537100     17.5708
   2013.62539954     16.1641
   2013.62542808     14.2721
   2013.62545662     11.4922
   2013.62548516     10.6876
   2013.62551370      9.5638
   2013.62554224      8.3784
   2013.62557078      7.2031
   2013.62559932      7.2244
   2013.62562785      6.4361
   2013.62565639      6.2215
   2013.62568493      5.5263
   2013.62571347      5.7500
   2013.62574201      5.6027
   2013.62577055      5.6197
   2013.62579909      5.4430
   2013.62582763      5.7898
   2013.62585616      5.9179
   2013.62588470      6.0984
   2013.62591324      6.0428
   2013.62594178      6.5078
   2013.62597032      6.7812
   2013.62599886      6.9780
   2013.62602740      7.2376
   2013.62605594      7.6415
   2013.62608447      7.8338
   2013.62611301      7.9822
   2013.62614155      8.1194
   2013.62617009      8.7226
   2013.62619863      9.0347
   2013.62622717      9.1639
   2013.62625571      9.1665
   2013.62628425      9.9982
   2013.62631279     10.2086
   2013.62634132     10.2616
   2013.62636986     10.1901
   2013.62639840     11.0898
   2013.62642694     11.3012
   2013.62645548     11.2910
   2013.62648402     11.2550
   2013.62651256     12.1057
   2013.62654110     12.2754
   2013.62656963     12.1817
   2013.62659817     12.3712
   2013.62662671     12.8935
   2013.62665525     12.9888
   2013.62668379     12.7787
   2013.62671233     12.8926
   2013.62674087     13.3150
   2013.62676941     13.3221
   2013.62679795     13.0301
   2013.62682648     13.0535
   2013.62685502     13.1011
   2013.62688356     13.2971
   2013.62691210     12.9261
   2013.62694064     12.8317
   2013.62696918     12.8371
   2013.62699772     12.7487
   2013.62702626     12.3902
   2013.62705479     12.3637
   2013.62708333     12.2971
   2013.62711187     12.0939
   2013.62714041     11.6896
   2013.62716895     10.7659
   2013.62719749     11.9285
   2013.62722603     12.4172
   2013.62725457     12.5206
   2013.62728311     11.3940
   2013.62731164     10.4604
   2013.62734018      9.4091
   2013.62736872      8.6232
   2013.62739726      8.4186
   2013.62742580      8.7322
   2013.62745434      8.8806
   2013.62748288      8.5364
   2013.62751142      7.8537
   2013.62753995      7.1046
   2013.62756849      6.4440
   2013.62759703      5.8648
   2013.62762557      5.5656
   2013.62765411      5.2730
   2013.62768265      5.0472
   2013.62771119      4.5188
   2013.62773973      4.4568
   2013.62776826      3.7540
   2013.62779680      3.4708
   2013.62782534      3.0742
   2013.62785388      2.7406
   2013.62788242      2.6135
   2013.62791096      2.3047
   2013.62793950      2.0891
   2013.62796804      1.9072
   2013.62799658      1.6783
   2013.62802511      1.5422
   2013.62805365      1.4113
   2013.62808219      1.2916
   2013.62811073      1.2015
   2013.62813927      1.0894
   2013.62816781      0.9863
   2013.62819635      0.9132
   2013.62822489      0.8354
   2013.62825342      0.7620
   2013.62828196      0.6942
   2013.62831050      0.6330
   2013.62833904      0.5780
   2013.62836758      0.5284
   2013.62839612      0.4841
   2013.62842466      0.4444
   2013.62845320      0.4087
   2013.62848174      0.3763
   2013.62851027      0.3469
   2013.62853881      0.3201
   2013.62856735      0.2956
   2013.62859589      0.2733
   2013.62862443      0.2529
   2013.62865297      0.2341
   2013.62868151      0.2167
   2013.62871005      0.2008
   2013.62873858      0.1861
   2013.62876712      0.1727
   2013.62879566      0.1604
   2013.62882420      0.1490
   2013.62885274      0.1386
   2013.62888128      0.1290
   2013.62890982      0.1202
   2013.62893836      0.1119
   2013.62896689      0.1044
