   2013.62465753      0.0000
   2013.62468607      0.0000
   2013.62471461      0.0000
   2013.62474315      0.0000
   2013.62477169      0.0000
   2013.62480023      0.0000
   2013.62482877      0.0000
   2013.62485731      0.0000
   2013.62488584      0.0000
   2013.62491438      0.0000
   2013.62494292      0.0000
   2013.62497146      0.0000
   2013.62500000      0.0000
   2013.62502854      0.0000
   2013.62505708      0.0000
   2013.62508562      0.0000
   2013.62511416      0.0000
   2013.62514269      0.0000
   2013.62517123      0.0000
   2013.62519977      0.0000
   2013.62522831      0.0000
   2013.62525685      0.0000
   2013.62528539      0.0000
   2013.62531393      0.0000
   2013.62534247      0.0000
   2013.62537100      0.0000
   2013.62539954      0.0000
   2013.62542808      0.0000
   2013.62545662      0.0000
   2013.62548516      0.0000
   2013.62551370      0.0000
   2013.62554224      0.0000
   2013.62557078      0.0000
   2013.62559932      0.0000
   2013.62562785      0.0000
   2013.62565639      0.0000
   2013.62568493      0.0000
   2013.62571347      0.0000
   2013.62574201      0.0000
   2013.62577055      0.0000
   2013.62579909      0.0000
   2013.62582763      0.0000
   2013.62585616      0.0000
   2013.62588470      0.0000
   2013.62591324      0.0000
   2013.62594178      0.0000
   2013.62597032      0.0000
   2013.62599886      0.0000
   2013.62602740      0.0000
   2013.62605594      0.0000
   2013.62608447      0.0000
   2013.62611301      0.0000
   2013.62614155      0.0000
   2013.62617009      0.0000
   2013.62619863      0.0000
   2013.62622717      0.0000
   2013.62625571      0.0000
   2013.62628425      0.2449
   2013.62631279      0.6096
   2013.62634132      2.0168
   2013.62636986      4.1051
   2013.62639840      7.3570
   2013.62642694     13.2847
   2013.62645548     18.1591
   2013.62648402     18.7355
   2013.62651256     17.1888
   2013.62654110     15.5475
   2013.62656963     14.1226
   2013.62659817     13.2426
   2013.62662671     12.4535
   2013.62665525     11.7227
   2013.62668379     11.0938
   2013.62671233     10.1689
   2013.62674087     10.2577
   2013.62676941      9.5681
   2013.62679795      8.8497
   2013.62682648      8.1525
   2013.62685502      7.9380
   2013.62688356      7.3550
   2013.62691210      6.9922
   2013.62694064      6.0749
   2013.62696918      6.0661
   2013.62699772      5.5270
   2013.62702626      5.2525
   2013.62705479      4.8161
   2013.62708333      4.8419
   2013.62711187      4.6259
   2013.62714041      4.4348
   2013.62716895      4.2052
   2013.62719749      4.3182
   2013.62722603      4.1867
   2013.62725457      4.0768
   2013.62728311      3.9934
   2013.62731164      3.9153
   2013.62734018      3.8098
   2013.62736872      3.6921
   2013.62739726      3.4930
   2013.62742580      3.5922
   2013.62745434      3.5029
   2013.62748288      3.5546
   2013.62751142      3.1577
   2013.62753995      3.2528
   2013.62756849      3.1643
   2013.62759703      3.0380
   2013.62762557      2.8626
   2013.62765411      2.9354
   2013.62768265      2.7975
   2013.62771119      2.6876
   2013.62773973      2.6491
   2013.62776826      2.5547
   2013.62779680      2.4597
   2013.62782534      2.3553
   2013.62785388      2.2735
   2013.62788242      2.2285
   2013.62791096      2.1473
   2013.62793950      2.0131
   2013.62796804      1.9869
   2013.62799658      1.9496
   2013.62802511      1.8830
   2013.62805365      1.7702
   2013.62808219      1.7513
   2013.62811073      1.7243
   2013.62813927      1.6719
   2013.62816781      1.6085
   2013.62819635      1.5706
   2013.62822489      1.5590
   2013.62825342      1.5203
   2013.62828196      1.4755
   2013.62831050      1.4763
   2013.62833904      1.4541
   2013.62836758      1.4306
   2013.62839612      1.3999
   2013.62842466      1.4220
   2013.62845320      1.4169
   2013.62848174      1.4133
   2013.62851027      1.3989
   2013.62853881      1.4454
   2013.62856735      1.4670
   2013.62859589      1.4894
   2013.62862443      1.4965
   2013.62865297      1.5782
   2013.62868151      1.6369
   2013.62871005      1.6848
   2013.62873858      1.7162
   2013.62876712      1.8436
   2013.62879566      1.9418
   2013.62882420      2.0207
   2013.62885274      2.0787
   2013.62888128      2.2601
   2013.62890982      2.3995
   2013.62893836      2.4651
   2013.62896689      2.5766
   2013.62899543      2.7217
   2013.62902397      2.9658
   2013.62905251      3.0317
   2013.62908105      3.1473
   2013.62910959      3.4302
   2013.62913813      3.5474
   2013.62916667      3.5902
   2013.62919521      3.7571
   2013.62922374      3.9769
   2013.62925228      4.1021
   2013.62928082      4.1136
   2013.62930936      4.2754
   2013.62933790      4.4611
   2013.62936644      4.5680
   2013.62939498      4.5449
   2013.62942352      4.6880
   2013.62945205      4.8207
   2013.62948059      4.8969
   2013.62950913      4.8292
   2013.62953767      4.9423
   2013.62956621      5.0181
   2013.62959475      5.0638
   2013.62962329      4.9485
   2013.62965183      5.0195
   2013.62968037      4.7932
   2013.62970890      5.0714
   2013.62973744      4.9239
   2013.62976598      4.9476
   2013.62979452      4.9545
   2013.62982306      4.9401
   2013.62985160      4.7633
   2013.62988014      4.7363
   2013.62990868      4.5221
   2013.62993721      4.6784
   2013.62996575      4.5602
   2013.62999429      4.4265
   2013.63002283      4.2172
   2013.63005137      4.2222
   2013.63007991      4.1776
   2013.63010845      4.0534
   2013.63013699      3.9680
   2013.63016553      3.9371
   2013.63019406      3.7376
   2013.63022260      3.6849
   2013.63025114      3.6429
   2013.63027968      3.5428
   2013.63030822      3.2003
   2013.63033676      3.0455
   2013.63036530      2.8094
   2013.63039384      2.6492
   2013.63042237      2.4841
   2013.63045091      2.3171
   2013.63047945      2.1544
   2013.63050799      1.9858
   2013.63053653      1.8335
   2013.63056507      1.6959
   2013.63059361      1.5673
   2013.63062215      1.4456
   2013.63065068      1.3303
   2013.63067922      1.2723
   2013.63070776      1.1229
   2013.63073630      1.0325
   2013.63076484      0.9485
   2013.63079338      0.8722
   2013.63082192      0.7991
   2013.63085046      0.7303
   2013.63087900      0.6675
   2013.63090753      0.6114
   2013.63093607      0.5606
   2013.63096461      0.5147
   2013.63099315      0.4734
   2013.63102169      0.4361
   2013.63105023      0.4022
   2013.63107877      0.3714
   2013.63110731      0.3433
   2013.63113584      0.3176
   2013.63116438      0.2941
   2013.63119292      0.2726
   2013.63122146      0.2529
   2013.63125000      0.2347
   2013.63127854      0.2179
   2013.63130708      0.2024
   2013.63133562      0.1881
   2013.63136416      0.1750
   2013.63139269      0.1630
   2013.63142123      0.1519
   2013.63144977      0.1416
   2013.63147831      0.1322
   2013.63150685      0.1235
   2013.63153539      0.1154
   2013.63156393      0.1079
   2013.63159247      0.1009
