   2013.62465753      0.0000
   2013.62468607      0.0000
   2013.62471461      0.0000
   2013.62474315      0.0000
   2013.62477169      0.0000
   2013.62480023      0.0000
   2013.62482877      0.0000
   2013.62485731      0.0000
   2013.62488584      0.0000
   2013.62491438      0.0000
   2013.62494292      0.0000
   2013.62497146      0.0000
   2013.62500000      0.0000
   2013.62502854      0.0000
   2013.62505708      0.0000
   2013.62508562      0.0000
   2013.62511416      0.0000
   2013.62514269      0.0000
   2013.62517123      0.0000
   2013.62519977      0.0000
   2013.62522831      0.0000
   2013.62525685      0.0000
   2013.62528539      0.0000
   2013.62531393      0.0000
   2013.62534247      0.0000
   2013.62537100      0.0000
   2013.62539954      0.0000
   2013.62542808      0.0000
   2013.62545662      0.0000
   2013.62548516      0.0000
   2013.62551370      0.0000
   2013.62554224      0.0000
   2013.62557078      0.0000
   2013.62559932      0.0000
   2013.62562785      0.0000
   2013.62565639      0.0000
   2013.62568493      0.0000
   2013.62571347      0.0000
   2013.62574201      0.0000
   2013.62577055      0.0000
   2013.62579909      0.0000
   2013.62582763      0.0000
   2013.62585616      0.0000
   2013.62588470      0.0000
   2013.62591324      0.0000
   2013.62594178      0.0000
   2013.62597032      0.0000
   2013.62599886      0.0000
   2013.62602740      0.0000
   2013.62605594      0.0000
   2013.62608447      0.0000
   2013.62611301      0.0000
   2013.62614155      0.0000
   2013.62617009      0.0000
   2013.62619863      0.0000
   2013.62622717      0.0000
   2013.62625571      0.0000
   2013.62628425      0.4015
   2013.62631279      1.5837
   2013.62634132      5.8127
   2013.62636986     16.0778
   2013.62639840     34.5136
   2013.62642694     36.9837
   2013.62645548     30.3106
   2013.62648402     25.4887
   2013.62651256     21.4308
   2013.62654110     18.5600
   2013.62656963     16.7871
   2013.62659817     15.4204
   2013.62662671     14.5437
   2013.62665525     13.9886
   2013.62668379     13.6551
   2013.62671233     13.0942
   2013.62674087     12.6909
   2013.62676941     11.9664
   2013.62679795     11.0841
   2013.62682648      9.9941
   2013.62685502      9.1210
   2013.62688356      8.4784
   2013.62691210      7.9900
   2013.62694064      6.3936
   2013.62696918      6.0750
   2013.62699772      4.8774
   2013.62702626      4.5635
   2013.62705479      3.6830
   2013.62708333      3.2600
   2013.62711187      3.0102
   2013.62714041      2.5783
   2013.62716895      2.1654
   2013.62719749      1.9163
   2013.62722603      1.6947
   2013.62725457      1.5000
   2013.62728311      1.3693
   2013.62731164      1.1930
   2013.62734018      1.0473
   2013.62736872      0.9555
   2013.62739726      0.8598
   2013.62742580      0.7722
   2013.62745434      0.6940
   2013.62748288      0.6255
   2013.62751142      0.5650
   2013.62753995      0.5116
   2013.62756849      0.4645
   2013.62759703      0.4230
   2013.62762557      0.3860
   2013.62765411      0.3530
   2013.62768265      0.3235
   2013.62771119      0.2969
   2013.62773973      0.2729
   2013.62776826      0.2512
   2013.62779680      0.2313
   2013.62782534      0.2131
   2013.62785388      0.1965
   2013.62788242      0.1815
   2013.62791096      0.1678
   2013.62793950      0.1552
   2013.62796804      0.1438
   2013.62799658      0.1334
   2013.62802511      0.1238
   2013.62805365      0.1150
   2013.62808219      0.1068
