   2013.62465753      0.0000
   2013.62468607      0.0000
   2013.62471461      0.0000
   2013.62474315      0.0000
   2013.62477169      0.0000
   2013.62480023      0.0000
   2013.62482877      0.0000
   2013.62485731      0.0000
   2013.62488584      0.0000
   2013.62491438      0.0000
   2013.62494292      0.0000
   2013.62497146      0.0000
   2013.62500000      0.0000
   2013.62502854      0.0000
   2013.62505708      0.0000
   2013.62508562      0.0000
   2013.62511416      0.0000
   2013.62514269      0.0000
   2013.62517123      0.0000
   2013.62519977      0.0000
   2013.62522831      0.0000
   2013.62525685      0.0000
   2013.62528539      0.0000
   2013.62531393      0.0000
   2013.62534247      0.0000
   2013.62537100      0.0000
   2013.62539954      0.0000
   2013.62542808      0.0000
   2013.62545662      0.0000
   2013.62548516      0.0000
   2013.62551370      0.0000
   2013.62554224      0.0000
   2013.62557078      0.0000
   2013.62559932      0.0000
   2013.62562785      0.0000
   2013.62565639      0.0000
   2013.62568493      0.0000
   2013.62571347      0.0000
   2013.62574201      0.0000
   2013.62577055      0.0000
   2013.62579909      0.0000
   2013.62582763      0.0000
   2013.62585616      0.0000
   2013.62588470      0.0000
   2013.62591324      0.0000
   2013.62594178      0.0000
   2013.62597032      0.0000
   2013.62599886      0.0000
   2013.62602740      0.0000
   2013.62605594      0.0000
   2013.62608447      0.0000
   2013.62611301      0.0000
   2013.62614155      0.0000
   2013.62617009      0.0000
   2013.62619863      0.0000
   2013.62622717      0.0000
   2013.62625571      0.0000
   2013.62628425      0.0000
   2013.62631279      0.0000
   2013.62634132      0.0000
   2013.62636986      0.0000
   2013.62639840      0.0000
   2013.62642694      0.0000
   2013.62645548      0.0000
   2013.62648402      0.0000
   2013.62651256      0.0000
   2013.62654110      0.0000
   2013.62656963      0.0000
   2013.62659817      0.0000
   2013.62662671      0.1613
   2013.62665525      0.3159
   2013.62668379      0.8803
   2013.62671233      2.1297
   2013.62674087      3.6966
   2013.62676941      6.3624
   2013.62679795     10.5960
   2013.62682648     13.7852
   2013.62685502     14.3052
   2013.62688356     13.6403
   2013.62691210     12.5596
   2013.62694064     10.9657
   2013.62696918     10.4074
   2013.62699772      9.3920
   2013.62702626      8.6783
   2013.62705479      7.7090
   2013.62708333      7.4489
   2013.62711187      6.7995
   2013.62714041      6.7201
   2013.62716895      5.4272
   2013.62719749      5.2402
   2013.62722603      4.7680
   2013.62725457      4.2756
   2013.62728311      3.6949
   2013.62731164      3.9822
   2013.62734018      3.3931
   2013.62736872      3.1294
   2013.62739726      2.8797
   2013.62742580      2.7236
   2013.62745434      2.4829
   2013.62748288      2.3070
   2013.62751142      2.1844
   2013.62753995      2.0894
   2013.62756849      1.9209
   2013.62759703      1.7992
   2013.62762557      1.6333
   2013.62765411      1.6192
   2013.62768265      1.5081
   2013.62771119      1.4135
   2013.62773973      1.3347
   2013.62776826      1.2558
   2013.62779680      1.1763
   2013.62782534      1.1193
   2013.62785388      1.0450
   2013.62788242      0.9581
   2013.62791096      0.9124
   2013.62793950      0.8543
   2013.62796804      0.8017
   2013.62799658      0.7473
   2013.62802511      0.6941
   2013.62805365      0.6455
   2013.62808219      0.6077
   2013.62811073      0.5677
   2013.62813927      0.5291
   2013.62816781      0.4936
   2013.62819635      0.4683
   2013.62822489      0.4392
   2013.62825342      0.4103
   2013.62828196      0.3833
   2013.62831050      0.3683
   2013.62833904      0.3469
   2013.62836758      0.3249
   2013.62839612      0.3038
   2013.62842466      0.2970
   2013.62845320      0.2816
   2013.62848174      0.2649
   2013.62851027      0.2488
   2013.62853881      0.2496
   2013.62856735      0.2391
   2013.62859589      0.2265
   2013.62862443      0.2144
   2013.62865297      0.2226
   2013.62868151      0.2172
   2013.62871005      0.2092
   2013.62873858      0.2020
   2013.62876712      0.2194
   2013.62879566      0.2208
   2013.62882420      0.2195
   2013.62885274      0.2198
   2013.62888128      0.2514
   2013.62890982      0.2645
   2013.62893836      0.2746
   2013.62896689      0.2886
   2013.62899543      0.3438
   2013.62902397      0.3784
   2013.62905251      0.4237
   2013.62908105      0.4736
   2013.62910959      0.5689
   2013.62913813      0.6636
   2013.62916667      0.7859
   2013.62919521      0.9179
   2013.62922374      1.1341
   2013.62925228      1.3926
   2013.62928082      1.6690
   2013.62930936      1.9644
   2013.62933790      2.3154
   2013.62936644      2.5870
   2013.62939498      2.7275
   2013.62942352      2.8448
   2013.62945205      2.9677
   2013.62948059      3.2920
   2013.62950913      3.3167
   2013.62953767      3.3456
   2013.62956621      3.4198
   2013.62959475      3.6185
   2013.62962329      3.5686
   2013.62965183      3.5920
   2013.62968037      3.6361
   2013.62970890      3.7258
   2013.62973744      3.6204
   2013.62976598      3.5593
   2013.62979452      3.4619
   2013.62982306      3.5546
   2013.62985160      3.5047
   2013.62988014      3.6051
   2013.62990868      3.1877
   2013.62993721      3.3318
   2013.62996575      3.4801
   2013.62999429      3.1235
   2013.63002283      2.9628
   2013.63005137      3.0415
   2013.63007991      2.8988
   2013.63010845      2.7788
   2013.63013699      2.7210
   2013.63016553      2.6112
   2013.63019406      2.5051
   2013.63022260      2.3344
   2013.63025114      2.2382
   2013.63027968      2.1262
   2013.63030822      2.0088
   2013.63033676      1.8901
   2013.63036530      1.7731
   2013.63039384      1.6566
   2013.63042237      1.5537
   2013.63045091      1.4551
   2013.63047945      1.3601
   2013.63050799      1.2681
   2013.63053653      1.2317
   2013.63056507      1.1071
   2013.63059361      1.0259
   2013.63062215      0.9458
   2013.63065068      0.8831
   2013.63067922      0.8179
   2013.63070776      0.7557
   2013.63073630      0.6971
   2013.63076484      0.6432
   2013.63079338      0.5941
   2013.63082192      0.5492
   2013.63085046      0.5084
   2013.63087900      0.4712
   2013.63090753      0.4373
   2013.63093607      0.4060
   2013.63096461      0.3772
   2013.63099315      0.3505
   2013.63102169      0.3258
   2013.63105023      0.3030
   2013.63107877      0.2820
   2013.63110731      0.2626
   2013.63113584      0.2446
   2013.63116438      0.2278
   2013.63119292      0.2121
   2013.63122146      0.1977
   2013.63125000      0.1843
   2013.63127854      0.1719
   2013.63130708      0.1605
   2013.63133562      0.1499
   2013.63136416      0.1401
   2013.63139269      0.1310
   2013.63142123      0.1226
   2013.63144977      0.1147
   2013.63147831      0.1074
   2013.63150685      0.1006
