   2013.62465753      0.0000
   2013.62468607      0.0000
   2013.62471461      0.0000
   2013.62474315      0.0000
   2013.62477169      0.0000
   2013.62480023      0.0000
   2013.62482877      0.0000
   2013.62485731      0.0000
   2013.62488584      0.0000
   2013.62491438      0.0000
   2013.62494292      0.0000
   2013.62497146      0.0000
   2013.62500000      0.0000
   2013.62502854      0.0000
   2013.62505708      0.0000
   2013.62508562      0.0000
   2013.62511416      0.0000
   2013.62514269      0.0000
   2013.62517123      0.0000
   2013.62519977      0.0000
   2013.62522831      0.0000
   2013.62525685      0.0000
   2013.62528539      0.0000
   2013.62531393      0.0000
   2013.62534247      0.0000
   2013.62537100      0.0000
   2013.62539954      0.0000
   2013.62542808      0.0000
   2013.62545662      0.0000
   2013.62548516      0.0000
   2013.62551370      0.0000
   2013.62554224      0.0000
   2013.62557078      0.0000
   2013.62559932      0.0000
   2013.62562785      0.0000
   2013.62565639      0.0000
   2013.62568493      0.0000
   2013.62571347      0.0000
   2013.62574201      0.0000
   2013.62577055      0.0000
   2013.62579909      0.0000
   2013.62582763      0.0000
   2013.62585616      0.0000
   2013.62588470      0.0000
   2013.62591324      0.0000
   2013.62594178      0.0000
   2013.62597032      0.0000
   2013.62599886      0.0000
   2013.62602740      0.0000
   2013.62605594      0.0000
   2013.62608447      0.0000
   2013.62611301      0.0000
   2013.62614155      0.0000
   2013.62617009      0.0000
   2013.62619863      0.0000
   2013.62622717      0.0000
   2013.62625571      0.0000
   2013.62628425      0.0000
   2013.62631279      0.0000
   2013.62634132      0.0000
   2013.62636986      0.0000
   2013.62639840      0.0000
   2013.62642694      0.0000
   2013.62645548      0.0000
   2013.62648402      0.0000
   2013.62651256      0.5191
   2013.62654110      2.2639
   2013.62656963      6.8488
   2013.62659817     13.6532
   2013.62662671     26.7349
   2013.62665525     32.3169
   2013.62668379     28.2513
   2013.62671233     22.8163
   2013.62674087     18.6704
   2013.62676941     15.4296
   2013.62679795     12.9449
   2013.62682648     10.5668
   2013.62685502      9.4465
   2013.62688356      8.2206
   2013.62691210      7.3486
   2013.62694064      5.9626
   2013.62696918      5.7142
   2013.62699772      5.2102
   2013.62702626      4.7231
   2013.62705479      4.4114
   2013.62708333      4.0904
   2013.62711187      3.8730
   2013.62714041      3.9558
   2013.62716895      3.3590
   2013.62719749      3.4689
   2013.62722603      3.3783
   2013.62725457      3.4472
   2013.62728311      3.1100
   2013.62731164      3.2079
   2013.62734018      3.1559
   2013.62736872      3.0612
   2013.62739726      2.9842
   2013.62742580      3.0306
   2013.62745434      3.0074
   2013.62748288      2.9117
   2013.62751142      2.8195
   2013.62753995      2.8464
   2013.62756849      2.8119
   2013.62759703      2.7252
   2013.62762557      2.7361
   2013.62765411      2.6504
   2013.62768265      2.6106
   2013.62771119      2.5337
   2013.62773973      2.5363
   2013.62776826      2.4878
   2013.62779680      2.4088
   2013.62782534      2.3386
   2013.62785388      2.3373
   2013.62788242      2.2868
   2013.62791096      2.2280
   2013.62793950      2.1597
   2013.62796804      2.1159
   2013.62799658      2.1195
   2013.62802511      2.0707
   2013.62805365      2.0115
   2013.62808219      1.9779
   2013.62811073      1.9889
   2013.62813927      1.9503
   2013.62816781      1.9011
   2013.62819635      1.9174
   2013.62822489      1.8989
   2013.62825342      1.8684
   2013.62828196      1.8320
   2013.62831050      1.8596
   2013.62833904      1.8533
   2013.62836758      1.8344
   2013.62839612      1.8072
   2013.62842466      1.8491
   2013.62845320      1.8569
   2013.62848174      1.8496
   2013.62851027      1.8300
   2013.62853881      1.8932
   2013.62856735      1.9183
   2013.62859589      1.9234
   2013.62862443      1.9156
   2013.62865297      2.0025
   2013.62868151      2.0469
   2013.62871005      2.0663
   2013.62873858      2.0720
   2013.62876712      2.1804
   2013.62879566      2.2502
   2013.62882420      2.2846
   2013.62885274      2.2985
   2013.62888128      2.4291
   2013.62890982      2.5149
   2013.62893836      2.5175
   2013.62896689      2.5739
   2013.62899543      2.6801
   2013.62902397      2.9832
   2013.62905251      2.9978
   2013.62908105      2.9735
   2013.62910959      2.7782
   2013.62913813      2.9376
   2013.62916667      2.9620
   2013.62919521      3.2523
   2013.62922374      3.5651
   2013.62925228      3.5250
   2013.62928082      3.4018
   2013.62930936      3.2651
   2013.62933790      3.0759
   2013.62936644      3.0689
   2013.62939498      3.0771
   2013.62942352      3.4577
   2013.62945205      3.4287
   2013.62948059      3.1927
   2013.62950913      3.1312
   2013.62953767      2.9579
   2013.62956621      2.7699
   2013.62959475      2.6291
   2013.62962329      2.4888
   2013.62965183      2.4407
   2013.62968037      2.3818
   2013.62970890      2.2949
   2013.62973744      2.1846
   2013.62976598      2.0556
   2013.62979452      1.9056
   2013.62982306      1.7709
   2013.62985160      1.6530
   2013.62988014      1.5497
   2013.62990868      1.4568
   2013.62993721      1.3698
   2013.62996575      1.2869
   2013.62999429      1.2064
   2013.63002283      1.1241
   2013.63005137      1.0517
   2013.63007991      0.9774
   2013.63010845      0.9096
   2013.63013699      0.8439
   2013.63016553      0.7799
   2013.63019406      0.7192
   2013.63022260      0.6635
   2013.63025114      0.6133
   2013.63027968      0.5673
   2013.63030822      0.5253
   2013.63033676      0.4870
   2013.63036530      0.4522
   2013.63039384      0.4203
   2013.63042237      0.3909
   2013.63045091      0.3637
   2013.63047945      0.3385
   2013.63050799      0.3152
   2013.63053653      0.2936
   2013.63056507      0.2737
   2013.63059361      0.2552
   2013.63062215      0.2380
   2013.63065068      0.2219
   2013.63067922      0.2069
   2013.63070776      0.1930
   2013.63073630      0.1801
   2013.63076484      0.1682
   2013.63079338      0.1571
   2013.63082192      0.1469
   2013.63085046      0.1373
   2013.63087900      0.1285
   2013.63090753      0.1203
   2013.63093607      0.1126
   2013.63096461      0.1055
