   2013.62465753      0.0000
   2013.62468607      0.0000
   2013.62471461      0.0000
   2013.62474315      0.0000
   2013.62477169      0.0000
   2013.62480023      0.0000
   2013.62482877      0.0000
   2013.62485731      0.0000
   2013.62488584      0.0000
   2013.62491438      0.0000
   2013.62494292      0.0000
   2013.62497146      0.0000
   2013.62500000      0.0000
   2013.62502854      0.0000
   2013.62505708      0.0000
   2013.62508562      0.0000
   2013.62511416      0.0000
   2013.62514269      0.0000
   2013.62517123      0.0000
   2013.62519977      0.0000
   2013.62522831      0.0000
   2013.62525685      0.0000
   2013.62528539      0.0000
   2013.62531393      0.0000
   2013.62534247      0.0000
   2013.62537100      0.0000
   2013.62539954      0.0000
   2013.62542808      0.0000
   2013.62545662      0.0000
   2013.62548516      0.0000
   2013.62551370      0.0000
   2013.62554224      0.0000
   2013.62557078      0.0000
   2013.62559932      0.0000
   2013.62562785      0.0000
   2013.62565639      0.0000
   2013.62568493      0.0000
   2013.62571347      0.0000
   2013.62574201      0.0000
   2013.62577055      0.0000
   2013.62579909      0.0000
   2013.62582763      0.0000
   2013.62585616      0.0000
   2013.62588470      0.0000
   2013.62591324      0.0000
   2013.62594178      0.0000
   2013.62597032      0.0000
   2013.62599886      0.0000
   2013.62602740      0.0000
   2013.62605594      0.0000
   2013.62608447      0.0000
   2013.62611301      0.0000
   2013.62614155      0.0000
   2013.62617009      0.0000
   2013.62619863      0.0000
   2013.62622717      0.0000
   2013.62625571      0.0000
   2013.62628425      0.0000
   2013.62631279      0.0000
   2013.62634132      0.0000
   2013.62636986      0.0000
   2013.62639840     19.1828
   2013.62642694     67.8315
   2013.62645548    131.4625
   2013.62648402    125.6129
   2013.62651256     89.4726
   2013.62654110     59.1895
   2013.62656963     42.8340
   2013.62659817     31.3208
   2013.62662671     27.3398
   2013.62665525     24.1034
   2013.62668379     22.0461
   2013.62671233     20.2266
   2013.62674087     20.0975
   2013.62676941     20.1632
   2013.62679795     19.8100
   2013.62682648     19.1220
   2013.62685502     19.6414
   2013.62688356     19.9554
   2013.62691210     19.7852
   2013.62694064     19.1875
   2013.62696918     19.6613
   2013.62699772     19.9154
   2013.62702626     19.7446
   2013.62705479     19.1180
   2013.62708333     19.3983
   2013.62711187     19.4811
   2013.62714041     18.3103
   2013.62716895     17.5182
   2013.62719749     17.0118
   2013.62722603     15.9057
   2013.62725457     14.6888
   2013.62728311     13.6490
   2013.62731164     14.4083
   2013.62734018     14.5602
   2013.62736872     12.9271
   2013.62739726     11.4956
   2013.62742580     10.6581
   2013.62745434     10.0928
   2013.62748288     10.7527
   2013.62751142     11.9565
   2013.62753995     12.4088
   2013.62756849     11.5150
   2013.62759703     10.5601
   2013.62762557      9.4717
   2013.62765411      8.3344
   2013.62768265      7.6170
   2013.62771119      7.4016
   2013.62773973      7.3667
   2013.62776826      7.2643
   2013.62779680      7.3501
   2013.62782534      6.0420
   2013.62785388      5.7961
   2013.62788242      4.7067
   2013.62791096      4.3996
   2013.62793950      3.6469
   2013.62796804      3.2369
   2013.62799658      2.9499
   2013.62802511      2.6545
   2013.62805365      2.5094
   2013.62808219      2.2775
   2013.62811073      2.0728
   2013.62813927      1.8844
   2013.62816781      1.7052
   2013.62819635      1.4790
   2013.62822489      1.3440
   2013.62825342      1.2306
   2013.62828196      1.1063
   2013.62831050      0.9942
   2013.62833904      0.9083
   2013.62836758      0.8230
   2013.62839612      0.7450
   2013.62842466      0.6747
   2013.62845320      0.6122
   2013.62848174      0.5563
   2013.62851027      0.5065
   2013.62853881      0.4623
   2013.62856735      0.4229
   2013.62859589      0.3875
   2013.62862443      0.3556
   2013.62865297      0.3268
   2013.62868151      0.3006
   2013.62871005      0.2769
   2013.62873858      0.2554
   2013.62876712      0.2356
   2013.62879566      0.2174
   2013.62882420      0.2008
   2013.62885274      0.1855
   2013.62888128      0.1716
   2013.62890982      0.1589
   2013.62893836      0.1473
   2013.62896689      0.1367
   2013.62899543      0.1269
   2013.62902397      0.1178
   2013.62905251      0.1095
   2013.62908105      0.1019
