   2013.62465753      0.0000
   2013.62468607      0.0000
   2013.62471461      0.0001
   2013.62474315      0.0004
   2013.62477169      0.0008
   2013.62480023      0.0011
   2013.62482877      0.0014
   2013.62485731      0.0017
   2013.62488584      0.0021
   2013.62491438      0.0033
   2013.62494292      0.0066
   2013.62497146      0.0458
   2013.62500000      0.0932
   2013.62502854      0.1694
   2013.62505708      0.2765
   2013.62508562      0.4453
   2013.62511416      0.7412
   2013.62514269      1.1157
   2013.62517123      1.5556
   2013.62519977      2.0221
   2013.62522831      2.7138
   2013.62525685      3.5775
   2013.62528539      4.2008
   2013.62531393      4.6676
   2013.62534247      4.2627
   2013.62537100      4.3717
   2013.62539954      4.1463
   2013.62542808      4.0387
   2013.62545662      3.5576
   2013.62548516      3.6100
   2013.62551370      3.4535
   2013.62554224      3.2772
   2013.62557078      3.1432
   2013.62559932      3.1385
   2013.62562785      3.0819
   2013.62565639      3.2208
   2013.62568493      2.9814
   2013.62571347      3.1496
   2013.62574201      3.0992
   2013.62577055      3.1733
   2013.62579909      3.1245
   2013.62582763      3.3717
   2013.62585616      3.3726
   2013.62588470      3.4381
   2013.62591324      3.5223
   2013.62594178      3.7980
   2013.62597032      3.8197
   2013.62599886      4.0105
   2013.62602740      3.9976
   2013.62605594      4.4492
   2013.62608447      4.4769
   2013.62611301      4.7592
   2013.62614155      4.6959
   2013.62617009      5.0954
   2013.62619863      5.2776
   2013.62622717      5.5064
   2013.62625571      5.4873
   2013.62628425      5.9416
   2013.62631279      6.1520
   2013.62634132      6.3713
   2013.62636986      6.3132
   2013.62639840      6.7676
   2013.62642694      6.9883
   2013.62645548      7.1394
   2013.62648402      7.0888
   2013.62651256      7.4651
   2013.62654110      7.5703
   2013.62656963      7.7749
   2013.62659817      7.6509
   2013.62662671      8.0015
   2013.62665525      8.1828
   2013.62668379      8.1256
   2013.62671233      8.0390
   2013.62674087      8.4316
   2013.62676941      8.4881
   2013.62679795      8.4717
   2013.62682648      8.2747
   2013.62685502      8.5689
   2013.62688356      8.5577
   2013.62691210      8.4617
   2013.62694064      8.2004
   2013.62696918      8.4440
   2013.62699772      8.2932
   2013.62702626      8.1666
   2013.62705479      7.8867
   2013.62708333      8.0603
   2013.62711187      8.0818
   2013.62714041      7.9119
   2013.62716895      7.4786
   2013.62719749      7.6411
   2013.62722603      7.5265
   2013.62725457      7.2832
   2013.62728311      6.8613
   2013.62731164      7.0816
   2013.62734018      6.9441
   2013.62736872      6.7041
   2013.62739726      6.4150
   2013.62742580      6.6631
   2013.62745434      6.2858
   2013.62748288      6.2817
   2013.62751142      5.7393
   2013.62753995      5.9638
   2013.62756849      5.6335
   2013.62759703      5.5449
   2013.62762557      5.1804
   2013.62765411      5.1722
   2013.62768265      5.1790
   2013.62771119      4.9220
   2013.62773973      4.6330
   2013.62776826      4.6135
   2013.62779680      4.5559
   2013.62782534      4.3908
   2013.62785388      4.1492
   2013.62788242      4.2519
   2013.62791096      4.0894
   2013.62793950      3.8984
   2013.62796804      3.9190
   2013.62799658      3.9260
   2013.62802511      3.7029
   2013.62805365      3.5783
   2013.62808219      3.2021
   2013.62811073      3.6183
   2013.62813927      3.6059
   2013.62816781      3.7664
   2013.62819635      3.1829
   2013.62822489      3.2629
   2013.62825342      3.1667
   2013.62828196      3.5477
   2013.62831050      3.0446
   2013.62833904      3.1823
   2013.62836758      3.0669
   2013.62839612      3.0082
   2013.62842466      3.1008
   2013.62845320      3.2795
   2013.62848174      3.2915
   2013.62851027      3.2153
   2013.62853881      3.0701
   2013.62856735      2.9566
   2013.62859589      2.9674
   2013.62862443      3.0374
   2013.62865297      3.0501
   2013.62868151      2.9908
   2013.62871005      3.1013
   2013.62873858      2.8567
   2013.62876712      3.0330
   2013.62879566      3.1196
   2013.62882420      3.1567
   2013.62885274      3.1218
   2013.62888128      3.0172
   2013.62890982      2.9333
   2013.62893836      2.7156
   2013.62896689      2.7009
   2013.62899543      2.6764
   2013.62902397      2.5457
   2013.62905251      2.4393
   2013.62908105      2.3292
   2013.62910959      2.2265
   2013.62913813      2.1440
   2013.62916667      2.0463
   2013.62919521      2.0544
   2013.62922374      1.9390
   2013.62925228      1.8290
   2013.62928082      1.7185
   2013.62930936      1.6091
   2013.62933790      1.4443
   2013.62936644      1.3583
   2013.62939498      1.2700
   2013.62942352      1.1877
   2013.62945205      1.1056
   2013.62948059      1.0339
   2013.62950913      0.9626
   2013.62953767      0.8951
   2013.62956621      0.8294
   2013.62959475      0.7648
   2013.62962329      0.7033
   2013.62965183      0.6468
   2013.62968037      0.5954
   2013.62970890      0.5482
   2013.62973744      0.5053
   2013.62976598      0.4664
   2013.62979452      0.4311
   2013.62982306      0.3989
   2013.62985160      0.3695
   2013.62988014      0.3425
   2013.62990868      0.3178
   2013.62993721      0.2952
   2013.62996575      0.2744
   2013.62999429      0.2554
   2013.63002283      0.2377
   2013.63005137      0.2213
   2013.63007991      0.2061
   2013.63010845      0.1921
   2013.63013699      0.1792
   2013.63016553      0.1673
   2013.63019406      0.1563
   2013.63022260      0.1461
   2013.63025114      0.1366
   2013.63027968      0.1279
   2013.63030822      0.1197
   2013.63033676      0.1122
   2013.63036530      0.1051
