   2013.62465753      0.0000
   2013.62468607      0.0000
   2013.62471461      0.0000
   2013.62474315      0.0000
   2013.62477169      0.0000
   2013.62480023      0.0000
   2013.62482877      0.0000
   2013.62485731      0.0000
   2013.62488584      0.0000
   2013.62491438      0.0000
   2013.62494292      0.0000
   2013.62497146      0.0000
   2013.62500000      0.0000
   2013.62502854      0.0000
   2013.62505708      0.0000
   2013.62508562      0.0000
   2013.62511416      0.0000
   2013.62514269      0.0000
   2013.62517123      0.0000
   2013.62519977      0.0000
   2013.62522831      0.0000
   2013.62525685      0.0000
   2013.62528539      0.0000
   2013.62531393      0.0000
   2013.62534247      0.0000
   2013.62537100      0.0000
   2013.62539954      0.0000
   2013.62542808      0.0000
   2013.62545662      0.0000
   2013.62548516      0.0000
   2013.62551370      0.0000
   2013.62554224      0.0000
   2013.62557078      0.0000
   2013.62559932      0.0000
   2013.62562785      0.0000
   2013.62565639      0.0000
   2013.62568493      0.0000
   2013.62571347      0.0000
   2013.62574201      0.0000
   2013.62577055      0.0000
   2013.62579909      0.0000
   2013.62582763      0.0000
   2013.62585616      0.0000
   2013.62588470      0.0000
   2013.62591324      0.0000
   2013.62594178      0.0000
   2013.62597032      0.0000
   2013.62599886      0.0000
   2013.62602740      0.0000
   2013.62605594      0.0000
   2013.62608447      0.0000
   2013.62611301      0.0000
   2013.62614155      0.0000
   2013.62617009      0.0000
   2013.62619863      0.0000
   2013.62622717      0.0000
   2013.62625571      0.0000
   2013.62628425      0.0000
   2013.62631279      0.0000
   2013.62634132      0.0000
   2013.62636986      0.0000
   2013.62639840      0.0000
   2013.62642694      0.0000
   2013.62645548      0.0000
   2013.62648402      0.0000
   2013.62651256      0.0000
   2013.62654110      0.0000
   2013.62656963      0.0000
   2013.62659817      0.0000
   2013.62662671      0.0204
   2013.62665525      0.0978
   2013.62668379      0.1986
   2013.62671233      0.5001
   2013.62674087      1.2181
   2013.62676941      2.4989
   2013.62679795      4.5273
   2013.62682648      7.8253
   2013.62685502     12.5943
   2013.62688356     15.1271
   2013.62691210     15.5878
   2013.62694064     14.8012
   2013.62696918     14.0845
   2013.62699772     13.2955
   2013.62702626     11.8993
   2013.62705479     10.5144
   2013.62708333      9.4166
   2013.62711187      8.8468
   2013.62714041      7.5912
   2013.62716895      6.6222
   2013.62719749      6.2336
   2013.62722603      5.1450
   2013.62725457      4.6090
   2013.62728311      3.8619
   2013.62731164      3.7528
   2013.62734018      3.4890
   2013.62736872      3.2117
   2013.62739726      2.9971
   2013.62742580      2.7727
   2013.62745434      2.5755
   2013.62748288      2.4078
   2013.62751142      2.2141
   2013.62753995      2.1272
   2013.62756849      1.9666
   2013.62759703      1.8652
   2013.62762557      1.7712
   2013.62765411      1.7122
   2013.62768265      1.5977
   2013.62771119      1.5464
   2013.62773973      1.4430
   2013.62776826      1.3743
   2013.62779680      1.3087
   2013.62782534      1.2457
   2013.62785388      1.1615
   2013.62788242      1.1547
   2013.62791096      1.0624
   2013.62793950      1.0046
   2013.62796804      0.9377
   2013.62799658      0.9002
   2013.62802511      0.8543
   2013.62805365      0.8092
   2013.62808219      0.7658
   2013.62811073      0.7242
   2013.62813927      0.6853
   2013.62816781      0.6496
   2013.62819635      0.6167
   2013.62822489      0.5857
   2013.62825342      0.5565
   2013.62828196      0.5289
   2013.62831050      0.5056
   2013.62833904      0.4818
   2013.62836758      0.4589
   2013.62839612      0.4373
   2013.62842466      0.4227
   2013.62845320      0.4048
   2013.62848174      0.3869
   2013.62851027      0.3702
   2013.62853881      0.3638
   2013.62856735      0.3309
   2013.62859589      0.3133
   2013.62862443      0.3022
   2013.62865297      0.3058
   2013.62868151      0.3009
   2013.62871005      0.2903
   2013.62873858      0.2764
   2013.62876712      0.2764
   2013.62879566      0.2653
   2013.62882420      0.2526
   2013.62885274      0.2410
   2013.62888128      0.2486
   2013.62890982      0.2460
   2013.62893836      0.2427
   2013.62896689      0.2409
   2013.62899543      0.2593
   2013.62902397      0.2632
   2013.62905251      0.2619
   2013.62908105      0.2597
   2013.62910959      0.2819
   2013.62913813      0.2996
   2013.62916667      0.3123
   2013.62919521      0.3249
   2013.62922374      0.3767
   2013.62925228      0.4336
   2013.62928082      0.5016
   2013.62930936      0.5918
   2013.62933790      0.7285
   2013.62936644      0.8495
   2013.62939498      0.9604
   2013.62942352      1.0558
   2013.62945205      1.1675
   2013.62948059      1.2382
   2013.62950913      1.2854
   2013.62953767      1.3100
   2013.62956621      1.3577
   2013.62959475      1.3734
   2013.62962329      1.3759
   2013.62965183      1.3650
   2013.62968037      1.3805
   2013.62970890      1.3710
   2013.62973744      1.3541
   2013.62976598      1.3762
   2013.62979452      1.2210
   2013.62982306      1.2962
   2013.62985160      1.2733
   2013.62988014      1.2322
   2013.62990868      1.1212
   2013.62993721      1.1897
   2013.62996575      1.1616
   2013.62999429      1.1172
   2013.63002283      1.0834
   2013.63005137      1.1056
   2013.63007991      0.9982
   2013.63010845      0.9969
   2013.63013699      0.9699
   2013.63016553      0.9369
   2013.63019406      0.8916
   2013.63022260      0.8620
   2013.63025114      0.8234
   2013.63027968      0.7840
   2013.63030822      0.7453
   2013.63033676      0.7075
   2013.63036530      0.6707
   2013.63039384      0.6350
   2013.63042237      0.6003
   2013.63045091      0.5667
   2013.63047945      0.5344
   2013.63050799      0.5036
   2013.63053653      0.4744
   2013.63056507      0.4466
   2013.63059361      0.4202
   2013.63062215      0.3951
   2013.63065068      0.3711
   2013.63067922      0.3484
   2013.63070776      0.3269
   2013.63073630      0.3066
   2013.63076484      0.2876
   2013.63079338      0.2697
   2013.63082192      0.2530
   2013.63085046      0.2372
   2013.63087900      0.2222
   2013.63090753      0.2082
   2013.63093607      0.1950
   2013.63096461      0.1827
   2013.63099315      0.1712
   2013.63102169      0.1604
   2013.63105023      0.1504
   2013.63107877      0.1410
   2013.63110731      0.1322
   2013.63113584      0.1240
   2013.63116438      0.1163
   2013.63119292      0.1091
   2013.63122146      0.1024
