   2013.62465753      0.0000
   2013.62468607      0.0000
   2013.62471461      0.0000
   2013.62474315      0.0000
   2013.62477169      0.0000
   2013.62480023      0.0000
   2013.62482877      0.0000
   2013.62485731      0.0000
   2013.62488584      0.0000
   2013.62491438      0.0000
   2013.62494292      0.0000
   2013.62497146      0.0000
   2013.62500000      0.0000
   2013.62502854      0.0000
   2013.62505708      0.0000
   2013.62508562      0.0000
   2013.62511416      0.0000
   2013.62514269      0.0000
   2013.62517123      0.0000
   2013.62519977      0.0000
   2013.62522831      0.0000
   2013.62525685      0.0000
   2013.62528539      0.0000
   2013.62531393      0.0000
   2013.62534247      0.0000
   2013.62537100      0.0000
   2013.62539954      0.0000
   2013.62542808      0.0000
   2013.62545662      0.0000
   2013.62548516      0.0000
   2013.62551370      0.0000
   2013.62554224      0.0000
   2013.62557078      0.0000
   2013.62559932      0.0000
   2013.62562785      0.0000
   2013.62565639      0.0000
   2013.62568493      0.0000
   2013.62571347      0.0000
   2013.62574201      0.0000
   2013.62577055      0.0000
   2013.62579909      0.0000
   2013.62582763      0.0000
   2013.62585616      0.0000
   2013.62588470      0.0000
   2013.62591324      0.0000
   2013.62594178      0.0000
   2013.62597032      0.0000
   2013.62599886      0.0000
   2013.62602740      0.0000
   2013.62605594      0.0000
   2013.62608447      0.0000
   2013.62611301      0.0000
   2013.62614155      0.0000
   2013.62617009      0.0000
   2013.62619863      0.0000
   2013.62622717      0.0000
   2013.62625571      0.0000
   2013.62628425      0.0000
   2013.62631279      0.0000
   2013.62634132      0.0000
   2013.62636986      0.0000
   2013.62639840      0.0000
   2013.62642694      0.0000
   2013.62645548      0.0000
   2013.62648402      0.0000
   2013.62651256      0.0000
   2013.62654110      0.0000
   2013.62656963      0.0000
   2013.62659817      0.0000
   2013.62662671      0.0000
   2013.62665525      0.0000
   2013.62668379      0.0000
   2013.62671233      0.0000
   2013.62674087      0.0000
   2013.62676941      0.0000
   2013.62679795      0.0000
   2013.62682648      0.0000
   2013.62685502      0.0000
   2013.62688356      0.0000
   2013.62691210      0.0000
   2013.62694064      0.0000
   2013.62696918      0.0000
   2013.62699772      0.0000
   2013.62702626      0.0000
   2013.62705479      0.0000
   2013.62708333     13.6138
   2013.62711187     57.4712
   2013.62714041    122.7435
   2013.62716895    121.8035
   2013.62719749     83.7010
   2013.62722603     55.1623
   2013.62725457     36.5610
   2013.62728311     26.6265
   2013.62731164     20.4980
   2013.62734018     16.7229
   2013.62736872     14.0071
   2013.62739726     12.2500
   2013.62742580     10.8065
   2013.62745434      9.7874
   2013.62748288      9.0121
   2013.62751142      8.5206
   2013.62753995      8.0404
   2013.62756849      7.7724
   2013.62759703      7.6347
   2013.62762557      7.4434
   2013.62765411      7.3976
   2013.62768265      7.3609
   2013.62771119      7.3237
   2013.62773973      7.3327
   2013.62776826      7.3491
   2013.62779680      7.3309
   2013.62782534      7.0980
   2013.62785388      6.8793
   2013.62788242      6.5258
   2013.62791096      6.1486
   2013.62793950      6.1582
   2013.62796804      5.6177
   2013.62799658      4.8451
   2013.62802511      4.3692
   2013.62805365      4.2270
   2013.62808219      3.6254
   2013.62811073      3.2263
   2013.62813927      2.9115
   2013.62816781      2.7003
   2013.62819635      2.3756
   2013.62822489      2.0110
   2013.62825342      1.8184
   2013.62828196      1.6258
   2013.62831050      1.4528
   2013.62833904      1.3355
   2013.62836758      1.1720
   2013.62839612      1.0345
   2013.62842466      0.9483
   2013.62845320      0.8568
   2013.62848174      0.7723
   2013.62851027      0.6962
   2013.62853881      0.6288
   2013.62856735      0.5691
   2013.62859589      0.5161
   2013.62862443      0.4692
   2013.62865297      0.4277
   2013.62868151      0.3906
   2013.62871005      0.3574
   2013.62873858      0.3275
   2013.62876712      0.3006
   2013.62879566      0.2763
   2013.62882420      0.2542
   2013.62885274      0.2340
   2013.62888128      0.2155
   2013.62890982      0.1986
   2013.62893836      0.1832
   2013.62896689      0.1692
   2013.62899543      0.1564
   2013.62902397      0.1447
   2013.62905251      0.1340
   2013.62908105      0.1242
   2013.62910959      0.1152
   2013.62913813      0.1070
