   2013.62465753      0.0000
   2013.62468607      0.0000
   2013.62471461      0.0000
   2013.62474315      0.0000
   2013.62477169      0.0000
   2013.62480023      0.0000
   2013.62482877      0.0000
   2013.62485731      0.0000
   2013.62488584      0.0000
   2013.62491438      0.0028
   2013.62494292      0.0067
   2013.62497146      0.0104
   2013.62500000      0.0877
   2013.62502854      0.1964
   2013.62505708      0.5088
   2013.62508562      1.3514
   2013.62511416      2.7716
   2013.62514269      4.7909
   2013.62517123      7.4875
   2013.62519977     10.6147
   2013.62522831     12.2422
   2013.62525685     12.0913
   2013.62528539     10.9689
   2013.62531393      9.6839
   2013.62534247      8.4725
   2013.62537100      7.1395
   2013.62539954      6.1801
   2013.62542808      5.2673
   2013.62545662      4.5521
   2013.62548516      3.9462
   2013.62551370      3.4577
   2013.62554224      3.0311
   2013.62557078      2.5484
   2013.62559932      2.3858
   2013.62562785      2.1497
   2013.62565639      1.9005
   2013.62568493      1.7294
   2013.62571347      1.5664
   2013.62574201      1.4159
   2013.62577055      1.2612
   2013.62579909      1.2120
   2013.62582763      1.1190
   2013.62585616      1.0092
   2013.62588470      0.9518
   2013.62591324      0.9283
   2013.62594178      0.8515
   2013.62597032      0.8394
   2013.62599886      0.7856
   2013.62602740      0.8063
   2013.62605594      0.7888
   2013.62608447      0.7636
   2013.62611301      0.7705
   2013.62614155      0.8429
   2013.62617009      0.8521
   2013.62619863      0.8937
   2013.62622717      0.9447
   2013.62625571      1.0873
   2013.62628425      1.1682
   2013.62631279      1.2942
   2013.62634132      1.4573
   2013.62636986      1.7618
   2013.62639840      2.0601
   2013.62642694      2.3316
   2013.62645548      2.5854
   2013.62648402      2.9415
   2013.62651256      3.2503
   2013.62654110      3.4697
   2013.62656963      3.6642
   2013.62659817      3.8421
   2013.62662671      4.1270
   2013.62665525      4.2590
   2013.62668379      4.3657
   2013.62671233      4.4025
   2013.62674087      4.6562
   2013.62676941      4.6976
   2013.62679795      4.7176
   2013.62682648      4.7786
   2013.62685502      4.8651
   2013.62688356      4.8997
   2013.62691210      4.8953
   2013.62694064      4.8428
   2013.62696918      4.8727
   2013.62699772      4.8606
   2013.62702626      4.7869
   2013.62705479      4.7776
   2013.62708333      4.6668
   2013.62711187      4.6517
   2013.62714041      4.4953
   2013.62716895      4.4134
   2013.62719749      4.3700
   2013.62722603      4.2328
   2013.62725457      4.0955
   2013.62728311      3.9916
   2013.62731164      3.9119
   2013.62734018      3.7667
   2013.62736872      3.8666
   2013.62739726      3.2768
   2013.62742580      3.4099
   2013.62745434      3.1840
   2013.62748288      3.0832
   2013.62751142      3.0028
   2013.62753995      2.8785
   2013.62756849      2.7135
   2013.62759703      2.5693
   2013.62762557      2.5000
   2013.62765411      2.3536
   2013.62768265      2.2436
   2013.62771119      2.1196
   2013.62773973      2.0260
   2013.62776826      1.9091
   2013.62779680      1.8111
   2013.62782534      1.7458
   2013.62785388      1.5779
   2013.62788242      1.5706
   2013.62791096      1.4665
   2013.62793950      1.3779
   2013.62796804      1.3073
   2013.62799658      1.2334
   2013.62802511      1.1581
   2013.62805365      1.1039
   2013.62808219      1.0440
   2013.62811073      0.9550
   2013.62813927      0.9203
   2013.62816781      0.8684
   2013.62819635      0.8291
   2013.62822489      0.7818
   2013.62825342      0.7330
   2013.62828196      0.6886
   2013.62831050      0.6663
   2013.62833904      0.6329
   2013.62836758      0.5983
   2013.62839612      0.5671
   2013.62842466      0.5732
   2013.62845320      0.5623
   2013.62848174      0.5465
   2013.62851027      0.5327
   2013.62853881      0.5127
   2013.62856735      0.4862
   2013.62859589      0.4591
   2013.62862443      0.4374
   2013.62865297      0.4258
   2013.62868151      0.4255
   2013.62871005      0.4377
   2013.62873858      0.4596
   2013.62876712      0.4818
   2013.62879566      0.4952
   2013.62882420      0.4965
   2013.62885274      0.4821
   2013.62888128      0.4616
   2013.62890982      0.4636
   2013.62893836      0.4510
   2013.62896689      0.4504
   2013.62899543      0.4659
   2013.62902397      0.5002
   2013.62905251      0.5517
   2013.62908105      0.6125
   2013.62910959      0.6622
   2013.62913813      0.7107
   2013.62916667      0.7333
   2013.62919521      0.7678
   2013.62922374      0.7911
   2013.62925228      0.7977
   2013.62928082      0.8283
   2013.62930936      0.8458
   2013.62933790      0.8475
   2013.62936644      0.8360
   2013.62939498      0.8111
   2013.62942352      0.7744
   2013.62945205      0.7303
   2013.62948059      0.6835
   2013.62950913      0.6371
   2013.62953767      0.5923
   2013.62956621      0.5497
   2013.62959475      0.5099
   2013.62962329      0.4731
   2013.62965183      0.4392
   2013.62968037      0.4079
   2013.62970890      0.3791
   2013.62973744      0.3524
   2013.62976598      0.3279
   2013.62979452      0.3052
   2013.62982306      0.2843
   2013.62985160      0.2651
   2013.62988014      0.2472
   2013.62990868      0.2306
   2013.62993721      0.2151
   2013.62996575      0.2008
   2013.62999429      0.1875
   2013.63002283      0.1752
   2013.63005137      0.1637
   2013.63007991      0.1532
   2013.63010845      0.1433
   2013.63013699      0.1342
   2013.63016553      0.1257
   2013.63019406      0.1178
   2013.63022260      0.1105
   2013.63025114      0.1036
