   2013.62465753      0.0000
   2013.62468607      0.0000
   2013.62471461      0.0000
   2013.62474315      0.0000
   2013.62477169      0.0000
   2013.62480023      0.0000
   2013.62482877      0.0000
   2013.62485731      0.0000
   2013.62488584      0.0000
   2013.62491438      0.0000
   2013.62494292      0.0000
   2013.62497146      0.0000
   2013.62500000      0.0000
   2013.62502854      0.0000
   2013.62505708      0.0000
   2013.62508562      0.0000
   2013.62511416      0.0000
   2013.62514269      0.0000
   2013.62517123      0.0000
   2013.62519977      0.0000
   2013.62522831      0.0000
   2013.62525685      0.0000
   2013.62528539      0.0000
   2013.62531393      0.0000
   2013.62534247      0.0000
   2013.62537100      0.0000
   2013.62539954      0.0000
   2013.62542808      0.0000
   2013.62545662      0.0000
   2013.62548516      0.0000
   2013.62551370      0.0000
   2013.62554224      0.0000
   2013.62557078      0.0000
   2013.62559932      0.0000
   2013.62562785      0.0000
   2013.62565639      0.0000
   2013.62568493      0.0000
   2013.62571347      0.0000
   2013.62574201      0.0005
   2013.62577055      0.0012
   2013.62579909      0.0018
   2013.62582763      0.0024
   2013.62585616      0.0029
   2013.62588470      0.0034
   2013.62591324      0.0133
   2013.62594178      0.0541
   2013.62597032      0.0923
   2013.62599886      0.1652
   2013.62602740      0.2888
   2013.62605594      0.4889
   2013.62608447      0.8066
   2013.62611301      1.2184
   2013.62614155      1.7388
   2013.62617009      2.3990
   2013.62619863      3.1612
   2013.62622717      3.7525
   2013.62625571      4.0445
   2013.62628425      4.2027
   2013.62631279      4.0988
   2013.62634132      3.7664
   2013.62636986      3.5477
   2013.62639840      3.2398
   2013.62642694      2.9450
   2013.62645548      2.7961
   2013.62648402      2.3468
   2013.62651256      2.0948
   2013.62654110      1.9330
   2013.62656963      1.7303
   2013.62659817      1.5462
   2013.62662671      1.3808
   2013.62665525      1.2521
   2013.62668379      1.1170
   2013.62671233      0.9974
   2013.62674087      0.9053
   2013.62676941      0.8160
   2013.62679795      0.7350
   2013.62682648      0.6627
   2013.62685502      0.5991
   2013.62688356      0.5425
   2013.62691210      0.4925
   2013.62694064      0.4483
   2013.62696918      0.4090
   2013.62699772      0.3740
   2013.62702626      0.3426
   2013.62705479      0.3144
   2013.62708333      0.2889
   2013.62711187      0.2659
   2013.62714041      0.2449
   2013.62716895      0.2256
   2013.62719749      0.2081
   2013.62722603      0.1921
   2013.62725457      0.1775
   2013.62728311      0.1642
   2013.62731164      0.1520
   2013.62734018      0.1409
   2013.62736872      0.1307
   2013.62739726      0.1214
   2013.62742580      0.1128
   2013.62745434      0.1049
