   2013.62465753      0.0000
   2013.62468607      0.0000
   2013.62471461      0.0000
   2013.62474315      0.0000
   2013.62477169      0.0000
   2013.62480023      0.0000
   2013.62482877      0.0000
   2013.62485731      0.0000
   2013.62488584      0.0000
   2013.62491438      0.0000
   2013.62494292      0.0000
   2013.62497146      0.0000
   2013.62500000      0.0000
   2013.62502854      0.0000
   2013.62505708      0.0000
   2013.62508562      0.0000
   2013.62511416      0.0000
   2013.62514269      0.0000
   2013.62517123      0.0000
   2013.62519977      0.0000
   2013.62522831      0.0000
   2013.62525685      0.0000
   2013.62528539      0.0000
   2013.62531393      0.0000
   2013.62534247      0.0000
   2013.62537100      0.0000
   2013.62539954      0.0000
   2013.62542808      0.0000
   2013.62545662      0.0000
   2013.62548516      0.0000
   2013.62551370      0.0000
   2013.62554224      0.0000
   2013.62557078      0.0000
   2013.62559932      0.0000
   2013.62562785      0.0000
   2013.62565639      0.0000
   2013.62568493      0.0000
   2013.62571347      0.0000
   2013.62574201      0.0000
   2013.62577055      0.0000
   2013.62579909      0.0000
   2013.62582763      0.0000
   2013.62585616      0.0000
   2013.62588470      0.0000
   2013.62591324      0.0000
   2013.62594178      0.0000
   2013.62597032      0.0000
   2013.62599886      0.0000
   2013.62602740      0.0000
   2013.62605594      0.0000
   2013.62608447      0.0000
   2013.62611301      0.0000
   2013.62614155      0.0000
   2013.62617009      0.0000
   2013.62619863      0.0000
   2013.62622717      0.0000
   2013.62625571      0.0000
   2013.62628425      0.0000
   2013.62631279      0.0000
   2013.62634132      0.0000
   2013.62636986      0.0000
   2013.62639840      0.0000
   2013.62642694      0.0000
   2013.62645548      0.0000
   2013.62648402      0.0000
   2013.62651256      0.0000
   2013.62654110      0.0000
   2013.62656963      0.0000
   2013.62659817      0.0000
   2013.62662671      0.0000
   2013.62665525      0.0000
   2013.62668379      0.0000
   2013.62671233      0.0000
   2013.62674087      0.0000
   2013.62676941      0.0000
   2013.62679795      0.0000
   2013.62682648      0.0000
   2013.62685502      0.0000
   2013.62688356      0.0000
   2013.62691210      0.0000
   2013.62694064      0.0000
   2013.62696918      0.1294
   2013.62699772      0.2199
   2013.62702626      0.5318
   2013.62705479      1.2511
   2013.62708333      2.1738
   2013.62711187      3.3144
   2013.62714041      5.3316
   2013.62716895      8.0056
   2013.62719749      9.5341
   2013.62722603      9.4932
   2013.62725457      8.8472
   2013.62728311      8.1702
   2013.62731164      7.2839
   2013.62734018      6.5259
   2013.62736872      5.9314
   2013.62739726      5.1059
   2013.62742580      5.0088
   2013.62745434      4.5673
   2013.62748288      4.1888
   2013.62751142      4.1176
   2013.62753995      3.7963
   2013.62756849      3.3702
   2013.62759703      3.1777
   2013.62762557      2.9968
   2013.62765411      2.7302
   2013.62768265      2.5470
   2013.62771119      2.3686
   2013.62773973      2.2115
   2013.62776826      2.0581
   2013.62779680      1.8812
   2013.62782534      1.7358
   2013.62785388      1.6074
   2013.62788242      1.4845
   2013.62791096      1.3658
   2013.62793950      1.2531
   2013.62796804      1.1528
   2013.62799658      1.0601
   2013.62802511      0.9715
   2013.62805365      0.8930
   2013.62808219      0.8221
   2013.62811073      0.7519
   2013.62813927      0.6859
   2013.62816781      0.6273
   2013.62819635      0.5797
   2013.62822489      0.5328
   2013.62825342      0.4891
   2013.62828196      0.4497
   2013.62831050      0.4214
   2013.62833904      0.3903
   2013.62836758      0.3604
   2013.62839612      0.3328
   2013.62842466      0.3161
   2013.62845320      0.2948
   2013.62848174      0.2737
   2013.62851027      0.2538
   2013.62853881      0.2460
   2013.62856735      0.2310
   2013.62859589      0.2154
   2013.62862443      0.2005
   2013.62865297      0.1992
   2013.62868151      0.1890
   2013.62871005      0.1774
   2013.62873858      0.1665
   2013.62876712      0.1697
   2013.62879566      0.1631
   2013.62882420      0.1549
   2013.62885274      0.1473
   2013.62888128      0.1559
   2013.62890982      0.1529
   2013.62893836      0.1482
   2013.62896689      0.1443
   2013.62899543      0.1585
   2013.62902397      0.1604
   2013.62905251      0.1603
   2013.62908105      0.1614
   2013.62910959      0.1840
   2013.62913813      0.1928
   2013.62916667      0.1997
   2013.62919521      0.2076
   2013.62922374      0.2663
   2013.62925228      0.2678
   2013.62928082      0.2887
   2013.62930936      0.3074
   2013.62933790      0.3344
   2013.62936644      0.4126
   2013.62939498      0.4614
   2013.62942352      0.5415
   2013.62945205      0.6356
   2013.62948059      0.7546
   2013.62950913      0.9028
   2013.62953767      1.0472
   2013.62956621      1.1529
   2013.62959475      1.2137
   2013.62962329      1.2377
   2013.62965183      1.2473
   2013.62968037      1.2553
   2013.62970890      1.2560
   2013.62973744      1.2822
   2013.62976598      1.3093
   2013.62979452      1.3161
   2013.62982306      1.3137
   2013.62985160      1.2941
   2013.62988014      1.2584
   2013.62990868      1.2081
   2013.62993721      1.1472
   2013.62996575      1.0959
   2013.62999429      1.0210
   2013.63002283      0.9428
   2013.63005137      0.8914
   2013.63007991      0.8335
   2013.63010845      0.7788
   2013.63013699      0.7276
   2013.63016553      0.6804
   2013.63019406      0.6376
   2013.63022260      0.5984
   2013.63025114      0.5618
   2013.63027968      0.5275
   2013.63030822      0.4951
   2013.63033676      0.4644
   2013.63036530      0.4353
   2013.63039384      0.4076
   2013.63042237      0.3814
   2013.63045091      0.3565
   2013.63047945      0.3330
   2013.63050799      0.3109
   2013.63053653      0.2902
   2013.63056507      0.2710
   2013.63059361      0.2530
   2013.63062215      0.2362
   2013.63065068      0.2203
   2013.63067922      0.2056
   2013.63070776      0.1919
   2013.63073630      0.1792
   2013.63076484      0.1674
   2013.63079338      0.1564
   2013.63082192      0.1463
   2013.63085046      0.1369
   2013.63087900      0.1281
   2013.63090753      0.1200
   2013.63093607      0.1124
   2013.63096461      0.1053
