   2013.62465753      0.0000
   2013.62468607      0.0000
   2013.62471461      0.0000
   2013.62474315      0.0000
   2013.62477169      0.0000
   2013.62480023      0.0000
   2013.62482877      0.0000
   2013.62485731      0.0000
   2013.62488584      0.0000
   2013.62491438      0.0000
   2013.62494292      0.0000
   2013.62497146      0.0000
   2013.62500000      0.0000
   2013.62502854      0.0000
   2013.62505708      0.0000
   2013.62508562      0.0000
   2013.62511416      0.0000
   2013.62514269      0.0000
   2013.62517123      0.0000
   2013.62519977      0.0000
   2013.62522831      0.0000
   2013.62525685      0.0014
   2013.62528539      0.0018
   2013.62531393      0.0022
   2013.62534247      0.0031
   2013.62537100      0.0034
   2013.62539954      0.0156
   2013.62542808      0.0547
   2013.62545662      0.0947
   2013.62548516      0.1695
   2013.62551370      0.2945
   2013.62554224      0.4801
   2013.62557078      0.7955
   2013.62559932      1.2369
   2013.62562785      1.8823
   2013.62565639      2.7862
   2013.62568493      4.0097
   2013.62571347      5.1994
   2013.62574201      6.1126
   2013.62577055      6.6866
   2013.62579909      7.1385
   2013.62582763      7.3989
   2013.62585616      7.6131
   2013.62588470      7.7831
   2013.62591324      7.9540
   2013.62594178      8.0576
   2013.62597032      8.0593
   2013.62599886      7.9650
   2013.62602740      7.5810
   2013.62605594      7.5194
   2013.62608447      7.2456
   2013.62611301      6.9013
   2013.62614155      6.2896
   2013.62617009      6.1893
   2013.62619863      6.1648
   2013.62622717      5.5806
   2013.62625571      4.6889
   2013.62628425      4.6408
   2013.62631279      4.1831
   2013.62634132      4.0801
   2013.62636986      3.5243
   2013.62639840      3.4179
   2013.62642694      3.3084
   2013.62645548      3.0737
   2013.62648402      3.0172
   2013.62651256      2.9406
   2013.62654110      2.7993
   2013.62656963      2.7466
   2013.62659817      2.8004
   2013.62662671      2.8246
   2013.62665525      2.7737
   2013.62668379      2.7955
   2013.62671233      2.7946
   2013.62674087      2.9234
   2013.62676941      2.9752
   2013.62679795      3.2001
   2013.62682648      2.9336
   2013.62685502      3.1279
   2013.62688356      3.1706
   2013.62691210      3.3375
   2013.62694064      3.0355
   2013.62696918      3.2344
   2013.62699772      3.2303
   2013.62702626      3.3582
   2013.62705479      3.0552
   2013.62708333      3.1866
   2013.62711187      3.1500
   2013.62714041      3.0580
   2013.62716895      2.9470
   2013.62719749      3.0150
   2013.62722603      2.9637
   2013.62725457      2.8685
   2013.62728311      2.8494
   2013.62731164      2.7967
   2013.62734018      2.6909
   2013.62736872      2.5991
   2013.62739726      2.5613
   2013.62742580      2.4719
   2013.62745434      2.3838
   2013.62748288      2.2350
   2013.62751142      2.1926
   2013.62753995      2.1448
   2013.62756849      2.0624
   2013.62759703      1.9301
   2013.62762557      1.8712
   2013.62765411      1.8260
   2013.62768265      1.7183
   2013.62771119      1.6354
   2013.62773973      1.5235
   2013.62776826      1.5315
   2013.62779680      1.4645
   2013.62782534      1.3740
   2013.62785388      1.3214
   2013.62788242      1.2618
   2013.62791096      1.2009
   2013.62793950      1.1274
   2013.62796804      1.0971
   2013.62799658      1.0341
   2013.62802511      0.9807
   2013.62805365      0.9205
   2013.62808219      0.8888
   2013.62811073      0.8447
   2013.62813927      0.7984
   2013.62816781      0.7543
   2013.62819635      0.7278
   2013.62822489      0.6927
   2013.62825342      0.6564
   2013.62828196      0.6238
   2013.62831050      0.6106
   2013.62833904      0.5851
   2013.62836758      0.5577
   2013.62839612      0.5330
   2013.62842466      0.5296
   2013.62845320      0.5118
   2013.62848174      0.4915
   2013.62851027      0.4736
   2013.62853881      0.4805
   2013.62856735      0.4705
   2013.62859589      0.4571
   2013.62862443      0.4463
   2013.62865297      0.4646
   2013.62868151      0.4637
   2013.62871005      0.4592
   2013.62873858      0.4581
   2013.62876712      0.4912
   2013.62879566      0.5026
   2013.62882420      0.5191
   2013.62885274      0.5288
   2013.62888128      0.5625
   2013.62890982      0.6295
   2013.62893836      0.6692
   2013.62896689      0.6908
   2013.62899543      0.7843
   2013.62902397      0.8889
   2013.62905251      0.9310
   2013.62908105      1.0152
   2013.62910959      1.1727
   2013.62913813      1.3317
   2013.62916667      1.4963
   2013.62919521      1.6425
   2013.62922374      1.8688
   2013.62925228      2.0561
   2013.62928082      2.1662
   2013.62930936      2.3038
   2013.62933790      2.5185
   2013.62936644      2.6783
   2013.62939498      2.7330
   2013.62942352      2.8374
   2013.62945205      2.8244
   2013.62948059      3.0553
   2013.62950913      3.1371
   2013.62953767      3.1604
   2013.62956621      3.0665
   2013.62959475      3.2960
   2013.62962329      3.3415
   2013.62965183      3.3056
   2013.62968037      3.1555
   2013.62970890      3.3911
   2013.62973744      3.3869
   2013.62976598      3.5640
   2013.62979452      3.1534
   2013.62982306      3.3269
   2013.62985160      3.2915
   2013.62988014      3.3732
   2013.62990868      3.0346
   2013.62993721      3.1442
   2013.62996575      3.0891
   2013.62999429      2.9873
   2013.63002283      2.8337
   2013.63005137      2.9274
   2013.63007991      2.7995
   2013.63010845      2.6997
   2013.63013699      2.6641
   2013.63016553      2.5738
   2013.63019406      2.4821
   2013.63022260      2.3785
   2013.63025114      2.2474
   2013.63027968      2.1492
   2013.63030822      2.0404
   2013.63033676      1.9303
   2013.63036530      1.8229
   2013.63039384      1.7120
   2013.63042237      1.6074
   2013.63045091      1.5108
   2013.63047945      1.4177
   2013.63050799      1.3278
   2013.63053653      1.2404
   2013.63056507      1.2014
   2013.63059361      1.0856
   2013.63062215      0.9794
   2013.63065068      0.9340
   2013.63067922      0.8713
   2013.63070776      0.8077
   2013.63073630      0.7469
   2013.63076484      0.6896
   2013.63079338      0.6369
   2013.63082192      0.5888
   2013.63085046      0.5447
   2013.63087900      0.5046
   2013.63090753      0.4680
   2013.63093607      0.4345
   2013.63096461      0.4036
   2013.63099315      0.3751
   2013.63102169      0.3487
   2013.63105023      0.3242
   2013.63107877      0.3016
   2013.63110731      0.2808
   2013.63113584      0.2615
   2013.63116438      0.2436
   2013.63119292      0.2270
   2013.63122146      0.2115
   2013.63125000      0.1971
   2013.63127854      0.1838
   2013.63130708      0.1716
   2013.63133562      0.1602
   2013.63136416      0.1497
   2013.63139269      0.1399
   2013.63142123      0.1309
   2013.63144977      0.1225
   2013.63147831      0.1147
   2013.63150685      0.1075
   2013.63153539      0.1007
