   2013.62465753      0.0000
   2013.62468607      0.0000
   2013.62471461      0.0000
   2013.62474315      0.0000
   2013.62477169      0.0000
   2013.62480023      0.0000
   2013.62482877      0.0000
   2013.62485731      0.0000
   2013.62488584      0.0000
   2013.62491438      0.0000
   2013.62494292      0.0000
   2013.62497146      0.0000
   2013.62500000      0.0000
   2013.62502854      0.0000
   2013.62505708      0.0000
   2013.62508562      0.0000
   2013.62511416      0.0000
   2013.62514269      0.0000
   2013.62517123      0.0000
   2013.62519977      0.0000
   2013.62522831      0.0000
   2013.62525685      0.0000
   2013.62528539      0.0000
   2013.62531393      0.0000
   2013.62534247      0.0000
   2013.62537100      0.0000
   2013.62539954      0.0000
   2013.62542808      0.0000
   2013.62545662      0.0000
   2013.62548516      0.0000
   2013.62551370      0.0000
   2013.62554224      0.0000
   2013.62557078      0.0000
   2013.62559932      0.0000
   2013.62562785      0.0000
   2013.62565639      0.0000
   2013.62568493      0.0000
   2013.62571347      0.0000
   2013.62574201      0.0000
   2013.62577055      0.0000
   2013.62579909      0.0000
   2013.62582763      0.0000
   2013.62585616      0.0000
   2013.62588470      0.0000
   2013.62591324      0.0000
   2013.62594178      0.0000
   2013.62597032      0.0000
   2013.62599886      0.0000
   2013.62602740      0.0000
   2013.62605594      0.0000
   2013.62608447      0.0000
   2013.62611301      0.0000
   2013.62614155      0.0000
   2013.62617009      0.0000
   2013.62619863      0.0000
   2013.62622717      0.0000
   2013.62625571      0.0000
   2013.62628425      0.0000
   2013.62631279      0.0000
   2013.62634132      0.0000
   2013.62636986      0.0000
   2013.62639840      0.0000
   2013.62642694      0.0000
   2013.62645548      0.0000
   2013.62648402      0.0000
   2013.62651256      0.0000
   2013.62654110      0.0000
   2013.62656963      0.0000
   2013.62659817      0.0000
   2013.62662671      0.0064
   2013.62665525      0.0067
   2013.62668379      0.0504
   2013.62671233      0.1087
   2013.62674087      0.2219
   2013.62676941      0.4562
   2013.62679795      0.8865
   2013.62682648      1.5812
   2013.62685502      2.6999
   2013.62688356      4.4650
   2013.62691210      6.8156
   2013.62694064      9.2302
   2013.62696918     10.4682
   2013.62699772     10.7630
   2013.62702626     10.7592
   2013.62705479     10.0231
   2013.62708333      9.9886
   2013.62711187      9.2700
   2013.62714041      8.6732
   2013.62716895      8.0077
   2013.62719749      7.2396
   2013.62722603      6.6613
   2013.62725457      5.9090
   2013.62728311      5.1700
   2013.62731164      4.6602
   2013.62734018      4.4374
   2013.62736872      3.7730
   2013.62739726      3.4279
   2013.62742580      3.0347
   2013.62745434      2.7394
   2013.62748288      2.4731
   2013.62751142      2.2389
   2013.62753995      2.0355
   2013.62756849      1.8419
   2013.62759703      1.6866
   2013.62762557      1.5500
   2013.62765411      1.4281
   2013.62768265      1.3177
   2013.62771119      1.2717
   2013.62773973      1.1384
   2013.62776826      1.0537
   2013.62779680      0.9689
   2013.62782534      0.9119
   2013.62785388      0.8503
   2013.62788242      0.7924
   2013.62791096      0.7385
   2013.62793950      0.6891
   2013.62796804      0.6447
   2013.62799658      0.6050
   2013.62802511      0.5688
   2013.62805365      0.5357
   2013.62808219      0.5054
   2013.62811073      0.4775
   2013.62813927      0.4516
   2013.62816781      0.4275
   2013.62819635      0.4050
   2013.62822489      0.3840
   2013.62825342      0.3643
   2013.62828196      0.3460
   2013.62831050      0.3289
   2013.62833904      0.3129
   2013.62836758      0.2980
   2013.62839612      0.2840
   2013.62842466      0.2709
   2013.62845320      0.2587
   2013.62848174      0.2472
   2013.62851027      0.2363
   2013.62853881      0.2259
   2013.62856735      0.2160
   2013.62859589      0.2068
   2013.62862443      0.1980
   2013.62865297      0.1898
   2013.62868151      0.1821
   2013.62871005      0.1747
   2013.62873858      0.1678
   2013.62876712      0.1661
   2013.62879566      0.1607
   2013.62882420      0.1549
   2013.62885274      0.1494
   2013.62888128      0.1537
   2013.62890982      0.1511
   2013.62893836      0.1473
   2013.62896689      0.1441
   2013.62899543      0.1542
   2013.62902397      0.1553
   2013.62905251      0.1554
   2013.62908105      0.1570
   2013.62910959      0.1756
   2013.62913813      0.1853
   2013.62916667      0.1951
   2013.62919521      0.2075
   2013.62922374      0.2424
   2013.62925228      0.2675
   2013.62928082      0.2923
   2013.62930936      0.3316
   2013.62933790      0.3881
   2013.62936644      0.4406
   2013.62939498      0.5000
   2013.62942352      0.5634
   2013.62945205      0.6895
   2013.62948059      0.8163
   2013.62950913      0.9620
   2013.62953767      1.1440
   2013.62956621      1.4135
   2013.62959475      1.6904
   2013.62962329      1.9033
   2013.62965183      2.0527
   2013.62968037      2.2030
   2013.62970890      2.2940
   2013.62973744      2.3367
   2013.62976598      2.3506
   2013.62979452      2.3890
   2013.62982306      2.3838
   2013.62985160      2.3554
   2013.62988014      2.3209
   2013.62990868      2.2991
   2013.62993721      2.2503
   2013.62996575      2.1954
   2013.62999429      2.1295
   2013.63002283      2.0771
   2013.63005137      2.0056
   2013.63007991      1.8967
   2013.63010845      1.8313
   2013.63013699      1.7566
   2013.63016553      1.6826
   2013.63019406      1.6081
   2013.63022260      1.5322
   2013.63025114      1.4551
   2013.63027968      1.3858
   2013.63030822      1.3185
   2013.63033676      1.2527
   2013.63036530      1.1871
   2013.63039384      1.1681
   2013.63042237      1.0725
   2013.63045091      1.0119
   2013.63047945      0.9432
   2013.63050799      0.9026
   2013.63053653      0.8531
   2013.63056507      0.8043
   2013.63059361      0.7573
   2013.63062215      0.7127
   2013.63065068      0.6714
   2013.63067922      0.6339
   2013.63070776      0.5993
   2013.63073630      0.5671
   2013.63076484      0.5369
   2013.63079338      0.5088
   2013.63082192      0.4825
   2013.63085046      0.4578
   2013.63087900      0.4346
   2013.63090753      0.4128
   2013.63093607      0.3921
   2013.63096461      0.3728
   2013.63099315      0.3545
   2013.63102169      0.3374
   2013.63105023      0.3214
   2013.63107877      0.3063
   2013.63110731      0.2922
   2013.63113584      0.2789
   2013.63116438      0.2664
   2013.63119292      0.2547
   2013.63122146      0.2436
   2013.63125000      0.2330
   2013.63127854      0.2229
   2013.63130708      0.2134
   2013.63133562      0.2044
   2013.63136416      0.1959
   2013.63139269      0.1879
   2013.63142123      0.1803
   2013.63144977      0.1731
   2013.63147831      0.1663
   2013.63150685      0.1598
   2013.63153539      0.1536
   2013.63156393      0.1478
   2013.63159247      0.1422
   2013.63162100      0.1370
   2013.63164954      0.1320
   2013.63167808      0.1272
   2013.63170662      0.1227
   2013.63173516      0.1184
   2013.63176370      0.1143
   2013.63179224      0.1104
   2013.63182078      0.1066
   2013.63184932      0.1031
