   2013.62465753      0.0000
   2013.62468607      0.0000
   2013.62471461      0.0000
   2013.62474315      0.0000
   2013.62477169      0.0000
   2013.62480023      0.0000
   2013.62482877      0.0000
   2013.62485731      0.0000
   2013.62488584      0.0000
   2013.62491438      0.0000
   2013.62494292      0.0000
   2013.62497146      0.0000
   2013.62500000      0.0000
   2013.62502854      0.0000
   2013.62505708      0.0000
   2013.62508562      0.0000
   2013.62511416      0.0000
   2013.62514269      0.0000
   2013.62517123      0.0000
   2013.62519977      0.0000
   2013.62522831      0.0000
   2013.62525685      0.0000
   2013.62528539      0.0000
   2013.62531393      0.0000
   2013.62534247      0.0000
   2013.62537100      0.0000
   2013.62539954      0.0000
   2013.62542808      0.0000
   2013.62545662      0.0000
   2013.62548516      0.0000
   2013.62551370      0.0000
   2013.62554224      0.0000
   2013.62557078      0.0000
   2013.62559932      0.0000
   2013.62562785      0.0000
   2013.62565639      0.0000
   2013.62568493      0.0000
   2013.62571347      0.0000
   2013.62574201      0.0000
   2013.62577055      0.0000
   2013.62579909      0.0000
   2013.62582763      0.0000
   2013.62585616      0.0000
   2013.62588470      0.0000
   2013.62591324      0.0000
   2013.62594178      0.0000
   2013.62597032      0.0000
   2013.62599886      0.0000
   2013.62602740      0.0000
   2013.62605594      0.0000
   2013.62608447      0.0000
   2013.62611301      0.0000
   2013.62614155      0.0000
   2013.62617009      0.0000
   2013.62619863      0.0000
   2013.62622717      0.0000
   2013.62625571      0.0000
   2013.62628425      0.0000
   2013.62631279      0.0000
   2013.62634132      0.0000
   2013.62636986      0.0000
   2013.62639840      2.9266
   2013.62642694     15.2634
   2013.62645548     38.5850
   2013.62648402     66.0946
   2013.62651256     60.9777
   2013.62654110     47.1350
   2013.62656963     35.9848
   2013.62659817     27.8456
   2013.62662671     24.0022
   2013.62665525     21.1522
   2013.62668379     19.0016
   2013.62671233     17.2440
   2013.62674087     16.9952
   2013.62676941     16.6860
   2013.62679795     16.3875
   2013.62682648     16.0408
   2013.62685502     16.2232
   2013.62688356     16.3243
   2013.62691210     16.2522
   2013.62694064     16.4489
   2013.62696918     16.2310
   2013.62699772     16.3266
   2013.62702626     16.2108
   2013.62705479     16.2859
   2013.62708333     16.0626
   2013.62711187     16.0863
   2013.62714041     15.9030
   2013.62716895     15.8830
   2013.62719749     15.6459
   2013.62722603     15.5754
   2013.62725457     15.3457
   2013.62728311     15.2204
   2013.62731164     15.0288
   2013.62734018     14.9098
   2013.62736872     14.6829
   2013.62739726     14.0865
   2013.62742580     13.6397
   2013.62745434     13.0641
   2013.62748288     12.2953
   2013.62751142     10.8150
   2013.62753995     10.7189
   2013.62756849      9.9609
   2013.62759703      9.2022
   2013.62762557      8.3215
   2013.62765411      8.1631
   2013.62768265      7.4706
   2013.62771119      6.8996
   2013.62773973      6.2936
   2013.62776826      6.4725
   2013.62779680      6.0279
   2013.62782534      5.9713
   2013.62785388      5.8300
   2013.62788242      5.7310
   2013.62791096      5.4601
   2013.62793950      5.4335
   2013.62796804      5.3758
   2013.62799658      5.3279
   2013.62802511      5.1087
   2013.62805365      5.0911
   2013.62808219      5.0785
   2013.62811073      5.0458
   2013.62813927      4.8719
   2013.62816781      4.8840
   2013.62819635      4.9151
   2013.62822489      4.9096
   2013.62825342      4.7766
   2013.62828196      4.8277
   2013.62831050      4.5608
   2013.62833904      4.9311
   2013.62836758      4.8161
   2013.62839612      4.9221
   2013.62842466      4.6835
   2013.62845320      5.1174
   2013.62848174      5.0147
   2013.62851027      5.2140
   2013.62853881      4.9636
   2013.62856735      5.5031
   2013.62859589      5.3838
   2013.62862443      5.5158
   2013.62865297      5.4012
   2013.62868151      5.7837
   2013.62871005      5.9151
   2013.62873858      6.0835
   2013.62876712      5.9414
   2013.62879566      6.3919
   2013.62882420      6.5662
   2013.62885274      6.7256
   2013.62888128      6.6650
   2013.62890982      7.0708
   2013.62893836      7.3457
   2013.62896689      7.4470
   2013.62899543      7.4088
   2013.62902397      7.9848
   2013.62905251      8.0138
   2013.62908105      8.1435
   2013.62910959      8.1960
   2013.62913813      8.6900
   2013.62916667      8.8258
   2013.62919521      8.9409
   2013.62922374      9.2622
   2013.62925228      9.5757
   2013.62928082      9.5442
   2013.62930936      9.6103
   2013.62933790      9.0007
   2013.62936644     10.4588
   2013.62939498     10.9509
   2013.62942352     10.5599
   2013.62945205      9.5554
   2013.62948059      9.4330
   2013.62950913      9.0617
   2013.62953767     10.1115
   2013.62956621     10.5879
   2013.62959475     10.3280
   2013.62962329      9.4665
   2013.62965183      8.6429
   2013.62968037      8.0012
   2013.62970890      7.7822
   2013.62973744      7.9165
   2013.62976598      8.0805
   2013.62979452      7.8318
   2013.62982306      7.2919
   2013.62985160      6.5883
   2013.62988014      6.3924
   2013.62990868      5.7656
   2013.62993721      5.4702
   2013.62996575      5.2243
   2013.62999429      4.6225
   2013.63002283      4.2264
   2013.63005137      4.1129
   2013.63007991      3.5291
   2013.63010845      3.2703
   2013.63013699      2.9546
   2013.63016553      2.7236
   2013.63019406      2.4922
   2013.63022260      2.4050
   2013.63025114      2.2057
   2013.63027968      2.0268
   2013.63030822      1.8578
   2013.63033676      1.6285
   2013.63036530      1.4881
   2013.63039384      1.3532
   2013.63042237      1.2832
   2013.63045091      1.1322
   2013.63047945      1.0088
   2013.63050799      0.9442
   2013.63053653      0.8684
   2013.63056507      0.7957
   2013.63059361      0.7285
   2013.63062215      0.6671
   2013.63065068      0.6119
   2013.63067922      0.5621
   2013.63070776      0.5171
   2013.63073630      0.4768
   2013.63076484      0.4404
   2013.63079338      0.4073
   2013.63082192      0.3771
   2013.63085046      0.3493
   2013.63087900      0.3239
   2013.63090753      0.3005
   2013.63093607      0.2790
   2013.63096461      0.2593
   2013.63099315      0.2411
   2013.63102169      0.2241
   2013.63105023      0.2084
   2013.63107877      0.1939
   2013.63110731      0.1806
   2013.63113584      0.1683
   2013.63116438      0.1570
   2013.63119292      0.1465
   2013.63122146      0.1368
   2013.63125000      0.1279
   2013.63127854      0.1196
   2013.63130708      0.1118
   2013.63133562      0.1047
