   2013.62465753      0.0000
   2013.62468607      0.0000
   2013.62471461      0.0000
   2013.62474315      0.0000
   2013.62477169      0.0000
   2013.62480023      0.0000
   2013.62482877      0.0000
   2013.62485731      0.0000
   2013.62488584      0.0000
   2013.62491438      0.0000
   2013.62494292      0.0000
   2013.62497146      0.0000
   2013.62500000      0.0000
   2013.62502854      0.0000
   2013.62505708      0.0000
   2013.62508562      0.0000
   2013.62511416      0.0000
   2013.62514269      0.0000
   2013.62517123      0.0000
   2013.62519977      0.0000
   2013.62522831      0.0000
   2013.62525685      0.0000
   2013.62528539      0.0000
   2013.62531393      0.0000
   2013.62534247      0.0000
   2013.62537100      0.0000
   2013.62539954      0.0000
   2013.62542808      0.0000
   2013.62545662      0.0000
   2013.62548516      0.0000
   2013.62551370      0.0000
   2013.62554224      0.0000
   2013.62557078      0.0000
   2013.62559932      0.0000
   2013.62562785      0.0000
   2013.62565639      0.0000
   2013.62568493      0.0000
   2013.62571347      0.0000
   2013.62574201      0.0000
   2013.62577055      0.0000
   2013.62579909      0.0000
   2013.62582763      0.0000
   2013.62585616      0.0000
   2013.62588470      0.0000
   2013.62591324      0.0000
   2013.62594178      0.0000
   2013.62597032      0.0000
   2013.62599886      0.0000
   2013.62602740      0.0000
   2013.62605594      0.0000
   2013.62608447      0.0000
   2013.62611301      0.0000
   2013.62614155      0.0000
   2013.62617009      0.0000
   2013.62619863      0.0000
   2013.62622717      0.0000
   2013.62625571      0.0000
   2013.62628425      0.0000
   2013.62631279      0.0000
   2013.62634132      0.0000
   2013.62636986      0.0000
   2013.62639840      0.0000
   2013.62642694      0.0000
   2013.62645548      0.0000
   2013.62648402      0.0000
   2013.62651256      0.0000
   2013.62654110      0.0000
   2013.62656963      0.0000
   2013.62659817      0.0000
   2013.62662671      0.0000
   2013.62665525      0.0000
   2013.62668379      0.0000
   2013.62671233      0.0000
   2013.62674087      0.0000
   2013.62676941      0.0000
   2013.62679795      0.0000
   2013.62682648      0.0000
   2013.62685502      0.0000
   2013.62688356      0.0000
   2013.62691210      0.0000
   2013.62694064      0.0000
   2013.62696918      0.0000
   2013.62699772      0.0000
   2013.62702626      0.0000
   2013.62705479      0.0000
   2013.62708333      8.0491
   2013.62711187     34.1472
   2013.62714041     87.5528
   2013.62716895     99.3105
   2013.62719749     75.2718
   2013.62722603     52.2850
   2013.62725457     35.6036
   2013.62728311     25.3978
   2013.62731164     20.1123
   2013.62734018     16.5055
   2013.62736872     13.5039
   2013.62739726     10.9555
   2013.62742580     10.0883
   2013.62745434      8.6701
   2013.62748288      7.9078
   2013.62751142      6.5608
   2013.62753995      6.2336
   2013.62756849      5.7829
   2013.62759703      5.2900
   2013.62762557      4.5820
   2013.62765411      4.6214
   2013.62768265      4.4035
   2013.62771119      4.0818
   2013.62773973      3.7556
   2013.62776826      3.7548
   2013.62779680      3.5865
   2013.62782534      3.5999
   2013.62785388      3.1705
   2013.62788242      3.1774
   2013.62791096      3.0590
   2013.62793950      2.9024
   2013.62796804      2.8558
   2013.62799658      2.7652
   2013.62802511      2.6333
   2013.62805365      2.5246
   2013.62808219      2.4423
   2013.62811073      2.4180
   2013.62813927      2.3325
   2013.62816781      2.2442
   2013.62819635      2.2499
   2013.62822489      2.1969
   2013.62825342      2.1375
   2013.62828196      2.0783
   2013.62831050      2.1105
   2013.62833904      2.0988
   2013.62836758      2.0696
   2013.62839612      2.0320
   2013.62842466      2.1115
   2013.62845320      2.1410
   2013.62848174      2.1521
   2013.62851027      2.1510
   2013.62853881      2.2841
   2013.62856735      2.3708
   2013.62859589      2.3955
   2013.62862443      2.4825
   2013.62865297      2.6925
   2013.62868151      2.8444
   2013.62871005      2.9207
   2013.62873858      3.0608
   2013.62876712      3.2635
   2013.62879566      3.6050
   2013.62882420      3.7983
   2013.62885274      3.9898
   2013.62888128      4.0767
   2013.62890982      4.6995
   2013.62893836      4.7246
   2013.62896689      5.0270
   2013.62899543      5.1420
   2013.62902397      5.6283
   2013.62905251      5.9136
   2013.62908105      6.2120
   2013.62910959      6.2995
   2013.62913813      6.8024
   2013.62916667      7.1882
   2013.62919521      7.3598
   2013.62922374      7.3825
   2013.62925228      7.7623
   2013.62928082      8.0436
   2013.62930936      8.2664
   2013.62933790      8.4034
   2013.62936644      8.6681
   2013.62939498      8.7591
   2013.62942352      8.8380
   2013.62945205      8.9056
   2013.62948059      9.0596
   2013.62950913      9.4123
   2013.62953767      9.0540
   2013.62956621      8.8573
   2013.62959475      9.1923
   2013.62962329      9.4168
   2013.62965183      9.0423
   2013.62968037      8.7964
   2013.62970890      9.0402
   2013.62973744      9.1166
   2013.62976598      8.7403
   2013.62979452      8.4410
   2013.62982306      8.6467
   2013.62985160      8.4354
   2013.62988014      8.2303
   2013.62990868      7.8623
   2013.62993721      8.0063
   2013.62996575      7.8322
   2013.62999429      7.5060
   2013.63002283      6.9962
   2013.63005137      7.4978
   2013.63007991      6.9736
   2013.63010845      6.6781
   2013.63013699      6.3453
   2013.63016553      6.3121
   2013.63019406      6.0969
   2013.63022260      6.0165
   2013.63025114      5.6578
   2013.63027968      5.3033
   2013.63030822      5.2215
   2013.63033676      4.5341
   2013.63036530      4.2475
   2013.63039384      4.1687
   2013.63042237      3.5995
   2013.63045091      3.3719
   2013.63047945      3.0555
   2013.63050799      2.7935
   2013.63053653      2.5451
   2013.63056507      2.3857
   2013.63059361      2.1487
   2013.63062215      1.8701
   2013.63065068      1.6980
   2013.63067922      1.5377
   2013.63070776      1.3895
   2013.63073630      1.2516
   2013.63076484      1.1384
   2013.63079338      1.0333
   2013.63082192      0.9425
   2013.63085046      0.8587
   2013.63087900      0.7801
   2013.63090753      0.7080
   2013.63093607      0.6437
   2013.63096461      0.5868
   2013.63099315      0.5358
   2013.63102169      0.4901
   2013.63105023      0.4493
   2013.63107877      0.4126
   2013.63110731      0.3796
   2013.63113584      0.3496
   2013.63116438      0.3224
   2013.63119292      0.2977
   2013.63122146      0.2753
   2013.63125000      0.2548
   2013.63127854      0.2360
   2013.63130708      0.2186
   2013.63133562      0.2027
   2013.63136416      0.1881
   2013.63139269      0.1747
   2013.63142123      0.1624
   2013.63144977      0.1511
   2013.63147831      0.1408
   2013.63150685      0.1312
   2013.63153539      0.1224
   2013.63156393      0.1143
   2013.63159247      0.1067
