   2013.62465753      0.0000
   2013.62468607      0.0000
   2013.62471461      0.0000
   2013.62474315      0.0000
   2013.62477169      0.0000
   2013.62480023      0.0000
   2013.62482877      0.0000
   2013.62485731      0.0000
   2013.62488584      0.0000
   2013.62491438      0.0026
   2013.62494292      0.0059
   2013.62497146      0.0084
   2013.62500000      0.0770
   2013.62502854      0.1715
   2013.62505708      0.4102
   2013.62508562      1.1045
   2013.62511416      2.5368
   2013.62514269      5.0560
   2013.62517123      9.2925
   2013.62519977     13.4008
   2013.62522831     15.4091
   2013.62525685     15.7517
   2013.62528539     15.0488
   2013.62531393     13.9613
   2013.62534247     12.9960
   2013.62537100     12.0169
   2013.62539954     10.8637
   2013.62542808      9.5726
   2013.62545662      8.5305
   2013.62548516      8.4304
   2013.62551370      6.6286
   2013.62554224      6.2800
   2013.62557078      4.9942
   2013.62559932      4.3347
   2013.62562785      3.8546
   2013.62565639      3.3162
   2013.62568493      3.0891
   2013.62571347      2.6156
   2013.62574201      2.1917
   2013.62577055      1.9354
   2013.62579909      1.7086
   2013.62582763      1.5098
   2013.62585616      1.3775
   2013.62588470      1.1966
   2013.62591324      1.0486
   2013.62594178      0.9551
   2013.62597032      0.8579
   2013.62599886      0.7692
   2013.62602740      0.6901
   2013.62605594      0.6208
   2013.62608447      0.5598
   2013.62611301      0.5059
   2013.62614155      0.4586
   2013.62617009      0.4168
   2013.62619863      0.3797
   2013.62622717      0.3467
   2013.62625571      0.3171
   2013.62628425      0.2905
   2013.62631279      0.2666
   2013.62634132      0.2449
   2013.62636986      0.2251
   2013.62639840      0.2071
   2013.62642694      0.1907
   2013.62645548      0.1759
   2013.62648402      0.1623
   2013.62651256      0.1500
   2013.62654110      0.1388
   2013.62656963      0.1286
   2013.62659817      0.1192
   2013.62662671      0.1106
   2013.62665525      0.1027
