   2013.62465753      0.0000
   2013.62468607      0.0000
   2013.62471461      0.0000
   2013.62474315      0.0000
   2013.62477169      0.0000
   2013.62480023      0.0000
   2013.62482877      0.0000
   2013.62485731      0.0000
   2013.62488584      0.0000
   2013.62491438      0.0000
   2013.62494292      0.0000
   2013.62497146      0.0000
   2013.62500000      0.0000
   2013.62502854      0.0000
   2013.62505708      0.0000
   2013.62508562      0.0000
   2013.62511416      0.0000
   2013.62514269      0.0000
   2013.62517123      0.0000
   2013.62519977      0.0000
   2013.62522831      0.0000
   2013.62525685      0.0000
   2013.62528539      0.0000
   2013.62531393      0.0000
   2013.62534247      0.0000
   2013.62537100      0.0000
   2013.62539954      0.0000
   2013.62542808      0.0000
   2013.62545662      0.0000
   2013.62548516      0.0000
   2013.62551370      0.0000
   2013.62554224      0.0000
   2013.62557078      0.0000
   2013.62559932      0.0000
   2013.62562785      0.0000
   2013.62565639      0.0000
   2013.62568493      0.0000
   2013.62571347      0.0000
   2013.62574201      0.0000
   2013.62577055      0.0000
   2013.62579909      0.0000
   2013.62582763      0.0000
   2013.62585616      0.0000
   2013.62588470      0.0000
   2013.62591324      0.0000
   2013.62594178      0.0000
   2013.62597032      0.0000
   2013.62599886      0.0000
   2013.62602740      0.0000
   2013.62605594      0.0000
   2013.62608447      0.0000
   2013.62611301      0.0000
   2013.62614155      0.0000
   2013.62617009      0.0000
   2013.62619863      0.0000
   2013.62622717      0.0000
   2013.62625571      0.0000
   2013.62628425      0.0000
   2013.62631279      0.0000
   2013.62634132      0.0000
   2013.62636986      0.0000
   2013.62639840      0.0000
   2013.62642694      0.0000
   2013.62645548      0.0000
   2013.62648402      0.0000
   2013.62651256      0.0000
   2013.62654110      0.0000
   2013.62656963      0.0000
   2013.62659817      0.0000
   2013.62662671      0.0000
   2013.62665525      0.0000
   2013.62668379      0.0000
   2013.62671233      0.0000
   2013.62674087      0.0023
   2013.62676941      0.0059
   2013.62679795      0.0093
   2013.62682648      0.0660
   2013.62685502      0.1542
   2013.62688356      0.3804
   2013.62691210      0.8473
   2013.62694064      1.6900
   2013.62696918      2.7530
   2013.62699772      4.0822
   2013.62702626      5.9478
   2013.62705479      7.6971
   2013.62708333      8.3499
   2013.62711187      8.3750
   2013.62714041      7.3017
   2013.62716895      6.1362
   2013.62719749      5.4748
   2013.62722603      4.7326
   2013.62725457      4.0527
   2013.62728311      3.5365
   2013.62731164      3.0873
   2013.62734018      2.6113
   2013.62736872      2.3039
   2013.62739726      2.0148
   2013.62742580      1.7710
   2013.62745434      1.6064
   2013.62748288      1.4177
   2013.62751142      1.2679
   2013.62753995      1.0850
   2013.62756849      0.9954
   2013.62759703      0.8939
   2013.62762557      0.7997
   2013.62765411      0.7162
   2013.62768265      0.6431
   2013.62771119      0.5792
   2013.62773973      0.5227
   2013.62776826      0.4731
   2013.62779680      0.4295
   2013.62782534      0.3909
   2013.62785388      0.3566
   2013.62788242      0.3259
   2013.62791096      0.2984
   2013.62793950      0.2737
   2013.62796804      0.2514
   2013.62799658      0.2311
   2013.62802511      0.2125
   2013.62805365      0.1957
   2013.62808219      0.1804
   2013.62811073      0.1665
   2013.62813927      0.1538
   2013.62816781      0.1423
   2013.62819635      0.1317
   2013.62822489      0.1220
   2013.62825342      0.1131
   2013.62828196      0.1049
