   2013.62465753      0.0000
   2013.62468607      0.0000
   2013.62471461      0.0000
   2013.62474315      0.0000
   2013.62477169      0.0000
   2013.62480023      0.0000
   2013.62482877      0.0000
   2013.62485731      0.0000
   2013.62488584      0.0000
   2013.62491438      0.0000
   2013.62494292      0.0000
   2013.62497146      0.0000
   2013.62500000      0.0000
   2013.62502854      0.0000
   2013.62505708      0.0000
   2013.62508562      0.0000
   2013.62511416      0.0000
   2013.62514269      0.0000
   2013.62517123      0.0000
   2013.62519977      0.0000
   2013.62522831      0.0000
   2013.62525685      0.0000
   2013.62528539      0.0000
   2013.62531393      0.0000
   2013.62534247      0.0000
   2013.62537100      0.0000
   2013.62539954      0.0000
   2013.62542808      0.0000
   2013.62545662      0.0000
   2013.62548516      0.0000
   2013.62551370      0.0000
   2013.62554224      0.0000
   2013.62557078      0.0000
   2013.62559932      0.0000
   2013.62562785      0.0000
   2013.62565639      0.0000
   2013.62568493      0.0000
   2013.62571347      0.0000
   2013.62574201      0.0000
   2013.62577055      0.0000
   2013.62579909      0.0000
   2013.62582763      0.0000
   2013.62585616      0.0000
   2013.62588470      0.0000
   2013.62591324      0.0000
   2013.62594178      0.0002
   2013.62597032      0.0008
   2013.62599886      0.0012
   2013.62602740      0.0018
   2013.62605594      0.0021
   2013.62608447      0.0024
   2013.62611301      0.0026
   2013.62614155      0.0053
   2013.62617009      0.0385
   2013.62619863      0.0728
   2013.62622717      0.1230
   2013.62625571      0.2140
   2013.62628425      0.3363
   2013.62631279      0.5256
   2013.62634132      0.8058
   2013.62636986      1.2238
   2013.62639840      1.8384
   2013.62642694      2.7243
   2013.62645548      3.6907
   2013.62648402      4.5927
   2013.62651256      5.1999
   2013.62654110      5.6063
   2013.62656963      5.8549
   2013.62659817      6.0506
   2013.62662671      6.1723
   2013.62665525      6.2016
   2013.62668379      6.0983
   2013.62671233      5.8100
   2013.62674087      5.9146
   2013.62676941      5.8168
   2013.62679795      5.5775
   2013.62682648      4.9948
   2013.62685502      5.0602
   2013.62688356      4.6579
   2013.62691210      4.4785
   2013.62694064      4.1256
   2013.62696918      3.8964
   2013.62699772      3.5343
   2013.62702626      3.3642
   2013.62705479      3.1796
   2013.62708333      2.9548
   2013.62711187      2.7475
   2013.62714041      2.5548
   2013.62716895      2.3576
   2013.62719749      2.2581
   2013.62722603      2.1225
   2013.62725457      1.9976
   2013.62728311      1.9086
   2013.62731164      1.8083
   2013.62734018      1.7212
   2013.62736872      1.6379
   2013.62739726      1.5720
   2013.62742580      1.4984
   2013.62745434      1.4419
   2013.62748288      1.3564
   2013.62751142      1.2990
   2013.62753995      1.2442
   2013.62756849      1.1918
   2013.62759703      1.1256
   2013.62762557      1.0587
   2013.62765411      1.0351
   2013.62768265      0.9861
   2013.62771119      0.9257
   2013.62773973      0.8928
   2013.62776826      0.8515
   2013.62779680      0.8104
   2013.62782534      0.7701
   2013.62785388      0.7311
   2013.62788242      0.6943
   2013.62791096      0.6602
   2013.62793950      0.6285
   2013.62796804      0.5985
   2013.62799658      0.5699
   2013.62802511      0.5428
   2013.62805365      0.5170
   2013.62808219      0.4927
   2013.62811073      0.4697
   2013.62813927      0.4478
   2013.62816781      0.4270
   2013.62819635      0.4072
   2013.62822489      0.3884
   2013.62825342      0.3706
   2013.62828196      0.3537
   2013.62831050      0.3377
   2013.62833904      0.3226
   2013.62836758      0.3083
   2013.62839612      0.2948
   2013.62842466      0.2820
   2013.62845320      0.2699
   2013.62848174      0.2585
   2013.62851027      0.2477
   2013.62853881      0.2392
   2013.62856735      0.2296
   2013.62859589      0.2202
   2013.62862443      0.2113
   2013.62865297      0.2071
   2013.62868151      0.2000
   2013.62871005      0.1927
   2013.62873858      0.1858
   2013.62876712      0.1860
   2013.62879566      0.1815
   2013.62882420      0.1764
   2013.62885274      0.1717
   2013.62888128      0.1759
   2013.62890982      0.1744
   2013.62893836      0.1723
   2013.62896689      0.1710
   2013.62899543      0.1806
   2013.62902397      0.1838
   2013.62905251      0.1864
   2013.62908105      0.1902
   2013.62910959      0.2077
   2013.62913813      0.2173
   2013.62916667      0.2259
   2013.62919521      0.2362
   2013.62922374      0.2633
   2013.62925228      0.2822
   2013.62928082      0.3003
   2013.62930936      0.3293
   2013.62933790      0.3740
   2013.62936644      0.4149
   2013.62939498      0.4611
   2013.62942352      0.5040
   2013.62945205      0.5880
   2013.62948059      0.6688
   2013.62950913      0.7652
   2013.62953767      0.8715
   2013.62956621      1.0116
   2013.62959475      1.1568
   2013.62962329      1.2939
   2013.62965183      1.4018
   2013.62968037      1.5042
   2013.62970890      1.5744
   2013.62973744      1.6167
   2013.62976598      1.6399
   2013.62979452      1.6752
   2013.62982306      1.6862
   2013.62985160      1.6888
   2013.62988014      1.6783
   2013.62990868      1.6787
   2013.62993721      1.6613
   2013.62996575      1.6439
   2013.62999429      1.6138
   2013.63002283      1.5909
   2013.63005137      1.5603
   2013.63007991      1.5252
   2013.63010845      1.4841
   2013.63013699      1.4448
   2013.63016553      1.4029
   2013.63019406      1.3599
   2013.63022260      1.3001
   2013.63025114      1.2552
   2013.63027968      1.2100
   2013.63030822      1.1651
   2013.63033676      1.1070
   2013.63036530      1.0868
   2013.63039384      1.0220
   2013.63042237      0.9765
   2013.63045091      0.9199
   2013.63047945      0.8873
   2013.63050799      0.8470
   2013.63053653      0.8069
   2013.63056507      0.7673
   2013.63059361      0.7290
   2013.63062215      0.6928
   2013.63065068      0.6592
   2013.63067922      0.6278
   2013.63070776      0.5981
   2013.63073630      0.5697
   2013.63076484      0.5427
   2013.63079338      0.5171
   2013.63082192      0.4928
   2013.63085046      0.4698
   2013.63087900      0.4480
   2013.63090753      0.4273
   2013.63093607      0.4076
   2013.63096461      0.3888
   2013.63099315      0.3709
   2013.63102169      0.3540
   2013.63105023      0.3380
   2013.63107877      0.3229
   2013.63110731      0.3086
   2013.63113584      0.2951
   2013.63116438      0.2823
   2013.63119292      0.2702
   2013.63122146      0.2588
   2013.63125000      0.2480
   2013.63127854      0.2376
   2013.63130708      0.2277
   2013.63133562      0.2182
   2013.63136416      0.2093
   2013.63139269      0.2008
   2013.63142123      0.1927
   2013.63144977      0.1851
   2013.63147831      0.1779
   2013.63150685      0.1710
   2013.63153539      0.1644
   2013.63156393      0.1582
   2013.63159247      0.1523
   2013.63162100      0.1466
   2013.63164954      0.1412
   2013.63167808      0.1361
   2013.63170662      0.1312
   2013.63173516      0.1266
   2013.63176370      0.1222
   2013.63179224      0.1180
   2013.63182078      0.1139
   2013.63184932      0.1101
   2013.63187785      0.1065
   2013.63190639      0.1030
