   2013.62465753      0.0000
   2013.62468607      0.0000
   2013.62471461      0.0000
   2013.62474315      0.0000
   2013.62477169      0.0000
   2013.62480023      0.0000
   2013.62482877      0.0000
   2013.62485731      0.0000
   2013.62488584      0.0000
   2013.62491438      0.0000
   2013.62494292      0.0000
   2013.62497146      0.0000
   2013.62500000      0.0000
   2013.62502854      0.0000
   2013.62505708      0.0000
   2013.62508562      0.0000
   2013.62511416      0.0000
   2013.62514269      0.0000
   2013.62517123      0.0000
   2013.62519977      0.0000
   2013.62522831      0.0000
   2013.62525685      0.0000
   2013.62528539      0.0000
   2013.62531393      0.0000
   2013.62534247      0.0000
   2013.62537100      0.0000
   2013.62539954      0.0000
   2013.62542808      0.0000
   2013.62545662      0.0000
   2013.62548516      0.0000
   2013.62551370      0.0000
   2013.62554224      0.0000
   2013.62557078      0.0000
   2013.62559932      0.0000
   2013.62562785      0.0000
   2013.62565639      0.0000
   2013.62568493      0.0000
   2013.62571347      0.0000
   2013.62574201      0.0000
   2013.62577055      0.0000
   2013.62579909      0.0000
   2013.62582763      0.0000
   2013.62585616      0.0000
   2013.62588470      0.0000
   2013.62591324      0.0000
   2013.62594178      0.0000
   2013.62597032      0.0000
   2013.62599886      0.0000
   2013.62602740      0.0000
   2013.62605594      0.0000
   2013.62608447      0.0000
   2013.62611301      0.0000
   2013.62614155      0.0000
   2013.62617009      0.0000
   2013.62619863      0.0000
   2013.62622717      0.0000
   2013.62625571      0.0000
   2013.62628425      0.0000
   2013.62631279      0.0000
   2013.62634132      0.0000
   2013.62636986      0.0000
   2013.62639840      0.0000
   2013.62642694      0.0000
   2013.62645548      0.0000
   2013.62648402      0.0000
   2013.62651256      0.0000
   2013.62654110      0.0000
   2013.62656963      0.0000
   2013.62659817      0.0000
   2013.62662671      0.0000
   2013.62665525      0.0000
   2013.62668379      0.0000
   2013.62671233      0.0000
   2013.62674087      0.0000
   2013.62676941      0.0000
   2013.62679795      0.0000
   2013.62682648      0.0000
   2013.62685502      0.0000
   2013.62688356      0.0000
   2013.62691210      0.0000
   2013.62694064      0.0000
   2013.62696918      0.0000
   2013.62699772      0.0000
   2013.62702626      0.0000
   2013.62705479      0.0000
   2013.62708333      0.0000
   2013.62711187      0.0000
   2013.62714041      0.0000
   2013.62716895      0.0000
   2013.62719749      0.0079
   2013.62722603      0.0378
   2013.62725457      0.0863
   2013.62728311      0.1887
   2013.62731164      0.5306
   2013.62734018      1.7678
   2013.62736872      6.7688
   2013.62739726     12.7372
   2013.62742580     14.0642
   2013.62745434     13.3844
   2013.62748288     12.3582
   2013.62751142     11.3477
   2013.62753995     10.5295
   2013.62756849     10.0082
   2013.62759703      9.5116
   2013.62762557      9.1662
   2013.62765411      8.9460
   2013.62768265      8.8160
   2013.62771119      8.7481
   2013.62773973      8.7232
   2013.62776826      8.7251
   2013.62779680      8.7416
   2013.62782534      8.5427
   2013.62785388      8.3914
   2013.62788242      7.9647
   2013.62791096      7.6358
   2013.62793950      7.1564
   2013.62796804      6.7344
   2013.62799658      6.5391
   2013.62802511      5.4735
   2013.62805365      4.9671
   2013.62808219      4.8887
   2013.62811073      3.9397
   2013.62813927      3.5007
   2013.62816781      3.1482
   2013.62819635      3.0003
   2013.62822489      2.5512
   2013.62825342      2.2542
   2013.62828196      1.9251
   2013.62831050      1.7150
   2013.62833904      1.5272
   2013.62836758      1.4312
   2013.62839612      1.2261
   2013.62842466      1.0616
   2013.62845320      0.9810
   2013.62848174      0.8872
   2013.62851027      0.7985
   2013.62853881      0.7187
   2013.62856735      0.6477
   2013.62859589      0.5853
   2013.62862443      0.5298
   2013.62865297      0.4808
   2013.62868151      0.4375
   2013.62871005      0.3990
   2013.62873858      0.3646
   2013.62876712      0.3337
   2013.62879566      0.3060
   2013.62882420      0.2809
   2013.62885274      0.2583
   2013.62888128      0.2376
   2013.62890982      0.2186
   2013.62893836      0.2014
   2013.62896689      0.1856
   2013.62899543      0.1713
   2013.62902397      0.1583
   2013.62905251      0.1464
   2013.62908105      0.1355
   2013.62910959      0.1256
   2013.62913813      0.1164
   2013.62916667      0.1080
   2013.62919521      0.1003
