   2013.62465753      0.0000
   2013.62468607      0.0000
   2013.62471461      0.0000
   2013.62474315      0.0000
   2013.62477169      0.0000
   2013.62480023      0.0002
   2013.62482877      0.0013
   2013.62485731      0.0024
   2013.62488584      0.0034
   2013.62491438      0.0052
   2013.62494292      0.0167
   2013.62497146      0.0718
   2013.62500000      0.1441
   2013.62502854      0.3050
   2013.62505708      0.6276
   2013.62508562      1.2455
   2013.62511416      2.2801
   2013.62514269      3.7964
   2013.62517123      6.1582
   2013.62519977      8.7534
   2013.62522831     10.5189
   2013.62525685     11.0307
   2013.62528539     10.7371
   2013.62531393     10.2576
   2013.62534247      9.6308
   2013.62537100      8.9090
   2013.62539954      8.0602
   2013.62542808      7.2227
   2013.62545662      6.3837
   2013.62548516      5.8591
   2013.62551370      5.0264
   2013.62554224      4.6131
   2013.62557078      4.1014
   2013.62559932      3.9658
   2013.62562785      3.6063
   2013.62565639      3.3152
   2013.62568493      3.1986
   2013.62571347      3.0152
   2013.62574201      2.8861
   2013.62577055      2.7459
   2013.62579909      2.7671
   2013.62582763      2.7283
   2013.62585616      2.7201
   2013.62588470      2.7318
   2013.62591324      2.8313
   2013.62594178      2.9196
   2013.62597032      3.0135
   2013.62599886      3.0949
   2013.62602740      3.3437
   2013.62605594      3.5025
   2013.62608447      3.6082
   2013.62611301      3.7932
   2013.62614155      3.9883
   2013.62617009      4.3172
   2013.62619863      4.4513
   2013.62622717      4.7389
   2013.62625571      4.8256
   2013.62628425      5.1889
   2013.62631279      5.3809
   2013.62634132      5.5559
   2013.62636986      5.7787
   2013.62639840      6.1160
   2013.62642694      6.3410
   2013.62645548      6.4558
   2013.62648402      6.7314
   2013.62651256      6.9934
   2013.62654110      7.2419
   2013.62656963      7.2325
   2013.62659817      7.4549
   2013.62662671      7.6974
   2013.62665525      7.8265
   2013.62668379      7.8792
   2013.62671233      7.9659
   2013.62674087      8.1515
   2013.62676941      8.1831
   2013.62679795      8.2006
   2013.62682648      8.2263
   2013.62685502      8.3042
   2013.62688356      8.2544
   2013.62691210      8.1744
   2013.62694064      8.1380
   2013.62696918      8.1679
   2013.62699772      8.0659
   2013.62702626      7.9338
   2013.62705479      7.7799
   2013.62708333      7.7949
   2013.62711187      7.6224
   2013.62714041      7.4205
   2013.62716895      7.2227
   2013.62719749      7.2061
   2013.62722603      6.9975
   2013.62725457      6.8373
   2013.62728311      6.5111
   2013.62731164      6.5093
   2013.62734018      6.3344
   2013.62736872      6.2493
   2013.62739726      5.9097
   2013.62742580      5.8256
   2013.62745434      5.6451
   2013.62748288      5.4667
   2013.62751142      5.2514
   2013.62753995      5.1611
   2013.62756849      4.9937
   2013.62759703      4.7964
   2013.62762557      4.6478
   2013.62765411      4.5632
   2013.62768265      4.3802
   2013.62771119      4.2057
   2013.62773973      4.0821
   2013.62776826      4.0121
   2013.62779680      3.8368
   2013.62782534      3.7096
   2013.62785388      3.4530
   2013.62788242      3.5274
   2013.62791096      3.3964
   2013.62793950      3.1761
   2013.62796804      3.1352
   2013.62799658      3.1651
   2013.62802511      3.0699
   2013.62805365      2.9121
   2013.62808219      2.8721
   2013.62811073      2.8486
   2013.62813927      2.7593
   2013.62816781      2.6636
   2013.62819635      2.6522
   2013.62822489      2.6329
   2013.62825342      2.5924
   2013.62828196      2.5236
   2013.62831050      2.5686
   2013.62833904      2.5459
   2013.62836758      2.5480
   2013.62839612      2.4997
   2013.62842466      2.5844
   2013.62845320      2.5981
   2013.62848174      2.6220
   2013.62851027      2.6204
   2013.62853881      2.7614
   2013.62856735      2.9388
   2013.62859589      3.1436
   2013.62862443      3.1645
   2013.62865297      3.0685
   2013.62868151      3.0234
   2013.62871005      2.9768
   2013.62873858      3.2211
   2013.62876712      3.6475
   2013.62879566      3.9032
   2013.62882420      3.9359
   2013.62885274      3.7808
   2013.62888128      3.5933
   2013.62890982      3.4342
   2013.62893836      3.4281
   2013.62896689      3.7124
   2013.62899543      3.9130
   2013.62902397      4.0136
   2013.62905251      3.9833
   2013.62908105      3.9074
   2013.62910959      3.4982
   2013.62913813      3.2368
   2013.62916667      2.9871
   2013.62919521      2.8974
   2013.62922374      2.8522
   2013.62925228      2.7523
   2013.62928082      2.6133
   2013.62930936      2.4590
   2013.62933790      2.2382
   2013.62936644      2.0408
   2013.62939498      1.8578
   2013.62942352      1.7382
   2013.62945205      1.5777
   2013.62948059      1.4295
   2013.62950913      1.2975
   2013.62953767      1.1774
   2013.62956621      1.0797
   2013.62959475      0.9903
   2013.62962329      0.9110
   2013.62965183      0.8375
   2013.62968037      0.7678
   2013.62970890      0.7032
   2013.62973744      0.6449
   2013.62976598      0.5924
   2013.62979452      0.5447
   2013.62982306      0.5015
   2013.62985160      0.4624
   2013.62988014      0.4270
   2013.62990868      0.3947
   2013.62993721      0.3652
   2013.62996575      0.3381
   2013.62999429      0.3133
   2013.63002283      0.2906
   2013.63005137      0.2698
   2013.63007991      0.2507
   2013.63010845      0.2329
   2013.63013699      0.2165
   2013.63016553      0.2013
   2013.63019406      0.1873
   2013.63022260      0.1744
   2013.63025114      0.1626
   2013.63027968      0.1516
   2013.63030822      0.1415
   2013.63033676      0.1322
   2013.63036530      0.1235
   2013.63039384      0.1155
   2013.63042237      0.1080
   2013.63045091      0.1011
