   2013.62465753      0.0000
   2013.62468607      0.0000
   2013.62471461      0.0000
   2013.62474315      0.0000
   2013.62477169      0.0000
   2013.62480023      0.0000
   2013.62482877      0.0000
   2013.62485731      0.0000
   2013.62488584      0.0000
   2013.62491438      0.0000
   2013.62494292      0.0000
   2013.62497146      0.0000
   2013.62500000      0.0000
   2013.62502854      0.0000
   2013.62505708      0.0000
   2013.62508562      0.0000
   2013.62511416      0.0000
   2013.62514269      0.0000
   2013.62517123      0.0000
   2013.62519977      0.0000
   2013.62522831      0.0000
   2013.62525685      0.0000
   2013.62528539      0.0000
   2013.62531393      0.0000
   2013.62534247      0.0000
   2013.62537100      0.0000
   2013.62539954      0.0000
   2013.62542808      0.0000
   2013.62545662      0.0000
   2013.62548516      0.0000
   2013.62551370      0.0000
   2013.62554224      0.0000
   2013.62557078      0.0000
   2013.62559932      0.0000
   2013.62562785      0.0000
   2013.62565639      0.0000
   2013.62568493      0.0000
   2013.62571347      0.0000
   2013.62574201      0.0000
   2013.62577055      0.0000
   2013.62579909      0.0000
   2013.62582763      0.0000
   2013.62585616      0.0000
   2013.62588470      0.0000
   2013.62591324      0.0000
   2013.62594178      0.0000
   2013.62597032      0.0000
   2013.62599886      0.0000
   2013.62602740      0.0000
   2013.62605594      0.0000
   2013.62608447      0.0000
   2013.62611301      0.0000
   2013.62614155      0.0000
   2013.62617009      0.0000
   2013.62619863      0.0000
   2013.62622717      0.0000
   2013.62625571      0.0000
   2013.62628425      0.0000
   2013.62631279      0.0000
   2013.62634132      0.0000
   2013.62636986      0.0000
   2013.62639840      0.0000
   2013.62642694      0.0000
   2013.62645548      0.0000
   2013.62648402      0.0000
   2013.62651256      0.0000
   2013.62654110      0.0000
   2013.62656963      0.0000
   2013.62659817      0.0000
   2013.62662671      0.0000
   2013.62665525      0.0000
   2013.62668379      0.0000
   2013.62671233      0.0000
   2013.62674087      0.0000
   2013.62676941      0.0000
   2013.62679795      0.0000
   2013.62682648      0.0000
   2013.62685502      0.0000
   2013.62688356      0.0000
   2013.62691210      0.0000
   2013.62694064      0.0000
   2013.62696918     11.2594
   2013.62699772     46.6134
   2013.62702626    107.9124
   2013.62705479    123.0108
   2013.62708333     93.5978
   2013.62711187     71.3057
   2013.62714041     52.3282
   2013.62716895     40.0969
   2013.62719749     33.2028
   2013.62722603     27.0616
   2013.62725457     21.6146
   2013.62728311     17.4658
   2013.62731164     15.1006
   2013.62734018     13.0334
   2013.62736872     11.3934
   2013.62739726      9.3725
   2013.62742580      9.1662
   2013.62745434      8.6462
   2013.62748288      7.9017
   2013.62751142      6.7101
   2013.62753995      6.3984
   2013.62756849      5.8056
   2013.62759703      5.5787
   2013.62762557      5.7049
   2013.62765411      5.5828
   2013.62768265      5.3422
   2013.62771119      4.9708
   2013.62773973      4.5654
   2013.62776826      4.2053
   2013.62779680      4.2180
   2013.62782534      3.7880
   2013.62785388      3.6852
   2013.62788242      3.8257
   2013.62791096      3.6631
   2013.62793950      3.2775
   2013.62796804      3.0701
   2013.62799658      2.8467
   2013.62802511      2.5730
   2013.62805365      2.4054
   2013.62808219      2.2628
   2013.62811073      2.1421
   2013.62813927      2.0926
   2013.62816781      1.9541
   2013.62819635      1.7496
   2013.62822489      1.6387
   2013.62825342      1.5192
   2013.62828196      1.4037
   2013.62831050      1.2970
   2013.62833904      1.2021
   2013.62836758      1.1123
   2013.62839612      1.0414
   2013.62842466      0.9720
   2013.62845320      0.9063
   2013.62848174      0.8443
   2013.62851027      0.7831
   2013.62853881      0.7238
   2013.62856735      0.6683
   2013.62859589      0.6175
   2013.62862443      0.5706
   2013.62865297      0.5275
   2013.62868151      0.4882
   2013.62871005      0.4523
   2013.62873858      0.4196
   2013.62876712      0.3895
   2013.62879566      0.3619
   2013.62882420      0.3363
   2013.62885274      0.3128
   2013.62888128      0.2910
   2013.62890982      0.2709
   2013.62893836      0.2524
   2013.62896689      0.2351
   2013.62899543      0.2189
   2013.62902397      0.2038
   2013.62905251      0.1898
   2013.62908105      0.1769
   2013.62910959      0.1649
   2013.62913813      0.1539
   2013.62916667      0.1436
   2013.62919521      0.1341
   2013.62922374      0.1252
   2013.62925228      0.1170
   2013.62928082      0.1093
   2013.62930936      0.1022
