   2013.62465753      0.0000
   2013.62468607      0.0000
   2013.62471461      0.0000
   2013.62474315      0.0000
   2013.62477169      0.0000
   2013.62480023      0.0000
   2013.62482877      0.0000
   2013.62485731      0.0000
   2013.62488584      0.0000
   2013.62491438      0.0000
   2013.62494292      0.0000
   2013.62497146      0.0000
   2013.62500000      0.0000
   2013.62502854      0.0000
   2013.62505708      0.0000
   2013.62508562      0.0000
   2013.62511416      0.0000
   2013.62514269      0.0000
   2013.62517123      0.0000
   2013.62519977      0.0000
   2013.62522831      0.0000
   2013.62525685      0.0000
   2013.62528539      0.0000
   2013.62531393      0.0000
   2013.62534247      0.0000
   2013.62537100      0.0000
   2013.62539954      0.0000
   2013.62542808      0.0000
   2013.62545662      0.0000
   2013.62548516      0.0000
   2013.62551370      0.0000
   2013.62554224      0.0000
   2013.62557078      0.0000
   2013.62559932      0.0000
   2013.62562785      0.0000
   2013.62565639      0.0000
   2013.62568493      0.0000
   2013.62571347      0.0000
   2013.62574201      0.0000
   2013.62577055      0.0000
   2013.62579909      0.0000
   2013.62582763      0.0000
   2013.62585616      0.0000
   2013.62588470      0.0000
   2013.62591324      0.0000
   2013.62594178      0.0000
   2013.62597032      0.0000
   2013.62599886      0.0000
   2013.62602740      0.0000
   2013.62605594      0.0000
   2013.62608447      0.0000
   2013.62611301      0.0000
   2013.62614155      0.0000
   2013.62617009      0.0000
   2013.62619863      0.0001
   2013.62622717      0.0002
   2013.62625571      0.0003
   2013.62628425      0.0003
   2013.62631279      0.0004
   2013.62634132      0.0005
   2013.62636986      0.0006
   2013.62639840      0.0007
   2013.62642694      0.0007
   2013.62645548      0.0008
   2013.62648402      0.0009
   2013.62651256      0.0009
   2013.62654110      0.0010
   2013.62656963      0.0011
   2013.62659817      0.0012
   2013.62662671      0.0171
   2013.62665525      0.0390
   2013.62668379      0.0543
   2013.62671233      0.0732
   2013.62674087      0.0987
   2013.62676941      0.1349
   2013.62679795      0.1847
   2013.62682648      0.2456
   2013.62685502      0.3183
   2013.62688356      0.4220
   2013.62691210      0.5590
   2013.62694064      0.7382
   2013.62696918      0.9738
   2013.62699772      1.2543
   2013.62702626      1.4903
   2013.62705479      1.6498
   2013.62708333      1.7318
   2013.62711187      1.7351
   2013.62714041      1.7283
   2013.62716895      1.6965
   2013.62719749      1.6509
   2013.62722603      1.5902
   2013.62725457      1.5203
   2013.62728311      1.4522
   2013.62731164      1.3811
   2013.62734018      1.3080
   2013.62736872      1.2328
   2013.62739726      1.2138
   2013.62742580      1.0812
   2013.62745434      1.0121
   2013.62748288      0.9424
   2013.62751142      0.8785
   2013.62753995      0.8149
   2013.62756849      0.7525
   2013.62759703      0.6932
   2013.62762557      0.6387
   2013.62765411      0.5886
   2013.62768265      0.5425
   2013.62771119      0.5003
   2013.62773973      0.4618
   2013.62776826      0.4266
   2013.62779680      0.3943
   2013.62782534      0.3647
   2013.62785388      0.3374
   2013.62788242      0.3123
   2013.62791096      0.2893
   2013.62793950      0.2682
   2013.62796804      0.2487
   2013.62799658      0.2306
   2013.62802511      0.2139
   2013.62805365      0.1984
   2013.62808219      0.1842
   2013.62811073      0.1711
   2013.62813927      0.1590
   2013.62816781      0.1479
   2013.62819635      0.1377
   2013.62822489      0.1282
   2013.62825342      0.1194
   2013.62828196      0.1113
   2013.62831050      0.1037
