   2013.62465753      0.0000
   2013.62468607      0.0000
   2013.62471461      0.0000
   2013.62474315      0.0000
   2013.62477169      0.0000
   2013.62480023      0.0000
   2013.62482877      0.0000
   2013.62485731      0.0000
   2013.62488584      0.0000
   2013.62491438      0.0000
   2013.62494292      0.0000
   2013.62497146      0.0000
   2013.62500000      0.0000
   2013.62502854      0.0000
   2013.62505708      0.0000
   2013.62508562      0.0000
   2013.62511416      0.0000
   2013.62514269      0.0000
   2013.62517123      0.0000
   2013.62519977      0.0000
   2013.62522831      0.0000
   2013.62525685      0.0000
   2013.62528539      0.0000
   2013.62531393      0.0000
   2013.62534247      0.0000
   2013.62537100      0.0000
   2013.62539954      0.0000
   2013.62542808      0.0000
   2013.62545662      0.0000
   2013.62548516      0.0000
   2013.62551370      0.0000
   2013.62554224      0.0000
   2013.62557078      0.0000
   2013.62559932      0.0000
   2013.62562785      0.0000
   2013.62565639      0.0000
   2013.62568493      0.0000
   2013.62571347      0.0000
   2013.62574201      0.0000
   2013.62577055      0.0000
   2013.62579909      0.0000
   2013.62582763      0.0000
   2013.62585616      0.0000
   2013.62588470      0.0000
   2013.62591324      0.0000
   2013.62594178      0.0000
   2013.62597032      0.0000
   2013.62599886      0.0000
   2013.62602740      0.0000
   2013.62605594      0.0000
   2013.62608447      0.0000
   2013.62611301      0.0000
   2013.62614155      0.0000
   2013.62617009      0.0000
   2013.62619863      0.0000
   2013.62622717      0.0000
   2013.62625571      0.0000
   2013.62628425      0.0000
   2013.62631279      0.0000
   2013.62634132      0.0000
   2013.62636986      0.0000
   2013.62639840      0.0000
   2013.62642694      0.0000
   2013.62645548      0.0000
   2013.62648402      0.0000
   2013.62651256      0.0000
   2013.62654110      0.0000
   2013.62656963      0.0000
   2013.62659817      0.0000
   2013.62662671      0.0000
   2013.62665525      0.0000
   2013.62668379      0.0001
   2013.62671233      0.0003
   2013.62674087      0.0005
   2013.62676941      0.0007
   2013.62679795      0.0009
   2013.62682648      0.0011
   2013.62685502      0.0013
   2013.62688356      0.0015
   2013.62691210      0.0016
   2013.62694064      0.0018
   2013.62696918      0.0021
   2013.62699772      0.0260
   2013.62702626      0.0532
   2013.62705479      0.0773
   2013.62708333      0.1201
   2013.62711187      0.1821
   2013.62714041      0.2601
   2013.62716895      0.3781
   2013.62719749      0.5440
   2013.62722603      0.7683
   2013.62725457      1.0495
   2013.62728311      1.4869
   2013.62731164      2.0797
   2013.62734018      2.6246
   2013.62736872      3.0220
   2013.62739726      3.2809
   2013.62742580      3.5385
   2013.62745434      3.6347
   2013.62748288      3.7026
   2013.62751142      3.7519
   2013.62753995      3.7978
   2013.62756849      3.8324
   2013.62759703      3.8593
   2013.62762557      3.8696
   2013.62765411      3.8518
   2013.62768265      3.7314
   2013.62771119      3.6291
   2013.62773973      3.7528
   2013.62776826      3.5532
   2013.62779680      3.2384
   2013.62782534      3.1096
   2013.62785388      2.8813
   2013.62788242      2.6978
   2013.62791096      2.5123
   2013.62793950      2.3336
   2013.62796804      2.2235
   2013.62799658      2.0351
   2013.62802511      1.7721
   2013.62805365      1.6480
   2013.62808219      1.5064
   2013.62811073      1.3720
   2013.62813927      1.2376
   2013.62816781      1.1347
   2013.62819635      1.0349
   2013.62822489      0.9446
   2013.62825342      0.8625
   2013.62828196      0.7848
   2013.62831050      0.7127
   2013.62833904      0.6478
   2013.62836758      0.5900
   2013.62839612      0.5379
   2013.62842466      0.4913
   2013.62845320      0.4494
   2013.62848174      0.4118
   2013.62851027      0.3779
   2013.62853881      0.3471
   2013.62856735      0.3192
   2013.62859589      0.2939
   2013.62862443      0.2709
   2013.62865297      0.2499
   2013.62868151      0.2305
   2013.62871005      0.2128
   2013.62873858      0.1965
   2013.62876712      0.1816
   2013.62879566      0.1680
   2013.62882420      0.1555
   2013.62885274      0.1441
   2013.62888128      0.1336
   2013.62890982      0.1240
   2013.62893836      0.1151
   2013.62896689      0.1069
