   2013.62465753      0.0000
   2013.62468607      0.0000
   2013.62471461      0.0000
   2013.62474315      0.0000
   2013.62477169      0.0000
   2013.62480023      0.0000
   2013.62482877      0.0000
   2013.62485731      0.0000
   2013.62488584      0.0000
   2013.62491438      0.0000
   2013.62494292      0.0000
   2013.62497146      0.0000
   2013.62500000      0.0000
   2013.62502854      0.0000
   2013.62505708      0.0000
   2013.62508562      0.0000
   2013.62511416      0.0000
   2013.62514269      0.0000
   2013.62517123      0.0000
   2013.62519977      0.0000
   2013.62522831      0.0000
   2013.62525685      0.0000
   2013.62528539      0.0000
   2013.62531393      0.0000
   2013.62534247      0.0000
   2013.62537100      0.0000
   2013.62539954      0.0000
   2013.62542808      0.0000
   2013.62545662      0.0000
   2013.62548516      0.0000
   2013.62551370      0.0000
   2013.62554224      0.0000
   2013.62557078      0.0000
   2013.62559932      0.0000
   2013.62562785      0.0000
   2013.62565639      0.0000
   2013.62568493      0.0000
   2013.62571347      0.0000
   2013.62574201      0.0000
   2013.62577055      0.0000
   2013.62579909      0.0000
   2013.62582763      0.0000
   2013.62585616      0.0000
   2013.62588470      0.0000
   2013.62591324      0.0000
   2013.62594178      0.0000
   2013.62597032      0.0000
   2013.62599886      0.0000
   2013.62602740      0.0000
   2013.62605594      0.0000
   2013.62608447      0.0000
   2013.62611301      0.0000
   2013.62614155      0.0000
   2013.62617009      0.0000
   2013.62619863      0.0000
   2013.62622717      0.0000
   2013.62625571      0.0000
   2013.62628425      0.0000
   2013.62631279      0.0000
   2013.62634132      0.0000
   2013.62636986      0.0000
   2013.62639840      0.0000
   2013.62642694      0.0000
   2013.62645548      0.0000
   2013.62648402      0.0000
   2013.62651256      0.0051
   2013.62654110      0.0049
   2013.62656963      0.0222
   2013.62659817      0.0688
   2013.62662671      0.1216
   2013.62665525      0.2353
   2013.62668379      0.4336
   2013.62671233      0.7593
   2013.62674087      1.2499
   2013.62676941      1.9757
   2013.62679795      3.1039
   2013.62682648      4.7616
   2013.62685502      6.4221
   2013.62688356      7.4828
   2013.62691210      8.0661
   2013.62694064      8.3180
   2013.62696918      8.4507
   2013.62699772      8.5269
   2013.62702626      8.5415
   2013.62705479      8.5246
   2013.62708333      8.5024
   2013.62711187      8.4915
   2013.62714041      8.4486
   2013.62716895      8.3920
   2013.62719749      8.3472
   2013.62722603      8.2998
   2013.62725457      8.2379
   2013.62728311      8.0940
   2013.62731164      8.0715
   2013.62734018      7.8638
   2013.62736872      7.4892
   2013.62739726      7.1540
   2013.62742580      6.7837
   2013.62745434      6.3656
   2013.62748288      6.0053
   2013.62751142      5.5368
   2013.62753995      5.3911
   2013.62756849      4.6994
   2013.62759703      4.5590
   2013.62762557      4.0870
   2013.62765411      3.5115
   2013.62768265      3.1400
   2013.62771119      2.8495
   2013.62773973      2.5741
   2013.62776826      2.3262
   2013.62779680      2.0939
   2013.62782534      1.8972
   2013.62785388      1.7277
   2013.62788242      1.5780
   2013.62791096      1.4434
   2013.62793950      1.3219
   2013.62796804      1.2409
   2013.62799658      1.1226
   2013.62802511      1.0092
   2013.62805365      0.9524
   2013.62808219      0.8834
   2013.62811073      0.8169
   2013.62813927      0.7557
   2013.62816781      0.6998
   2013.62819635      0.6497
   2013.62822489      0.6052
   2013.62825342      0.5652
   2013.62828196      0.5290
   2013.62831050      0.4963
   2013.62833904      0.4665
   2013.62836758      0.4392
   2013.62839612      0.4140
   2013.62842466      0.3906
   2013.62845320      0.3690
   2013.62848174      0.3489
   2013.62851027      0.3304
   2013.62853881      0.3132
   2013.62856735      0.2973
   2013.62859589      0.2825
   2013.62862443      0.2687
   2013.62865297      0.2559
   2013.62868151      0.2439
   2013.62871005      0.2325
   2013.62873858      0.2218
   2013.62876712      0.2118
   2013.62879566      0.2024
   2013.62882420      0.1935
   2013.62885274      0.1852
   2013.62888128      0.1774
   2013.62890982      0.1701
   2013.62893836      0.1631
   2013.62896689      0.1565
   2013.62899543      0.1504
   2013.62902397      0.1445
   2013.62905251      0.1389
   2013.62908105      0.1337
   2013.62910959      0.1287
   2013.62913813      0.1240
   2013.62916667      0.1195
   2013.62919521      0.1153
   2013.62922374      0.1113
   2013.62925228      0.1075
   2013.62928082      0.1038
   2013.62930936      0.1003
