   2013.62465753      0.0000
   2013.62468607      0.0000
   2013.62471461      0.0000
   2013.62474315      0.0000
   2013.62477169      0.0000
   2013.62480023      0.0000
   2013.62482877      0.0000
   2013.62485731      0.0000
   2013.62488584      0.0000
   2013.62491438      0.0000
   2013.62494292      0.0000
   2013.62497146      0.0000
   2013.62500000      0.0000
   2013.62502854      0.0000
   2013.62505708      0.0000
   2013.62508562      0.0000
   2013.62511416      0.0000
   2013.62514269      0.0000
   2013.62517123      0.0000
   2013.62519977      0.0000
   2013.62522831      0.0000
   2013.62525685      0.0000
   2013.62528539      0.0000
   2013.62531393      0.0000
   2013.62534247      0.0000
   2013.62537100      0.0000
   2013.62539954      0.0000
   2013.62542808      0.0000
   2013.62545662      0.0000
   2013.62548516      0.0000
   2013.62551370      0.0000
   2013.62554224      0.0000
   2013.62557078      0.0000
   2013.62559932      0.0000
   2013.62562785      0.0000
   2013.62565639      0.0000
   2013.62568493      0.0000
   2013.62571347      0.0000
   2013.62574201      0.0000
   2013.62577055      0.0000
   2013.62579909      0.0000
   2013.62582763      0.0000
   2013.62585616      0.0000
   2013.62588470      0.0000
   2013.62591324      0.0000
   2013.62594178      0.0000
   2013.62597032      0.0000
   2013.62599886      0.0000
   2013.62602740      0.0000
   2013.62605594      0.0000
   2013.62608447      0.0000
   2013.62611301      0.0000
   2013.62614155      0.0000
   2013.62617009      0.0000
   2013.62619863      0.0000
   2013.62622717      0.0000
   2013.62625571      0.0000
   2013.62628425      0.0000
   2013.62631279      0.0000
   2013.62634132      0.0000
   2013.62636986      0.0000
   2013.62639840      0.0000
   2013.62642694      0.0000
   2013.62645548      0.0000
   2013.62648402      0.0000
   2013.62651256      0.0000
   2013.62654110      0.0000
   2013.62656963      0.0000
   2013.62659817      0.0000
   2013.62662671      0.0000
   2013.62665525      0.0000
   2013.62668379      0.0000
   2013.62671233      0.0000
   2013.62674087      0.0000
   2013.62676941      0.0000
   2013.62679795      0.0000
   2013.62682648      0.0000
   2013.62685502      0.0000
   2013.62688356      0.0000
   2013.62691210      0.0000
   2013.62694064      0.0000
   2013.62696918      0.0000
   2013.62699772      0.0000
   2013.62702626      0.0000
   2013.62705479      0.0000
   2013.62708333      0.0000
   2013.62711187      0.0000
   2013.62714041      0.0000
   2013.62716895      0.0000
   2013.62719749      0.0000
   2013.62722603      0.0000
   2013.62725457      0.0000
   2013.62728311      0.0000
   2013.62731164      0.0000
   2013.62734018      0.0000
   2013.62736872      0.0000
   2013.62739726      0.0000
   2013.62742580      0.0000
   2013.62745434      0.0000
   2013.62748288      0.0000
   2013.62751142      0.0000
   2013.62753995      0.0000
   2013.62756849      0.0000
   2013.62759703      0.0001
   2013.62762557      0.0001
   2013.62765411      0.0002
   2013.62768265      0.0002
   2013.62771119      0.0003
   2013.62773973      0.0003
   2013.62776826      0.0003
   2013.62779680      0.0004
   2013.62782534      0.0004
   2013.62785388      0.0005
   2013.62788242      0.0005
   2013.62791096      0.0005
   2013.62793950      0.0006
   2013.62796804      0.0006
   2013.62799658      0.0006
   2013.62802511      0.0006
   2013.62805365      0.0007
   2013.62808219      0.0007
   2013.62811073      0.0008
   2013.62813927      0.0138
   2013.62816781      0.0270
   2013.62819635      0.0360
   2013.62822489      0.0420
   2013.62825342      0.0496
   2013.62828196      0.0610
   2013.62831050      0.0980
   2013.62833904      0.2150
   2013.62836758      0.4056
   2013.62839612      0.5555
   2013.62842466      0.6307
   2013.62845320      0.6573
   2013.62848174      0.6583
   2013.62851027      0.6465
   2013.62853881      0.6268
   2013.62856735      0.6024
   2013.62859589      0.5755
   2013.62862443      0.5474
   2013.62865297      0.5191
   2013.62868151      0.4910
   2013.62871005      0.4635
   2013.62873858      0.4369
   2013.62876712      0.4111
   2013.62879566      0.3862
   2013.62882420      0.3622
   2013.62885274      0.3393
   2013.62888128      0.3174
   2013.62890982      0.2967
   2013.62893836      0.2771
   2013.62896689      0.2587
   2013.62899543      0.2414
   2013.62902397      0.2251
   2013.62905251      0.2097
   2013.62908105      0.1953
   2013.62910959      0.1819
   2013.62913813      0.1694
   2013.62916667      0.1579
   2013.62919521      0.1472
   2013.62922374      0.1372
   2013.62925228      0.1280
   2013.62928082      0.1194
   2013.62930936      0.1114
   2013.62933790      0.1040
