   2013.62465753      0.0000
   2013.62468607      0.0000
   2013.62471461      0.0000
   2013.62474315      0.0000
   2013.62477169      0.0000
   2013.62480023      0.0000
   2013.62482877      0.0000
   2013.62485731      0.0000
   2013.62488584      0.0000
   2013.62491438      0.0000
   2013.62494292      0.0000
   2013.62497146      0.0000
   2013.62500000      0.0000
   2013.62502854      0.0000
   2013.62505708      0.0000
   2013.62508562      0.0000
   2013.62511416      0.0000
   2013.62514269      0.0000
   2013.62517123      0.0000
   2013.62519977      0.0000
   2013.62522831      0.0000
   2013.62525685      0.0000
   2013.62528539      0.0000
   2013.62531393      0.0000
   2013.62534247      0.0000
   2013.62537100      0.0000
   2013.62539954      0.0000
   2013.62542808      0.0000
   2013.62545662      0.0000
   2013.62548516      0.0000
   2013.62551370      0.0000
   2013.62554224      0.0000
   2013.62557078      0.0000
   2013.62559932      0.0000
   2013.62562785      0.0000
   2013.62565639      0.0000
   2013.62568493      0.0000
   2013.62571347      0.4189
   2013.62574201      1.6224
   2013.62577055      5.4046
   2013.62579909     10.8321
   2013.62582763     22.5390
   2013.62585616     32.3020
   2013.62588470     33.1576
   2013.62591324     31.2865
   2013.62594178     29.4172
   2013.62597032     28.9811
   2013.62599886     27.8434
   2013.62602740     26.2900
   2013.62605594     23.7490
   2013.62608447     20.8956
   2013.62611301     18.0629
   2013.62614155     15.5495
   2013.62617009     12.6855
   2013.62619863     10.6349
   2013.62622717      8.9270
   2013.62625571      7.6404
   2013.62628425      6.4142
   2013.62631279      5.2949
   2013.62634132      4.5043
   2013.62636986      3.8428
   2013.62639840      3.3059
   2013.62642694      3.0297
   2013.62645548      2.5797
   2013.62648402      2.2339
   2013.62651256      1.9490
   2013.62654110      1.6404
   2013.62656963      1.4495
   2013.62659817      1.2935
   2013.62662671      1.1414
   2013.62665525      1.0101
   2013.62668379      0.9072
   2013.62671233      0.8108
   2013.62674087      0.7256
   2013.62676941      0.6509
   2013.62679795      0.5860
   2013.62682648      0.5287
   2013.62685502      0.4783
   2013.62688356      0.4341
   2013.62691210      0.3951
   2013.62694064      0.3603
   2013.62696918      0.3294
   2013.62699772      0.3016
   2013.62702626      0.2767
   2013.62705479      0.2542
   2013.62708333      0.2337
   2013.62711187      0.2150
   2013.62714041      0.1980
   2013.62716895      0.1826
   2013.62719749      0.1686
   2013.62722603      0.1559
   2013.62725457      0.1442
   2013.62728311      0.1336
   2013.62731164      0.1239
   2013.62734018      0.1150
   2013.62736872      0.1068
