   2013.62465753      0.0000
   2013.62468607      0.0000
   2013.62471461      0.0000
   2013.62474315      0.0000
   2013.62477169      0.0000
   2013.62480023      0.0000
   2013.62482877      0.0000
   2013.62485731      0.0000
   2013.62488584      0.0000
   2013.62491438      0.0000
   2013.62494292      0.0000
   2013.62497146      0.0000
   2013.62500000      0.0000
   2013.62502854      0.0000
   2013.62505708      0.0000
   2013.62508562      0.0000
   2013.62511416      0.0000
   2013.62514269      0.0000
   2013.62517123      0.0000
   2013.62519977      0.0000
   2013.62522831      0.0000
   2013.62525685      0.0000
   2013.62528539      0.0000
   2013.62531393      0.0000
   2013.62534247      0.0000
   2013.62537100      0.0000
   2013.62539954      0.0000
   2013.62542808      0.0000
   2013.62545662      0.0000
   2013.62548516      0.0000
   2013.62551370      0.0000
   2013.62554224      0.0000
   2013.62557078      0.0000
   2013.62559932      0.0000
   2013.62562785      0.0000
   2013.62565639      0.0000
   2013.62568493      0.0000
   2013.62571347      0.0000
   2013.62574201      0.0000
   2013.62577055      0.0000
   2013.62579909      0.0000
   2013.62582763      0.0000
   2013.62585616      0.0000
   2013.62588470      0.0000
   2013.62591324      0.0000
   2013.62594178      0.0000
   2013.62597032      0.0000
   2013.62599886      0.0000
   2013.62602740      0.0000
   2013.62605594      0.0000
   2013.62608447      0.0000
   2013.62611301      0.0000
   2013.62614155      0.0000
   2013.62617009      0.0014
   2013.62619863      0.0014
   2013.62622717      0.0015
   2013.62625571      0.0025
   2013.62628425      0.0024
   2013.62631279      0.0025
   2013.62634132      0.0188
   2013.62636986      0.0543
   2013.62639840      0.0869
   2013.62642694      0.1424
   2013.62645548      0.2274
   2013.62648402      0.3585
   2013.62651256      0.5254
   2013.62654110      0.7821
   2013.62656963      1.1487
   2013.62659817      1.6253
   2013.62662671      2.4180
   2013.62665525      3.1697
   2013.62668379      3.7794
   2013.62671233      4.0073
   2013.62674087      4.3639
   2013.62676941      4.4726
   2013.62679795      4.4367
   2013.62682648      4.1314
   2013.62685502      4.2651
   2013.62688356      4.1745
   2013.62691210      3.9723
   2013.62694064      3.8517
   2013.62696918      3.7288
   2013.62699772      3.5824
   2013.62702626      3.6610
   2013.62705479      3.1679
   2013.62708333      3.2797
   2013.62711187      3.4373
   2013.62714041      3.0824
   2013.62716895      3.0499
   2013.62719749      3.0014
   2013.62722603      2.9032
   2013.62725457      2.8103
   2013.62728311      2.7526
   2013.62731164      2.6740
   2013.62734018      2.5873
   2013.62736872      2.4931
   2013.62739726      2.4121
   2013.62742580      2.3188
   2013.62745434      2.2285
   2013.62748288      2.0894
   2013.62751142      1.9991
   2013.62753995      1.9066
   2013.62756849      1.8135
   2013.62759703      1.7223
   2013.62762557      1.6507
   2013.62765411      1.5444
   2013.62768265      1.4633
   2013.62771119      1.3866
   2013.62773973      1.3129
   2013.62776826      1.2411
   2013.62779680      1.1694
   2013.62782534      1.1252
   2013.62785388      1.0482
   2013.62788242      0.9554
   2013.62791096      0.9276
   2013.62793950      0.8786
   2013.62796804      0.8274
   2013.62799658      0.7782
   2013.62802511      0.7313
   2013.62805365      0.6876
   2013.62808219      0.6478
   2013.62811073      0.6115
   2013.62813927      0.5778
   2013.62816781      0.5466
   2013.62819635      0.5174
   2013.62822489      0.4903
   2013.62825342      0.4648
   2013.62828196      0.4410
   2013.62831050      0.4185
   2013.62833904      0.3974
   2013.62836758      0.3776
   2013.62839612      0.3589
   2013.62842466      0.3414
   2013.62845320      0.3250
   2013.62848174      0.3096
   2013.62851027      0.2952
   2013.62853881      0.2855
   2013.62856735      0.2735
   2013.62859589      0.2617
   2013.62862443      0.2505
   2013.62865297      0.2486
   2013.62868151      0.2406
   2013.62871005      0.2317
   2013.62873858      0.2235
   2013.62876712      0.2294
   2013.62879566      0.2264
   2013.62882420      0.2220
   2013.62885274      0.2189
   2013.62888128      0.2348
   2013.62890982      0.2399
   2013.62893836      0.2435
   2013.62896689      0.2498
   2013.62899543      0.2813
   2013.62902397      0.3007
   2013.62905251      0.3190
   2013.62908105      0.3528
   2013.62910959      0.4089
   2013.62913813      0.4423
   2013.62916667      0.5027
   2013.62919521      0.5683
   2013.62922374      0.6670
   2013.62925228      0.7829
   2013.62928082      0.9172
   2013.62930936      1.0728
   2013.62933790      1.3329
   2013.62936644      1.6541
   2013.62939498      1.9375
   2013.62942352      2.2155
   2013.62945205      2.4079
   2013.62948059      2.6651
   2013.62950913      2.8239
   2013.62953767      2.9302
   2013.62956621      2.8895
   2013.62959475      3.1371
   2013.62962329      3.1920
   2013.62965183      3.2189
   2013.62968037      3.0445
   2013.62970890      3.2677
   2013.62973744      3.2672
   2013.62976598      3.4072
   2013.62979452      3.0332
   2013.62982306      3.2005
   2013.62985160      3.4148
   2013.62988014      3.0705
   2013.62990868      3.0596
   2013.62993721      3.0286
   2013.62996575      2.9274
   2013.62999429      2.8324
   2013.63002283      2.7714
   2013.63005137      2.6890
   2013.63007991      2.5990
   2013.63010845      2.5019
   2013.63013699      2.4184
   2013.63016553      2.3232
   2013.63019406      2.2313
   2013.63022260      2.0911
   2013.63025114      2.0000
   2013.63027968      1.9070
   2013.63030822      1.8137
   2013.63033676      1.7223
   2013.63036530      1.6506
   2013.63039384      1.5443
   2013.63042237      1.4632
   2013.63045091      1.3865
   2013.63047945      1.3128
   2013.63050799      1.2410
   2013.63053653      1.1694
   2013.63056507      1.1252
   2013.63059361      1.0482
   2013.63062215      0.9554
   2013.63065068      0.9276
   2013.63067922      0.8785
   2013.63070776      0.8273
   2013.63073630      0.7781
   2013.63076484      0.7312
   2013.63079338      0.6875
   2013.63082192      0.6477
   2013.63085046      0.6114
   2013.63087900      0.5778
   2013.63090753      0.5465
   2013.63093607      0.5173
   2013.63096461      0.4902
   2013.63099315      0.4648
   2013.63102169      0.4409
   2013.63105023      0.4185
   2013.63107877      0.3973
   2013.63110731      0.3775
   2013.63113584      0.3588
   2013.63116438      0.3413
   2013.63119292      0.3249
   2013.63122146      0.3095
   2013.63125000      0.2951
   2013.63127854      0.2816
   2013.63130708      0.2688
   2013.63133562      0.2569
   2013.63136416      0.2456
   2013.63139269      0.2349
   2013.63142123      0.2246
   2013.63144977      0.2149
   2013.63147831      0.2058
   2013.63150685      0.1972
   2013.63153539      0.1890
   2013.63156393      0.1814
   2013.63159247      0.1741
   2013.63162100      0.1672
   2013.63164954      0.1606
   2013.63167808      0.1544
   2013.63170662      0.1485
   2013.63173516      0.1429
   2013.63176370      0.1376
   2013.63179224      0.1325
   2013.63182078      0.1277
   2013.63184932      0.1231
   2013.63187785      0.1188
   2013.63190639      0.1146
   2013.63193493      0.1107
   2013.63196347      0.1070
   2013.63199201      0.1034
   2013.63202055      0.1000
