   2013.62465753      0.0000
   2013.62468607      0.0000
   2013.62471461      0.0000
   2013.62474315      0.0000
   2013.62477169      0.0000
   2013.62480023      0.0000
   2013.62482877      0.0000
   2013.62485731      0.0000
   2013.62488584      0.0000
   2013.62491438      0.0000
   2013.62494292      0.0000
   2013.62497146      0.0000
   2013.62500000      0.0000
   2013.62502854      0.0000
   2013.62505708      0.0000
   2013.62508562      0.0000
   2013.62511416      0.0000
   2013.62514269      0.0000
   2013.62517123      0.0000
   2013.62519977      0.0000
   2013.62522831      0.0000
   2013.62525685      0.0000
   2013.62528539      0.0000
   2013.62531393      0.0000
   2013.62534247      0.0000
   2013.62537100      0.0000
   2013.62539954      0.0000
   2013.62542808      0.0000
   2013.62545662      0.0000
   2013.62548516      0.0000
   2013.62551370      0.0000
   2013.62554224      0.0000
   2013.62557078      0.0000
   2013.62559932      0.0000
   2013.62562785      0.0000
   2013.62565639      0.0000
   2013.62568493      0.0000
   2013.62571347      0.0000
   2013.62574201      0.0000
   2013.62577055      0.0000
   2013.62579909      0.0000
   2013.62582763      0.0000
   2013.62585616      0.0000
   2013.62588470      0.0000
   2013.62591324      0.0000
   2013.62594178      0.0000
   2013.62597032      0.0000
   2013.62599886      0.0000
   2013.62602740      0.0000
   2013.62605594      0.0000
   2013.62608447      0.0000
   2013.62611301      0.0000
   2013.62614155      0.0000
   2013.62617009      0.0000
   2013.62619863      0.0000
   2013.62622717      0.0000
   2013.62625571      0.0000
   2013.62628425      0.0000
   2013.62631279      0.0000
   2013.62634132      0.0000
   2013.62636986      0.0000
   2013.62639840     15.1859
   2013.62642694     54.7490
   2013.62645548    110.9840
   2013.62648402    120.0802
   2013.62651256     87.2809
   2013.62654110     59.8651
   2013.62656963     42.9397
   2013.62659817     34.0915
   2013.62662671     29.0216
   2013.62665525     26.7723
   2013.62668379     26.3607
   2013.62671233     23.8926
   2013.62674087     24.2995
   2013.62676941     25.1163
   2013.62679795     25.8594
   2013.62682648     26.8123
   2013.62685502     27.1129
   2013.62688356     28.1092
   2013.62691210     25.6593
   2013.62694064     22.8210
   2013.62696918     20.6338
   2013.62699772     19.2905
   2013.62702626     18.3319
   2013.62705479     17.8968
   2013.62708333     17.6265
   2013.62711187     16.9730
   2013.62714041     15.6869
   2013.62716895     13.8829
   2013.62719749     12.1101
   2013.62722603     10.2873
   2013.62725457      8.8548
   2013.62728311      7.6075
   2013.62731164      7.0480
   2013.62734018      5.5329
   2013.62736872      4.7661
   2013.62739726      4.1507
   2013.62742580      3.6093
   2013.62745434      3.1966
   2013.62748288      3.0497
   2013.62751142      2.5551
   2013.62753995      2.2494
   2013.62756849      1.9123
   2013.62759703      1.7081
   2013.62762557      1.5228
   2013.62765411      1.3588
   2013.62768265      1.2153
   2013.62771119      1.0938
   2013.62773973      0.9871
   2013.62776826      0.8938
   2013.62779680      0.8080
   2013.62782534      0.7295
   2013.62785388      0.6595
   2013.62788242      0.5981
   2013.62791096      0.5434
   2013.62793950      0.4947
   2013.62796804      0.4515
   2013.62799658      0.4129
   2013.62802511      0.3783
   2013.62805365      0.3471
   2013.62808219      0.3189
   2013.62811073      0.2935
   2013.62813927      0.2705
   2013.62816781      0.2495
   2013.62819635      0.2302
   2013.62822489      0.2125
   2013.62825342      0.1963
   2013.62828196      0.1816
   2013.62831050      0.1681
   2013.62833904      0.1557
   2013.62836758      0.1444
   2013.62839612      0.1339
   2013.62842466      0.1244
   2013.62845320      0.1155
   2013.62848174      0.1074
