   2013.62465753      0.0000
   2013.62468607      0.0000
   2013.62471461      0.0000
   2013.62474315      0.0000
   2013.62477169      0.0000
   2013.62480023      0.0000
   2013.62482877      0.0000
   2013.62485731      0.0000
   2013.62488584      0.0000
   2013.62491438      0.0000
   2013.62494292      0.0000
   2013.62497146      0.0000
   2013.62500000      0.0000
   2013.62502854      0.0000
   2013.62505708      0.0000
   2013.62508562      0.0000
   2013.62511416      0.0000
   2013.62514269      0.0000
   2013.62517123      0.0000
   2013.62519977      0.0000
   2013.62522831      0.0000
   2013.62525685      0.0000
   2013.62528539      0.0000
   2013.62531393      0.0000
   2013.62534247      0.0000
   2013.62537100      0.0000
   2013.62539954      0.0000
   2013.62542808      0.0000
   2013.62545662      0.0000
   2013.62548516      0.0000
   2013.62551370      0.0000
   2013.62554224      0.0000
   2013.62557078      0.0000
   2013.62559932      0.0000
   2013.62562785      0.0000
   2013.62565639      0.0000
   2013.62568493      0.0000
   2013.62571347      0.0000
   2013.62574201      0.0000
   2013.62577055      0.0000
   2013.62579909      0.0000
   2013.62582763      0.0000
   2013.62585616      0.0000
   2013.62588470      0.0000
   2013.62591324      0.0000
   2013.62594178      0.0000
   2013.62597032      0.0000
   2013.62599886      0.0000
   2013.62602740      0.0000
   2013.62605594      0.0000
   2013.62608447      0.0000
   2013.62611301      0.0000
   2013.62614155      0.0000
   2013.62617009      0.0000
   2013.62619863      0.0000
   2013.62622717      0.0000
   2013.62625571      0.0000
   2013.62628425      0.0000
   2013.62631279      0.0000
   2013.62634132      0.0000
   2013.62636986      0.0000
   2013.62639840      0.0000
   2013.62642694      0.0000
   2013.62645548      0.0000
   2013.62648402      0.0000
   2013.62651256      0.0000
   2013.62654110      0.0000
   2013.62656963      0.0000
   2013.62659817      0.0000
   2013.62662671      0.0000
   2013.62665525      0.0000
   2013.62668379      0.0000
   2013.62671233      0.0000
   2013.62674087      0.0000
   2013.62676941      0.0000
   2013.62679795      0.0000
   2013.62682648      0.0000
   2013.62685502     29.4369
   2013.62688356    102.8702
   2013.62691210    168.0049
   2013.62694064    151.2008
   2013.62696918     99.7119
   2013.62699772     63.1594
   2013.62702626     43.0683
   2013.62705479     32.6654
   2013.62708333     28.0914
   2013.62711187     24.5930
   2013.62714041     22.4539
   2013.62716895     20.5308
   2013.62719749     20.6339
   2013.62722603     20.4149
   2013.62725457     20.4888
   2013.62728311     19.8869
   2013.62731164     20.1739
   2013.62734018     19.9312
   2013.62736872     19.0999
   2013.62739726     18.2822
   2013.62742580     17.9107
   2013.62745434     17.6022
   2013.62748288     17.6944
   2013.62751142     16.8503
   2013.62753995     15.7507
   2013.62756849     14.1397
   2013.62759703     12.4454
   2013.62762557     10.9164
   2013.62765411      9.4781
   2013.62768265      8.5219
   2013.62771119      7.6596
   2013.62773973      6.0937
   2013.62776826      5.7881
   2013.62779680      4.7701
   2013.62782534      4.3543
   2013.62785388      4.2297
   2013.62788242      3.6412
   2013.62791096      3.2699
   2013.62793950      2.9304
   2013.62796804      2.7442
   2013.62799658      2.4214
   2013.62802511      2.0390
   2013.62805365      1.8476
   2013.62808219      1.6486
   2013.62811073      1.4702
   2013.62813927      1.3546
   2013.62816781      1.1829
   2013.62819635      1.0413
   2013.62822489      0.9551
   2013.62825342      0.8630
   2013.62828196      0.7778
   2013.62831050      0.7013
   2013.62833904      0.6335
   2013.62836758      0.5737
   2013.62839612      0.5206
   2013.62842466      0.4737
   2013.62845320      0.4322
   2013.62848174      0.3952
   2013.62851027      0.3621
   2013.62853881      0.3324
   2013.62856735      0.3055
   2013.62859589      0.2812
   2013.62862443      0.2592
   2013.62865297      0.2391
   2013.62868151      0.2206
   2013.62871005      0.2036
   2013.62873858      0.1882
   2013.62876712      0.1741
   2013.62879566      0.1612
   2013.62882420      0.1494
   2013.62885274      0.1386
   2013.62888128      0.1287
   2013.62890982      0.1195
   2013.62893836      0.1111
   2013.62896689      0.1033
