   2013.62465753      0.0000
   2013.62468607      0.0000
   2013.62471461      0.0000
   2013.62474315      0.0000
   2013.62477169      0.0000
   2013.62480023      0.0000
   2013.62482877      0.0000
   2013.62485731      0.0000
   2013.62488584      0.0000
   2013.62491438      0.0000
   2013.62494292      0.0000
   2013.62497146      0.0000
   2013.62500000      0.0000
   2013.62502854      0.0000
   2013.62505708      0.0000
   2013.62508562      0.0000
   2013.62511416      0.0001
   2013.62514269      0.0003
   2013.62517123      0.0005
   2013.62519977      0.0007
   2013.62522831      0.0008
   2013.62525685      0.0010
   2013.62528539      0.0011
   2013.62531393      0.0012
   2013.62534247      0.0013
   2013.62537100      0.0015
   2013.62539954      0.0016
   2013.62542808      0.0080
   2013.62545662      0.0344
   2013.62548516      0.0570
   2013.62551370      0.0828
   2013.62554224      0.1226
   2013.62557078      0.1835
   2013.62559932      0.3460
   2013.62562785      0.9943
   2013.62565639      1.9554
   2013.62568493      2.4806
   2013.62571347      2.7162
   2013.62574201      2.7912
   2013.62577055      2.8304
   2013.62579909      2.8175
   2013.62582763      2.7601
   2013.62585616      2.6810
   2013.62588470      2.5307
   2013.62591324      2.4202
   2013.62594178      2.2981
   2013.62597032      2.1662
   2013.62599886      2.0382
   2013.62602740      1.8841
   2013.62605594      1.7545
   2013.62608447      1.6297
   2013.62611301      1.5092
   2013.62614155      1.3921
   2013.62617009      1.2803
   2013.62619863      1.1722
   2013.62622717      1.0783
   2013.62625571      0.9883
   2013.62628425      0.9071
   2013.62631279      0.8301
   2013.62634132      0.7567
   2013.62636986      0.6887
   2013.62639840      0.6278
   2013.62642694      0.5729
   2013.62645548      0.5234
   2013.62648402      0.4788
   2013.62651256      0.4389
   2013.62654110      0.4028
   2013.62656963      0.3701
   2013.62659817      0.3404
   2013.62662671      0.3136
   2013.62665525      0.2891
   2013.62668379      0.2669
   2013.62671233      0.2466
   2013.62674087      0.2279
   2013.62676941      0.2107
   2013.62679795      0.1949
   2013.62682648      0.1805
   2013.62685502      0.1673
   2013.62688356      0.1553
   2013.62691210      0.1442
   2013.62694064      0.1340
   2013.62696918      0.1247
   2013.62699772      0.1160
   2013.62702626      0.1080
   2013.62705479      0.1007
