   2013.62465753      0.0000
   2013.62468607      0.0000
   2013.62471461      0.0000
   2013.62474315      0.0000
   2013.62477169      0.0000
   2013.62480023      0.0000
   2013.62482877      0.0000
   2013.62485731      0.0000
   2013.62488584      0.0000
   2013.62491438      0.0000
   2013.62494292      0.0000
   2013.62497146      0.0000
   2013.62500000      0.0000
   2013.62502854      0.0000
   2013.62505708      0.0000
   2013.62508562      0.0000
   2013.62511416      0.0000
   2013.62514269      0.0000
   2013.62517123      0.0000
   2013.62519977      0.0000
   2013.62522831      0.0000
   2013.62525685      0.0000
   2013.62528539      0.0000
   2013.62531393      0.0000
   2013.62534247      0.0000
   2013.62537100      0.0000
   2013.62539954      0.0000
   2013.62542808      0.0000
   2013.62545662      0.0000
   2013.62548516      0.0000
   2013.62551370      0.0000
   2013.62554224      0.0000
   2013.62557078      0.0000
   2013.62559932      0.0000
   2013.62562785      0.0000
   2013.62565639      0.0000
   2013.62568493      0.0000
   2013.62571347      0.0000
   2013.62574201      0.0000
   2013.62577055      0.0000
   2013.62579909      0.0000
   2013.62582763      0.0000
   2013.62585616      0.0000
   2013.62588470      0.0000
   2013.62591324      0.0000
   2013.62594178      0.0002
   2013.62597032      0.0008
   2013.62599886      0.0013
   2013.62602740      0.0017
   2013.62605594      0.0020
   2013.62608447      0.0024
   2013.62611301      0.0026
   2013.62614155      0.0045
   2013.62617009      0.0366
   2013.62619863      0.0698
   2013.62622717      0.1179
   2013.62625571      0.2031
   2013.62628425      0.3299
   2013.62631279      0.4922
   2013.62634132      0.7195
   2013.62636986      1.0372
   2013.62639840      1.4642
   2013.62642694      2.0065
   2013.62645548      2.6122
   2013.62648402      3.1755
   2013.62651256      3.4981
   2013.62654110      3.6057
   2013.62656963      3.5369
   2013.62659817      3.3889
   2013.62662671      3.3046
   2013.62665525      3.1037
   2013.62668379      2.8794
   2013.62671233      2.7394
   2013.62674087      2.5398
   2013.62676941      2.3688
   2013.62679795      2.2259
   2013.62682648      2.1092
   2013.62685502      1.9955
   2013.62688356      1.8728
   2013.62691210      1.7693
   2013.62694064      1.7102
   2013.62696918      1.6389
   2013.62699772      1.5721
   2013.62702626      1.5021
   2013.62705479      1.4660
   2013.62708333      1.4215
   2013.62711187      1.3738
   2013.62714041      1.3350
   2013.62716895      1.3114
   2013.62719749      1.2720
   2013.62722603      1.2417
   2013.62725457      1.2516
   2013.62728311      1.2140
   2013.62731164      1.1834
   2013.62734018      1.1519
   2013.62736872      1.0942
   2013.62739726      1.0719
   2013.62742580      1.0555
   2013.62745434      1.0028
   2013.62748288      0.9642
   2013.62751142      0.9119
   2013.62753995      0.8841
   2013.62756849      0.8476
   2013.62759703      0.8102
   2013.62762557      0.7725
   2013.62765411      0.7355
   2013.62768265      0.7002
   2013.62771119      0.6671
   2013.62773973      0.6361
   2013.62776826      0.6066
   2013.62779680      0.5782
   2013.62782534      0.5510
   2013.62785388      0.5251
   2013.62788242      0.5005
   2013.62791096      0.4772
   2013.62793950      0.4551
   2013.62796804      0.4340
   2013.62799658      0.4139
   2013.62802511      0.3948
   2013.62805365      0.3767
   2013.62808219      0.3594
   2013.62811073      0.3431
   2013.62813927      0.3276
   2013.62816781      0.3130
   2013.62819635      0.2992
   2013.62822489      0.2862
   2013.62825342      0.2739
   2013.62828196      0.2622
   2013.62831050      0.2512
   2013.62833904      0.2407
   2013.62836758      0.2306
   2013.62839612      0.2210
   2013.62842466      0.2119
   2013.62845320      0.2032
   2013.62848174      0.1950
   2013.62851027      0.1873
   2013.62853881      0.1799
   2013.62856735      0.1729
   2013.62859589      0.1663
   2013.62862443      0.1600
   2013.62865297      0.1539
   2013.62868151      0.1482
   2013.62871005      0.1427
   2013.62873858      0.1375
   2013.62876712      0.1326
   2013.62879566      0.1279
   2013.62882420      0.1234
   2013.62885274      0.1191
   2013.62888128      0.1185
   2013.62890982      0.1152
   2013.62893836      0.1115
   2013.62896689      0.1080
   2013.62899543      0.1109
   2013.62902397      0.1090
   2013.62905251      0.1064
   2013.62908105      0.1041
   2013.62910959      0.1096
   2013.62913813      0.1095
   2013.62916667      0.1086
   2013.62919521      0.1084
   2013.62922374      0.1173
   2013.62925228      0.1205
   2013.62928082      0.1235
   2013.62930936      0.1278
   2013.62933790      0.1427
   2013.62936644      0.1525
   2013.62939498      0.1624
   2013.62942352      0.1737
   2013.62945205      0.1963
   2013.62948059      0.2124
   2013.62950913      0.2278
   2013.62953767      0.2452
   2013.62956621      0.2761
   2013.62959475      0.3005
   2013.62962329      0.3260
   2013.62965183      0.3648
   2013.62968037      0.4253
   2013.62970890      0.4834
   2013.62973744      0.5465
   2013.62976598      0.6241
   2013.62979452      0.7183
   2013.62982306      0.8133
   2013.62985160      0.9065
   2013.62988014      0.9866
   2013.62990868      1.0626
   2013.62993721      1.1021
   2013.62996575      1.1271
   2013.62999429      1.1715
   2013.63002283      1.1624
   2013.63005137      1.1495
   2013.63007991      1.1298
   2013.63010845      1.0816
   2013.63013699      1.0629
   2013.63016553      1.0496
   2013.63019406      0.9993
   2013.63022260      0.9622
   2013.63025114      0.9106
   2013.63027968      0.8837
   2013.63030822      0.8478
   2013.63033676      0.8106
   2013.63036530      0.7731
   2013.63039384      0.7361
   2013.63042237      0.7009
   2013.63045091      0.6678
   2013.63047945      0.6368
   2013.63050799      0.6073
   2013.63053653      0.5789
   2013.63056507      0.5517
   2013.63059361      0.5258
   2013.63062215      0.5012
   2013.63065068      0.4779
   2013.63067922      0.4557
   2013.63070776      0.4347
   2013.63073630      0.4146
   2013.63076484      0.3954
   2013.63079338      0.3772
   2013.63082192      0.3599
   2013.63085046      0.3436
   2013.63087900      0.3281
   2013.63090753      0.3135
   2013.63093607      0.2996
   2013.63096461      0.2866
   2013.63099315      0.2742
   2013.63102169      0.2625
   2013.63105023      0.2515
   2013.63107877      0.2409
   2013.63110731      0.2309
   2013.63113584      0.2212
   2013.63116438      0.2121
   2013.63119292      0.2034
   2013.63122146      0.1952
   2013.63125000      0.1874
   2013.63127854      0.1801
   2013.63130708      0.1731
   2013.63133562      0.1664
   2013.63136416      0.1601
   2013.63139269      0.1540
   2013.63142123      0.1483
   2013.63144977      0.1428
   2013.63147831      0.1376
   2013.63150685      0.1327
   2013.63153539      0.1280
   2013.63156393      0.1235
   2013.63159247      0.1192
   2013.63162100      0.1151
   2013.63164954      0.1112
   2013.63167808      0.1075
   2013.63170662      0.1040
   2013.63173516      0.1006
   2013.63176370      0.0974
   2013.63179224      0.0943
   2013.63182078      0.0913
   2013.63184932      0.0885
   2013.63187785      0.0858
   2013.63190639      0.0832
   2013.63193493      0.0807
   2013.63196347      0.0783
   2013.63199201      0.0760
   2013.63202055      0.0738
   2013.63204909      0.0716
   2013.63207763      0.0696
   2013.63210616      0.0676
   2013.63213470      0.0657
   2013.63216324      0.0638
   2013.63219178      0.0621
   2013.63222032      0.0604
   2013.63224886      0.0587
   2013.63227740      0.0571
   2013.63230594      0.0556
   2013.63233447      0.0542
   2013.63236301      0.0527
   2013.63239155      0.0514
   2013.63242009      0.0500
   2013.63244863      0.0488
   2013.63247717      0.0475
