   2013.62465753      0.0000
   2013.62468607      0.0000
   2013.62471461      0.0000
   2013.62474315      0.0000
   2013.62477169      0.0000
   2013.62480023      0.0000
   2013.62482877      0.0000
   2013.62485731      0.0000
   2013.62488584      0.0000
   2013.62491438      0.0000
   2013.62494292      0.0000
   2013.62497146      0.0000
   2013.62500000      0.0000
   2013.62502854      0.0000
   2013.62505708      0.0000
   2013.62508562      0.0000
   2013.62511416      0.0000
   2013.62514269      0.0066
   2013.62517123      0.0194
   2013.62519977      0.0554
   2013.62522831      0.1024
   2013.62525685      0.1973
   2013.62528539      0.3579
   2013.62531393      0.6027
   2013.62534247      0.9777
   2013.62537100      1.5001
   2013.62539954      2.3556
   2013.62542808      3.4782
   2013.62545662      4.8947
   2013.62548516      6.2246
   2013.62551370      6.4818
   2013.62554224      6.6943
   2013.62557078      6.7644
   2013.62559932      6.8571
   2013.62562785      6.9155
   2013.62565639      6.9019
   2013.62568493      6.8517
   2013.62571347      6.8201
   2013.62574201      6.5879
   2013.62577055      6.6732
   2013.62579909      6.0684
   2013.62582763      6.5007
   2013.62585616      6.1142
   2013.62588470      6.1554
   2013.62591324      5.6102
   2013.62594178      5.8159
   2013.62597032      5.9343
   2013.62599886      5.7885
   2013.62602740      5.6642
   2013.62605594      6.0528
   2013.62608447      6.5887
   2013.62611301      6.6539
   2013.62614155      7.0642
   2013.62617009      7.6006
   2013.62619863      7.9170
   2013.62622717      8.3068
   2013.62625571      8.7429
   2013.62628425      9.2385
   2013.62631279      9.5018
   2013.62634132      9.8425
   2013.62636986      9.5412
   2013.62639840     10.3855
   2013.62642694     10.5658
   2013.62645548     10.5680
   2013.62648402     10.6977
   2013.62651256     12.4956
   2013.62654110     12.6176
   2013.62656963     11.9181
   2013.62659817     11.0727
   2013.62662671     10.6960
   2013.62665525     11.0121
   2013.62668379     12.2506
   2013.62671233     13.2759
   2013.62674087     13.2288
   2013.62676941     12.3740
   2013.62679795     11.1306
   2013.62682648      9.9136
   2013.62685502      8.7438
   2013.62688356      7.9723
   2013.62691210      7.6815
   2013.62694064      7.7834
   2013.62696918      8.4247
   2013.62699772      7.3426
   2013.62702626      7.0773
   2013.62705479      5.6606
   2013.62708333      4.9372
   2013.62711187      4.6288
   2013.62714041      3.8029
   2013.62716895      3.2761
   2013.62719749      2.9507
   2013.62722603      2.6482
   2013.62725457      2.3149
   2013.62728311      1.9730
   2013.62731164      1.7816
   2013.62734018      1.6026
   2013.62736872      1.4441
   2013.62739726      1.3043
   2013.62742580      1.1949
   2013.62745434      1.0810
   2013.62748288      0.9777
   2013.62751142      0.8968
   2013.62753995      0.8164
   2013.62756849      0.7423
   2013.62759703      0.6748
   2013.62762557      0.6147
   2013.62765411      0.5607
   2013.62768265      0.5125
   2013.62771119      0.4695
   2013.62773973      0.4311
   2013.62776826      0.3965
   2013.62779680      0.3652
   2013.62782534      0.3368
   2013.62785388      0.3109
   2013.62788242      0.2874
   2013.62791096      0.2659
   2013.62793950      0.2462
   2013.62796804      0.2280
   2013.62799658      0.2113
   2013.62802511      0.1959
   2013.62805365      0.1818
   2013.62808219      0.1689
   2013.62811073      0.1570
   2013.62813927      0.1461
   2013.62816781      0.1361
   2013.62819635      0.1268
   2013.62822489      0.1182
   2013.62825342      0.1102
   2013.62828196      0.1029
