   2013.62465753      0.0000
   2013.62468607      0.0000
   2013.62471461      0.0000
   2013.62474315      0.0000
   2013.62477169      0.0000
   2013.62480023      0.0000
   2013.62482877      0.0000
   2013.62485731      0.0000
   2013.62488584      0.0000
   2013.62491438      0.0000
   2013.62494292      0.0000
   2013.62497146      0.0000
   2013.62500000      0.0000
   2013.62502854      0.0000
   2013.62505708      0.0000
   2013.62508562      0.0000
   2013.62511416      0.0000
   2013.62514269      0.0000
   2013.62517123      0.0000
   2013.62519977      0.0000
   2013.62522831      0.0000
   2013.62525685      0.0000
   2013.62528539      0.0000
   2013.62531393      0.0000
   2013.62534247      0.0000
   2013.62537100      0.0000
   2013.62539954      0.0000
   2013.62542808      0.0000
   2013.62545662      0.0000
   2013.62548516      0.0101
   2013.62551370      0.0672
   2013.62554224      0.1515
   2013.62557078      0.4995
   2013.62559932      2.1527
   2013.62562785     10.8328
   2013.62565639     19.6731
   2013.62568493     20.4674
   2013.62571347     18.5524
   2013.62574201     16.5992
   2013.62577055     15.0499
   2013.62579909     14.0655
   2013.62582763     13.2630
   2013.62585616     12.3178
   2013.62588470     11.7119
   2013.62591324     10.9453
   2013.62594178     10.1205
   2013.62597032      9.1993
   2013.62599886      8.2920
   2013.62602740      7.4949
   2013.62605594      7.2838
   2013.62608447      5.8858
   2013.62611301      5.2212
   2013.62614155      4.9734
   2013.62617009      4.0030
   2013.62619863      3.4795
   2013.62622717      3.0452
   2013.62625571      2.7984
   2013.62628425      2.4368
   2013.62631279      2.0538
   2013.62634132      1.8189
   2013.62636986      1.6090
   2013.62639840      1.4246
   2013.62642694      1.2805
   2013.62645548      1.1340
   2013.62648402      1.0078
   2013.62651256      0.9105
   2013.62654110      0.8172
   2013.62656963      0.7333
   2013.62659817      0.6591
   2013.62662671      0.5942
   2013.62665525      0.5368
   2013.62668379      0.4861
   2013.62671233      0.4416
   2013.62674087      0.4023
   2013.62676941      0.3673
   2013.62679795      0.3360
   2013.62682648      0.3079
   2013.62685502      0.2827
   2013.62688356      0.2599
   2013.62691210      0.2392
   2013.62694064      0.2202
   2013.62696918      0.2030
   2013.62699772      0.1873
   2013.62702626      0.1730
   2013.62705479      0.1600
   2013.62708333      0.1481
   2013.62711187      0.1373
   2013.62714041      0.1273
   2013.62716895      0.1182
   2013.62719749      0.1098
   2013.62722603      0.1021
