   2013.62465753      0.0000
   2013.62468607      0.0000
   2013.62471461      0.0000
   2013.62474315      0.0000
   2013.62477169      0.0000
   2013.62480023      0.0002
   2013.62482877      0.0011
   2013.62485731      0.0021
   2013.62488584      0.0030
   2013.62491438      0.0048
   2013.62494292      0.0079
   2013.62497146      0.0589
   2013.62500000      0.1279
   2013.62502854      0.2666
   2013.62505708      0.5473
   2013.62508562      1.0949
   2013.62511416      2.0885
   2013.62514269      3.5387
   2013.62517123      5.8220
   2013.62519977      8.8250
   2013.62522831     10.8297
   2013.62525685     12.8033
   2013.62528539     13.3684
   2013.62531393     13.2111
   2013.62534247     12.5350
   2013.62537100     12.2789
   2013.62539954     11.8778
   2013.62542808     10.8698
   2013.62545662      9.9483
   2013.62548516      9.1202
   2013.62551370      8.2481
   2013.62554224      7.3767
   2013.62557078      6.3521
   2013.62559932      6.0959
   2013.62562785      5.6456
   2013.62565639      5.1172
   2013.62568493      4.7932
   2013.62571347      4.5435
   2013.62574201      4.2715
   2013.62577055      3.9883
   2013.62579909      3.7981
   2013.62582763      3.8726
   2013.62585616      3.7237
   2013.62588470      3.6796
   2013.62591324      3.7348
   2013.62594178      3.8208
   2013.62597032      3.7631
   2013.62599886      3.8559
   2013.62602740      3.7783
   2013.62605594      4.1159
   2013.62608447      4.0974
   2013.62611301      4.2455
   2013.62614155      4.1588
   2013.62617009      4.5738
   2013.62619863      4.5577
   2013.62622717      4.7735
   2013.62625571      4.6146
   2013.62628425      5.1343
   2013.62631279      5.0829
   2013.62634132      5.3739
   2013.62636986      5.1178
   2013.62639840      5.7436
   2013.62642694      5.6003
   2013.62645548      5.7436
   2013.62648402      5.5952
   2013.62651256      5.9536
   2013.62654110      6.0400
   2013.62656963      6.0573
   2013.62659817      5.9171
   2013.62662671      6.2954
   2013.62665525      6.3609
   2013.62668379      6.4447
   2013.62671233      6.1623
   2013.62674087      6.5096
   2013.62676941      6.5522
   2013.62679795      6.4856
   2013.62682648      6.2736
   2013.62685502      6.6060
   2013.62688356      6.6165
   2013.62691210      6.5245
   2013.62694064      6.2703
   2013.62696918      6.5823
   2013.62699772      6.5683
   2013.62702626      6.4564
   2013.62705479      6.1677
   2013.62708333      6.7686
   2013.62711187      6.4063
   2013.62714041      6.2732
   2013.62716895      5.9720
   2013.62719749      6.4444
   2013.62722603      6.1468
   2013.62725457      5.9994
   2013.62728311      5.7889
   2013.62731164      6.0738
   2013.62734018      5.7984
   2013.62736872      5.8247
   2013.62739726      5.4118
   2013.62742580      5.6537
   2013.62745434      5.3952
   2013.62748288      5.3541
   2013.62751142      5.0030
   2013.62753995      5.2200
   2013.62756849      4.9814
   2013.62759703      4.9168
   2013.62762557      4.8663
   2013.62765411      4.7992
   2013.62768265      4.6763
   2013.62771119      4.5209
   2013.62773973      4.3057
   2013.62776826      4.4318
   2013.62779680      4.3054
   2013.62782534      4.1850
   2013.62785388      4.1818
   2013.62788242      4.1221
   2013.62791096      4.0019
   2013.62793950      3.8424
   2013.62796804      3.8304
   2013.62799658      3.8637
   2013.62802511      3.7060
   2013.62805365      3.6564
   2013.62808219      3.4987
   2013.62811073      3.5771
   2013.62813927      3.5498
   2013.62816781      3.4602
   2013.62819635      3.2750
   2013.62822489      3.4700
   2013.62825342      3.4631
   2013.62828196      3.4323
   2013.62831050      3.2283
   2013.62833904      3.5267
   2013.62836758      3.4475
   2013.62839612      3.3885
   2013.62842466      3.3731
   2013.62845320      3.5854
   2013.62848174      3.5290
   2013.62851027      3.5509
   2013.62853881      3.6377
   2013.62856735      3.7498
   2013.62859589      3.7895
   2013.62862443      3.8016
   2013.62865297      3.9570
   2013.62868151      4.0246
   2013.62871005      3.9928
   2013.62873858      4.1074
   2013.62876712      4.0116
   2013.62879566      4.3814
   2013.62882420      4.3581
   2013.62885274      4.5202
   2013.62888128      4.3948
   2013.62890982      4.8387
   2013.62893836      4.8057
   2013.62896689      5.0415
   2013.62899543      4.8501
   2013.62902397      5.3927
   2013.62905251      5.3091
   2013.62908105      5.4568
   2013.62910959      5.3227
   2013.62913813      5.7887
   2013.62916667      5.8067
   2013.62919521      5.9446
   2013.62922374      5.7590
   2013.62925228      6.1377
   2013.62928082      6.2262
   2013.62930936      6.3357
   2013.62933790      6.0973
   2013.62936644      6.4604
   2013.62939498      6.5239
   2013.62942352      6.4840
   2013.62945205      6.3168
   2013.62948059      6.6601
   2013.62950913      6.6977
   2013.62953767      6.6255
   2013.62956621      6.4264
   2013.62959475      6.7435
   2013.62962329      6.7522
   2013.62965183      6.6445
   2013.62968037      6.4120
   2013.62970890      6.7082
   2013.62973744      6.6913
   2013.62976598      6.5715
   2013.62979452      6.3070
   2013.62982306      6.9155
   2013.62985160      6.9468
   2013.62988014      6.6265
   2013.62990868      6.0517
   2013.62993721      5.9390
   2013.62996575      5.8119
   2013.62999429      6.2291
   2013.63002283      6.4109
   2013.63005137      6.0408
   2013.63007991      5.6628
   2013.63010845      5.2907
   2013.63013699      5.0162
   2013.63016553      4.9503
   2013.63019406      4.9760
   2013.63022260      4.8706
   2013.63025114      4.6237
   2013.63027968      4.3135
   2013.63030822      4.0170
   2013.63033676      3.7866
   2013.63036530      3.6109
   2013.63039384      3.6836
   2013.63042237      3.3108
   2013.63045091      3.2417
   2013.63047945      3.0097
   2013.63050799      2.7942
   2013.63053653      2.5665
   2013.63056507      2.4342
   2013.63059361      2.1866
   2013.63062215      1.8982
   2013.63065068      1.7309
   2013.63067922      1.5684
   2013.63070776      1.4179
   2013.63073630      1.3350
   2013.63076484      1.1598
   2013.63079338      1.0539
   2013.63082192      0.9590
   2013.63085046      0.8740
   2013.63087900      0.7943
   2013.63090753      0.7207
   2013.63093607      0.6549
   2013.63096461      0.5967
   2013.63099315      0.5445
   2013.63102169      0.4978
   2013.63105023      0.4561
   2013.63107877      0.4187
   2013.63110731      0.3850
   2013.63113584      0.3545
   2013.63116438      0.3268
   2013.63119292      0.3017
   2013.63122146      0.2788
   2013.63125000      0.2580
   2013.63127854      0.2389
   2013.63130708      0.2213
   2013.63133562      0.2051
   2013.63136416      0.1903
   2013.63139269      0.1767
   2013.63142123      0.1642
   2013.63144977      0.1528
   2013.63147831      0.1422
   2013.63150685      0.1326
   2013.63153539      0.1236
   2013.63156393      0.1154
   2013.63159247      0.1077
   2013.63162100      0.1007
