   2013.62465753      0.0000
   2013.62468607      0.0000
   2013.62471461      0.0000
   2013.62474315      0.0000
   2013.62477169      0.0000
   2013.62480023      0.0000
   2013.62482877      0.0000
   2013.62485731      0.0000
   2013.62488584      0.0000
   2013.62491438      0.0000
   2013.62494292      0.0000
   2013.62497146      0.0000
   2013.62500000      0.0000
   2013.62502854      0.0000
   2013.62505708      0.0000
   2013.62508562      0.0000
   2013.62511416      0.0000
   2013.62514269      0.0107
   2013.62517123      0.0641
   2013.62519977      0.1190
   2013.62522831      0.2745
   2013.62525685      0.6058
   2013.62528539      1.2092
   2013.62531393      2.1676
   2013.62534247      3.7641
   2013.62537100      6.3176
   2013.62539954      9.4017
   2013.62542808     11.2847
   2013.62545662     12.5324
   2013.62548516     13.0251
   2013.62551370     13.2506
   2013.62554224     13.4369
   2013.62557078     12.9569
   2013.62559932     13.4046
   2013.62562785     12.9880
   2013.62565639     12.5438
   2013.62568493     11.7054
   2013.62571347     10.6749
   2013.62574201      9.6619
   2013.62577055      8.7118
   2013.62579909      7.3173
   2013.62582763      6.7571
   2013.62585616      5.8174
   2013.62588470      4.7695
   2013.62591324      4.1161
   2013.62594178      3.8919
   2013.62597032      3.5870
   2013.62599886      3.2046
   2013.62602740      3.0841
   2013.62605594      2.8580
   2013.62608447      2.6430
   2013.62611301      2.5761
   2013.62614155      2.3215
   2013.62617009      2.1092
   2013.62619863      1.8387
   2013.62622717      1.6613
   2013.62625571      1.4940
   2013.62628425      1.3414
   2013.62631279      1.2175
   2013.62634132      1.0534
   2013.62636986      0.9808
   2013.62639840      0.8901
   2013.62642694      0.8031
   2013.62645548      0.7240
   2013.62648402      0.6533
   2013.62651256      0.5910
   2013.62654110      0.5355
   2013.62656963      0.4863
   2013.62659817      0.4428
   2013.62662671      0.4042
   2013.62665525      0.3697
   2013.62668379      0.3388
   2013.62671233      0.3109
   2013.62674087      0.2859
   2013.62676941      0.2632
   2013.62679795      0.2425
   2013.62682648      0.2235
   2013.62685502      0.2062
   2013.62688356      0.1904
   2013.62691210      0.1761
   2013.62694064      0.1629
   2013.62696918      0.1510
   2013.62699772      0.1400
   2013.62702626      0.1300
   2013.62705479      0.1207
   2013.62708333      0.1122
   2013.62711187      0.1044
