   2013.62465753      0.0000
   2013.62468607      0.0000
   2013.62471461      0.0000
   2013.62474315      0.0000
   2013.62477169      0.0000
   2013.62480023      0.0000
   2013.62482877      0.0000
   2013.62485731      0.0000
   2013.62488584      0.0000
   2013.62491438      0.0000
   2013.62494292      0.0000
   2013.62497146      0.0000
   2013.62500000      0.0000
   2013.62502854      0.0000
   2013.62505708      0.0000
   2013.62508562      0.0000
   2013.62511416      0.0000
   2013.62514269      0.0000
   2013.62517123      0.0000
   2013.62519977      0.0000
   2013.62522831      0.0000
   2013.62525685      0.0000
   2013.62528539      0.0000
   2013.62531393      0.0000
   2013.62534247      0.0000
   2013.62537100      0.0000
   2013.62539954      0.0000
   2013.62542808      0.0000
   2013.62545662      0.0000
   2013.62548516      0.0000
   2013.62551370      0.0000
   2013.62554224      0.0000
   2013.62557078      0.0000
   2013.62559932      0.0127
   2013.62562785      0.0781
   2013.62565639      0.1535
   2013.62568493      0.3644
   2013.62571347      0.8586
   2013.62574201      1.7952
   2013.62577055      3.2708
   2013.62579909      5.8425
   2013.62582763      9.6615
   2013.62585616     13.1546
   2013.62588470     14.8148
   2013.62591324     16.0937
   2013.62594178     16.6448
   2013.62597032     16.7133
   2013.62599886     16.4272
   2013.62602740     15.9587
   2013.62605594     15.2153
   2013.62608447     14.3051
   2013.62611301     13.1729
   2013.62614155     11.5578
   2013.62617009     11.0364
   2013.62619863     10.0017
   2013.62622717      8.8171
   2013.62625571      7.5334
   2013.62628425      7.4889
   2013.62631279      6.5608
   2013.62634132      6.0716
   2013.62636986      5.2779
   2013.62639840      5.3672
   2013.62642694      4.9689
   2013.62645548      4.8708
   2013.62648402      4.5320
   2013.62651256      4.8624
   2013.62654110      4.7498
   2013.62656963      4.9637
   2013.62659817      4.7833
   2013.62662671      5.3470
   2013.62665525      5.2848
   2013.62668379      5.3642
   2013.62671233      5.3835
   2013.62674087      6.0476
   2013.62676941      5.9038
   2013.62679795      5.8073
   2013.62682648      5.4357
   2013.62685502      5.8011
   2013.62688356      5.9907
   2013.62691210      6.1856
   2013.62694064      5.6601
   2013.62696918      5.6588
   2013.62699772      5.3665
   2013.62702626      5.3372
   2013.62705479      5.6710
   2013.62708333      5.6620
   2013.62711187      5.4555
   2013.62714041      5.1136
   2013.62716895      4.7598
   2013.62719749      4.5226
   2013.62722603      4.4476
   2013.62725457      4.4167
   2013.62728311      4.2916
   2013.62731164      3.9958
   2013.62734018      4.0586
   2013.62736872      3.6473
   2013.62739726      3.4638
   2013.62742580      3.1426
   2013.62745434      3.0136
   2013.62748288      2.7940
   2013.62751142      2.6402
   2013.62753995      2.4740
   2013.62756849      2.3193
   2013.62759703      2.1736
   2013.62762557      2.0433
   2013.62765411      1.9276
   2013.62768265      1.8003
   2013.62771119      1.6940
   2013.62773973      1.5907
   2013.62776826      1.4899
   2013.62779680      1.3914
   2013.62782534      1.2978
   2013.62785388      1.2110
   2013.62788242      1.1767
   2013.62791096      1.0561
   2013.62793950      0.9901
   2013.62796804      0.9258
   2013.62799658      0.8674
   2013.62802511      0.8102
   2013.62805365      0.7545
   2013.62808219      0.7017
   2013.62811073      0.6530
   2013.62813927      0.6084
   2013.62816781      0.5671
   2013.62819635      0.5289
   2013.62822489      0.4937
   2013.62825342      0.4613
   2013.62828196      0.4314
   2013.62831050      0.4037
   2013.62833904      0.3778
   2013.62836758      0.3536
   2013.62839612      0.3310
   2013.62842466      0.3100
   2013.62845320      0.2903
   2013.62848174      0.2720
   2013.62851027      0.2549
   2013.62853881      0.2389
   2013.62856735      0.2239
   2013.62859589      0.2097
   2013.62862443      0.1965
   2013.62865297      0.1841
   2013.62868151      0.1726
   2013.62871005      0.1619
   2013.62873858      0.1518
   2013.62876712      0.1425
   2013.62879566      0.1337
   2013.62882420      0.1256
   2013.62885274      0.1179
   2013.62888128      0.1107
   2013.62890982      0.1040
