   2013.62465753      0.0000
   2013.62468607      0.0000
   2013.62471461      0.0000
   2013.62474315      0.0000
   2013.62477169      0.0000
   2013.62480023      0.0000
   2013.62482877      0.0000
   2013.62485731      0.0000
   2013.62488584      0.0000
   2013.62491438      0.0000
   2013.62494292      0.0000
   2013.62497146      0.0000
   2013.62500000      0.0000
   2013.62502854      0.0000
   2013.62505708      0.0000
   2013.62508562      0.0000
   2013.62511416      0.0000
   2013.62514269      0.0000
   2013.62517123      0.0000
   2013.62519977      0.0000
   2013.62522831      0.0000
   2013.62525685      0.0000
   2013.62528539      0.0000
   2013.62531393      0.0000
   2013.62534247      0.0000
   2013.62537100      0.0000
   2013.62539954      0.0000
   2013.62542808      0.0000
   2013.62545662      0.0000
   2013.62548516      0.0000
   2013.62551370      0.0000
   2013.62554224      0.0000
   2013.62557078      0.0000
   2013.62559932      0.0000
   2013.62562785      0.0000
   2013.62565639      0.0000
   2013.62568493      0.0000
   2013.62571347      0.0000
   2013.62574201      0.0000
   2013.62577055      0.0000
   2013.62579909      0.0000
   2013.62582763      0.0000
   2013.62585616      0.0000
   2013.62588470      0.0000
   2013.62591324      0.0000
   2013.62594178      0.0000
   2013.62597032      0.0000
   2013.62599886      0.0000
   2013.62602740      0.0000
   2013.62605594      0.0000
   2013.62608447      0.0000
   2013.62611301      0.0000
   2013.62614155      0.0000
   2013.62617009      0.0000
   2013.62619863      0.0000
   2013.62622717      0.0000
   2013.62625571      0.0000
   2013.62628425      1.3614
   2013.62631279      7.6558
   2013.62634132     18.0033
   2013.62636986     41.2181
   2013.62639840     51.0062
   2013.62642694     44.9607
   2013.62645548     37.0436
   2013.62648402     31.3179
   2013.62651256     28.0921
   2013.62654110     26.6656
   2013.62656963     24.4780
   2013.62659817     22.3336
   2013.62662671     20.0378
   2013.62665525     17.5748
   2013.62668379     15.5648
   2013.62671233     13.4320
   2013.62674087     11.7221
   2013.62676941      9.9531
   2013.62679795      8.6291
   2013.62682648      7.5269
   2013.62685502      7.0187
   2013.62688356      5.5707
   2013.62691210      5.3015
   2013.62694064      4.1553
   2013.62696918      3.5773
   2013.62699772      3.1107
   2013.62702626      2.8466
   2013.62705479      2.3073
   2013.62708333      2.0815
   2013.62711187      1.8359
   2013.62714041      1.6220
   2013.62716895      1.4347
   2013.62719749      1.2906
   2013.62722603      1.1420
   2013.62725457      1.0140
   2013.62728311      0.9172
   2013.62731164      0.8235
   2013.62734018      0.7393
   2013.62736872      0.6647
   2013.62739726      0.5994
   2013.62742580      0.5417
   2013.62745434      0.4908
   2013.62748288      0.4460
   2013.62751142      0.4064
   2013.62753995      0.3711
   2013.62756849      0.3395
   2013.62759703      0.3112
   2013.62762557      0.2857
   2013.62765411      0.2627
   2013.62768265      0.2418
   2013.62771119      0.2226
   2013.62773973      0.2052
   2013.62776826      0.1893
   2013.62779680      0.1748
   2013.62782534      0.1616
   2013.62785388      0.1496
   2013.62788242      0.1386
   2013.62791096      0.1286
   2013.62793950      0.1194
   2013.62796804      0.1109
   2013.62799658      0.1030
