   2013.62465753      0.0000
   2013.62468607      0.0000
   2013.62471461      0.0000
   2013.62474315      0.0000
   2013.62477169      0.0000
   2013.62480023      0.0000
   2013.62482877      0.0000
   2013.62485731      0.0000
   2013.62488584      0.0000
   2013.62491438      0.0000
   2013.62494292      0.0000
   2013.62497146      0.0000
   2013.62500000      0.0000
   2013.62502854      0.0000
   2013.62505708      0.0000
   2013.62508562      0.0000
   2013.62511416      0.0000
   2013.62514269      0.0000
   2013.62517123      0.0000
   2013.62519977      0.0000
   2013.62522831      0.0000
   2013.62525685      0.0000
   2013.62528539      0.0000
   2013.62531393      0.0000
   2013.62534247      0.0000
   2013.62537100      0.0000
   2013.62539954      0.0000
   2013.62542808      0.0000
   2013.62545662      0.0000
   2013.62548516      0.0000
   2013.62551370      0.0000
   2013.62554224      0.0000
   2013.62557078      0.0000
   2013.62559932      0.0000
   2013.62562785      0.0000
   2013.62565639      0.0000
   2013.62568493      0.0000
   2013.62571347      0.0003
   2013.62574201      0.0008
   2013.62577055      0.0011
   2013.62579909      0.0014
   2013.62582763      0.0016
   2013.62585616      0.0018
   2013.62588470      0.0020
   2013.62591324      0.0022
   2013.62594178      0.0112
   2013.62597032      0.0443
   2013.62599886      0.0733
   2013.62602740      0.1195
   2013.62605594      0.1919
   2013.62608447      0.2816
   2013.62611301      0.4147
   2013.62614155      0.6068
   2013.62617009      0.8449
   2013.62619863      1.1742
   2013.62622717      1.6559
   2013.62625571      2.1770
   2013.62628425      2.7395
   2013.62631279      2.9921
   2013.62634132      3.2913
   2013.62636986      3.1510
   2013.62639840      3.1533
   2013.62642694      3.0483
   2013.62645548      2.9102
   2013.62648402      2.7001
   2013.62651256      2.5418
   2013.62654110      2.3758
   2013.62656963      2.2127
   2013.62659817      2.0832
   2013.62662671      1.9346
   2013.62665525      1.8177
   2013.62668379      1.7452
   2013.62671233      1.7738
   2013.62674087      1.9225
   2013.62676941      1.6293
   2013.62679795      1.4644
   2013.62682648      1.2604
   2013.62685502      1.4190
   2013.62688356      1.8037
   2013.62691210      2.3641
   2013.62694064      2.8728
   2013.62696918      3.1997
   2013.62699772      3.3487
   2013.62702626      3.2197
   2013.62705479      3.1346
   2013.62708333      2.9232
   2013.62711187      2.6241
   2013.62714041      2.7107
   2013.62716895      3.2609
   2013.62719749      4.4833
   2013.62722603      5.1067
   2013.62725457      4.7671
   2013.62728311      4.5989
   2013.62731164      4.1263
   2013.62734018      3.9618
   2013.62736872      3.6495
   2013.62739726      3.2636
   2013.62742580      3.1303
   2013.62745434      2.9120
   2013.62748288      2.7362
   2013.62751142      2.5501
   2013.62753995      2.3617
   2013.62756849      2.1690
   2013.62759703      1.9743
   2013.62762557      1.8080
   2013.62765411      1.6570
   2013.62768265      1.5202
   2013.62771119      1.3953
   2013.62773973      1.2825
   2013.62776826      1.2052
   2013.62779680      1.0977
   2013.62782534      0.9940
   2013.62785388      0.9388
   2013.62788242      0.8729
   2013.62791096      0.8097
   2013.62793950      0.7509
   2013.62796804      0.6967
   2013.62799658      0.6479
   2013.62802511      0.6042
   2013.62805365      0.5647
   2013.62808219      0.5287
   2013.62811073      0.4961
   2013.62813927      0.4661
   2013.62816781      0.4385
   2013.62819635      0.4129
   2013.62822489      0.3891
   2013.62825342      0.3669
   2013.62828196      0.3463
   2013.62831050      0.3271
   2013.62833904      0.3093
   2013.62836758      0.2927
   2013.62839612      0.2772
   2013.62842466      0.2628
   2013.62845320      0.2321
   2013.62848174      0.2119
   2013.62851027      0.1951
   2013.62853881      0.1805
   2013.62856735      0.1673
   2013.62859589      0.1553
   2013.62862443      0.1445
   2013.62865297      0.1347
   2013.62868151      0.1258
   2013.62871005      0.1175
   2013.62873858      0.1096
   2013.62876712      0.1022
