   2013.62465753      0.0000
   2013.62468607      0.0000
   2013.62471461      0.0000
   2013.62474315      0.0000
   2013.62477169      0.0000
   2013.62480023      0.0000
   2013.62482877      0.0000
   2013.62485731      0.0000
   2013.62488584      0.0000
   2013.62491438      0.0000
   2013.62494292      0.0000
   2013.62497146      0.0000
   2013.62500000      0.0000
   2013.62502854      0.0000
   2013.62505708      0.0000
   2013.62508562      0.0000
   2013.62511416      0.0000
   2013.62514269      0.0000
   2013.62517123      0.0000
   2013.62519977      0.0000
   2013.62522831      0.0000
   2013.62525685      0.0000
   2013.62528539      0.0000
   2013.62531393      0.0000
   2013.62534247      0.0000
   2013.62537100      0.0000
   2013.62539954      0.0000
   2013.62542808      0.0000
   2013.62545662      0.0000
   2013.62548516      0.0000
   2013.62551370      0.0000
   2013.62554224      0.0000
   2013.62557078      0.0000
   2013.62559932      0.0000
   2013.62562785      0.0000
   2013.62565639      0.0000
   2013.62568493      0.0000
   2013.62571347      0.0000
   2013.62574201      0.0000
   2013.62577055      0.0000
   2013.62579909      0.0000
   2013.62582763      0.0000
   2013.62585616      0.0000
   2013.62588470      0.0000
   2013.62591324      0.0000
   2013.62594178      0.0000
   2013.62597032      0.0000
   2013.62599886      0.0000
   2013.62602740      0.0000
   2013.62605594      0.0000
   2013.62608447      0.0000
   2013.62611301      0.0000
   2013.62614155      0.0000
   2013.62617009      0.0000
   2013.62619863      0.0000
   2013.62622717      0.0000
   2013.62625571      0.0000
   2013.62628425      0.0000
   2013.62631279      0.0000
   2013.62634132      0.0000
   2013.62636986      0.0000
   2013.62639840      0.0071
   2013.62642694      0.0183
   2013.62645548      0.0625
   2013.62648402      0.1151
   2013.62651256      0.2326
   2013.62654110      0.4477
   2013.62656963      0.7977
   2013.62659817      1.3189
   2013.62662671      2.1352
   2013.62665525      3.3922
   2013.62668379      5.1993
   2013.62671233      6.9782
   2013.62674087      8.0121
   2013.62676941      8.5210
   2013.62679795      8.7397
   2013.62682648      8.8312
   2013.62685502      8.8487
   2013.62688356      8.8845
   2013.62691210      8.7755
   2013.62694064      8.8616
   2013.62696918      8.8226
   2013.62699772      8.8236
   2013.62702626      8.6965
   2013.62705479      8.7116
   2013.62708333      8.6597
   2013.62711187      8.6158
   2013.62714041      8.5129
   2013.62716895      8.4233
   2013.62719749      8.3359
   2013.62722603      8.1539
   2013.62725457      8.0523
   2013.62728311      7.9313
   2013.62731164      7.8587
   2013.62734018      7.5225
   2013.62736872      7.2586
   2013.62739726      6.6125
   2013.62742580      6.5869
   2013.62745434      6.3456
   2013.62748288      5.8943
   2013.62751142      5.2829
   2013.62753995      5.3355
   2013.62756849      4.6634
   2013.62759703      4.2295
   2013.62762557      4.1106
   2013.62765411      3.5795
   2013.62768265      3.3076
   2013.62771119      2.9692
   2013.62773973      2.7080
   2013.62776826      2.4683
   2013.62779680      2.2514
   2013.62782534      2.0580
   2013.62785388      1.8741
   2013.62788242      1.7199
   2013.62791096      1.5849
   2013.62793950      1.4642
   2013.62796804      1.3544
   2013.62799658      1.2540
   2013.62802511      1.1856
   2013.62805365      1.0868
   2013.62808219      0.9862
   2013.62811073      0.9392
   2013.62813927      0.8789
   2013.62816781      0.8197
   2013.62819635      0.7644
   2013.62822489      0.7130
   2013.62825342      0.6663
   2013.62828196      0.6245
   2013.62831050      0.5866
   2013.62833904      0.5520
   2013.62836758      0.5202
   2013.62839612      0.4911
   2013.62842466      0.4641
   2013.62845320      0.4390
   2013.62848174      0.4156
   2013.62851027      0.3937
   2013.62853881      0.3732
   2013.62856735      0.3541
   2013.62859589      0.3363
   2013.62862443      0.3196
   2013.62865297      0.3041
   2013.62868151      0.2896
   2013.62871005      0.2761
   2013.62873858      0.2634
   2013.62876712      0.2515
   2013.62879566      0.2402
   2013.62882420      0.2295
   2013.62885274      0.2194
   2013.62888128      0.2098
   2013.62890982      0.2009
   2013.62893836      0.1924
   2013.62896689      0.1844
   2013.62899543      0.1769
   2013.62902397      0.1698
   2013.62905251      0.1630
   2013.62908105      0.1566
   2013.62910959      0.1506
   2013.62913813      0.1448
   2013.62916667      0.1394
   2013.62919521      0.1342
   2013.62922374      0.1293
   2013.62925228      0.1246
   2013.62928082      0.1202
   2013.62930936      0.1160
   2013.62933790      0.1120
   2013.62936644      0.1082
   2013.62939498      0.1045
   2013.62942352      0.1011
