   2013.62465753      0.0000
   2013.62468607      0.0000
   2013.62471461      0.0000
   2013.62474315      0.0000
   2013.62477169      0.0000
   2013.62480023      0.0000
   2013.62482877      0.0000
   2013.62485731      0.0000
   2013.62488584      0.0000
   2013.62491438      0.0000
   2013.62494292      0.0000
   2013.62497146      0.0000
   2013.62500000      0.0000
   2013.62502854      0.0000
   2013.62505708      0.0000
   2013.62508562      0.0000
   2013.62511416      0.0000
   2013.62514269      0.0000
   2013.62517123      0.0000
   2013.62519977      0.0000
   2013.62522831      0.0000
   2013.62525685      0.0000
   2013.62528539      0.0000
   2013.62531393      0.0000
   2013.62534247      0.0000
   2013.62537100      0.0000
   2013.62539954      0.0000
   2013.62542808      0.0000
   2013.62545662      0.0000
   2013.62548516      0.0360
   2013.62551370      0.0926
   2013.62554224      0.1909
   2013.62557078      0.5026
   2013.62559932      1.2675
   2013.62562785      2.8936
   2013.62565639      6.8316
   2013.62568493     11.4738
   2013.62571347     12.9517
   2013.62574201     12.5706
   2013.62577055     11.7259
   2013.62579909     10.8151
   2013.62582763     10.0508
   2013.62585616      9.5560
   2013.62588470      9.0685
   2013.62591324      8.7256
   2013.62594178      8.3846
   2013.62597032      7.9557
   2013.62599886      7.5769
   2013.62602740      7.0908
   2013.62605594      6.6159
   2013.62608447      6.5950
   2013.62611301      5.5396
   2013.62614155      5.4995
   2013.62617009      4.5792
   2013.62619863      4.4061
   2013.62622717      3.7331
   2013.62625571      3.3065
   2013.62628425      2.9360
   2013.62631279      2.7333
   2013.62634132      2.4010
   2013.62636986      2.0433
   2013.62639840      1.8238
   2013.62642694      1.6245
   2013.62645548      1.4463
   2013.62648402      1.3180
   2013.62651256      1.1610
   2013.62654110      1.0282
   2013.62656963      0.9371
   2013.62659817      0.8444
   2013.62662671      0.7597
   2013.62665525      0.6840
   2013.62668379      0.6173
   2013.62671233      0.5583
   2013.62674087      0.5061
   2013.62676941      0.4601
   2013.62679795      0.4193
   2013.62682648      0.3830
   2013.62685502      0.3506
   2013.62688356      0.3215
   2013.62691210      0.2953
   2013.62694064      0.2716
   2013.62696918      0.2501
   2013.62699772      0.2304
   2013.62702626      0.2124
   2013.62705479      0.1960
   2013.62708333      0.1811
   2013.62711187      0.1675
   2013.62714041      0.1550
   2013.62716895      0.1437
   2013.62719749      0.1333
   2013.62722603      0.1238
   2013.62725457      0.1150
   2013.62728311      0.1069
