   2013.62465753      0.0000
   2013.62468607      0.0000
   2013.62471461      0.0000
   2013.62474315      0.0000
   2013.62477169      0.0000
   2013.62480023      0.0000
   2013.62482877      0.0000
   2013.62485731      0.0000
   2013.62488584      0.0000
   2013.62491438      0.0000
   2013.62494292      0.0000
   2013.62497146      0.0000
   2013.62500000      0.0000
   2013.62502854      0.0000
   2013.62505708      0.0000
   2013.62508562      0.0000
   2013.62511416      0.0000
   2013.62514269      0.0000
   2013.62517123      0.0000
   2013.62519977      0.0000
   2013.62522831      0.0000
   2013.62525685      0.0000
   2013.62528539      0.0000
   2013.62531393      0.0000
   2013.62534247      0.0000
   2013.62537100      0.0000
   2013.62539954      0.0000
   2013.62542808      0.0000
   2013.62545662      0.0000
   2013.62548516      0.0000
   2013.62551370      0.0000
   2013.62554224      0.0000
   2013.62557078      0.0000
   2013.62559932      0.0000
   2013.62562785      0.0000
   2013.62565639      0.0000
   2013.62568493      0.0000
   2013.62571347      0.0000
   2013.62574201      0.0000
   2013.62577055      0.0000
   2013.62579909      0.0000
   2013.62582763      0.0000
   2013.62585616      0.0000
   2013.62588470      0.0000
   2013.62591324      0.0000
   2013.62594178      0.0000
   2013.62597032      0.0000
   2013.62599886      0.0000
   2013.62602740      0.0000
   2013.62605594      0.0201
   2013.62608447      0.0709
   2013.62611301      0.1243
   2013.62614155      0.2663
   2013.62617009      0.5515
   2013.62619863      1.0031
   2013.62622717      1.6152
   2013.62625571      2.6218
   2013.62628425      4.1638
   2013.62631279      6.2187
   2013.62634132      7.8036
   2013.62636986      8.4749
   2013.62639840      8.6673
   2013.62642694      8.6711
   2013.62645548      8.6153
   2013.62648402      8.6025
   2013.62651256      8.6212
   2013.62654110      8.6851
   2013.62656963      8.7505
   2013.62659817      8.8597
   2013.62662671      8.9603
   2013.62665525      9.0725
   2013.62668379      9.1638
   2013.62671233      9.2426
   2013.62674087      9.3295
   2013.62676941      9.4132
   2013.62679795      9.4663
   2013.62682648      9.5123
   2013.62685502      9.5500
   2013.62688356      9.6065
   2013.62691210      9.6130
   2013.62694064      9.6212
   2013.62696918      9.6264
   2013.62699772      9.6546
   2013.62702626      9.6253
   2013.62705479      9.0676
   2013.62708333      9.3086
   2013.62711187      8.7150
   2013.62714041      8.2630
   2013.62716895      7.6121
   2013.62719749      7.4195
   2013.62722603      6.9213
   2013.62725457      6.4515
   2013.62728311      5.9251
   2013.62731164      5.8026
   2013.62734018      4.8866
   2013.62736872      4.4578
   2013.62739726      3.7820
   2013.62742580      4.0004
   2013.62745434      3.4293
   2013.62748288      3.1479
   2013.62751142      2.8752
   2013.62753995      2.6951
   2013.62756849      2.4371
   2013.62759703      2.2470
   2013.62762557      2.1197
   2013.62765411      2.0145
   2013.62768265      1.8539
   2013.62771119      1.7314
   2013.62773973      1.5913
   2013.62776826      1.5843
   2013.62779680      1.5131
   2013.62782534      1.4008
   2013.62785388      1.3460
   2013.62788242      1.2840
   2013.62791096      1.2217
   2013.62793950      1.1403
   2013.62796804      1.0834
   2013.62799658      1.0680
   2013.62802511      1.0127
   2013.62805365      0.9648
   2013.62808219      0.9275
   2013.62811073      0.8938
   2013.62813927      0.8521
   2013.62816781      0.8126
   2013.62819635      0.7926
   2013.62822489      0.7615
   2013.62825342      0.7281
   2013.62828196      0.6983
   2013.62831050      0.6896
   2013.62833904      0.6679
   2013.62836758      0.6435
   2013.62839612      0.6218
   2013.62842466      0.6228
   2013.62845320      0.6076
   2013.62848174      0.5899
   2013.62851027      0.5748
   2013.62853881      0.5853
   2013.62856735      0.5778
   2013.62859589      0.5675
   2013.62862443      0.5601
   2013.62865297      0.5828
   2013.62868151      0.5999
   2013.62871005      0.5885
   2013.62873858      0.5903
   2013.62876712      0.6026
   2013.62879566      0.6551
   2013.62882420      0.6769
   2013.62885274      0.6698
   2013.62888128      0.7227
   2013.62890982      0.7836
   2013.62893836      0.7935
   2013.62896689      0.8322
   2013.62899543      0.9115
   2013.62902397      0.9653
   2013.62905251      1.0323
   2013.62908105      1.0983
   2013.62910959      1.2226
   2013.62913813      1.3320
   2013.62916667      1.4357
   2013.62919521      1.5222
   2013.62922374      1.6765
   2013.62925228      1.8020
   2013.62928082      1.8929
   2013.62930936      1.9596
   2013.62933790      2.1115
   2013.62936644      2.2274
   2013.62939498      2.2925
   2013.62942352      2.3322
   2013.62945205      2.4697
   2013.62948059      2.5679
   2013.62950913      2.6078
   2013.62953767      2.6084
   2013.62956621      2.7180
   2013.62959475      2.7180
   2013.62962329      2.8049
   2013.62965183      2.7681
   2013.62968037      2.7443
   2013.62970890      2.8236
   2013.62973744      2.8467
   2013.62976598      2.8003
   2013.62979452      2.7439
   2013.62982306      2.7960
   2013.62985160      2.7909
   2013.62988014      2.7269
   2013.62990868      2.6285
   2013.62993721      2.6814
   2013.62996575      2.6488
   2013.62999429      2.5776
   2013.63002283      2.5794
   2013.63005137      2.5219
   2013.63007991      2.4527
   2013.63010845      2.3771
   2013.63013699      2.3044
   2013.63016553      2.2882
   2013.63019406      2.2205
   2013.63022260      2.0946
   2013.63025114      2.0338
   2013.63027968      1.9585
   2013.63030822      1.8690
   2013.63033676      1.7796
   2013.63036530      1.6976
   2013.63039384      1.5908
   2013.63042237      1.5052
   2013.63045091      1.4216
   2013.63047945      1.3401
   2013.63050799      1.2596
   2013.63053653      1.1799
   2013.63056507      1.1212
   2013.63059361      1.0385
   2013.63062215      0.9553
   2013.63065068      0.9025
   2013.63067922      0.8408
   2013.63070776      0.7805
   2013.63073630      0.7226
   2013.63076484      0.6683
   2013.63079338      0.6186
   2013.63082192      0.5729
   2013.63085046      0.5309
   2013.63087900      0.4926
   2013.63090753      0.4575
   2013.63093607      0.4252
   2013.63096461      0.3953
   2013.63099315      0.3676
   2013.63102169      0.3418
   2013.63105023      0.3180
   2013.63107877      0.2960
   2013.63110731      0.2756
   2013.63113584      0.2568
   2013.63116438      0.2393
   2013.63119292      0.2230
   2013.63122146      0.2078
   2013.63125000      0.1937
   2013.63127854      0.1807
   2013.63130708      0.1686
   2013.63133562      0.1575
   2013.63136416      0.1472
   2013.63139269      0.1376
   2013.63142123      0.1287
   2013.63144977      0.1205
   2013.63147831      0.1128
   2013.63150685      0.1056
