   2013.62465753      0.0000
   2013.62468607      0.0000
   2013.62471461      0.0000
   2013.62474315      0.0000
   2013.62477169      0.0000
   2013.62480023      0.0000
   2013.62482877      0.0000
   2013.62485731      0.0000
   2013.62488584      0.0000
   2013.62491438      0.0000
   2013.62494292      0.0000
   2013.62497146      0.0000
   2013.62500000      0.0000
   2013.62502854      0.0000
   2013.62505708      0.0000
   2013.62508562      0.0000
   2013.62511416      0.0000
   2013.62514269      0.0000
   2013.62517123      0.0000
   2013.62519977      0.0000
   2013.62522831      0.0000
   2013.62525685      0.0000
   2013.62528539      0.0000
   2013.62531393      0.0000
   2013.62534247      0.0000
   2013.62537100      0.0000
   2013.62539954      0.0000
   2013.62542808      0.0000
   2013.62545662      0.0000
   2013.62548516      0.0000
   2013.62551370      0.0000
   2013.62554224      0.0001
   2013.62557078      0.0003
   2013.62559932      0.0005
   2013.62562785      0.0007
   2013.62565639      0.0009
   2013.62568493      0.0011
   2013.62571347      0.0012
   2013.62574201      3.9301
   2013.62577055      7.2900
   2013.62579909      7.3458
   2013.62582763      6.8959
   2013.62585616      6.2600
   2013.62588470      5.7464
   2013.62591324      5.2362
   2013.62594178      4.8487
   2013.62597032      4.5051
   2013.62599886      4.0572
   2013.62602740      3.9540
   2013.62605594      3.7163
   2013.62608447      3.2756
   2013.62611301      3.0640
   2013.62614155      2.7881
   2013.62617009      2.5873
   2013.62619863      2.3986
   2013.62622717      2.2241
   2013.62625571      2.1163
   2013.62628425      1.9474
   2013.62631279      1.7932
   2013.62634132      1.5893
   2013.62636986      1.4608
   2013.62639840      1.3358
   2013.62642694      1.2125
   2013.62645548      1.1118
   2013.62648402      1.0156
   2013.62651256      0.9291
   2013.62654110      0.8492
   2013.62656963      0.7734
   2013.62659817      0.7029
   2013.62662671      0.6396
   2013.62665525      0.5830
   2013.62668379      0.5318
   2013.62671233      0.4859
   2013.62674087      0.4449
   2013.62676941      0.4079
   2013.62679795      0.3745
   2013.62682648      0.3443
   2013.62685502      0.3169
   2013.62688356      0.2920
   2013.62691210      0.2694
   2013.62694064      0.2488
   2013.62696918      0.2298
   2013.62699772      0.2123
   2013.62702626      0.1964
   2013.62705479      0.1817
   2013.62708333      0.1684
   2013.62711187      0.1561
   2013.62714041      0.1449
   2013.62716895      0.1346
   2013.62719749      0.1251
   2013.62722603      0.1164
   2013.62725457      0.1083
   2013.62728311      0.1009
