   2013.62465753      0.0000
   2013.62468607      0.0000
   2013.62471461      0.0000
   2013.62474315      0.0000
   2013.62477169      0.0000
   2013.62480023      0.0000
   2013.62482877      0.0000
   2013.62485731      0.0000
   2013.62488584      0.0000
   2013.62491438      0.0000
   2013.62494292      0.0000
   2013.62497146      0.0000
   2013.62500000      0.0001
   2013.62502854      0.0001
   2013.62505708      0.0001
   2013.62508562      0.0000
   2013.62511416      0.0000
   2013.62514269      0.0000
   2013.62517123      0.0000
   2013.62519977      0.0000
   2013.62522831      0.0000
   2013.62525685      0.0000
   2013.62528539      0.0000
   2013.62531393      0.0000
   2013.62534247      0.0000
   2013.62537100      0.0000
   2013.62539954      0.0000
   2013.62542808      0.0000
   2013.62545662      0.0000
   2013.62548516      0.0007
   2013.62551370      0.0015
   2013.62554224      0.0021
   2013.62557078      0.0025
   2013.62559932      0.0030
   2013.62562785      0.0035
   2013.62565639      0.0301
   2013.62568493      0.0598
   2013.62571347      0.0903
   2013.62574201      0.1461
   2013.62577055      0.2248
   2013.62579909      0.3100
   2013.62582763      0.4181
   2013.62585616      0.5556
   2013.62588470      0.7118
   2013.62591324      0.9036
   2013.62594178      1.1790
   2013.62597032      1.5277
   2013.62599886      1.8782
   2013.62602740      2.0981
   2013.62605594      2.1626
   2013.62608447      2.1227
   2013.62611301      2.0271
   2013.62614155      1.8989
   2013.62617009      1.7706
   2013.62619863      1.6446
   2013.62622717      1.5237
   2013.62625571      1.4171
   2013.62628425      1.3130
   2013.62631279      1.2636
   2013.62634132      1.1349
   2013.62636986      1.0650
   2013.62639840      0.9798
   2013.62642694      0.9276
   2013.62645548      0.8685
   2013.62648402      0.8315
   2013.62651256      0.7876
   2013.62654110      0.7441
   2013.62656963      0.7077
   2013.62659817      0.7036
   2013.62662671      0.6561
   2013.62665525      0.6218
   2013.62668379      0.5931
   2013.62671233      0.6013
   2013.62674087      0.5839
   2013.62676941      0.5597
   2013.62679795      0.5372
   2013.62682648      0.5608
   2013.62685502      0.5536
   2013.62688356      0.5578
   2013.62691210      0.5563
   2013.62694064      0.5973
   2013.62696918      0.6462
   2013.62699772      0.6671
   2013.62702626      0.7333
   2013.62705479      0.8754
   2013.62708333      1.0202
   2013.62711187      1.2011
   2013.62714041      1.3798
   2013.62716895      1.6115
   2013.62719749      1.7766
   2013.62722603      1.8782
   2013.62725457      1.9353
   2013.62728311      2.0755
   2013.62731164      2.1876
   2013.62734018      2.2525
   2013.62736872      2.3033
   2013.62739726      2.4446
   2013.62742580      2.5024
   2013.62745434      2.5775
   2013.62748288      2.5856
   2013.62751142      2.6469
   2013.62753995      2.6438
   2013.62756849      2.5985
   2013.62759703      2.5410
   2013.62762557      2.5224
   2013.62765411      2.4352
   2013.62768265      2.3522
   2013.62771119      2.2045
   2013.62773973      2.1381
   2013.62776826      2.0814
   2013.62779680      1.9474
   2013.62782534      1.8446
   2013.62785388      1.7117
   2013.62788242      1.7122
   2013.62791096      1.5979
   2013.62793950      1.4950
   2013.62796804      1.4253
   2013.62799658      1.3512
   2013.62802511      1.2751
   2013.62805365      1.1977
   2013.62808219      1.1125
   2013.62811073      1.0806
   2013.62813927      1.0142
   2013.62816781      0.9425
   2013.62819635      0.9019
   2013.62822489      0.8485
   2013.62825342      0.7943
   2013.62828196      0.7430
   2013.62831050      0.7015
   2013.62833904      0.6580
   2013.62836758      0.6164
   2013.62839612      0.5782
   2013.62842466      0.5477
   2013.62845320      0.5151
   2013.62848174      0.4834
   2013.62851027      0.4540
   2013.62853881      0.4309
   2013.62856735      0.4057
   2013.62859589      0.3809
   2013.62862443      0.3574
   2013.62865297      0.3392
   2013.62868151      0.3192
   2013.62871005      0.2994
   2013.62873858      0.2806
   2013.62876712      0.3555
   2013.62879566      0.3752
   2013.62882420      0.3850
   2013.62885274      0.4040
   2013.62888128      0.4048
   2013.62890982      0.3771
   2013.62893836      0.3453
   2013.62896689      0.3001
   2013.62899543      0.2828
   2013.62902397      0.3416
   2013.62905251      0.5052
   2013.62908105      0.6544
   2013.62910959      0.7214
   2013.62913813      0.7308
   2013.62916667      0.6750
   2013.62919521      0.6024
   2013.62922374      0.5777
   2013.62925228      0.6168
   2013.62928082      0.7462
   2013.62930936      0.9369
   2013.62933790      1.1165
   2013.62936644      1.2738
   2013.62939498      1.4530
   2013.62942352      1.7077
   2013.62945205      2.0643
   2013.62948059      2.3129
   2013.62950913      2.4249
   2013.62953767      2.3925
   2013.62956621      2.2989
   2013.62959475      2.1983
   2013.62962329      2.0823
   2013.62965183      2.0683
   2013.62968037      1.9647
   2013.62970890      1.8538
   2013.62973744      1.6699
   2013.62976598      1.5475
   2013.62979452      1.4210
   2013.62982306      1.2988
   2013.62985160      1.1829
   2013.62988014      1.0824
   2013.62990868      0.9891
   2013.62993721      0.9053
   2013.62996575      0.8268
   2013.62999429      0.7530
   2013.63002283      0.6855
   2013.63005137      0.6257
   2013.63007991      0.5721
   2013.63010845      0.5241
   2013.63013699      0.4811
   2013.63016553      0.4425
   2013.63019406      0.4078
   2013.63022260      0.3764
   2013.63025114      0.3478
   2013.63027968      0.3218
   2013.63030822      0.2981
   2013.63033676      0.2764
   2013.63036530      0.2566
   2013.63039384      0.2384
   2013.63042237      0.2214
   2013.63045091      0.2058
   2013.63047945      0.1914
   2013.63050799      0.1782
   2013.63053653      0.1660
   2013.63056507      0.1548
   2013.63059361      0.1444
   2013.63062215      0.1348
   2013.63065068      0.1260
   2013.63067922      0.1177
   2013.63070776      0.1101
   2013.63073630      0.1030
