   2013.62465753      0.0000
   2013.62468607      0.0000
   2013.62471461      0.0000
   2013.62474315      0.0000
   2013.62477169      0.0000
   2013.62480023      0.0000
   2013.62482877      0.0000
   2013.62485731      0.0000
   2013.62488584      0.0000
   2013.62491438      0.0000
   2013.62494292      0.0000
   2013.62497146      0.0000
   2013.62500000      0.0000
   2013.62502854      0.0000
   2013.62505708      0.0000
   2013.62508562      0.0000
   2013.62511416      0.0000
   2013.62514269      0.0000
   2013.62517123      0.0000
   2013.62519977      0.0000
   2013.62522831      0.0000
   2013.62525685      0.0000
   2013.62528539      0.0000
   2013.62531393      0.0000
   2013.62534247      0.0000
   2013.62537100      0.0000
   2013.62539954      0.0000
   2013.62542808      0.0000
   2013.62545662      0.0000
   2013.62548516      0.0000
   2013.62551370      0.0000
   2013.62554224      0.0000
   2013.62557078      0.0000
   2013.62559932      0.0000
   2013.62562785      0.0000
   2013.62565639      0.0000
   2013.62568493      0.0000
   2013.62571347      0.0000
   2013.62574201      0.0000
   2013.62577055      0.0000
   2013.62579909      0.0000
   2013.62582763      0.0000
   2013.62585616      0.0000
   2013.62588470      0.0000
   2013.62591324      0.0000
   2013.62594178      0.0000
   2013.62597032      0.0000
   2013.62599886      0.0000
   2013.62602740      0.0000
   2013.62605594      0.0000
   2013.62608447      0.0000
   2013.62611301      0.0000
   2013.62614155      0.0000
   2013.62617009      0.0000
   2013.62619863      0.0000
   2013.62622717      0.0000
   2013.62625571      0.0000
   2013.62628425      0.0000
   2013.62631279      0.0000
   2013.62634132      0.0000
   2013.62636986      0.0000
   2013.62639840      0.0000
   2013.62642694      0.0000
   2013.62645548      0.0000
   2013.62648402      0.0000
   2013.62651256      0.0000
   2013.62654110      0.0000
   2013.62656963      0.0000
   2013.62659817      0.0000
   2013.62662671      0.0000
   2013.62665525      0.0000
   2013.62668379      0.0000
   2013.62671233      0.0000
   2013.62674087      0.0000
   2013.62676941      0.0000
   2013.62679795      0.0000
   2013.62682648      0.0000
   2013.62685502      0.0000
   2013.62688356      0.0000
   2013.62691210      0.0000
   2013.62694064      0.0000
   2013.62696918      0.0000
   2013.62699772      0.0000
   2013.62702626      0.0000
   2013.62705479      0.0000
   2013.62708333      0.0000
   2013.62711187      0.0000
   2013.62714041      0.0000
   2013.62716895      0.0000
   2013.62719749      0.0000
   2013.62722603      0.0000
   2013.62725457      0.0000
   2013.62728311      0.0000
   2013.62731164      0.0684
   2013.62734018      0.1356
   2013.62736872      0.2904
   2013.62739726      0.7040
   2013.62742580      1.4099
   2013.62745434      2.2729
   2013.62748288      3.4994
   2013.62751142      5.4933
   2013.62753995      7.4556
   2013.62756849      8.4420
   2013.62759703      8.2897
   2013.62762557      7.9364
   2013.62765411      7.6474
   2013.62768265      6.0789
   2013.62771119      5.7889
   2013.62773973      4.7423
   2013.62776826      4.1081
   2013.62779680      3.7292
   2013.62782534      3.2696
   2013.62785388      2.9232
   2013.62788242      2.6075
   2013.62791096      2.3415
   2013.62793950      2.0743
   2013.62796804      1.8690
   2013.62799658      1.6922
   2013.62802511      1.5377
   2013.62805365      1.4001
   2013.62808219      1.3394
   2013.62811073      1.1805
   2013.62813927      1.0801
   2013.62816781      0.9847
   2013.62819635      0.9160
   2013.62822489      0.8456
   2013.62825342      0.7807
   2013.62828196      0.7214
   2013.62831050      0.6680
   2013.62833904      0.6208
   2013.62836758      0.5785
   2013.62839612      0.5404
   2013.62842466      0.5062
   2013.62845320      0.4751
   2013.62848174      0.4467
   2013.62851027      0.4206
   2013.62853881      0.3965
   2013.62856735      0.3742
   2013.62859589      0.3536
   2013.62862443      0.3345
   2013.62865297      0.3169
   2013.62868151      0.3006
   2013.62871005      0.2854
   2013.62873858      0.2714
   2013.62876712      0.2583
   2013.62879566      0.2460
   2013.62882420      0.2345
   2013.62885274      0.2236
   2013.62888128      0.2134
   2013.62890982      0.2038
   2013.62893836      0.1948
   2013.62896689      0.1864
   2013.62899543      0.1785
   2013.62902397      0.1646
   2013.62905251      0.1584
   2013.62908105      0.1527
   2013.62910959      0.1470
   2013.62913813      0.1337
   2013.62916667      0.1218
   2013.62919521      0.1122
   2013.62922374      0.1049
