   2013.62465753      0.0000
   2013.62468607      0.0000
   2013.62471461      0.0000
   2013.62474315      0.0000
   2013.62477169      0.0000
   2013.62480023      0.0000
   2013.62482877      0.0000
   2013.62485731      0.0000
   2013.62488584      0.0000
   2013.62491438      0.0000
   2013.62494292      0.0000
   2013.62497146      0.0000
   2013.62500000      0.0000
   2013.62502854      0.0000
   2013.62505708      0.0000
   2013.62508562      0.0000
   2013.62511416      0.0000
   2013.62514269      0.0007
   2013.62517123      0.0012
   2013.62519977      0.0016
   2013.62522831      0.0024
   2013.62525685      0.0027
   2013.62528539      0.0030
   2013.62531393      0.0100
   2013.62534247      0.0475
   2013.62537100      0.0845
   2013.62539954      0.1453
   2013.62542808      0.2508
   2013.62545662      0.4071
   2013.62548516      0.6650
   2013.62551370      1.0444
   2013.62554224      1.5684
   2013.62557078      2.3318
   2013.62559932      3.3017
   2013.62562785      4.4440
   2013.62565639      5.3653
   2013.62568493      6.0216
   2013.62571347      6.4658
   2013.62574201      6.6763
   2013.62577055      6.8646
   2013.62579909      7.0040
   2013.62582763      7.1851
   2013.62585616      7.2523
   2013.62588470      7.1225
   2013.62591324      6.8916
   2013.62594178      6.9640
   2013.62597032      6.6616
   2013.62599886      6.3898
   2013.62602740      6.0871
   2013.62605594      5.6537
   2013.62608447      5.4961
   2013.62611301      4.6441
   2013.62614155      4.5103
   2013.62617009      3.8037
   2013.62619863      3.3568
   2013.62622717      3.0076
   2013.62625571      2.6813
   2013.62628425      2.4617
   2013.62631279      2.0877
   2013.62634132      1.8808
   2013.62636986      1.6973
   2013.62639840      1.5363
   2013.62642694      1.3934
   2013.62645548      1.2692
   2013.62648402      1.1824
   2013.62651256      1.0727
   2013.62654110      0.9725
   2013.62656963      0.9094
   2013.62659817      0.8399
   2013.62662671      0.7744
   2013.62665525      0.7132
   2013.62668379      0.6570
   2013.62671233      0.6062
   2013.62674087      0.5597
   2013.62676941      0.5175
   2013.62679795      0.4791
   2013.62682648      0.4440
   2013.62685502      0.4119
   2013.62688356      0.3821
   2013.62691210      0.3546
   2013.62694064      0.3291
   2013.62696918      0.3056
   2013.62699772      0.2838
   2013.62702626      0.2637
   2013.62705479      0.2451
   2013.62708333      0.2277
   2013.62711187      0.2116
   2013.62714041      0.1967
   2013.62716895      0.1829
   2013.62719749      0.1702
   2013.62722603      0.1584
   2013.62725457      0.1476
   2013.62728311      0.1375
   2013.62731164      0.1283
   2013.62734018      0.1196
   2013.62736872      0.1117
   2013.62739726      0.1043
