   2013.62465753      0.0000
   2013.62468607      0.0000
   2013.62471461      0.0000
   2013.62474315      0.0000
   2013.62477169      0.0000
   2013.62480023      0.0000
   2013.62482877      0.0000
   2013.62485731      0.0000
   2013.62488584      0.0000
   2013.62491438      0.0000
   2013.62494292      0.0000
   2013.62497146      0.0000
   2013.62500000      0.0000
   2013.62502854      0.0000
   2013.62505708      0.0000
   2013.62508562      0.0000
   2013.62511416      0.0000
   2013.62514269      0.0000
   2013.62517123      0.0000
   2013.62519977      0.0000
   2013.62522831      0.0000
   2013.62525685      0.0000
   2013.62528539      0.0000
   2013.62531393      0.0000
   2013.62534247      0.0000
   2013.62537100      0.0000
   2013.62539954      0.0000
   2013.62542808      0.0000
   2013.62545662      0.0000
   2013.62548516      0.0000
   2013.62551370      0.0000
   2013.62554224      0.0000
   2013.62557078      0.0000
   2013.62559932      0.0000
   2013.62562785      0.0000
   2013.62565639      0.0000
   2013.62568493      0.0000
   2013.62571347      0.0000
   2013.62574201      0.0000
   2013.62577055      0.0000
   2013.62579909      0.0000
   2013.62582763      0.0000
   2013.62585616      0.0000
   2013.62588470      0.0000
   2013.62591324      0.0000
   2013.62594178      0.0000
   2013.62597032      0.0000
   2013.62599886      0.0000
   2013.62602740      0.0000
   2013.62605594      0.0000
   2013.62608447      0.0000
   2013.62611301      0.0000
   2013.62614155      0.0000
   2013.62617009      0.0000
   2013.62619863      0.0000
   2013.62622717      0.0000
   2013.62625571      0.0000
   2013.62628425      0.0000
   2013.62631279      0.0000
   2013.62634132      0.0000
   2013.62636986      0.0000
   2013.62639840      0.0000
   2013.62642694      0.0000
   2013.62645548      0.0000
   2013.62648402      0.0000
   2013.62651256      0.0036
   2013.62654110      0.0037
   2013.62656963      0.0043
   2013.62659817      0.0326
   2013.62662671      0.0741
   2013.62665525      0.1366
   2013.62668379      0.2817
   2013.62671233      0.5803
   2013.62674087      1.2149
   2013.62676941      2.5489
   2013.62679795      4.8896
   2013.62682648      7.0703
   2013.62685502      8.1224
   2013.62688356      8.5305
   2013.62691210      8.4616
   2013.62694064      8.2434
   2013.62696918      7.8984
   2013.62699772      7.5679
   2013.62702626      7.0927
   2013.62705479      7.2526
   2013.62708333      5.9651
   2013.62711187      5.8888
   2013.62714041      4.9363
   2013.62716895      4.7966
   2013.62719749      3.9080
   2013.62722603      3.4723
   2013.62725457      3.1217
   2013.62728311      2.9292
   2013.62731164      2.5228
   2013.62734018      2.1204
   2013.62736872      1.9051
   2013.62739726      1.6956
   2013.62742580      1.5090
   2013.62745434      1.4050
   2013.62748288      1.2099
   2013.62751142      1.0557
   2013.62753995      0.9710
   2013.62756849      0.8771
   2013.62759703      0.7894
   2013.62762557      0.7106
   2013.62765411      0.6408
   2013.62768265      0.5794
   2013.62771119      0.5248
   2013.62773973      0.4767
   2013.62776826      0.4342
   2013.62779680      0.3964
   2013.62782534      0.3626
   2013.62785388      0.3323
   2013.62788242      0.3050
   2013.62791096      0.2804
   2013.62793950      0.2581
   2013.62796804      0.2377
   2013.62799658      0.2191
   2013.62802511      0.2020
   2013.62805365      0.1866
   2013.62808219      0.1724
   2013.62811073      0.1595
   2013.62813927      0.1478
   2013.62816781      0.1370
   2013.62819635      0.1271
   2013.62822489      0.1180
   2013.62825342      0.1096
   2013.62828196      0.1019
