   2013.62465753      0.0000
   2013.62468607      0.0000
   2013.62471461      0.0002
   2013.62474315      0.0007
   2013.62477169      0.0011
   2013.62480023      0.0015
   2013.62482877      0.0019
   2013.62485731      0.0022
   2013.62488584      0.0026
   2013.62491438      0.0015
   2013.62494292      0.0073
   2013.62497146      0.0266
   2013.62500000      0.0445
   2013.62502854      0.0610
   2013.62505708      0.0816
   2013.62508562      0.1087
   2013.62511416      0.1403
   2013.62514269      0.1738
   2013.62517123      0.2151
   2013.62519977      0.2547
   2013.62522831      0.2922
   2013.62525685      0.3606
   2013.62528539      0.4525
   2013.62531393      0.5795
   2013.62534247      0.7540
   2013.62537100      0.9824
   2013.62539954      1.2057
   2013.62542808      1.4142
   2013.62545662      1.5509
   2013.62548516      1.6186
   2013.62551370      1.6488
   2013.62554224      1.6427
   2013.62557078      1.6251
   2013.62559932      1.6288
   2013.62562785      1.6351
   2013.62565639      1.6306
   2013.62568493      1.6370
   2013.62571347      1.6472
   2013.62574201      1.6605
   2013.62577055      1.6524
   2013.62579909      1.6220
   2013.62582763      1.6083
   2013.62585616      1.5423
   2013.62588470      1.4708
   2013.62591324      1.3938
   2013.62594178      1.3122
   2013.62597032      1.2270
   2013.62599886      1.1620
   2013.62602740      1.0768
   2013.62605594      0.9846
   2013.62608447      0.9300
   2013.62611301      0.8658
   2013.62614155      0.8074
   2013.62617009      0.7448
   2013.62619863      0.6857
   2013.62622717      0.6328
   2013.62625571      0.5905
   2013.62628425      0.5475
   2013.62631279      0.5069
   2013.62634132      0.4695
   2013.62636986      0.4430
   2013.62639840      0.4119
   2013.62642694      0.3813
   2013.62645548      0.3527
   2013.62648402      0.3374
   2013.62651256      0.3153
   2013.62654110      0.2929
   2013.62656963      0.2717
   2013.62659817      0.2664
   2013.62662671      0.2513
   2013.62665525      0.2348
   2013.62668379      0.2189
   2013.62671233      0.2218
   2013.62674087      0.2122
   2013.62676941      0.2004
   2013.62679795      0.1892
   2013.62682648      0.2008
   2013.62685502      0.1969
   2013.62688356      0.1903
   2013.62691210      0.1849
   2013.62694064      0.2081
   2013.62696918      0.2130
   2013.62699772      0.2154
   2013.62702626      0.2200
   2013.62705479      0.2595
   2013.62708333      0.2799
   2013.62711187      0.2979
   2013.62714041      0.3181
   2013.62716895      0.3973
   2013.62719749      0.4311
   2013.62722603      0.4751
   2013.62725457      0.5429
   2013.62728311      0.6865
   2013.62731164      0.7854
   2013.62734018      0.9143
   2013.62736872      1.0642
   2013.62739726      1.3278
   2013.62742580      1.6156
   2013.62745434      1.8826
   2013.62748288      2.0633
   2013.62751142      2.2613
   2013.62753995      2.4148
   2013.62756849      2.4757
   2013.62759703      2.4910
   2013.62762557      2.5377
   2013.62765411      2.5923
   2013.62768265      2.5645
   2013.62771119      2.5198
   2013.62773973      2.5281
   2013.62776826      2.4911
   2013.62779680      2.4107
   2013.62782534      2.3339
   2013.62785388      2.3299
   2013.62788242      2.2344
   2013.62791096      2.1552
   2013.62793950      2.0833
   2013.62796804      2.0301
   2013.62799658      1.9346
   2013.62802511      1.8670
   2013.62805365      1.7714
   2013.62808219      1.7164
   2013.62811073      1.6299
   2013.62813927      1.5987
   2013.62816781      1.4963
   2013.62819635      1.4316
   2013.62822489      1.3627
   2013.62825342      1.2913
   2013.62828196      1.2186
   2013.62831050      1.1578
   2013.62833904      1.1191
   2013.62836758      1.0436
   2013.62839612      0.9407
   2013.62842466      0.9310
   2013.62845320      0.8844
   2013.62848174      0.8327
   2013.62851027      0.7834
   2013.62853881      0.7449
   2013.62856735      0.7021
   2013.62859589      0.6602
   2013.62862443      0.6225
   2013.62865297      0.5950
   2013.62868151      0.5628
   2013.62871005      0.5308
   2013.62873858      0.5010
   2013.62876712      0.4803
   2013.62879566      0.4549
   2013.62882420      0.4293
   2013.62885274      0.4051
   2013.62888128      0.3902
   2013.62890982      0.3701
   2013.62893836      0.3495
   2013.62896689      0.3298
   2013.62899543      0.3200
   2013.62902397      0.3045
   2013.62905251      0.2881
   2013.62908105      0.2723
   2013.62910959      0.2680
   2013.62913813      0.2563
   2013.62916667      0.2433
   2013.62919521      0.2305
   2013.62922374      0.2313
   2013.62925228      0.2227
   2013.62928082      0.2125
   2013.62930936      0.2025
   2013.62933790      0.2091
   2013.62936644      0.2043
   2013.62939498      0.1973
   2013.62942352      0.1907
   2013.62945205      0.2048
   2013.62948059      0.2049
   2013.62950913      0.2026
   2013.62953767      0.2013
   2013.62956621      0.2275
   2013.62959475      0.2364
   2013.62962329      0.2422
   2013.62965183      0.2508
   2013.62968037      0.2972
   2013.62970890      0.3233
   2013.62973744      0.3441
   2013.62976598      0.3736
   2013.62979452      0.4570
   2013.62982306      0.5230
   2013.62985160      0.5930
   2013.62988014      0.6963
   2013.62990868      0.8592
   2013.62993721      1.0014
   2013.62996575      1.1888
   2013.62999429      1.4123
   2013.63002283      1.7387
   2013.63005137      2.0101
   2013.63007991      2.2397
   2013.63010845      2.4178
   2013.63013699      2.5912
   2013.63016553      2.7626
   2013.63019406      2.8633
   2013.63022260      2.8668
   2013.63025114      2.8508
   2013.63027968      2.8955
   2013.63030822      2.8525
   2013.63033676      2.7734
   2013.63036530      2.6459
   2013.63039384      2.5545
   2013.63042237      2.4267
   2013.63045091      2.2946
   2013.63047945      2.1553
   2013.63050799      2.0720
   2013.63053653      1.9089
   2013.63056507      1.7733
   2013.63059361      1.6440
   2013.63062215      1.5206
   2013.63065068      1.4017
   2013.63067922      1.2890
   2013.63070776      1.1817
   2013.63073630      1.0874
   2013.63076484      0.9965
   2013.63079338      0.9170
   2013.63082192      0.8411
   2013.63085046      0.7688
   2013.63087900      0.7018
   2013.63090753      0.6416
   2013.63093607      0.5876
   2013.63096461      0.5387
   2013.63099315      0.4947
   2013.63102169      0.4551
   2013.63105023      0.4193
   2013.63107877      0.3868
   2013.63110731      0.3572
   2013.63113584      0.3302
   2013.63116438      0.3056
   2013.63119292      0.2831
   2013.63122146      0.2625
   2013.63125000      0.2436
   2013.63127854      0.2260
   2013.63130708      0.2099
   2013.63133562      0.1950
   2013.63136416      0.1813
   2013.63139269      0.1688
   2013.63142123      0.1572
   2013.63144977      0.1466
   2013.63147831      0.1368
   2013.63150685      0.1277
   2013.63153539      0.1193
   2013.63156393      0.1116
   2013.63159247      0.1044
