   2013.62465753      0.0000
   2013.62468607      0.0000
   2013.62471461      0.0000
   2013.62474315      0.0000
   2013.62477169      0.0000
   2013.62480023      0.0000
   2013.62482877      0.0000
   2013.62485731      0.0000
   2013.62488584      0.0000
   2013.62491438      0.0000
   2013.62494292      0.0000
   2013.62497146      0.0000
   2013.62500000      0.0000
   2013.62502854      0.0000
   2013.62505708      0.0000
   2013.62508562      0.0000
   2013.62511416      0.0000
   2013.62514269      0.0000
   2013.62517123      0.0000
   2013.62519977      0.0000
   2013.62522831      0.0000
   2013.62525685      0.0000
   2013.62528539      0.0000
   2013.62531393      0.0000
   2013.62534247      0.0000
   2013.62537100      0.0000
   2013.62539954      0.0000
   2013.62542808      0.0000
   2013.62545662      0.0000
   2013.62548516      0.0000
   2013.62551370      0.0000
   2013.62554224      0.0000
   2013.62557078      0.0000
   2013.62559932      0.0000
   2013.62562785      0.0000
   2013.62565639      0.0000
   2013.62568493      0.0000
   2013.62571347      0.0000
   2013.62574201      0.0000
   2013.62577055      0.0000
   2013.62579909      0.0000
   2013.62582763      0.0000
   2013.62585616      0.0000
   2013.62588470      0.0000
   2013.62591324      0.0000
   2013.62594178      0.0000
   2013.62597032      0.0000
   2013.62599886      0.0000
   2013.62602740      0.0000
   2013.62605594      0.0000
   2013.62608447      0.0000
   2013.62611301      0.0000
   2013.62614155      0.0000
   2013.62617009      0.6797
   2013.62619863      3.1390
   2013.62622717      7.7933
   2013.62625571     15.1686
   2013.62628425     28.5069
   2013.62631279     30.9082
   2013.62634132     26.6851
   2013.62636986     21.8254
   2013.62639840     17.9059
   2013.62642694     15.1279
   2013.62645548     13.0368
   2013.62648402     11.6865
   2013.62651256     10.6550
   2013.62654110      9.7549
   2013.62656963      9.1156
   2013.62659817      8.8094
   2013.62662671      8.5302
   2013.62665525      8.3894
   2013.62668379      8.2232
   2013.62671233      8.3145
   2013.62674087      8.7921
   2013.62676941      9.0924
   2013.62679795      9.1860
   2013.62682648      8.9423
   2013.62685502      9.5131
   2013.62688356      9.7432
   2013.62691210      9.7163
   2013.62694064      9.1619
   2013.62696918      9.4725
   2013.62699772      8.9914
   2013.62702626      8.5687
   2013.62705479      7.7993
   2013.62708333      7.7543
   2013.62711187      7.3865
   2013.62714041      6.9704
   2013.62716895      6.4374
   2013.62719749      6.8230
   2013.62722603      6.3791
   2013.62725457      6.1506
   2013.62728311      5.7565
   2013.62731164      6.1629
   2013.62734018      5.8624
   2013.62736872      5.8913
   2013.62739726      5.4765
   2013.62742580      5.7256
   2013.62745434      5.4696
   2013.62748288      5.4541
   2013.62751142      5.0994
   2013.62753995      5.3399
   2013.62756849      5.1099
   2013.62759703      5.0677
   2013.62762557      4.7757
   2013.62765411      4.9813
   2013.62768265      4.7763
   2013.62771119      4.7343
   2013.62773973      4.7130
   2013.62776826      4.6615
   2013.62779680      4.5623
   2013.62782534      4.4291
   2013.62785388      4.4263
   2013.62788242      4.3813
   2013.62791096      4.2894
   2013.62793950      4.1843
   2013.62796804      4.1982
   2013.62799658      4.1620
   2013.62802511      4.0715
   2013.62805365      3.9853
   2013.62808219      3.8853
   2013.62811073      4.1729
   2013.62813927      4.1014
   2013.62816781      3.8561
   2013.62819635      3.7747
   2013.62822489      3.6482
   2013.62825342      3.6864
   2013.62828196      3.9297
   2013.62831050      3.9846
   2013.62833904      3.8323
   2013.62836758      3.5585
   2013.62839612      3.4719
   2013.62842466      3.3329
   2013.62845320      3.6042
   2013.62848174      3.4906
   2013.62851027      3.5283
   2013.62853881      3.5734
   2013.62856735      3.4228
   2013.62859589      3.4143
   2013.62862443      3.1432
   2013.62865297      3.0300
   2013.62868151      3.0034
   2013.62871005      2.8344
   2013.62873858      2.8177
   2013.62876712      2.6843
   2013.62879566      2.5596
   2013.62882420      2.4055
   2013.62885274      2.2448
   2013.62888128      2.0995
   2013.62890982      1.9827
   2013.62893836      1.9457
   2013.62896689      1.8417
   2013.62899543      1.7484
   2013.62902397      1.6509
   2013.62905251      1.4891
   2013.62908105      1.3880
   2013.62910959      1.2840
   2013.62913813      1.2380
   2013.62916667      1.0943
   2013.62919521      1.0146
   2013.62922374      0.9407
   2013.62925228      0.8739
   2013.62928082      0.8102
   2013.62930936      0.7489
   2013.62933790      0.6913
   2013.62936644      0.6387
   2013.62939498      0.5904
   2013.62942352      0.5457
   2013.62945205      0.5046
   2013.62948059      0.4671
   2013.62950913      0.4327
   2013.62953767      0.4011
   2013.62956621      0.3719
   2013.62959475      0.3450
   2013.62962329      0.3202
   2013.62965183      0.2974
   2013.62968037      0.2763
   2013.62970890      0.2569
   2013.62973744      0.2389
   2013.62976598      0.2221
   2013.62979452      0.2066
   2013.62982306      0.1922
   2013.62985160      0.1790
   2013.62988014      0.1667
   2013.62990868      0.1554
   2013.62993721      0.1450
   2013.62996575      0.1354
   2013.62999429      0.1264
   2013.63002283      0.1181
   2013.63005137      0.1104
   2013.63007991      0.1033
