   2013.62465753      0.0000
   2013.62468607      0.0000
   2013.62471461      0.0000
   2013.62474315      0.0000
   2013.62477169      0.0000
   2013.62480023      0.0000
   2013.62482877      0.0000
   2013.62485731      0.0000
   2013.62488584      0.0000
   2013.62491438      0.0000
   2013.62494292      0.0000
   2013.62497146      0.0000
   2013.62500000      0.0000
   2013.62502854      0.0000
   2013.62505708      0.0000
   2013.62508562      0.0000
   2013.62511416      0.0000
   2013.62514269      0.0000
   2013.62517123      0.0000
   2013.62519977      0.0000
   2013.62522831      0.0000
   2013.62525685      0.0000
   2013.62528539      0.0000
   2013.62531393      0.0000
   2013.62534247      0.0000
   2013.62537100      0.0000
   2013.62539954      0.0000
   2013.62542808      0.0000
   2013.62545662      0.0000
   2013.62548516      0.0000
   2013.62551370      0.0000
   2013.62554224      0.0000
   2013.62557078      0.0000
   2013.62559932      0.0000
   2013.62562785      0.0000
   2013.62565639      0.0000
   2013.62568493      0.0000
   2013.62571347      0.0000
   2013.62574201      0.0000
   2013.62577055      0.0000
   2013.62579909      0.0000
   2013.62582763      0.0000
   2013.62585616      0.0000
   2013.62588470      0.0000
   2013.62591324      0.0000
   2013.62594178      0.0000
   2013.62597032      0.0000
   2013.62599886      0.0000
   2013.62602740      0.0000
   2013.62605594      0.0000
   2013.62608447      0.0000
   2013.62611301      0.0000
   2013.62614155      0.0000
   2013.62617009      0.0000
   2013.62619863      0.0000
   2013.62622717      0.0000
   2013.62625571      0.0000
   2013.62628425      0.0000
   2013.62631279      0.0000
   2013.62634132      0.0000
   2013.62636986      0.0000
   2013.62639840      0.0000
   2013.62642694      0.0000
   2013.62645548      0.0000
   2013.62648402      0.0000
   2013.62651256      0.0000
   2013.62654110      0.0000
   2013.62656963      0.0000
   2013.62659817      0.0000
   2013.62662671      0.0000
   2013.62665525      0.0000
   2013.62668379      0.0000
   2013.62671233      0.0000
   2013.62674087      0.0000
   2013.62676941      0.0000
   2013.62679795      0.0000
   2013.62682648      0.0000
   2013.62685502      0.0000
   2013.62688356      0.0000
   2013.62691210      0.0000
   2013.62694064      0.0000
   2013.62696918      0.0000
   2013.62699772      0.0000
   2013.62702626      0.0000
   2013.62705479      0.0000
   2013.62708333      0.8042
   2013.62711187      5.2676
   2013.62714041     18.8240
   2013.62716895     54.8316
   2013.62719749     62.6946
   2013.62722603     52.0859
   2013.62725457     40.9724
   2013.62728311     30.7310
   2013.62731164     24.3528
   2013.62734018     19.4784
   2013.62736872     15.5638
   2013.62739726     12.6360
   2013.62742580     10.5599
   2013.62745434      8.5708
   2013.62748288      7.3177
   2013.62751142      6.1178
   2013.62753995      5.0299
   2013.62756849      4.3304
   2013.62759703      3.6646
   2013.62762557      3.4126
   2013.62765411      2.8320
   2013.62768265      2.4278
   2013.62771119      2.1064
   2013.62773973      1.8371
   2013.62776826      1.5791
   2013.62779680      1.3999
   2013.62782534      1.2147
   2013.62785388      1.0594
   2013.62788242      0.9579
   2013.62791096      0.8558
   2013.62793950      0.7639
   2013.62796804      0.6831
   2013.62799658      0.6133
   2013.62802511      0.5521
   2013.62805365      0.4984
   2013.62808219      0.4514
   2013.62811073      0.4099
   2013.62813927      0.3732
   2013.62816781      0.3405
   2013.62819635      0.3113
   2013.62822489      0.2850
   2013.62825342      0.2614
   2013.62828196      0.2399
   2013.62831050      0.2204
   2013.62833904      0.2026
   2013.62836758      0.1864
   2013.62839612      0.1717
   2013.62842466      0.1584
   2013.62845320      0.1462
   2013.62848174      0.1351
   2013.62851027      0.1250
   2013.62853881      0.1157
   2013.62856735      0.1071
