   2013.62465753      0.0000
   2013.62468607      0.0000
   2013.62471461      0.0000
   2013.62474315      0.0000
   2013.62477169      0.0000
   2013.62480023      0.0000
   2013.62482877      0.0000
   2013.62485731      0.0000
   2013.62488584      0.0000
   2013.62491438      0.0000
   2013.62494292      0.0000
   2013.62497146      0.0000
   2013.62500000      0.0000
   2013.62502854      0.0000
   2013.62505708      0.0000
   2013.62508562      0.0000
   2013.62511416      0.0000
   2013.62514269      0.0000
   2013.62517123      0.0000
   2013.62519977      0.0000
   2013.62522831      0.0000
   2013.62525685      0.0000
   2013.62528539      0.0000
   2013.62531393      0.0000
   2013.62534247      0.0000
   2013.62537100      0.0000
   2013.62539954      0.0000
   2013.62542808      0.0000
   2013.62545662      0.0000
   2013.62548516      0.0000
   2013.62551370      0.0000
   2013.62554224      0.0000
   2013.62557078      0.0000
   2013.62559932      0.0084
   2013.62562785      0.0406
   2013.62565639      0.0707
   2013.62568493      0.1294
   2013.62571347      0.2426
   2013.62574201      0.4089
   2013.62577055      0.6302
   2013.62579909      0.8882
   2013.62582763      1.2621
   2013.62585616      1.8235
   2013.62588470      2.6325
   2013.62591324      3.5272
   2013.62594178      4.1742
   2013.62597032      4.4110
   2013.62599886      4.3511
   2013.62602740      4.3328
   2013.62605594      4.0646
   2013.62608447      3.9025
   2013.62611301      3.7686
   2013.62614155      3.7115
   2013.62617009      3.7220
   2013.62619863      3.5943
   2013.62622717      3.5864
   2013.62625571      3.7195
   2013.62628425      3.7699
   2013.62631279      3.8577
   2013.62634132      3.8714
   2013.62636986      4.0790
   2013.62639840      4.1956
   2013.62642694      4.2019
   2013.62645548      4.3419
   2013.62648402      4.5869
   2013.62651256      4.6901
   2013.62654110      4.6921
   2013.62656963      4.8134
   2013.62659817      4.8589
   2013.62662671      5.2482
   2013.62665525      5.4376
   2013.62668379      5.6621
   2013.62671233      5.5675
   2013.62674087      6.0967
   2013.62676941      5.9701
   2013.62679795      6.0381
   2013.62682648      5.8857
   2013.62685502      6.1081
   2013.62688356      6.0503
   2013.62691210      6.0293
   2013.62694064      5.5053
   2013.62696918      5.5073
   2013.62699772      5.2838
   2013.62702626      5.0932
   2013.62705479      4.7247
   2013.62708333      4.7751
   2013.62711187      4.5535
   2013.62714041      4.3598
   2013.62716895      4.1148
   2013.62719749      4.0813
   2013.62722603      4.0364
   2013.62725457      3.8558
   2013.62728311      3.7356
   2013.62731164      3.7357
   2013.62734018      3.6393
   2013.62736872      3.5680
   2013.62739726      3.2854
   2013.62742580      3.4316
   2013.62745434      3.3601
   2013.62748288      3.4334
   2013.62751142      3.0733
   2013.62753995      3.1490
   2013.62756849      3.0925
   2013.62759703      2.9762
   2013.62762557      2.8316
   2013.62765411      2.8646
   2013.62768265      2.8071
   2013.62771119      2.7070
   2013.62773973      2.6971
   2013.62776826      2.6361
   2013.62779680      2.5408
   2013.62782534      2.4572
   2013.62785388      2.4379
   2013.62788242      2.3699
   2013.62791096      2.2989
   2013.62793950      2.2172
   2013.62796804      2.2080
   2013.62799658      2.1417
   2013.62802511      2.0812
   2013.62805365      2.0084
   2013.62808219      2.0044
   2013.62811073      1.9513
   2013.62813927      1.9016
   2013.62816781      1.8401
   2013.62819635      1.8418
   2013.62822489      1.8061
   2013.62825342      1.7679
   2013.62828196      1.7214
   2013.62831050      1.7342
   2013.62833904      1.7184
   2013.62836758      1.6954
   2013.62839612      1.6648
   2013.62842466      1.6989
   2013.62845320      1.7031
   2013.62848174      1.6986
   2013.62851027      1.6810
   2013.62853881      1.7412
   2013.62856735      1.7708
   2013.62859589      1.7838
   2013.62862443      1.7838
   2013.62865297      1.8690
   2013.62868151      1.9271
   2013.62871005      1.9602
   2013.62873858      1.9795
   2013.62876712      2.0988
   2013.62879566      2.1844
   2013.62882420      2.2390
   2013.62885274      2.2701
   2013.62888128      2.4210
   2013.62890982      2.5270
   2013.62893836      2.5494
   2013.62896689      2.6257
   2013.62899543      2.7930
   2013.62902397      2.9090
   2013.62905251      2.9268
   2013.62908105      2.9729
   2013.62910959      3.0426
   2013.62913813      3.3041
   2013.62916667      3.3170
   2013.62919521      3.3912
   2013.62922374      3.5290
   2013.62925228      3.6819
   2013.62928082      3.7625
   2013.62930936      3.8018
   2013.62933790      3.8137
   2013.62936644      4.0510
   2013.62939498      4.0267
   2013.62942352      4.1306
   2013.62945205      4.0965
   2013.62948059      4.3282
   2013.62950913      4.2770
   2013.62953767      4.3560
   2013.62956621      4.2741
   2013.62959475      4.4893
   2013.62962329      4.3988
   2013.62965183      4.4433
   2013.62968037      4.5025
   2013.62970890      4.5118
   2013.62973744      4.4894
   2013.62976598      4.3954
   2013.62979452      4.2413
   2013.62982306      4.4109
   2013.62985160      4.3293
   2013.62988014      4.2362
   2013.62990868      4.0711
   2013.62993721      4.2069
   2013.62996575      4.0907
   2013.62999429      3.9984
   2013.63002283      3.9351
   2013.63005137      3.8286
   2013.63007991      3.7519
   2013.63010845      3.6342
   2013.63013699      3.4218
   2013.63016553      3.5536
   2013.63019406      3.4802
   2013.63022260      3.5562
   2013.63025114      3.4616
   2013.63027968      3.1519
   2013.63030822      3.0357
   2013.63033676      2.8890
   2013.63036530      2.6709
   2013.63039384      2.5328
   2013.63042237      2.3850
   2013.63045091      2.2322
   2013.63047945      2.0822
   2013.63050799      1.9270
   2013.63053653      1.7875
   2013.63056507      1.6593
   2013.63059361      1.5384
   2013.63062215      1.4229
   2013.63065068      1.3126
   2013.63067922      1.2515
   2013.63070776      1.1123
   2013.63073630      1.0241
   2013.63076484      0.9428
   2013.63079338      0.8679
   2013.63082192      0.7959
   2013.63085046      0.7281
   2013.63087900      0.6662
   2013.63090753      0.6107
   2013.63093607      0.5604
   2013.63096461      0.5149
   2013.63099315      0.4739
   2013.63102169      0.4368
   2013.63105023      0.4031
   2013.63107877      0.3724
   2013.63110731      0.3443
   2013.63113584      0.3187
   2013.63116438      0.2952
   2013.63119292      0.2738
   2013.63122146      0.2541
   2013.63125000      0.2359
   2013.63127854      0.2191
   2013.63130708      0.2036
   2013.63133562      0.1893
   2013.63136416      0.1762
   2013.63139269      0.1641
   2013.63142123      0.1529
   2013.63144977      0.1427
   2013.63147831      0.1332
   2013.63150685      0.1244
   2013.63153539      0.1163
   2013.63156393      0.1088
   2013.63159247      0.1018
