   2013.62465753      0.0000
   2013.62468607      0.0000
   2013.62471461      0.0000
   2013.62474315      0.0000
   2013.62477169      0.0000
   2013.62480023      0.0000
   2013.62482877      0.0000
   2013.62485731      0.0000
   2013.62488584      0.0000
   2013.62491438      0.0000
   2013.62494292      0.0000
   2013.62497146      0.0000
   2013.62500000      0.0000
   2013.62502854      0.0000
   2013.62505708      0.0000
   2013.62508562      0.0000
   2013.62511416      0.0000
   2013.62514269      0.0000
   2013.62517123      0.0000
   2013.62519977      0.0000
   2013.62522831      0.0000
   2013.62525685      0.0000
   2013.62528539      0.0000
   2013.62531393      0.0000
   2013.62534247      0.0000
   2013.62537100      0.0000
   2013.62539954      0.0000
   2013.62542808      0.0000
   2013.62545662      0.0000
   2013.62548516      0.0000
   2013.62551370      0.0000
   2013.62554224      0.0000
   2013.62557078      0.0000
   2013.62559932      0.0000
   2013.62562785      0.0000
   2013.62565639      0.0000
   2013.62568493      0.0000
   2013.62571347      0.0000
   2013.62574201      0.0000
   2013.62577055      0.0000
   2013.62579909      0.0000
   2013.62582763      0.0000
   2013.62585616      0.0000
   2013.62588470      0.0000
   2013.62591324      0.0000
   2013.62594178      0.0068
   2013.62597032      0.0156
   2013.62599886      0.0602
   2013.62602740      0.1177
   2013.62605594      0.2396
   2013.62608447      0.4688
   2013.62611301      0.8661
   2013.62614155      1.4992
   2013.62617009      2.5300
   2013.62619863      4.0742
   2013.62622717      6.3179
   2013.62625571      8.4244
   2013.62628425      9.7628
   2013.62631279     10.4247
   2013.62634132     10.9011
   2013.62636986     11.5393
   2013.62639840     11.6535
   2013.62642694     12.0211
   2013.62645548     12.2770
   2013.62648402     12.8042
   2013.62651256     12.8072
   2013.62654110     13.0627
   2013.62656963     13.2485
   2013.62659817     13.7477
   2013.62662671     13.6328
   2013.62665525     13.4630
   2013.62668379     13.0777
   2013.62671233     12.3765
   2013.62674087     12.0634
   2013.62676941     11.5174
   2013.62679795     10.7818
   2013.62682648      9.5891
   2013.62685502      9.3825
   2013.62688356      8.6036
   2013.62691210      7.8733
   2013.62694064      7.0012
   2013.62696918      6.7601
   2013.62699772      6.2989
   2013.62702626      5.9891
   2013.62705479      5.4245
   2013.62708333      5.3076
   2013.62711187      5.1266
   2013.62714041      4.9928
   2013.62716895      4.6360
   2013.62719749      4.6683
   2013.62722603      4.5828
   2013.62725457      4.4126
   2013.62728311      4.1083
   2013.62731164      4.2150
   2013.62734018      3.9471
   2013.62736872      3.8859
   2013.62739726      3.3452
   2013.62742580      3.4671
   2013.62745434      3.5993
   2013.62748288      3.2172
   2013.62751142      3.0609
   2013.62753995      2.8863
   2013.62756849      2.7518
   2013.62759703      2.6417
   2013.62762557      2.4590
   2013.62765411      2.3505
   2013.62768265      2.1646
   2013.62771119      2.0398
   2013.62773973      1.9352
   2013.62776826      1.8265
   2013.62779680      1.8391
   2013.62782534      1.5959
   2013.62785388      1.4988
   2013.62788242      1.4137
   2013.62791096      1.3312
   2013.62793950      1.2478
   2013.62796804      1.1654
   2013.62799658      1.1085
   2013.62802511      1.0290
   2013.62805365      0.9476
   2013.62808219      0.8994
   2013.62811073      0.8419
   2013.62813927      0.7865
   2013.62816781      0.7334
   2013.62819635      0.6828
   2013.62822489      0.6361
   2013.62825342      0.5939
   2013.62828196      0.5557
   2013.62831050      0.5208
   2013.62833904      0.4882
   2013.62836758      0.4575
   2013.62839612      0.4288
   2013.62842466      0.4024
   2013.62845320      0.3781
   2013.62848174      0.3558
   2013.62851027      0.3351
   2013.62853881      0.3157
   2013.62856735      0.2973
   2013.62859589      0.2799
   2013.62862443      0.2636
   2013.62865297      0.2483
   2013.62868151      0.2341
   2013.62871005      0.2207
   2013.62873858      0.2082
   2013.62876712      0.1966
   2013.62879566      0.1857
   2013.62882420      0.1756
   2013.62885274      0.1662
   2013.62888128      0.1575
   2013.62890982      0.1495
   2013.62893836      0.1421
   2013.62896689      0.1353
   2013.62899543      0.1292
   2013.62902397      0.1240
   2013.62905251      0.1198
   2013.62908105      0.1170
   2013.62910959      0.1158
   2013.62913813      0.1168
   2013.62916667      0.1209
   2013.62919521      0.1296
   2013.62922374      0.1454
   2013.62925228      0.1739
   2013.62928082      0.2314
   2013.62930936      0.3323
   2013.62933790      0.4563
   2013.62936644      0.5642
   2013.62939498      0.6379
   2013.62942352      0.6813
   2013.62945205      0.7049
   2013.62948059      0.7120
   2013.62950913      0.7061
   2013.62953767      0.6911
   2013.62956621      0.6702
   2013.62959475      0.6456
   2013.62962329      0.6185
   2013.62965183      0.5899
   2013.62968037      0.5606
   2013.62970890      0.5311
   2013.62973744      0.5020
   2013.62976598      0.4735
   2013.62979452      0.4460
   2013.62982306      0.4194
   2013.62985160      0.3939
   2013.62988014      0.3695
   2013.62990868      0.3462
   2013.62993721      0.3242
   2013.62996575      0.3034
   2013.62999429      0.2839
   2013.63002283      0.2657
   2013.63005137      0.2487
   2013.63007991      0.2327
   2013.63010845      0.2176
   2013.63013699      0.2034
   2013.63016553      0.1903
   2013.63019406      0.1781
   2013.63022260      0.1667
   2013.63025114      0.1561
   2013.63027968      0.1463
   2013.63030822      0.1371
   2013.63033676      0.1286
   2013.63036530      0.1206
   2013.63039384      0.1131
   2013.63042237      0.1062
