   2013.62465753      0.0000
   2013.62468607      0.0000
   2013.62471461      0.0000
   2013.62474315      0.0000
   2013.62477169      0.0000
   2013.62480023      0.0000
   2013.62482877      0.0000
   2013.62485731      0.0000
   2013.62488584      0.0000
   2013.62491438      0.0000
   2013.62494292      0.0000
   2013.62497146      0.0000
   2013.62500000      0.0000
   2013.62502854      0.0000
   2013.62505708      0.0000
   2013.62508562      0.0000
   2013.62511416      0.0000
   2013.62514269      0.0000
   2013.62517123      0.0000
   2013.62519977      0.0000
   2013.62522831      0.0000
   2013.62525685      0.0000
   2013.62528539      0.0000
   2013.62531393      0.0000
   2013.62534247      0.0000
   2013.62537100      0.0000
   2013.62539954      0.0000
   2013.62542808      0.0000
   2013.62545662      0.0000
   2013.62548516      0.0000
   2013.62551370      0.0000
   2013.62554224      0.0000
   2013.62557078      0.0000
   2013.62559932      0.0000
   2013.62562785      0.0000
   2013.62565639      0.0000
   2013.62568493      0.0000
   2013.62571347      0.0000
   2013.62574201      0.0000
   2013.62577055      0.0000
   2013.62579909      0.0000
   2013.62582763      0.0000
   2013.62585616      0.0000
   2013.62588470      0.0000
   2013.62591324      0.0000
   2013.62594178      0.0000
   2013.62597032      0.0000
   2013.62599886      0.0000
   2013.62602740      0.0000
   2013.62605594      0.0000
   2013.62608447      0.0000
   2013.62611301      0.0000
   2013.62614155      0.0000
   2013.62617009      0.0000
   2013.62619863      0.0000
   2013.62622717      0.0000
   2013.62625571      0.0000
   2013.62628425      0.0000
   2013.62631279      0.0000
   2013.62634132      0.0000
   2013.62636986      0.0000
   2013.62639840      0.0000
   2013.62642694      0.0000
   2013.62645548      0.0000
   2013.62648402      0.0000
   2013.62651256      0.0000
   2013.62654110      0.0000
   2013.62656963      0.0000
   2013.62659817      0.0000
   2013.62662671      0.0000
   2013.62665525      0.0000
   2013.62668379      0.0000
   2013.62671233      0.0000
   2013.62674087      0.0000
   2013.62676941      0.0000
   2013.62679795      0.0000
   2013.62682648      0.0000
   2013.62685502      0.0292
   2013.62688356      0.0853
   2013.62691210      0.1573
   2013.62694064      0.3585
   2013.62696918      0.8008
   2013.62699772      1.4936
   2013.62702626      2.4010
   2013.62705479      3.8095
   2013.62708333      6.1444
   2013.62711187      8.1732
   2013.62714041      9.2005
   2013.62716895      9.1295
   2013.62719749      8.7866
   2013.62722603      8.1990
   2013.62725457      7.7393
   2013.62728311      7.1323
   2013.62731164      6.6067
   2013.62734018      6.1761
   2013.62736872      6.0788
   2013.62739726      5.4603
   2013.62742580      4.7387
   2013.62745434      4.7159
   2013.62748288      3.8228
   2013.62751142      3.5534
   2013.62753995      3.1845
   2013.62756849      2.8924
   2013.62759703      2.6114
   2013.62762557      2.3575
   2013.62765411      2.1181
   2013.62768265      1.9171
   2013.62771119      1.7432
   2013.62773973      1.5898
   2013.62776826      1.4520
   2013.62779680      1.3279
   2013.62782534      1.2441
   2013.62785388      1.1248
   2013.62788242      1.0108
   2013.62791096      0.9525
   2013.62793950      0.8825
   2013.62796804      0.8154
   2013.62799658      0.7538
   2013.62802511      0.6975
   2013.62805365      0.6473
   2013.62808219      0.6028
   2013.62811073      0.5627
   2013.62813927      0.5266
   2013.62816781      0.4941
   2013.62819635      0.4644
   2013.62822489      0.4372
   2013.62825342      0.4122
   2013.62828196      0.3890
   2013.62831050      0.3676
   2013.62833904      0.3477
   2013.62836758      0.3294
   2013.62839612      0.3124
   2013.62842466      0.2966
   2013.62845320      0.2820
   2013.62848174      0.2684
   2013.62851027      0.2557
   2013.62853881      0.2439
   2013.62856735      0.2326
   2013.62859589      0.2221
   2013.62862443      0.2121
   2013.62865297      0.2028
   2013.62868151      0.1940
   2013.62871005      0.1858
   2013.62873858      0.1781
   2013.62876712      0.1708
   2013.62879566      0.1639
   2013.62882420      0.1573
   2013.62885274      0.1512
   2013.62888128      0.1453
   2013.62890982      0.1398
   2013.62893836      0.1346
   2013.62896689      0.1296
   2013.62899543      0.1249
   2013.62902397      0.1205
   2013.62905251      0.1162
   2013.62908105      0.1122
   2013.62910959      0.1085
   2013.62913813      0.1048
   2013.62916667      0.1013
