   2013.62465753      0.0000
   2013.62468607      0.0000
   2013.62471461      0.0000
   2013.62474315      0.0000
   2013.62477169      0.0000
   2013.62480023      0.0000
   2013.62482877      0.0000
   2013.62485731      0.0000
   2013.62488584      0.0000
   2013.62491438      0.0000
   2013.62494292      0.0000
   2013.62497146      0.0000
   2013.62500000      0.0000
   2013.62502854      0.0000
   2013.62505708      0.0000
   2013.62508562      0.0000
   2013.62511416      0.0000
   2013.62514269      0.0000
   2013.62517123      0.0000
   2013.62519977      0.0000
   2013.62522831      0.0000
   2013.62525685      0.0000
   2013.62528539      0.0000
   2013.62531393      0.0000
   2013.62534247      0.0000
   2013.62537100      0.0000
   2013.62539954      0.0000
   2013.62542808      0.0000
   2013.62545662      0.0000
   2013.62548516      0.0002
   2013.62551370      0.0012
   2013.62554224      0.0022
   2013.62557078      0.0031
   2013.62559932      0.0039
   2013.62562785      0.0048
   2013.62565639      0.0397
   2013.62568493      0.0880
   2013.62571347      0.1642
   2013.62574201      0.3177
   2013.62577055      0.5817
   2013.62579909      1.0362
   2013.62582763      1.7184
   2013.62585616      2.7359
   2013.62588470      4.2052
   2013.62591324      5.9764
   2013.62594178      7.1764
   2013.62597032      7.6596
   2013.62599886      7.7711
   2013.62602740      7.4775
   2013.62605594      7.0011
   2013.62608447      6.4055
   2013.62611301      6.3217
   2013.62614155      5.2144
   2013.62617009      4.6677
   2013.62619863      4.0898
   2013.62622717      3.7183
   2013.62625571      3.2487
   2013.62628425      3.1004
   2013.62631279      2.6137
   2013.62634132      2.1952
   2013.62636986      1.9554
   2013.62639840      1.7343
   2013.62642694      1.5385
   2013.62645548      1.4343
   2013.62648402      1.2277
   2013.62651256      1.0647
   2013.62654110      0.9793
   2013.62656963      0.8834
   2013.62659817      0.7936
   2013.62662671      0.7131
   2013.62665525      0.6420
   2013.62668379      0.5796
   2013.62671233      0.5243
   2013.62674087      0.4756
   2013.62676941      0.4327
   2013.62679795      0.3947
   2013.62682648      0.3607
   2013.62685502      0.3303
   2013.62688356      0.3030
   2013.62691210      0.2785
   2013.62694064      0.2562
   2013.62696918      0.2359
   2013.62699772      0.2173
   2013.62702626      0.2004
   2013.62705479      0.1850
   2013.62708333      0.1709
   2013.62711187      0.1581
   2013.62714041      0.1465
   2013.62716895      0.1358
   2013.62719749      0.1260
   2013.62722603      0.1170
   2013.62725457      0.1087
   2013.62728311      0.1011
