   2013.62465753      0.0000
   2013.62468607      0.0000
   2013.62471461      0.0000
   2013.62474315      0.0000
   2013.62477169      0.0000
   2013.62480023      0.0000
   2013.62482877      0.0000
   2013.62485731      0.0000
   2013.62488584      0.0000
   2013.62491438      0.0000
   2013.62494292      0.0000
   2013.62497146      0.0000
   2013.62500000      0.0000
   2013.62502854      0.0000
   2013.62505708      0.0000
   2013.62508562      0.0000
   2013.62511416      0.0000
   2013.62514269      0.0000
   2013.62517123      0.0000
   2013.62519977      0.0000
   2013.62522831      0.0000
   2013.62525685      0.0000
   2013.62528539      0.0000
   2013.62531393      0.0000
   2013.62534247      0.0000
   2013.62537100      0.0000
   2013.62539954      0.0000
   2013.62542808      0.0000
   2013.62545662      0.0000
   2013.62548516      0.0000
   2013.62551370      0.0000
   2013.62554224      0.0000
   2013.62557078      0.0000
   2013.62559932      0.0000
   2013.62562785      0.0000
   2013.62565639      0.0000
   2013.62568493      0.0000
   2013.62571347      0.0000
   2013.62574201      0.0000
   2013.62577055      0.0000
   2013.62579909      0.0000
   2013.62582763      0.0000
   2013.62585616      0.0000
   2013.62588470      0.0000
   2013.62591324      0.0000
   2013.62594178      0.0000
   2013.62597032      0.0000
   2013.62599886      0.0000
   2013.62602740      0.0000
   2013.62605594      0.0000
   2013.62608447      0.0000
   2013.62611301      0.0000
   2013.62614155      0.0000
   2013.62617009      0.0000
   2013.62619863      0.0000
   2013.62622717      0.0000
   2013.62625571      0.0000
   2013.62628425      0.0000
   2013.62631279      0.0000
   2013.62634132      0.0000
   2013.62636986      0.0000
   2013.62639840      0.0000
   2013.62642694      0.0000
   2013.62645548      0.0000
   2013.62648402      0.0000
   2013.62651256      0.0000
   2013.62654110      0.0000
   2013.62656963      0.0000
   2013.62659817      0.0000
   2013.62662671      0.0028
   2013.62665525      0.0031
   2013.62668379      0.0035
   2013.62671233      0.0047
   2013.62674087      0.0390
   2013.62676941      0.0806
   2013.62679795      0.1462
   2013.62682648      0.2692
   2013.62685502      0.4641
   2013.62688356      0.7713
   2013.62691210      1.2318
   2013.62694064      1.9368
   2013.62696918      2.9159
   2013.62699772      4.2230
   2013.62702626      5.3604
   2013.62705479      6.2300
   2013.62708333      6.2011
   2013.62711187      6.0950
   2013.62714041      5.9873
   2013.62716895      5.5890
   2013.62719749      5.2042
   2013.62722603      4.7590
   2013.62725457      4.3666
   2013.62728311      4.1896
   2013.62731164      3.6345
   2013.62734018      3.3478
   2013.62736872      2.9805
   2013.62739726      2.7007
   2013.62742580      2.4457
   2013.62745434      2.2181
   2013.62748288      2.0052
   2013.62751142      1.8248
   2013.62753995      1.6692
   2013.62756849      1.5312
   2013.62759703      1.4067
   2013.62762557      1.2939
   2013.62765411      1.2172
   2013.62768265      1.1076
   2013.62771119      0.9990
   2013.62773973      0.9469
   2013.62776826      0.8817
   2013.62779680      0.8184
   2013.62782534      0.7599
   2013.62785388      0.7060
   2013.62788242      0.6575
   2013.62791096      0.6144
   2013.62793950      0.5754
   2013.62796804      0.5401
   2013.62799658      0.5080
   2013.62802511      0.4786
   2013.62805365      0.4515
   2013.62808219      0.4265
   2013.62811073      0.4032
   2013.62813927      0.3815
   2013.62816781      0.3614
   2013.62819635      0.3427
   2013.62822489      0.3253
   2013.62825342      0.3091
   2013.62828196      0.2940
   2013.62831050      0.2799
   2013.62833904      0.2668
   2013.62836758      0.2545
   2013.62839612      0.2430
   2013.62842466      0.2320
   2013.62845320      0.2217
   2013.62848174      0.2119
   2013.62851027      0.2027
   2013.62853881      0.1941
   2013.62856735      0.1860
   2013.62859589      0.1783
   2013.62862443      0.1711
   2013.62865297      0.1642
   2013.62868151      0.1577
   2013.62871005      0.1515
   2013.62873858      0.1457
   2013.62876712      0.1402
   2013.62879566      0.1349
   2013.62882420      0.1300
   2013.62885274      0.1252
   2013.62888128      0.1208
   2013.62890982      0.1165
   2013.62893836      0.1124
   2013.62896689      0.1086
   2013.62899543      0.1049
   2013.62902397      0.1014
