   2013.62465753      0.0000
   2013.62468607      0.0000
   2013.62471461      0.0000
   2013.62474315      0.0000
   2013.62477169      0.0000
   2013.62480023      0.0000
   2013.62482877      0.0000
   2013.62485731      0.0000
   2013.62488584      0.0000
   2013.62491438      0.0000
   2013.62494292      0.0000
   2013.62497146      0.0000
   2013.62500000      0.0000
   2013.62502854      0.0000
   2013.62505708      0.0000
   2013.62508562      0.0000
   2013.62511416      0.0000
   2013.62514269      0.0092
   2013.62517123      0.0390
   2013.62519977      0.1265
   2013.62522831      0.3103
   2013.62525685      0.8459
   2013.62528539      2.1768
   2013.62531393      4.4483
   2013.62534247      8.6665
   2013.62537100     15.2802
   2013.62539954     19.8663
   2013.62542808     21.1127
   2013.62545662     20.3292
   2013.62548516     18.7385
   2013.62551370     16.8771
   2013.62554224     14.6715
   2013.62557078     12.1440
   2013.62559932     11.1053
   2013.62562785      9.5700
   2013.62565639      8.7899
   2013.62568493      7.0374
   2013.62571347      6.5931
   2013.62574201      5.9420
   2013.62577055      5.6076
   2013.62579909      4.9230
   2013.62582763      4.5719
   2013.62585616      4.1610
   2013.62588470      3.8733
   2013.62591324      3.6127
   2013.62594178      3.7579
   2013.62597032      3.5937
   2013.62599886      3.4856
   2013.62602740      3.6487
   2013.62605594      3.6631
   2013.62608447      3.6228
   2013.62611301      3.7258
   2013.62614155      3.6717
   2013.62617009      4.0156
   2013.62619863      4.0148
   2013.62622717      4.1743
   2013.62625571      4.1077
   2013.62628425      4.5295
   2013.62631279      4.5275
   2013.62634132      4.7506
   2013.62636986      4.6008
   2013.62639840      5.1183
   2013.62642694      5.0692
   2013.62645548      5.3523
   2013.62648402      5.0951
   2013.62651256      5.7100
   2013.62654110      5.5638
   2013.62656963      5.7012
   2013.62659817      5.5495
   2013.62662671      5.9841
   2013.62665525      5.9746
   2013.62668379      5.9765
   2013.62671233      5.8506
   2013.62674087      6.1883
   2013.62676941      6.2369
   2013.62679795      6.1988
   2013.62682648      6.1248
   2013.62685502      6.4907
   2013.62688356      6.3541
   2013.62691210      6.2531
   2013.62694064      5.8016
   2013.62696918      6.2515
   2013.62699772      6.5499
   2013.62702626      6.4884
   2013.62705479      5.8993
   2013.62708333      5.8556
   2013.62711187      5.5398
   2013.62714041      5.5939
   2013.62716895      5.9652
   2013.62719749      5.8826
   2013.62722603      5.6234
   2013.62725457      5.2472
   2013.62728311      4.8619
   2013.62731164      4.5875
   2013.62734018      4.4869
   2013.62736872      4.4089
   2013.62739726      4.2653
   2013.62742580      4.1032
   2013.62745434      3.8512
   2013.62748288      3.7527
   2013.62751142      3.4971
   2013.62753995      3.3757
   2013.62756849      3.0637
   2013.62759703      2.9432
   2013.62762557      2.7388
   2013.62765411      2.5765
   2013.62768265      2.4042
   2013.62771119      2.2332
   2013.62773973      2.0720
   2013.62776826      1.9111
   2013.62779680      1.7812
   2013.62782534      1.6710
   2013.62785388      1.5710
   2013.62788242      1.4746
   2013.62791096      1.3792
   2013.62793950      1.2865
   2013.62796804      1.1981
   2013.62799658      1.1115
   2013.62802511      1.0378
   2013.62805365      0.9652
   2013.62808219      0.9008
   2013.62811073      0.8393
   2013.62813927      0.7798
   2013.62816781      0.7232
   2013.62819635      0.6708
   2013.62822489      0.6229
   2013.62825342      0.5787
   2013.62828196      0.5380
   2013.62831050      0.5006
   2013.62833904      0.4663
   2013.62836758      0.4348
   2013.62839612      0.4057
   2013.62842466      0.3788
   2013.62845320      0.3538
   2013.62848174      0.3305
   2013.62851027      0.3088
   2013.62853881      0.2887
   2013.62856735      0.2700
   2013.62859589      0.2525
   2013.62862443      0.2362
   2013.62865297      0.2208
   2013.62868151      0.2064
   2013.62871005      0.1929
   2013.62873858      0.1804
   2013.62876712      0.1687
   2013.62879566      0.1579
   2013.62882420      0.1477
   2013.62885274      0.1383
   2013.62888128      0.1295
   2013.62890982      0.1213
   2013.62893836      0.1136
   2013.62896689      0.1064
