   2013.62465753      0.0000
   2013.62468607      0.0000
   2013.62471461      0.0000
   2013.62474315      0.0000
   2013.62477169      0.0000
   2013.62480023      0.0000
   2013.62482877      0.0000
   2013.62485731      0.0000
   2013.62488584      0.0000
   2013.62491438      0.0000
   2013.62494292      0.0000
   2013.62497146      0.0000
   2013.62500000      0.0000
   2013.62502854      0.0000
   2013.62505708      0.0000
   2013.62508562      0.0000
   2013.62511416      0.0000
   2013.62514269      0.0000
   2013.62517123      0.0000
   2013.62519977      0.0000
   2013.62522831      0.0000
   2013.62525685      0.0000
   2013.62528539      0.0000
   2013.62531393      0.0000
   2013.62534247      0.0000
   2013.62537100      0.0000
   2013.62539954      0.0000
   2013.62542808      0.0000
   2013.62545662      0.0000
   2013.62548516      0.0000
   2013.62551370      0.0000
   2013.62554224      0.0000
   2013.62557078      0.0000
   2013.62559932      0.0063
   2013.62562785      0.0118
   2013.62565639      0.0489
   2013.62568493      0.0943
   2013.62571347      0.1789
   2013.62574201      0.3325
   2013.62577055      0.5802
   2013.62579909      0.9598
   2013.62582763      1.5189
   2013.62585616      2.3802
   2013.62588470      3.6480
   2013.62591324      5.2162
   2013.62594178      6.5016
   2013.62597032      7.2077
   2013.62599886      7.5097
   2013.62602740      7.7773
   2013.62605594      7.9918
   2013.62608447      8.2220
   2013.62611301      8.4047
   2013.62614155      8.7777
   2013.62617009      8.8251
   2013.62619863      9.0637
   2013.62622717      9.2512
   2013.62625571      9.4591
   2013.62628425      9.6801
   2013.62631279      9.9149
   2013.62634132     10.0854
   2013.62636986      9.9103
   2013.62639840      9.9731
   2013.62642694      9.7316
   2013.62645548      9.2905
   2013.62648402      8.7176
   2013.62651256      8.6742
   2013.62654110      8.1590
   2013.62656963      7.6858
   2013.62659817      6.8969
   2013.62662671      7.0958
   2013.62665525      6.4271
   2013.62668379      6.1999
   2013.62671233      5.4465
   2013.62674087      5.6910
   2013.62676941      5.3576
   2013.62679795      5.3637
   2013.62682648      4.9439
   2013.62685502      5.3178
   2013.62688356      5.1725
   2013.62691210      5.2951
   2013.62694064      5.0565
   2013.62696918      5.3661
   2013.62699772      5.2159
   2013.62702626      5.2690
   2013.62705479      4.9792
   2013.62708333      5.2505
   2013.62711187      5.0495
   2013.62714041      5.0185
   2013.62716895      4.7644
   2013.62719749      4.7777
   2013.62722603      4.7801
   2013.62725457      4.6196
   2013.62728311      4.3344
   2013.62731164      4.3715
   2013.62734018      4.2927
   2013.62736872      4.1415
   2013.62739726      4.0171
   2013.62742580      3.8573
   2013.62745434      3.7467
   2013.62748288      3.7959
   2013.62751142      3.2886
   2013.62753995      3.3860
   2013.62756849      3.2214
   2013.62759703      3.1131
   2013.62762557      3.0364
   2013.62765411      2.9285
   2013.62768265      2.7872
   2013.62771119      2.6629
   2013.62773973      2.5341
   2013.62776826      2.4747
   2013.62779680      2.3644
   2013.62782534      2.2076
   2013.62785388      2.1446
   2013.62788242      2.0870
   2013.62791096      1.9997
   2013.62793950      1.8663
   2013.62796804      1.8107
   2013.62799658      1.7645
   2013.62802511      1.6947
   2013.62805365      1.5865
   2013.62808219      1.4255
   2013.62811073      1.5008
   2013.62813927      1.4483
   2013.62816781      1.3754
   2013.62819635      1.2463
   2013.62822489      1.3025
   2013.62825342      1.2819
   2013.62828196      1.2016
   2013.62831050      1.1082
   2013.62833904      1.1599
   2013.62836758      1.1762
   2013.62839612      1.0975
   2013.62842466      1.0725
   2013.62845320      1.0921
   2013.62848174      1.0815
   2013.62851027      1.0683
   2013.62853881      1.0308
   2013.62856735      1.0993
   2013.62859589      1.1185
   2013.62862443      1.1263
   2013.62865297      1.1909
   2013.62868151      1.2259
   2013.62871005      1.2738
   2013.62873858      1.3122
   2013.62876712      1.4288
   2013.62879566      1.5228
   2013.62882420      1.6188
   2013.62885274      1.6993
   2013.62888128      1.8924
   2013.62890982      2.0538
   2013.62893836      2.1615
   2013.62896689      2.3190
   2013.62899543      2.5822
   2013.62902397      2.7928
   2013.62905251      2.9155
   2013.62908105      3.0904
   2013.62910959      3.2827
   2013.62913813      3.6293
   2013.62916667      3.7251
   2013.62919521      3.9632
   2013.62922374      3.9767
   2013.62925228      4.4353
   2013.62928082      4.4770
   2013.62930936      4.7307
   2013.62933790      4.5750
   2013.62936644      5.0800
   2013.62939498      5.0378
   2013.62942352      5.2767
   2013.62945205      5.1065
   2013.62948059      5.6447
   2013.62950913      5.5120
   2013.62953767      5.6404
   2013.62956621      5.0615
   2013.62959475      5.3761
   2013.62962329      5.5818
   2013.62965183      5.9569
   2013.62968037      5.3914
   2013.62970890      5.5372
   2013.62973744      5.1429
   2013.62976598      4.9808
   2013.62979452      4.9583
   2013.62982306      5.0520
   2013.62985160      5.0239
   2013.62988014      4.8042
   2013.62990868      4.4939
   2013.62993721      4.1867
   2013.62996575      3.9112
   2013.62999429      3.7923
   2013.63002283      3.6849
   2013.63005137      3.7388
   2013.63007991      3.3637
   2013.63010845      3.2508
   2013.63013699      3.0555
   2013.63016553      2.8527
   2013.63019406      2.6124
   2013.63022260      2.4572
   2013.63025114      2.3143
   2013.63027968      2.1799
   2013.63030822      2.0407
   2013.63033676      1.8919
   2013.63036530      1.7615
   2013.63039384      1.6375
   2013.63042237      1.5213
   2013.63045091      1.4129
   2013.63047945      1.3138
   2013.63050799      1.2239
   2013.63053653      1.1874
   2013.63056507      1.0656
   2013.63059361      0.9966
   2013.63062215      0.9296
   2013.63065068      0.8684
   2013.63067922      0.8081
   2013.63070776      0.7495
   2013.63073630      0.6943
   2013.63076484      0.6436
   2013.63079338      0.5973
   2013.63082192      0.5546
   2013.63085046      0.5153
   2013.63087900      0.4794
   2013.63090753      0.4465
   2013.63093607      0.4161
   2013.63096461      0.3880
   2013.63099315      0.3620
   2013.63102169      0.3377
   2013.63105023      0.3151
   2013.63107877      0.2942
   2013.63110731      0.2748
   2013.63113584      0.2567
   2013.63116438      0.2398
   2013.63119292      0.2240
   2013.63122146      0.2092
   2013.63125000      0.1954
   2013.63127854      0.1826
   2013.63130708      0.1707
   2013.63133562      0.1597
   2013.63136416      0.1494
   2013.63139269      0.1398
   2013.63142123      0.1309
   2013.63144977      0.1226
   2013.63147831      0.1149
   2013.63150685      0.1077
   2013.63153539      0.1010
