   2013.62465753      0.0000
   2013.62468607      0.0000
   2013.62471461      0.0000
   2013.62474315      0.0000
   2013.62477169      0.0000
   2013.62480023      0.0000
   2013.62482877      0.0000
   2013.62485731      0.0000
   2013.62488584      0.0000
   2013.62491438      0.0000
   2013.62494292      0.0000
   2013.62497146      0.0000
   2013.62500000      0.0000
   2013.62502854      0.0000
   2013.62505708      0.0000
   2013.62508562      0.0000
   2013.62511416      0.0000
   2013.62514269      0.0000
   2013.62517123      0.0000
   2013.62519977      0.0000
   2013.62522831      0.0000
   2013.62525685      0.0000
   2013.62528539      0.0000
   2013.62531393      0.0000
   2013.62534247      0.0000
   2013.62537100      0.0000
   2013.62539954      0.0000
   2013.62542808      0.0000
   2013.62545662      0.0000
   2013.62548516      0.0000
   2013.62551370      0.0000
   2013.62554224      0.0000
   2013.62557078      0.0000
   2013.62559932      0.0000
   2013.62562785      0.0000
   2013.62565639      0.0000
   2013.62568493      0.0000
   2013.62571347      0.0000
   2013.62574201      0.0000
   2013.62577055      0.0000
   2013.62579909      0.0000
   2013.62582763      0.0000
   2013.62585616      0.0000
   2013.62588470      0.0000
   2013.62591324      0.0000
   2013.62594178      0.0006
   2013.62597032      0.0006
   2013.62599886      0.0007
   2013.62602740      0.0014
   2013.62605594      0.0014
   2013.62608447      0.0014
   2013.62611301      0.0014
   2013.62614155      0.0023
   2013.62617009      0.0023
   2013.62619863      0.0221
   2013.62622717      0.0501
   2013.62625571      0.0789
   2013.62628425      0.1249
   2013.62631279      0.1918
   2013.62634132      0.2808
   2013.62636986      0.4195
   2013.62639840      0.5908
   2013.62642694      0.8498
   2013.62645548      1.1910
   2013.62648402      1.7393
   2013.62651256      2.4764
   2013.62654110      3.1843
   2013.62656963      3.6865
   2013.62659817      4.2261
   2013.62662671      4.5077
   2013.62665525      4.6420
   2013.62668379      4.8247
   2013.62671233      5.1204
   2013.62674087      5.0866
   2013.62676941      5.2051
   2013.62679795      5.2927
   2013.62682648      5.3701
   2013.62685502      5.3492
   2013.62688356      5.4503
   2013.62691210      5.3223
   2013.62694064      5.2115
   2013.62696918      5.0078
   2013.62699772      5.0031
   2013.62702626      4.4686
   2013.62705479      4.2475
   2013.62708333      3.9868
   2013.62711187      3.6724
   2013.62714041      3.2465
   2013.62716895      3.0580
   2013.62719749      2.7991
   2013.62722603      2.6007
   2013.62725457      2.4086
   2013.62728311      2.2008
   2013.62731164      2.0012
   2013.62734018      1.8197
   2013.62736872      1.6515
   2013.62739726      1.4978
   2013.62742580      1.3589
   2013.62745434      1.2980
   2013.62748288      1.1394
   2013.62751142      1.0402
   2013.62753995      0.9495
   2013.62756849      0.8816
   2013.62759703      0.8140
   2013.62762557      0.7517
   2013.62765411      0.6941
   2013.62768265      0.6417
   2013.62771119      0.5944
   2013.62773973      0.5511
   2013.62776826      0.5117
   2013.62779680      0.4758
   2013.62782534      0.4429
   2013.62785388      0.4125
   2013.62788242      0.3844
   2013.62791096      0.3582
   2013.62793950      0.3340
   2013.62796804      0.3114
   2013.62799658      0.2905
   2013.62802511      0.2712
   2013.62805365      0.2532
   2013.62808219      0.2365
   2013.62811073      0.2208
   2013.62813927      0.2061
   2013.62816781      0.1925
   2013.62819635      0.1798
   2013.62822489      0.1680
   2013.62825342      0.1570
   2013.62828196      0.1468
   2013.62831050      0.1373
   2013.62833904      0.1284
   2013.62836758      0.1201
   2013.62839612      0.1124
   2013.62842466      0.1051
