   2013.62465753      0.0000
   2013.62468607      0.0000
   2013.62471461      0.0000
   2013.62474315      0.0000
   2013.62477169      0.0000
   2013.62480023      0.0000
   2013.62482877      0.0000
   2013.62485731      0.0000
   2013.62488584      0.0000
   2013.62491438      0.0000
   2013.62494292      0.0000
   2013.62497146      0.0000
   2013.62500000      0.0000
   2013.62502854      0.0000
   2013.62505708      0.0000
   2013.62508562      0.0000
   2013.62511416      0.0000
   2013.62514269      0.0000
   2013.62517123      0.0000
   2013.62519977      0.0000
   2013.62522831      0.0000
   2013.62525685      0.0000
   2013.62528539      0.0000
   2013.62531393      0.0000
   2013.62534247      0.0000
   2013.62537100      0.0000
   2013.62539954      0.0000
   2013.62542808      0.0000
   2013.62545662      0.0000
   2013.62548516      0.0000
   2013.62551370      0.0000
   2013.62554224      0.0000
   2013.62557078      0.0000
   2013.62559932      0.0000
   2013.62562785      0.0000
   2013.62565639      0.0000
   2013.62568493      0.0000
   2013.62571347      0.0000
   2013.62574201      0.0000
   2013.62577055      0.0000
   2013.62579909      0.0000
   2013.62582763      0.0000
   2013.62585616      0.0000
   2013.62588470      0.0000
   2013.62591324      0.0000
   2013.62594178      0.0000
   2013.62597032      0.0000
   2013.62599886      0.0000
   2013.62602740      0.0000
   2013.62605594      0.0007
   2013.62608447      0.0013
   2013.62611301      0.0017
   2013.62614155      0.0025
   2013.62617009      0.0027
   2013.62619863      0.0030
   2013.62622717      0.0082
   2013.62625571      0.0450
   2013.62628425      0.0819
   2013.62631279      0.1422
   2013.62634132      0.2404
   2013.62636986      0.3990
   2013.62639840      0.6366
   2013.62642694      0.9904
   2013.62645548      1.5129
   2013.62648402      2.2879
   2013.62651256      3.3768
   2013.62654110      4.6902
   2013.62656963      5.4929
   2013.62659817      6.1367
   2013.62662671      6.4890
   2013.62665525      6.7238
   2013.62668379      6.8631
   2013.62671233      7.0069
   2013.62674087      7.1599
   2013.62676941      7.1941
   2013.62679795      7.0824
   2013.62682648      6.8810
   2013.62685502      6.7994
   2013.62688356      6.7020
   2013.62691210      6.6142
   2013.62694064      6.2763
   2013.62696918      5.9158
   2013.62699772      5.9942
   2013.62702626      5.4422
   2013.62705479      4.7948
   2013.62708333      4.5412
   2013.62711187      4.1287
   2013.62714041      3.9782
   2013.62716895      3.5316
   2013.62719749      3.3049
   2013.62722603      3.0731
   2013.62725457      2.8545
   2013.62728311      2.6836
   2013.62731164      2.5058
   2013.62734018      2.2963
   2013.62736872      2.2115
   2013.62739726      2.0506
   2013.62742580      1.9762
   2013.62745434      1.8342
   2013.62748288      1.7364
   2013.62751142      1.6462
   2013.62753995      1.5763
   2013.62756849      1.4774
   2013.62759703      1.4026
   2013.62762557      1.3326
   2013.62765411      1.2662
   2013.62768265      1.2020
   2013.62771119      1.1375
   2013.62773973      1.0977
   2013.62776826      1.0301
   2013.62779680      0.9385
   2013.62782534      0.9204
   2013.62785388      0.8762
   2013.62788242      0.8291
   2013.62791096      0.7835
   2013.62793950      0.7396
   2013.62796804      0.6983
   2013.62799658      0.6603
   2013.62802511      0.6256
   2013.62805365      0.5933
   2013.62808219      0.5628
   2013.62811073      0.5342
   2013.62813927      0.5073
   2013.62816781      0.4821
   2013.62819635      0.4583
   2013.62822489      0.4359
   2013.62825342      0.4146
   2013.62828196      0.3945
   2013.62831050      0.3756
   2013.62833904      0.3577
   2013.62836758      0.3408
   2013.62839612      0.3250
   2013.62842466      0.3100
   2013.62845320      0.2960
   2013.62848174      0.2827
   2013.62851027      0.2703
   2013.62853881      0.2612
   2013.62856735      0.2505
   2013.62859589      0.2400
   2013.62862443      0.2300
   2013.62865297      0.2269
   2013.62868151      0.2193
   2013.62871005      0.2112
   2013.62873858      0.2036
   2013.62876712      0.2055
   2013.62879566      0.2014
   2013.62882420      0.1964
   2013.62885274      0.1920
   2013.62888128      0.2001
   2013.62890982      0.2006
   2013.62893836      0.2004
   2013.62896689      0.2014
   2013.62899543      0.2187
   2013.62902397      0.2268
   2013.62905251      0.2338
   2013.62908105      0.2429
   2013.62910959      0.2729
   2013.62913813      0.2926
   2013.62916667      0.3110
   2013.62919521      0.3416
   2013.62922374      0.3931
   2013.62925228      0.4383
   2013.62928082      0.4859
   2013.62930936      0.5305
   2013.62933790      0.6355
   2013.62936644      0.7342
   2013.62939498      0.8505
   2013.62942352      0.9823
   2013.62945205      1.1839
   2013.62948059      1.4132
   2013.62950913      1.6266
   2013.62953767      1.7929
   2013.62956621      1.9684
   2013.62959475      2.1002
   2013.62962329      2.1716
   2013.62965183      2.2205
   2013.62968037      2.3020
   2013.62970890      2.3441
   2013.62973744      2.3540
   2013.62976598      2.3466
   2013.62979452      2.3750
   2013.62982306      2.3646
   2013.62985160      2.3352
   2013.62988014      2.3012
   2013.62990868      2.2890
   2013.62993721      2.2442
   2013.62996575      2.1992
   2013.62999429      2.1405
   2013.63002283      2.0996
   2013.63005137      2.0443
   2013.63007991      1.9821
   2013.63010845      1.8763
   2013.63013699      1.8624
   2013.63016553      1.7912
   2013.63019406      1.6933
   2013.63022260      1.6331
   2013.63025114      1.5658
   2013.63027968      1.5421
   2013.63030822      1.4372
   2013.63033676      1.3741
   2013.63036530      1.3129
   2013.63039384      1.2536
   2013.63042237      1.1624
   2013.63045091      1.1734
   2013.63047945      1.0782
   2013.63050799      1.0167
   2013.63053653      0.9439
   2013.63056507      0.9103
   2013.63059361      0.8648
   2013.63062215      0.8191
   2013.63065068      0.7749
   2013.63067922      0.7324
   2013.63070776      0.6924
   2013.63073630      0.6555
   2013.63076484      0.6216
   2013.63079338      0.5897
   2013.63082192      0.5597
   2013.63085046      0.5315
   2013.63087900      0.5049
   2013.63090753      0.4800
   2013.63093607      0.4565
   2013.63096461      0.4342
   2013.63099315      0.4132
   2013.63102169      0.3933
   2013.63105023      0.3745
   2013.63107877      0.3567
   2013.63110731      0.3400
   2013.63113584      0.3242
   2013.63116438      0.3094
   2013.63119292      0.2954
   2013.63122146      0.2822
   2013.63125000      0.2698
   2013.63127854      0.2581
   2013.63130708      0.2470
   2013.63133562      0.2365
   2013.63136416      0.2264
   2013.63139269      0.2168
   2013.63142123      0.2077
   2013.63144977      0.1992
   2013.63147831      0.1911
   2013.63150685      0.1834
   2013.63153539      0.1761
   2013.63156393      0.1692
   2013.63159247      0.1627
   2013.63162100      0.1564
   2013.63164954      0.1505
   2013.63167808      0.1449
   2013.63170662      0.1395
   2013.63173516      0.1344
   2013.63176370      0.1296
   2013.63179224      0.1249
   2013.63182078      0.1206
   2013.63184932      0.1164
   2013.63187785      0.1124
   2013.63190639      0.1086
   2013.63193493      0.1050
   2013.63196347      0.1015
