   2013.62465753      0.0000
   2013.62468607      0.0000
   2013.62471461      0.0000
   2013.62474315      0.0000
   2013.62477169      0.0000
   2013.62480023      0.0000
   2013.62482877      0.0000
   2013.62485731      0.0000
   2013.62488584      0.0000
   2013.62491438      0.0000
   2013.62494292      0.0000
   2013.62497146      0.0000
   2013.62500000      0.0000
   2013.62502854      0.0000
   2013.62505708      0.0000
   2013.62508562      0.0000
   2013.62511416      0.0000
   2013.62514269      0.0000
   2013.62517123      0.0000
   2013.62519977      0.0000
   2013.62522831      0.0000
   2013.62525685      0.0000
   2013.62528539      0.0000
   2013.62531393      0.0000
   2013.62534247      0.0000
   2013.62537100      0.0000
   2013.62539954      0.0000
   2013.62542808      0.0000
   2013.62545662      0.0000
   2013.62548516      0.0000
   2013.62551370      0.0000
   2013.62554224      0.0000
   2013.62557078      0.0000
   2013.62559932      0.0000
   2013.62562785      0.0000
   2013.62565639      0.0000
   2013.62568493      0.0000
   2013.62571347      0.0000
   2013.62574201      0.0000
   2013.62577055      0.0000
   2013.62579909      0.0000
   2013.62582763      0.0064
   2013.62585616      0.0103
   2013.62588470      0.0514
   2013.62591324      0.1024
   2013.62594178      0.1765
   2013.62597032      0.3082
   2013.62599886      0.5477
   2013.62602740      0.9455
   2013.62605594      1.5804
   2013.62608447      2.5017
   2013.62611301      3.7672
   2013.62614155      5.6004
   2013.62617009      7.0696
   2013.62619863      7.9377
   2013.62622717      8.5540
   2013.62625571      8.7962
   2013.62628425      8.9880
   2013.62631279      9.3084
   2013.62634132      9.4233
   2013.62636986      9.7415
   2013.62639840      9.7796
   2013.62642694      9.6987
   2013.62645548      9.1909
   2013.62648402      8.8516
   2013.62651256      8.4155
   2013.62654110      8.0058
   2013.62656963      7.7143
   2013.62659817      7.5125
   2013.62662671      7.2377
   2013.62665525      7.1054
   2013.62668379      5.8061
   2013.62671233      5.1988
   2013.62674087      4.5314
   2013.62676941      3.9722
   2013.62679795      3.4399
   2013.62682648      3.0037
   2013.62685502      2.7847
   2013.62688356      2.4142
   2013.62691210      2.1322
   2013.62694064      1.8266
   2013.62696918      1.6357
   2013.62699772      1.4674
   2013.62702626      1.3204
   2013.62705479      1.2072
   2013.62708333      1.0880
   2013.62711187      0.9818
   2013.62714041      0.9010
   2013.62716895      0.8203
   2013.62719749      0.7459
   2013.62722603      0.6781
   2013.62725457      0.6175
   2013.62728311      0.5632
   2013.62731164      0.5145
   2013.62734018      0.4712
   2013.62736872      0.4324
   2013.62739726      0.3975
   2013.62742580      0.3659
   2013.62745434      0.3372
   2013.62748288      0.3112
   2013.62751142      0.2874
   2013.62753995      0.2658
   2013.62756849      0.2459
   2013.62759703      0.2276
   2013.62762557      0.2107
   2013.62765411      0.1952
   2013.62768265      0.1810
   2013.62771119      0.1680
   2013.62773973      0.1561
   2013.62776826      0.1452
   2013.62779680      0.1351
   2013.62782534      0.1258
   2013.62785388      0.1172
   2013.62788242      0.1092
   2013.62791096      0.1019
