   2013.62465753      0.0000
   2013.62468607      0.0000
   2013.62471461      0.0000
   2013.62474315      0.0000
   2013.62477169      0.0000
   2013.62480023      0.0000
   2013.62482877      0.0000
   2013.62485731      0.0000
   2013.62488584      0.0000
   2013.62491438      0.0000
   2013.62494292      0.0000
   2013.62497146      0.0000
   2013.62500000      0.0000
   2013.62502854      0.0000
   2013.62505708      0.0000
   2013.62508562      0.0000
   2013.62511416      0.0000
   2013.62514269      0.0000
   2013.62517123      0.0000
   2013.62519977      0.0000
   2013.62522831      0.0000
   2013.62525685      0.0000
   2013.62528539      0.0000
   2013.62531393      0.0000
   2013.62534247      0.0000
   2013.62537100      0.0000
   2013.62539954      0.0000
   2013.62542808      0.0000
   2013.62545662      0.0000
   2013.62548516      0.0000
   2013.62551370      0.0000
   2013.62554224      0.0000
   2013.62557078      0.0000
   2013.62559932      0.0000
   2013.62562785      0.0000
   2013.62565639      0.0000
   2013.62568493      0.0000
   2013.62571347      0.0000
   2013.62574201      0.0000
   2013.62577055      0.0000
   2013.62579909      0.0000
   2013.62582763      0.0000
   2013.62585616      0.0000
   2013.62588470      0.0000
   2013.62591324      0.0000
   2013.62594178      0.0000
   2013.62597032      0.0000
   2013.62599886      0.0000
   2013.62602740      0.0000
   2013.62605594      0.0000
   2013.62608447      0.0000
   2013.62611301      0.0000
   2013.62614155      0.0000
   2013.62617009      0.1655
   2013.62619863      0.3441
   2013.62622717      1.0595
   2013.62625571      2.3367
   2013.62628425      4.0435
   2013.62631279      7.4064
   2013.62634132     12.4582
   2013.62636986     15.1804
   2013.62639840     14.7604
   2013.62642694     13.1856
   2013.62645548     11.7370
   2013.62648402     10.1456
   2013.62651256      8.8909
   2013.62654110      8.0359
   2013.62656963      7.4906
   2013.62659817      6.0437
   2013.62662671      5.7766
   2013.62665525      4.7060
   2013.62668379      4.0818
   2013.62671233      3.7128
   2013.62674087      3.2325
   2013.62676941      3.0586
   2013.62679795      2.5925
   2013.62682648      2.2802
   2013.62685502      1.9393
   2013.62688356      1.7250
   2013.62691210      1.5356
   2013.62694064      1.3711
   2013.62696918      1.2238
   2013.62699772      1.1129
   2013.62702626      1.0139
   2013.62705479      0.9286
   2013.62708333      0.8536
   2013.62711187      0.7843
   2013.62714041      0.7206
   2013.62716895      0.6629
   2013.62719749      0.6113
   2013.62722603      0.5640
   2013.62725457      0.5208
   2013.62728311      0.4813
   2013.62731164      0.4453
   2013.62734018      0.4123
   2013.62736872      0.3818
   2013.62739726      0.3537
   2013.62742580      0.3277
   2013.62745434      0.3038
   2013.62748288      0.2818
   2013.62751142      0.2614
   2013.62753995      0.2426
   2013.62756849      0.2251
   2013.62759703      0.2089
   2013.62762557      0.1939
   2013.62765411      0.1800
   2013.62768265      0.1673
   2013.62771119      0.1556
   2013.62773973      0.1447
   2013.62776826      0.1347
   2013.62779680      0.1255
   2013.62782534      0.1169
   2013.62785388      0.1090
   2013.62788242      0.1016
