   2013.62465753      0.0000
   2013.62468607      0.0000
   2013.62471461      0.0000
   2013.62474315      0.0000
   2013.62477169      0.0000
   2013.62480023      0.0000
   2013.62482877      0.0000
   2013.62485731      0.0000
   2013.62488584      0.0000
   2013.62491438      0.0000
   2013.62494292      0.0000
   2013.62497146      0.0000
   2013.62500000      0.0000
   2013.62502854      0.0000
   2013.62505708      0.0000
   2013.62508562      0.0000
   2013.62511416      0.0000
   2013.62514269      0.0000
   2013.62517123      0.0000
   2013.62519977      0.0000
   2013.62522831      0.0000
   2013.62525685      0.0000
   2013.62528539      0.0000
   2013.62531393      0.0000
   2013.62534247      0.0000
   2013.62537100      0.0000
   2013.62539954      0.0000
   2013.62542808      0.0000
   2013.62545662      0.0000
   2013.62548516      0.0000
   2013.62551370      0.0000
   2013.62554224      0.0000
   2013.62557078      0.0000
   2013.62559932      0.0000
   2013.62562785      0.0000
   2013.62565639      0.0000
   2013.62568493      0.0000
   2013.62571347      0.0000
   2013.62574201      0.0000
   2013.62577055      0.0000
   2013.62579909      0.0000
   2013.62582763      0.0000
   2013.62585616      0.0000
   2013.62588470      0.0000
   2013.62591324      0.0000
   2013.62594178      0.0000
   2013.62597032      0.0000
   2013.62599886      0.0000
   2013.62602740      0.0000
   2013.62605594      0.1656
   2013.62608447      0.3291
   2013.62611301      1.0365
   2013.62614155      2.6561
   2013.62617009      5.6357
   2013.62619863     12.8111
   2013.62622717     17.1207
   2013.62625571     16.1320
   2013.62628425     13.7606
   2013.62631279     11.4639
   2013.62634132      9.4624
   2013.62636986      8.8846
   2013.62639840      6.7284
   2013.62642694      5.7503
   2013.62645548      4.8681
   2013.62648402      4.2376
   2013.62651256      3.7551
   2013.62654110      3.2485
   2013.62656963      2.8804
   2013.62659817      2.5605
   2013.62662671      2.2880
   2013.62665525      2.0552
   2013.62668379      1.8531
   2013.62671233      1.6876
   2013.62674087      1.5484
   2013.62676941      1.4291
   2013.62679795      1.3252
   2013.62682648      1.2320
   2013.62685502      1.1764
   2013.62688356      1.0928
   2013.62691210      1.0340
   2013.62694064      0.9495
   2013.62696918      0.9214
   2013.62699772      0.8746
   2013.62702626      0.8266
   2013.62705479      0.7819
   2013.62708333      0.7402
   2013.62711187      0.7008
   2013.62714041      0.6637
   2013.62716895      0.6288
   2013.62719749      0.5959
   2013.62722603      0.5648
   2013.62725457      0.5357
   2013.62728311      0.5085
   2013.62731164      0.4828
   2013.62734018      0.4584
   2013.62736872      0.4353
   2013.62739726      0.4131
   2013.62742580      0.3919
   2013.62745434      0.3715
   2013.62748288      0.3519
   2013.62751142      0.3333
   2013.62753995      0.3155
   2013.62756849      0.2987
   2013.62759703      0.2826
   2013.62762557      0.2674
   2013.62765411      0.2528
   2013.62768265      0.2390
   2013.62771119      0.2257
   2013.62773973      0.2128
   2013.62776826      0.2005
   2013.62779680      0.1889
   2013.62782534      0.1778
   2013.62785388      0.1673
   2013.62788242      0.1574
   2013.62791096      0.1481
   2013.62793950      0.1392
   2013.62796804      0.1309
   2013.62799658      0.1230
   2013.62802511      0.1156
   2013.62805365      0.1085
   2013.62808219      0.1020
