   2013.62465753      0.0000
   2013.62468607      0.0000
   2013.62471461      0.0000
   2013.62474315      0.0000
   2013.62477169      0.0000
   2013.62480023      0.0000
   2013.62482877      0.0000
   2013.62485731      0.0000
   2013.62488584      0.0000
   2013.62491438      0.0000
   2013.62494292      0.0000
   2013.62497146      0.0000
   2013.62500000      0.0000
   2013.62502854      0.0007
   2013.62505708      0.0006
   2013.62508562      0.0006
   2013.62511416      0.0017
   2013.62514269      0.0015
   2013.62517123      0.0014
   2013.62519977      0.0013
   2013.62522831      0.0024
   2013.62525685      0.0049
   2013.62528539      0.0304
   2013.62531393      0.0535
   2013.62534247      0.0812
   2013.62537100      0.1209
   2013.62539954      0.1685
   2013.62542808      0.2345
   2013.62545662      0.3365
   2013.62548516      0.4404
   2013.62551370      0.5766
   2013.62554224      0.7251
   2013.62557078      0.9339
   2013.62559932      1.1829
   2013.62562785      1.4863
   2013.62565639      1.7533
   2013.62568493      1.9781
   2013.62571347      2.1454
   2013.62574201      2.1875
   2013.62577055      2.1834
   2013.62579909      2.2736
   2013.62582763      2.2694
   2013.62585616      2.2420
   2013.62588470      2.1976
   2013.62591324      2.2980
   2013.62594178      2.3427
   2013.62597032      2.3368
   2013.62599886      2.3992
   2013.62602740      2.4837
   2013.62605594      2.7787
   2013.62608447      2.8883
   2013.62611301      3.0755
   2013.62614155      3.3284
   2013.62617009      3.8446
   2013.62619863      4.1229
   2013.62622717      4.4512
   2013.62625571      4.7922
   2013.62628425      5.3980
   2013.62631279      5.4423
   2013.62634132      5.7180
   2013.62636986      5.5535
   2013.62639840      6.1279
   2013.62642694      6.8590
   2013.62645548      7.3512
   2013.62648402      7.6839
   2013.62651256      8.0041
   2013.62654110      8.2813
   2013.62656963      8.3479
   2013.62659817      8.0384
   2013.62662671      7.4868
   2013.62665525      7.1736
   2013.62668379      6.2148
   2013.62671233      5.4831
   2013.62674087      4.5604
   2013.62676941      3.9760
   2013.62679795      3.8493
   2013.62682648      3.3678
   2013.62685502      3.2208
   2013.62688356      2.9424
   2013.62691210      2.6833
   2013.62694064      2.5538
   2013.62696918      2.2978
   2013.62699772      2.0728
   2013.62702626      1.7987
   2013.62705479      1.6203
   2013.62708333      1.4551
   2013.62711187      1.3619
   2013.62714041      1.1841
   2013.62716895      1.0418
   2013.62719749      0.9619
   2013.62722603      0.8726
   2013.62725457      0.7888
   2013.62728311      0.7129
   2013.62731164      0.6452
   2013.62734018      0.5854
   2013.62736872      0.5320
   2013.62739726      0.4847
   2013.62742580      0.4428
   2013.62745434      0.4054
   2013.62748288      0.3718
   2013.62751142      0.3416
   2013.62753995      0.3143
   2013.62756849      0.2895
   2013.62759703      0.2671
   2013.62762557      0.2466
   2013.62765411      0.2278
   2013.62768265      0.2105
   2013.62771119      0.1947
   2013.62773973      0.1803
   2013.62776826      0.1672
   2013.62779680      0.1551
   2013.62782534      0.1440
   2013.62785388      0.1339
   2013.62788242      0.1246
   2013.62791096      0.1160
   2013.62793950      0.1080
   2013.62796804      0.1007
