   2013.62465753      0.0000
   2013.62468607      0.0000
   2013.62471461      0.0000
   2013.62474315      0.0000
   2013.62477169      0.0000
   2013.62480023      0.0001
   2013.62482877      0.0010
   2013.62485731      0.0020
   2013.62488584      0.0028
   2013.62491438      0.0041
   2013.62494292      0.0052
   2013.62497146      0.0391
   2013.62500000      0.0954
   2013.62502854      0.1848
   2013.62505708      0.3661
   2013.62508562      0.7065
   2013.62511416      1.3096
   2013.62514269      2.2660
   2013.62517123      3.6179
   2013.62519977      5.6951
   2013.62522831      8.0891
   2013.62525685      9.6558
   2013.62528539     10.6508
   2013.62531393     11.1630
   2013.62534247     10.9721
   2013.62537100     11.6533
   2013.62539954     11.4447
   2013.62542808     11.2124
   2013.62545662     10.4553
   2013.62548516      9.6818
   2013.62551370      9.1717
   2013.62554224      8.4656
   2013.62557078      7.9845
   2013.62559932      7.1363
   2013.62562785      6.6620
   2013.62565639      5.9258
   2013.62568493      4.9864
   2013.62571347      4.5115
   2013.62574201      4.3486
   2013.62577055      3.6670
   2013.62579909      3.2064
   2013.62582763      2.8774
   2013.62585616      2.5798
   2013.62588470      2.3421
   2013.62591324      2.1557
   2013.62594178      1.9989
   2013.62597032      1.8552
   2013.62599886      1.7129
   2013.62602740      1.5879
   2013.62605594      1.4712
   2013.62608447      1.3655
   2013.62611301      1.2732
   2013.62614155      1.1965
   2013.62617009      1.1354
   2013.62619863      1.0873
   2013.62622717      1.0475
   2013.62625571      1.0102
   2013.62628425      0.9579
   2013.62631279      0.9381
   2013.62634132      0.9036
   2013.62636986      0.8701
   2013.62639840      0.8406
   2013.62642694      0.8148
   2013.62645548      0.7898
   2013.62648402      0.7642
   2013.62651256      0.7368
   2013.62654110      0.7074
   2013.62656963      0.6766
   2013.62659817      0.6452
   2013.62662671      0.6138
   2013.62665525      0.5826
   2013.62668379      0.5522
   2013.62671233      0.5227
   2013.62674087      0.4943
   2013.62676941      0.4669
   2013.62679795      0.4406
   2013.62682648      0.4152
   2013.62685502      0.3907
   2013.62688356      0.3672
   2013.62691210      0.3446
   2013.62694064      0.3230
   2013.62696918      0.3026
   2013.62699772      0.2833
   2013.62702626      0.2652
   2013.62705479      0.2481
   2013.62708333      0.2321
   2013.62711187      0.2169
   2013.62714041      0.2026
   2013.62716895      0.1893
   2013.62719749      0.1770
   2013.62722603      0.1655
   2013.62725457      0.1548
   2013.62728311      0.1448
   2013.62731164      0.1355
   2013.62734018      0.1269
   2013.62736872      0.1189
   2013.62739726      0.1113
   2013.62742580      0.1043
