   2013.62465753      0.0000
   2013.62468607      0.0000
   2013.62471461      0.0000
   2013.62474315      0.0000
   2013.62477169      0.0000
   2013.62480023      0.0000
   2013.62482877      0.0000
   2013.62485731      0.0000
   2013.62488584      0.0000
   2013.62491438      0.0000
   2013.62494292      0.0000
   2013.62497146      0.0000
   2013.62500000      0.0000
   2013.62502854      0.0000
   2013.62505708      0.0000
   2013.62508562      0.0000
   2013.62511416      0.0000
   2013.62514269      0.0000
   2013.62517123      0.0000
   2013.62519977      0.0000
   2013.62522831      0.0000
   2013.62525685      0.0000
   2013.62528539      0.0000
   2013.62531393      0.0000
   2013.62534247      0.0000
   2013.62537100      0.0000
   2013.62539954      0.0000
   2013.62542808      0.0000
   2013.62545662      0.0000
   2013.62548516      0.0000
   2013.62551370      0.0000
   2013.62554224      0.0000
   2013.62557078      0.0000
   2013.62559932      0.0000
   2013.62562785      0.0000
   2013.62565639      0.0000
   2013.62568493      0.0000
   2013.62571347      0.0000
   2013.62574201      0.0000
   2013.62577055      0.0000
   2013.62579909      0.0000
   2013.62582763      0.0000
   2013.62585616      0.0000
   2013.62588470      0.0000
   2013.62591324      0.0000
   2013.62594178      0.0000
   2013.62597032      0.0000
   2013.62599886      0.0000
   2013.62602740      0.0000
   2013.62605594      0.0000
   2013.62608447      0.0000
   2013.62611301      0.0000
   2013.62614155      0.0000
   2013.62617009      0.0000
   2013.62619863      0.0000
   2013.62622717      0.0000
   2013.62625571      0.0000
   2013.62628425      0.0000
   2013.62631279      0.0000
   2013.62634132      0.0000
   2013.62636986      0.0000
   2013.62639840      0.0000
   2013.62642694      0.0000
   2013.62645548      0.0000
   2013.62648402      0.0000
   2013.62651256      0.0000
   2013.62654110      0.0000
   2013.62656963      0.0000
   2013.62659817      0.0000
   2013.62662671      0.0429
   2013.62665525      0.1006
   2013.62668379      0.1937
   2013.62671233      0.4427
   2013.62674087      0.9315
   2013.62676941      1.6789
   2013.62679795      2.7143
   2013.62682648      4.4528
   2013.62685502      6.8573
   2013.62688356      9.0758
   2013.62691210      9.9133
   2013.62694064     10.1912
   2013.62696918     10.0796
   2013.62699772      9.9322
   2013.62702626      9.7773
   2013.62705479      9.6628
   2013.62708333      9.6003
   2013.62711187      9.5792
   2013.62714041      9.5724
   2013.62716895      9.5619
   2013.62719749      9.5608
   2013.62722603      9.5097
   2013.62725457      9.0689
   2013.62728311      8.7571
   2013.62731164      8.2314
   2013.62734018      7.8312
   2013.62736872      7.2482
   2013.62739726      6.8126
   2013.62742580      6.1647
   2013.62745434      5.9373
   2013.62748288      4.9783
   2013.62751142      4.3280
   2013.62753995      3.9703
   2013.62756849      3.6401
   2013.62759703      3.2149
   2013.62762557      2.9074
   2013.62765411      2.6001
   2013.62768265      2.3236
   2013.62771119      2.0599
   2013.62773973      1.8654
   2013.62776826      1.6892
   2013.62779680      1.5286
   2013.62782534      1.3820
   2013.62785388      1.2297
   2013.62788242      1.1574
   2013.62791096      1.0264
   2013.62793950      0.9590
   2013.62796804      0.8875
   2013.62799658      0.8130
   2013.62802511      0.7420
   2013.62805365      0.6784
   2013.62808219      0.6299
   2013.62811073      0.5805
   2013.62813927      0.5342
   2013.62816781      0.4929
   2013.62819635      0.4644
   2013.62822489      0.4322
   2013.62825342      0.4007
   2013.62828196      0.3717
   2013.62831050      0.3542
   2013.62833904      0.3316
   2013.62836758      0.3090
   2013.62839612      0.2878
   2013.62842466      0.2775
   2013.62845320      0.2614
   2013.62848174      0.2448
   2013.62851027      0.2289
   2013.62853881      0.2242
   2013.62856735      0.2125
   2013.62859589      0.1999
   2013.62862443      0.1878
   2013.62865297      0.1877
   2013.62868151      0.1794
   2013.62871005      0.1699
   2013.62873858      0.1608
   2013.62876712      0.1637
   2013.62879566      0.1581
   2013.62882420      0.1512
   2013.62885274      0.1447
   2013.62888128      0.1514
   2013.62890982      0.1487
   2013.62893836      0.1444
   2013.62896689      0.1407
   2013.62899543      0.1510
   2013.62902397      0.1515
   2013.62905251      0.1504
   2013.62908105      0.1499
   2013.62910959      0.1648
   2013.62913813      0.1693
   2013.62916667      0.1720
   2013.62919521      0.1755
   2013.62922374      0.1968
   2013.62925228      0.2066
   2013.62928082      0.2143
   2013.62930936      0.2235
   2013.62933790      0.2540
   2013.62936644      0.2738
   2013.62939498      0.2959
   2013.62942352      0.3174
   2013.62945205      0.3555
   2013.62948059      0.4139
   2013.62950913      0.4470
   2013.62953767      0.4964
   2013.62956621      0.5687
   2013.62959475      0.6511
   2013.62962329      0.7256
   2013.62965183      0.7933
   2013.62968037      0.8503
   2013.62970890      0.9299
   2013.62973744      0.9784
   2013.62976598      1.0146
   2013.62979452      0.9954
   2013.62982306      1.0916
   2013.62985160      1.1122
   2013.62988014      1.1285
   2013.62990868      1.0574
   2013.62993721      1.1384
   2013.62996575      1.1635
   2013.62999429      1.1180
   2013.63002283      1.0469
   2013.63005137      1.1107
   2013.63007991      1.0962
   2013.63010845      1.0427
   2013.63013699      1.0487
   2013.63016553      1.0674
   2013.63019406      1.0308
   2013.63022260      0.9832
   2013.63025114      0.9481
   2013.63027968      0.8922
   2013.63030822      0.8781
   2013.63033676      0.8477
   2013.63036530      0.8113
   2013.63039384      0.7727
   2013.63042237      0.7336
   2013.63045091      0.6958
   2013.63047945      0.6600
   2013.63050799      0.6260
   2013.63053653      0.5932
   2013.63056507      0.5611
   2013.63059361      0.5300
   2013.63062215      0.5002
   2013.63065068      0.4716
   2013.63067922      0.4445
   2013.63070776      0.4187
   2013.63073630      0.3943
   2013.63076484      0.3710
   2013.63079338      0.3491
   2013.63082192      0.3283
   2013.63085046      0.3087
   2013.63087900      0.2903
   2013.63090753      0.2729
   2013.63093607      0.2567
   2013.63096461      0.2413
   2013.63099315      0.2267
   2013.63102169      0.2129
   2013.63105023      0.1998
   2013.63107877      0.1876
   2013.63110731      0.1762
   2013.63113584      0.1654
   2013.63116438      0.1553
   2013.63119292      0.1459
   2013.63122146      0.1370
   2013.63125000      0.1288
   2013.63127854      0.1210
   2013.63130708      0.1137
   2013.63133562      0.1068
   2013.63136416      0.1004
