   2013.62465753      0.0000
   2013.62468607      0.0000
   2013.62471461      0.0000
   2013.62474315      0.0000
   2013.62477169      0.0000
   2013.62480023      0.0000
   2013.62482877      0.0000
   2013.62485731      0.0000
   2013.62488584      0.0000
   2013.62491438      0.0000
   2013.62494292      0.0000
   2013.62497146      0.0000
   2013.62500000      0.0000
   2013.62502854      0.0000
   2013.62505708      0.0000
   2013.62508562      0.0000
   2013.62511416      0.0000
   2013.62514269      0.0000
   2013.62517123      0.0000
   2013.62519977      0.0000
   2013.62522831      0.0000
   2013.62525685      0.0000
   2013.62528539      0.0000
   2013.62531393      0.0000
   2013.62534247      0.0000
   2013.62537100      0.0000
   2013.62539954      0.0000
   2013.62542808      0.0000
   2013.62545662      0.0000
   2013.62548516      0.0000
   2013.62551370      0.0000
   2013.62554224      0.0000
   2013.62557078      0.0000
   2013.62559932      0.0000
   2013.62562785      0.0000
   2013.62565639      0.0000
   2013.62568493      0.0000
   2013.62571347      0.0000
   2013.62574201      0.0000
   2013.62577055      0.0000
   2013.62579909      0.0000
   2013.62582763      0.0000
   2013.62585616      0.0000
   2013.62588470      0.0000
   2013.62591324      0.0000
   2013.62594178      0.0000
   2013.62597032      0.0000
   2013.62599886      0.0000
   2013.62602740      0.0000
   2013.62605594      0.0000
   2013.62608447      0.0000
   2013.62611301      0.0000
   2013.62614155      0.0000
   2013.62617009      0.0000
   2013.62619863      0.0000
   2013.62622717      0.0000
   2013.62625571      0.0000
   2013.62628425      0.0000
   2013.62631279      0.0000
   2013.62634132      0.0000
   2013.62636986      0.0000
   2013.62639840      0.0003
   2013.62642694      0.0000
   2013.62645548      0.0000
   2013.62648402      0.0000
   2013.62651256      0.0000
   2013.62654110      0.0000
   2013.62656963      0.0000
   2013.62659817      6.0669
   2013.62662671      9.7893
   2013.62665525      9.3010
   2013.62668379      8.5580
   2013.62671233      7.0647
   2013.62674087      6.5331
   2013.62676941      5.1342
   2013.62679795      4.7332
   2013.62682648      3.8808
   2013.62685502      3.3173
   2013.62688356      2.8839
   2013.62691210      2.6365
   2013.62694064      2.2108
   2013.62696918      1.9706
   2013.62699772      1.7583
   2013.62702626      1.5733
   2013.62705479      1.4113
   2013.62708333      1.3030
   2013.62711187      1.1596
   2013.62714041      1.0321
   2013.62716895      0.9601
   2013.62719749      0.8796
   2013.62722603      0.8045
   2013.62725457      0.7365
   2013.62728311      0.6755
   2013.62731164      0.6219
   2013.62734018      0.5742
   2013.62736872      0.5318
   2013.62739726      0.4940
   2013.62742580      0.4601
   2013.62745434      0.4259
   2013.62748288      0.3945
   2013.62751142      0.3657
   2013.62753995      0.3393
   2013.62756849      0.3151
   2013.62759703      0.2929
   2013.62762557      0.2725
   2013.62765411      0.2539
   2013.62768265      0.2366
   2013.62771119      0.2204
   2013.62773973      0.2053
   2013.62776826      0.1913
   2013.62779680      0.1783
   2013.62782534      0.1663
   2013.62785388      0.1551
   2013.62788242      0.1448
   2013.62791096      0.1353
   2013.62793950      0.1264
   2013.62796804      0.1181
   2013.62799658      0.1105
   2013.62802511      0.1033
