   2013.62465753      0.0000
   2013.62468607      0.0000
   2013.62471461      0.0000
   2013.62474315      0.0000
   2013.62477169      0.0000
   2013.62480023      0.0000
   2013.62482877      0.0000
   2013.62485731      0.0000
   2013.62488584      0.0000
   2013.62491438      0.0000
   2013.62494292      0.0000
   2013.62497146      0.0000
   2013.62500000      0.0000
   2013.62502854      0.0000
   2013.62505708      0.0000
   2013.62508562      0.0000
   2013.62511416      0.0000
   2013.62514269      0.0000
   2013.62517123      0.0000
   2013.62519977      0.0000
   2013.62522831      0.0000
   2013.62525685      0.0000
   2013.62528539      0.0000
   2013.62531393      0.0000
   2013.62534247      0.0000
   2013.62537100      0.0000
   2013.62539954      0.0000
   2013.62542808      0.0000
   2013.62545662      0.0000
   2013.62548516      0.0000
   2013.62551370      0.0000
   2013.62554224      0.0000
   2013.62557078      0.0000
   2013.62559932      0.0037
   2013.62562785      0.0020
   2013.62565639      0.0014
   2013.62568493      0.0114
   2013.62571347      0.0373
   2013.62574201      0.0578
   2013.62577055      0.0857
   2013.62579909      0.1312
   2013.62582763      0.1873
   2013.62585616      0.2561
   2013.62588470      0.3330
   2013.62591324      0.4297
   2013.62594178      0.5676
   2013.62597032      0.7469
   2013.62599886      0.9906
   2013.62602740      1.3643
   2013.62605594      1.7780
   2013.62608447      2.0820
   2013.62611301      2.2486
   2013.62614155      2.3770
   2013.62617009      2.4265
   2013.62619863      2.4046
   2013.62622717      2.4502
   2013.62625571      2.5097
   2013.62628425      2.5013
   2013.62631279      2.5674
   2013.62634132      2.6372
   2013.62636986      2.5946
   2013.62639840      2.7412
   2013.62642694      2.9657
   2013.62645548      2.7893
   2013.62648402      2.7927
   2013.62651256      2.8975
   2013.62654110      3.1565
   2013.62656963      2.8880
   2013.62659817      2.9629
   2013.62662671      2.9867
   2013.62665525      2.9434
   2013.62668379      2.8549
   2013.62671233      2.8999
   2013.62674087      2.8920
   2013.62676941      2.7927
   2013.62679795      2.7643
   2013.62682648      2.8227
   2013.62685502      2.7787
   2013.62688356      2.7880
   2013.62691210      2.7957
   2013.62694064      2.7775
   2013.62696918      2.9041
   2013.62699772      2.9273
   2013.62702626      2.8969
   2013.62705479      2.8967
   2013.62708333      3.0119
   2013.62711187      3.2787
   2013.62714041      2.9581
   2013.62716895      2.9002
   2013.62719749      2.9520
   2013.62722603      2.9282
   2013.62725457      2.8470
   2013.62728311      2.7250
   2013.62731164      2.7698
   2013.62734018      2.7211
   2013.62736872      2.6345
   2013.62739726      2.6237
   2013.62742580      2.5532
   2013.62745434      2.4740
   2013.62748288      2.3871
   2013.62751142      2.3060
   2013.62753995      2.2804
   2013.62756849      2.2061
   2013.62759703      2.1254
   2013.62762557      2.0453
   2013.62765411      2.0080
   2013.62768265      1.8964
   2013.62771119      1.8245
   2013.62773973      1.7815
   2013.62776826      1.7450
   2013.62779680      1.6485
   2013.62782534      1.5838
   2013.62785388      1.4901
   2013.62788242      1.5036
   2013.62791096      1.4513
   2013.62793950      1.3755
   2013.62796804      1.2286
   2013.62799658      1.2946
   2013.62802511      1.2439
   2013.62805365      1.1849
   2013.62808219      1.1357
   2013.62811073      1.1068
   2013.62813927      1.0950
   2013.62816781      1.0302
   2013.62819635      1.0073
   2013.62822489      0.9754
   2013.62825342      0.9412
   2013.62828196      0.9001
   2013.62831050      0.8959
   2013.62833904      0.8721
   2013.62836758      0.8433
   2013.62839612      0.8168
   2013.62842466      0.8187
   2013.62845320      0.8038
   2013.62848174      0.7889
   2013.62851027      0.7753
   2013.62853881      0.7940
   2013.62856735      0.8204
   2013.62859589      0.7868
   2013.62862443      0.7824
   2013.62865297      0.8149
   2013.62868151      0.8570
   2013.62871005      0.8393
   2013.62873858      0.8533
   2013.62876712      0.8990
   2013.62879566      0.9224
   2013.62882420      0.9614
   2013.62885274      0.9934
   2013.62888128      1.0737
   2013.62890982      1.1324
   2013.62893836      1.1997
   2013.62896689      1.2593
   2013.62899543      1.3814
   2013.62902397      1.4857
   2013.62905251      1.5804
   2013.62908105      1.6564
   2013.62910959      1.8148
   2013.62913813      1.9429
   2013.62916667      2.0403
   2013.62919521      2.1125
   2013.62922374      2.2906
   2013.62925228      2.4247
   2013.62928082      2.4714
   2013.62930936      2.5620
   2013.62933790      2.7273
   2013.62936644      2.8462
   2013.62939498      2.8561
   2013.62942352      2.9230
   2013.62945205      2.8798
   2013.62948059      3.0846
   2013.62950913      3.1465
   2013.62953767      3.2179
   2013.62956621      3.0582
   2013.62959475      3.2670
   2013.62962329      3.3044
   2013.62965183      3.3567
   2013.62968037      3.1250
   2013.62970890      3.3406
   2013.62973744      3.3348
   2013.62976598      3.4777
   2013.62979452      3.1135
   2013.62982306      3.2887
   2013.62985160      3.2592
   2013.62988014      3.3515
   2013.62990868      3.0536
   2013.62993721      3.1474
   2013.62996575      3.1129
   2013.62999429      3.0086
   2013.63002283      2.8798
   2013.63005137      2.9260
   2013.63007991      2.8738
   2013.63010845      2.7758
   2013.63013699      2.7619
   2013.63016553      2.7007
   2013.63019406      2.6039
   2013.63022260      2.5181
   2013.63025114      2.4387
   2013.63027968      2.3061
   2013.63030822      2.1983
   2013.63033676      2.0875
   2013.63036530      1.9806
   2013.63039384      1.8734
   2013.63042237      1.7643
   2013.63045091      1.6512
   2013.63047945      1.5508
   2013.63050799      1.4544
   2013.63053653      1.3616
   2013.63056507      1.2713
   2013.63059361      1.2403
   2013.63062215      1.1132
   2013.63065068      1.0310
   2013.63067922      0.9499
   2013.63070776      0.8872
   2013.63073630      0.8213
   2013.63076484      0.7583
   2013.63079338      0.6988
   2013.63082192      0.6440
   2013.63085046      0.5941
   2013.63087900      0.5485
   2013.63090753      0.5070
   2013.63093607      0.4694
   2013.63096461      0.4350
   2013.63099315      0.4034
   2013.63102169      0.3743
   2013.63105023      0.3475
   2013.63107877      0.3227
   2013.63110731      0.2999
   2013.63113584      0.2788
   2013.63116438      0.2594
   2013.63119292      0.2415
   2013.63122146      0.2247
   2013.63125000      0.2092
   2013.63127854      0.1948
   2013.63130708      0.1816
   2013.63133562      0.1693
   2013.63136416      0.1580
   2013.63139269      0.1475
   2013.63142123      0.1379
   2013.63144977      0.1289
   2013.63147831      0.1206
   2013.63150685      0.1129
   2013.63153539      0.1057
