   2013.62465753      0.0000
   2013.62468607      0.0000
   2013.62471461      0.0000
   2013.62474315      0.0000
   2013.62477169      0.0000
   2013.62480023      0.0000
   2013.62482877      0.0000
   2013.62485731      0.0000
   2013.62488584      0.0000
   2013.62491438      0.0000
   2013.62494292      0.0000
   2013.62497146      0.0000
   2013.62500000      0.0000
   2013.62502854      0.0000
   2013.62505708      0.0000
   2013.62508562      0.0000
   2013.62511416      0.0000
   2013.62514269      0.0000
   2013.62517123      0.0000
   2013.62519977      0.0000
   2013.62522831      0.0000
   2013.62525685      0.0000
   2013.62528539      0.0000
   2013.62531393      0.0000
   2013.62534247      0.0000
   2013.62537100      0.0000
   2013.62539954      0.0000
   2013.62542808      0.0000
   2013.62545662      0.0000
   2013.62548516      0.0000
   2013.62551370      0.0000
   2013.62554224      0.0000
   2013.62557078      0.0000
   2013.62559932      0.0000
   2013.62562785      0.0000
   2013.62565639      0.0000
   2013.62568493      0.0000
   2013.62571347      0.0828
   2013.62574201      0.1441
   2013.62577055      0.3164
   2013.62579909      0.7605
   2013.62582763      1.5165
   2013.62585616      2.4816
   2013.62588470      4.0402
   2013.62591324      6.5945
   2013.62594178      9.1365
   2013.62597032     10.2681
   2013.62599886     10.2929
   2013.62602740     10.0561
   2013.62605594      9.6129
   2013.62608447      9.2828
   2013.62611301      8.9984
   2013.62614155      8.8323
   2013.62617009      8.7439
   2013.62619863      8.7508
   2013.62622717      8.7762
   2013.62625571      8.8794
   2013.62628425      8.9784
   2013.62631279      9.1127
   2013.62634132      9.1981
   2013.62636986      8.7528
   2013.62639840      8.7949
   2013.62642694      8.4901
   2013.62645548      8.0579
   2013.62648402      7.5716
   2013.62651256      7.5336
   2013.62654110      7.1083
   2013.62656963      6.6098
   2013.62659817      5.9008
   2013.62662671      6.0840
   2013.62665525      5.5854
   2013.62668379      5.3629
   2013.62671233      5.1754
   2013.62674087      4.9998
   2013.62676941      4.7427
   2013.62679795      4.7055
   2013.62682648      4.7233
   2013.62685502      4.7159
   2013.62688356      4.6182
   2013.62691210      4.6921
   2013.62694064      4.5786
   2013.62696918      4.8199
   2013.62699772      4.7136
   2013.62702626      4.7586
   2013.62705479      4.5597
   2013.62708333      4.7994
   2013.62711187      4.6497
   2013.62714041      4.6463
   2013.62716895      4.6580
   2013.62719749      4.6320
   2013.62722603      4.5528
   2013.62725457      4.4350
   2013.62728311      4.2506
   2013.62731164      4.3932
   2013.62734018      4.2781
   2013.62736872      4.1689
   2013.62739726      4.1622
   2013.62742580      4.1091
   2013.62745434      3.9803
   2013.62748288      3.8227
   2013.62751142      3.7153
   2013.62753995      3.7237
   2013.62756849      3.6339
   2013.62759703      3.5727
   2013.62762557      3.2846
   2013.62765411      3.4365
   2013.62768265      3.3666
   2013.62771119      3.4387
   2013.62773973      3.0776
   2013.62776826      3.1584
   2013.62779680      3.1019
   2013.62782534      2.9855
   2013.62785388      2.8692
   2013.62788242      2.8805
   2013.62791096      2.8360
   2013.62793950      2.7383
   2013.62796804      2.7412
   2013.62799658      2.6505
   2013.62802511      2.6096
   2013.62805365      2.5289
   2013.62808219      2.5428
   2013.62811073      2.4530
   2013.62813927      2.4362
   2013.62816781      2.3723
   2013.62819635      2.3980
   2013.62822489      2.3287
   2013.62825342      2.3245
   2013.62828196      2.2745
   2013.62831050      2.3200
   2013.62833904      2.3210
   2013.62836758      2.2846
   2013.62839612      2.2474
   2013.62842466      2.3177
   2013.62845320      2.3383
   2013.62848174      2.3246
   2013.62851027      2.3039
   2013.62853881      2.3941
   2013.62856735      2.4440
   2013.62859589      2.4593
   2013.62862443      2.4488
   2013.62865297      2.5681
   2013.62868151      2.6416
   2013.62871005      2.6327
   2013.62873858      2.6835
   2013.62876712      2.8343
   2013.62879566      2.9345
   2013.62882420      2.9390
   2013.62885274      3.0465
   2013.62888128      3.0440
   2013.62890982      3.2962
   2013.62893836      3.3064
   2013.62896689      3.3783
   2013.62899543      3.5202
   2013.62902397      3.6760
   2013.62905251      3.6759
   2013.62908105      3.8078
   2013.62910959      3.9931
   2013.62913813      4.0872
   2013.62916667      4.0729
   2013.62919521      4.2045
   2013.62922374      4.3725
   2013.62925228      4.4632
   2013.62928082      4.4297
   2013.62930936      4.5636
   2013.62933790      4.3892
   2013.62936644      4.7924
   2013.62939498      4.7301
   2013.62942352      4.8712
   2013.62945205      4.9702
   2013.62948059      5.0337
   2013.62950913      4.9485
   2013.62953767      5.0628
   2013.62956621      5.1231
   2013.62959475      5.1731
   2013.62962329      5.0502
   2013.62965183      5.1256
   2013.62968037      4.9358
   2013.62970890      5.1775
   2013.62973744      5.0216
   2013.62976598      5.0526
   2013.62979452      4.7972
   2013.62982306      5.0487
   2013.62985160      4.8764
   2013.62988014      4.8707
   2013.62990868      4.8664
   2013.62993721      4.8378
   2013.62996575      4.6588
   2013.62999429      4.6289
   2013.63002283      4.4237
   2013.63005137      4.5751
   2013.63007991      4.4636
   2013.63010845      4.3413
   2013.63013699      4.1487
   2013.63016553      4.2718
   2013.63019406      4.1396
   2013.63022260      4.0303
   2013.63025114      3.8576
   2013.63027968      3.6998
   2013.63030822      3.6794
   2013.63033676      3.5618
   2013.63036530      3.2036
   2013.63039384      3.0322
   2013.63042237      2.7817
   2013.63045091      2.5957
   2013.63047945      2.4135
   2013.63050799      2.2391
   2013.63053653      2.0517
   2013.63056507      1.8876
   2013.63059361      1.7376
   2013.63062215      1.5979
   2013.63065068      1.4664
   2013.63067922      1.3428
   2013.63070776      1.2235
   2013.63073630      1.1240
   2013.63076484      1.0280
   2013.63079338      0.9432
   2013.63082192      0.8642
   2013.63085046      0.7892
   2013.63087900      0.7194
   2013.63090753      0.6564
   2013.63093607      0.6003
   2013.63096461      0.5497
   2013.63099315      0.5041
   2013.63102169      0.4632
   2013.63105023      0.4263
   2013.63107877      0.3929
   2013.63110731      0.3625
   2013.63113584      0.3349
   2013.63116438      0.3097
   2013.63119292      0.2867
   2013.63122146      0.2657
   2013.63125000      0.2464
   2013.63127854      0.2286
   2013.63130708      0.2121
   2013.63133562      0.1970
   2013.63136416      0.1832
   2013.63139269      0.1704
   2013.63142123      0.1587
   2013.63144977      0.1479
   2013.63147831      0.1379
   2013.63150685      0.1288
   2013.63153539      0.1203
   2013.63156393      0.1124
   2013.63159247      0.1051
