   2013.62465753      0.0000
   2013.62468607      0.0000
   2013.62471461      0.0000
   2013.62474315      0.0000
   2013.62477169      0.0000
   2013.62480023      0.0000
   2013.62482877      0.0000
   2013.62485731      0.0000
   2013.62488584      0.0000
   2013.62491438      0.0000
   2013.62494292      0.0000
   2013.62497146      0.0000
   2013.62500000      0.0000
   2013.62502854      0.0000
   2013.62505708      0.0000
   2013.62508562      0.0000
   2013.62511416      0.0000
   2013.62514269      0.0000
   2013.62517123      0.0000
   2013.62519977      0.0000
   2013.62522831      0.0000
   2013.62525685      0.0000
   2013.62528539      0.0000
   2013.62531393      0.0000
   2013.62534247      0.0000
   2013.62537100      0.0000
   2013.62539954      0.0000
   2013.62542808      0.0000
   2013.62545662      0.0000
   2013.62548516      0.0000
   2013.62551370      0.0000
   2013.62554224      0.0000
   2013.62557078      0.0000
   2013.62559932      0.1519
   2013.62562785      0.2846
   2013.62565639      0.7576
   2013.62568493      1.8273
   2013.62571347      3.1513
   2013.62574201      5.2769
   2013.62577055      8.7645
   2013.62579909     12.0455
   2013.62582763     12.8396
   2013.62585616     12.2537
   2013.62588470     11.3330
   2013.62591324     10.5557
   2013.62594178      9.9022
   2013.62597032      9.3686
   2013.62599886      8.9519
   2013.62602740      8.6904
   2013.62605594      8.5311
   2013.62608447      8.4986
   2013.62611301      8.5155
   2013.62614155      8.6118
   2013.62617009      8.7264
   2013.62619863      8.9058
   2013.62622717      9.0462
   2013.62625571      9.3764
   2013.62628425      9.3819
   2013.62631279      9.5918
   2013.62634132      9.7223
   2013.62636986     10.0794
   2013.62639840     10.0550
   2013.62642694     10.2590
   2013.62645548     10.3674
   2013.62648402     10.7431
   2013.62651256     10.6577
   2013.62654110     10.8266
   2013.62656963     10.6736
   2013.62659817     10.6129
   2013.62662671     10.3217
   2013.62665525     10.0033
   2013.62668379      9.6739
   2013.62671233      8.9687
   2013.62674087      8.9796
   2013.62676941      8.5969
   2013.62679795      8.3227
   2013.62682648      7.5641
   2013.62685502      7.5698
   2013.62688356      7.3319
   2013.62691210      7.1767
   2013.62694064      6.7983
   2013.62696918      7.0673
   2013.62699772      7.1201
   2013.62702626      7.1893
   2013.62705479      6.9511
   2013.62708333      7.2676
   2013.62711187      7.3077
   2013.62714041      7.1722
   2013.62716895      6.9032
   2013.62719749      7.1811
   2013.62722603      7.1167
   2013.62725457      6.9328
   2013.62728311      6.5832
   2013.62731164      7.2031
   2013.62734018      6.8758
   2013.62736872      6.5494
   2013.62739726      5.9604
   2013.62742580      6.1430
   2013.62745434      6.1407
   2013.62748288      6.4597
   2013.62751142      5.6144
   2013.62753995      5.5839
   2013.62756849      5.2594
   2013.62759703      5.2476
   2013.62762557      5.4820
   2013.62765411      5.3735
   2013.62768265      5.1223
   2013.62771119      4.7818
   2013.62773973      4.4566
   2013.62776826      4.2561
   2013.62779680      4.1740
   2013.62782534      4.0940
   2013.62785388      3.8809
   2013.62788242      3.7120
   2013.62791096      3.4563
   2013.62793950      3.4690
   2013.62796804      3.3519
   2013.62799658      3.1028
   2013.62802511      3.0622
   2013.62805365      2.9210
   2013.62808219      2.7602
   2013.62811073      2.5547
   2013.62813927      2.4494
   2013.62816781      2.3502
   2013.62819635      2.2524
   2013.62822489      2.1484
   2013.62825342      2.0371
   2013.62828196      1.9237
   2013.62831050      1.7978
   2013.62833904      1.6879
   2013.62836758      1.5935
   2013.62839612      1.5095
   2013.62842466      1.4308
   2013.62845320      1.3538
   2013.62848174      1.2791
   2013.62851027      1.2076
   2013.62853881      1.1400
   2013.62856735      1.1180
   2013.62859589      1.0165
   2013.62862443      0.9632
   2013.62865297      0.9092
   2013.62868151      0.8601
   2013.62871005      0.8107
   2013.62873858      0.7616
   2013.62876712      0.7140
   2013.62879566      0.6692
   2013.62882420      0.6277
   2013.62885274      0.5887
   2013.62888128      0.5520
   2013.62890982      0.5177
   2013.62893836      0.4856
   2013.62896689      0.4555
   2013.62899543      0.4273
   2013.62902397      0.4009
   2013.62905251      0.3760
   2013.62908105      0.3526
   2013.62910959      0.3306
   2013.62913813      0.3100
   2013.62916667      0.2907
   2013.62919521      0.2726
   2013.62922374      0.2558
   2013.62925228      0.2400
   2013.62928082      0.2251
   2013.62930936      0.2111
   2013.62933790      0.1980
   2013.62936644      0.1857
   2013.62939498      0.1743
   2013.62942352      0.1636
   2013.62945205      0.1536
   2013.62948059      0.1443
   2013.62950913      0.1355
   2013.62953767      0.1273
   2013.62956621      0.1197
   2013.62959475      0.1125
   2013.62962329      0.1057
