   2013.62465753      0.0000
   2013.62468607      0.0000
   2013.62471461      0.0000
   2013.62474315      0.0000
   2013.62477169      0.0000
   2013.62480023      0.0000
   2013.62482877      0.0000
   2013.62485731      0.0000
   2013.62488584      0.0000
   2013.62491438      0.0000
   2013.62494292      0.0000
   2013.62497146      0.0000
   2013.62500000      0.0000
   2013.62502854      0.0000
   2013.62505708      0.0000
   2013.62508562      0.0000
   2013.62511416      0.0000
   2013.62514269      0.0000
   2013.62517123      0.0000
   2013.62519977      0.0000
   2013.62522831      0.0000
   2013.62525685      0.0000
   2013.62528539      0.0000
   2013.62531393      0.0000
   2013.62534247      0.0000
   2013.62537100      0.0000
   2013.62539954      0.0000
   2013.62542808      0.0000
   2013.62545662      0.0000
   2013.62548516      0.0000
   2013.62551370      0.0000
   2013.62554224      0.0000
   2013.62557078      0.0000
   2013.62559932      0.0000
   2013.62562785      0.0000
   2013.62565639      0.0000
   2013.62568493      0.0000
   2013.62571347      0.0000
   2013.62574201      0.0000
   2013.62577055      0.0000
   2013.62579909      0.0000
   2013.62582763      0.0000
   2013.62585616      0.0000
   2013.62588470      0.0000
   2013.62591324      0.0000
   2013.62594178      0.0000
   2013.62597032      0.0000
   2013.62599886      0.0000
   2013.62602740      0.0000
   2013.62605594      0.0000
   2013.62608447      0.0000
   2013.62611301      0.0000
   2013.62614155      0.0000
   2013.62617009      0.0000
   2013.62619863      0.0000
   2013.62622717      0.0000
   2013.62625571      0.0000
   2013.62628425      0.0000
   2013.62631279      0.0000
   2013.62634132      0.0000
   2013.62636986      0.0000
   2013.62639840      0.0000
   2013.62642694      0.0000
   2013.62645548      0.0000
   2013.62648402      0.0000
   2013.62651256      0.0000
   2013.62654110      0.0000
   2013.62656963      0.0000
   2013.62659817      0.0000
   2013.62662671      0.0000
   2013.62665525      0.0000
   2013.62668379      0.0000
   2013.62671233      0.0000
   2013.62674087      0.0000
   2013.62676941      0.0000
   2013.62679795      0.0000
   2013.62682648      0.0000
   2013.62685502      0.0000
   2013.62688356      0.0000
   2013.62691210      0.0000
   2013.62694064      0.0000
   2013.62696918      0.0000
   2013.62699772      0.0000
   2013.62702626      0.0000
   2013.62705479      0.0000
   2013.62708333      0.0000
   2013.62711187      0.0000
   2013.62714041      0.0000
   2013.62716895      0.0000
   2013.62719749      0.0000
   2013.62722603      0.0000
   2013.62725457      0.0000
   2013.62728311      0.0000
   2013.62731164      2.5980
   2013.62734018     13.4749
   2013.62736872     32.4115
   2013.62739726     59.5371
   2013.62742580     55.8970
   2013.62745434     43.8169
   2013.62748288     31.4919
   2013.62751142     24.3921
   2013.62753995     19.2532
   2013.62756849     15.8329
   2013.62759703     13.4687
   2013.62762557     11.7010
   2013.62765411     10.4545
   2013.62768265      9.5111
   2013.62771119      8.6988
   2013.62773973      8.2757
   2013.62776826      7.6445
   2013.62779680      7.2641
   2013.62782534      6.9932
   2013.62785388      6.7611
   2013.62788242      6.5636
   2013.62791096      6.4135
   2013.62793950      6.3067
   2013.62796804      6.1504
   2013.62799658      5.8783
   2013.62802511      5.7556
   2013.62805365      5.4618
   2013.62808219      4.8812
   2013.62811073      5.0867
   2013.62813927      4.4858
   2013.62816781      4.1130
   2013.62819635      4.0898
   2013.62822489      3.5678
   2013.62825342      3.3476
   2013.62828196      3.0228
   2013.62831050      2.8086
   2013.62833904      2.5710
   2013.62836758      2.3524
   2013.62839612      2.1629
   2013.62842466      1.9328
   2013.62845320      1.8886
   2013.62848174      1.8184
   2013.62851027      1.5985
   2013.62853881      1.4177
   2013.62856735      1.4563
   2013.62859589      1.3823
   2013.62862443      1.2999
   2013.62865297      1.2168
   2013.62868151      1.2982
   2013.62871005      1.2189
   2013.62873858      1.1921
   2013.62876712      1.2365
   2013.62879566      1.3033
   2013.62882420      1.2757
   2013.62885274      1.3054
   2013.62888128      1.4347
   2013.62890982      1.5417
   2013.62893836      1.6834
   2013.62896689      1.8065
   2013.62899543      2.0020
   2013.62902397      2.3611
   2013.62905251      2.5644
   2013.62908105      2.8154
   2013.62910959      3.1248
   2013.62913813      3.5935
   2013.62916667      3.7691
   2013.62919521      4.1443
   2013.62922374      4.2111
   2013.62925228      4.8268
   2013.62928082      4.8876
   2013.62930936      5.1343
   2013.62933790      5.1027
   2013.62936644      5.6100
   2013.62939498      5.6826
   2013.62942352      5.8572
   2013.62945205      5.7021
   2013.62948059      6.0760
   2013.62950913      6.1605
   2013.62953767      6.1473
   2013.62956621      5.9641
   2013.62959475      6.4095
   2013.62962329      6.3153
   2013.62965183      6.2354
   2013.62968037      5.9698
   2013.62970890      6.4878
   2013.62973744      6.2042
   2013.62976598      6.0697
   2013.62979452      5.8616
   2013.62982306      6.1452
   2013.62985160      5.8584
   2013.62988014      5.8666
   2013.62990868      5.4208
   2013.62993721      5.4690
   2013.62996575      5.3294
   2013.62999429      5.2225
   2013.63002283      4.8352
   2013.63005137      4.8620
   2013.63007991      4.7496
   2013.63010845      4.5471
   2013.63013699      4.1667
   2013.63016553      4.2352
   2013.63019406      3.9854
   2013.63022260      3.7960
   2013.63025114      3.7958
   2013.63027968      3.3767
   2013.63030822      3.2556
   2013.63033676      3.0713
   2013.63036530      2.8101
   2013.63039384      2.6137
   2013.63042237      2.4262
   2013.63045091      2.2446
   2013.63047945      2.0719
   2013.63050799      1.8969
   2013.63053653      1.7489
   2013.63056507      1.6124
   2013.63059361      1.4855
   2013.63062215      1.3660
   2013.63065068      1.2546
   2013.63067922      1.1500
   2013.63070776      1.0586
   2013.63073630      0.9721
   2013.63076484      0.8947
   2013.63079338      0.8209
   2013.63082192      0.7508
   2013.63085046      0.6863
   2013.63087900      0.6284
   2013.63090753      0.5762
   2013.63093607      0.5289
   2013.63096461      0.4863
   2013.63099315      0.4478
   2013.63102169      0.4129
   2013.63105023      0.3812
   2013.63107877      0.3522
   2013.63110731      0.3257
   2013.63113584      0.3015
   2013.63116438      0.2794
   2013.63119292      0.2591
   2013.63122146      0.2405
   2013.63125000      0.2231
   2013.63127854      0.2072
   2013.63130708      0.1925
   2013.63133562      0.1790
   2013.63136416      0.1666
   2013.63139269      0.1551
   2013.63142123      0.1446
   2013.63144977      0.1349
   2013.63147831      0.1259
   2013.63150685      0.1176
   2013.63153539      0.1099
   2013.63156393      0.1028
