   2013.62465753      0.0000
   2013.62468607      0.0000
   2013.62471461      0.0000
   2013.62474315      0.0000
   2013.62477169      0.0000
   2013.62480023      0.0000
   2013.62482877      0.0000
   2013.62485731      0.0000
   2013.62488584      0.0000
   2013.62491438      0.0000
   2013.62494292      0.0000
   2013.62497146      0.0000
   2013.62500000      0.0000
   2013.62502854      0.0000
   2013.62505708      0.0000
   2013.62508562      0.0000
   2013.62511416      0.0000
   2013.62514269      0.0000
   2013.62517123      0.0000
   2013.62519977      0.0000
   2013.62522831      0.0000
   2013.62525685      0.0000
   2013.62528539      0.0000
   2013.62531393      0.0000
   2013.62534247      0.0000
   2013.62537100      0.0000
   2013.62539954      0.0000
   2013.62542808      0.0000
   2013.62545662      0.0000
   2013.62548516      0.0000
   2013.62551370      0.0000
   2013.62554224      0.0000
   2013.62557078      0.0000
   2013.62559932      0.0000
   2013.62562785      0.0000
   2013.62565639      0.0000
   2013.62568493      0.0000
   2013.62571347      0.1105
   2013.62574201      0.1994
   2013.62577055      0.4988
   2013.62579909      1.3035
   2013.62582763      2.5903
   2013.62585616      4.5237
   2013.62588470      8.1172
   2013.62591324     12.2842
   2013.62594178     14.5965
   2013.62597032     15.1448
   2013.62599886     14.9407
   2013.62602740     14.6986
   2013.62605594     14.4964
   2013.62608447     14.4823
   2013.62611301     14.5223
   2013.62614155     14.3153
   2013.62617009     15.3592
   2013.62619863     15.7694
   2013.62622717     15.3748
   2013.62625571     14.6671
   2013.62628425     14.7887
   2013.62631279     14.2557
   2013.62634132     13.4551
   2013.62636986     12.0725
   2013.62639840     11.7564
   2013.62642694     11.0299
   2013.62645548      9.8613
   2013.62648402      9.0302
   2013.62651256      8.8576
   2013.62654110      8.4634
   2013.62656963      8.2171
   2013.62659817      7.6891
   2013.62662671      7.8667
   2013.62665525      7.9353
   2013.62668379      7.8329
   2013.62671233      7.5721
   2013.62674087      7.8813
   2013.62676941      7.8448
   2013.62679795      7.9594
   2013.62682648      7.6859
   2013.62685502      7.9572
   2013.62688356      8.1334
   2013.62691210      7.9890
   2013.62694064      7.6440
   2013.62696918      7.8874
   2013.62699772      7.8753
   2013.62702626      7.6329
   2013.62705479      7.3815
   2013.62708333      7.5616
   2013.62711187      7.4709
   2013.62714041      7.2441
   2013.62716895      6.8237
   2013.62719749      7.0532
   2013.62722603      6.9112
   2013.62725457      6.6703
   2013.62728311      6.7252
   2013.62731164      6.6741
   2013.62734018      6.2557
   2013.62736872      6.2308
   2013.62739726      5.4398
   2013.62742580      5.9003
   2013.62745434      5.7669
   2013.62748288      5.6903
   2013.62751142      4.9408
   2013.62753995      4.9740
   2013.62756849      4.5880
   2013.62759703      4.5072
   2013.62762557      4.7589
   2013.62765411      4.3988
   2013.62768265      4.1620
   2013.62771119      3.9908
   2013.62773973      3.6739
   2013.62776826      3.5241
   2013.62779680      3.3433
   2013.62782534      3.2749
   2013.62785388      3.0067
   2013.62788242      2.9020
   2013.62791096      2.7029
   2013.62793950      2.5374
   2013.62796804      2.3652
   2013.62799658      2.2034
   2013.62802511      2.0597
   2013.62805365      1.9373
   2013.62808219      1.8428
   2013.62811073      1.7246
   2013.62813927      1.6333
   2013.62816781      1.5435
   2013.62819635      1.4533
   2013.62822489      1.3625
   2013.62825342      1.2741
   2013.62828196      1.1910
   2013.62831050      1.1596
   2013.62833904      1.0538
   2013.62836758      0.9867
   2013.62839612      0.9193
   2013.62842466      0.8676
   2013.62845320      0.8123
   2013.62848174      0.7585
   2013.62851027      0.7063
   2013.62853881      0.6572
   2013.62856735      0.6120
   2013.62859589      0.5703
   2013.62862443      0.5319
   2013.62865297      0.4966
   2013.62868151      0.4641
   2013.62871005      0.4342
   2013.62873858      0.4064
   2013.62876712      0.3805
   2013.62879566      0.3563
   2013.62882420      0.3337
   2013.62885274      0.3126
   2013.62888128      0.2930
   2013.62890982      0.2747
   2013.62893836      0.2577
   2013.62896689      0.2419
   2013.62899543      0.2269
   2013.62902397      0.2129
   2013.62905251      0.1997
   2013.62908105      0.1874
   2013.62910959      0.1759
   2013.62913813      0.1652
   2013.62916667      0.1552
   2013.62919521      0.1458
   2013.62922374      0.1370
   2013.62925228      0.1288
   2013.62928082      0.1212
   2013.62930936      0.1139
   2013.62933790      0.1071
   2013.62936644      0.1008
