   2013.62465753      0.0000
   2013.62468607      0.0000
   2013.62471461      0.0000
   2013.62474315      0.0000
   2013.62477169      0.0000
   2013.62480023      0.0000
   2013.62482877      0.0000
   2013.62485731      0.0000
   2013.62488584      0.0000
   2013.62491438      0.0000
   2013.62494292      0.0000
   2013.62497146      0.0000
   2013.62500000      0.0000
   2013.62502854      0.0000
   2013.62505708      0.0000
   2013.62508562      0.0000
   2013.62511416      0.0000
   2013.62514269      0.0000
   2013.62517123      0.0000
   2013.62519977      0.0000
   2013.62522831      0.0000
   2013.62525685      0.0000
   2013.62528539      0.0000
   2013.62531393      0.0000
   2013.62534247      0.0000
   2013.62537100      0.0000
   2013.62539954      0.0000
   2013.62542808      0.0000
   2013.62545662      0.0000
   2013.62548516      0.0000
   2013.62551370      0.0000
   2013.62554224      0.0000
   2013.62557078      0.0000
   2013.62559932      0.0000
   2013.62562785      0.0000
   2013.62565639      0.0000
   2013.62568493      0.0000
   2013.62571347      0.0000
   2013.62574201      0.0000
   2013.62577055      0.0000
   2013.62579909      0.0000
   2013.62582763      0.0000
   2013.62585616      0.0000
   2013.62588470      0.0000
   2013.62591324      0.0000
   2013.62594178      0.0000
   2013.62597032      0.0000
   2013.62599886      0.0000
   2013.62602740      0.0000
   2013.62605594      0.0000
   2013.62608447      0.0000
   2013.62611301      0.0000
   2013.62614155      0.0000
   2013.62617009      0.0000
   2013.62619863      0.0000
   2013.62622717      0.0000
   2013.62625571      0.0000
   2013.62628425      0.0000
   2013.62631279      0.0000
   2013.62634132      0.0000
   2013.62636986      0.0000
   2013.62639840      0.0000
   2013.62642694      0.0000
   2013.62645548      0.0000
   2013.62648402      0.0000
   2013.62651256      0.0000
   2013.62654110      0.0000
   2013.62656963      0.0000
   2013.62659817      0.0000
   2013.62662671      0.0000
   2013.62665525      0.0000
   2013.62668379      0.0000
   2013.62671233      0.0000
   2013.62674087      0.0885
   2013.62676941      0.1589
   2013.62679795      0.3630
   2013.62682648      0.9001
   2013.62685502      1.8063
   2013.62688356      2.9800
   2013.62691210      5.0154
   2013.62694064      8.1537
   2013.62696918     10.6113
   2013.62699772     11.4389
   2013.62702626     11.2507
   2013.62705479     10.7646
   2013.62708333     10.2093
   2013.62711187      9.7412
   2013.62714041      9.3223
   2013.62716895      9.0487
   2013.62719749      8.7980
   2013.62722603      8.5752
   2013.62725457      8.2917
   2013.62728311      8.2402
   2013.62731164      8.0567
   2013.62734018      7.8004
   2013.62736872      7.3951
   2013.62739726      6.7480
   2013.62742580      6.6976
   2013.62745434      6.4486
   2013.62748288      6.0024
   2013.62751142      5.3614
   2013.62753995      5.4115
   2013.62756849      4.7077
   2013.62759703      4.2716
   2013.62762557      4.1572
   2013.62765411      3.6128
   2013.62768265      3.3371
   2013.62771119      2.9961
   2013.62773973      2.7311
   2013.62776826      2.4884
   2013.62779680      2.2684
   2013.62782534      2.0722
   2013.62785388      1.8870
   2013.62788242      1.7298
   2013.62791096      1.5932
   2013.62793950      1.4711
   2013.62796804      1.3603
   2013.62799658      1.2588
   2013.62802511      1.1894
   2013.62805365      1.0898
   2013.62808219      0.9885
   2013.62811073      0.9408
   2013.62813927      0.8800
   2013.62816781      0.8202
   2013.62819635      0.7645
   2013.62822489      0.7127
   2013.62825342      0.6656
   2013.62828196      0.6235
   2013.62831050      0.5854
   2013.62833904      0.5505
   2013.62836758      0.5186
   2013.62839612      0.4893
   2013.62842466      0.4622
   2013.62845320      0.4370
   2013.62848174      0.4135
   2013.62851027      0.3915
   2013.62853881      0.3710
   2013.62856735      0.3519
   2013.62859589      0.3341
   2013.62862443      0.3174
   2013.62865297      0.3019
   2013.62868151      0.2874
   2013.62871005      0.2739
   2013.62873858      0.2612
   2013.62876712      0.2494
   2013.62879566      0.2381
   2013.62882420      0.2274
   2013.62885274      0.2173
   2013.62888128      0.2078
   2013.62890982      0.1988
   2013.62893836      0.1904
   2013.62896689      0.1825
   2013.62899543      0.1750
   2013.62902397      0.1679
   2013.62905251      0.1611
   2013.62908105      0.1548
   2013.62910959      0.1488
   2013.62913813      0.1430
   2013.62916667      0.1376
   2013.62919521      0.1325
   2013.62922374      0.1276
   2013.62925228      0.1230
   2013.62928082      0.1186
   2013.62930936      0.1144
   2013.62933790      0.1104
   2013.62936644      0.1066
   2013.62939498      0.1030
