   2013.62465753      0.0000
   2013.62468607      0.0000
   2013.62471461      0.0000
   2013.62474315      0.0000
   2013.62477169      0.0000
   2013.62480023      0.0000
   2013.62482877      0.0000
   2013.62485731      0.0000
   2013.62488584      0.0000
   2013.62491438      0.0000
   2013.62494292      0.0000
   2013.62497146      0.0000
   2013.62500000      0.0000
   2013.62502854      0.0000
   2013.62505708      0.0000
   2013.62508562      0.0000
   2013.62511416      0.0000
   2013.62514269      0.0000
   2013.62517123      0.0000
   2013.62519977      0.0000
   2013.62522831      0.0000
   2013.62525685      0.0000
   2013.62528539      0.0000
   2013.62531393      0.0000
   2013.62534247      0.0000
   2013.62537100      0.0000
   2013.62539954      0.0000
   2013.62542808      0.0000
   2013.62545662      0.0000
   2013.62548516      0.0000
   2013.62551370      0.0000
   2013.62554224      0.0000
   2013.62557078      0.0000
   2013.62559932      0.0000
   2013.62562785      0.0000
   2013.62565639      0.0000
   2013.62568493      0.0000
   2013.62571347      0.0000
   2013.62574201      0.0000
   2013.62577055      0.0000
   2013.62579909      0.0000
   2013.62582763      0.0000
   2013.62585616      0.0000
   2013.62588470      0.0000
   2013.62591324      0.0000
   2013.62594178      0.0000
   2013.62597032      0.0000
   2013.62599886      0.0000
   2013.62602740      0.0000
   2013.62605594      0.0000
   2013.62608447      0.0000
   2013.62611301      0.0000
   2013.62614155      0.0000
   2013.62617009      0.0041
   2013.62619863      0.0072
   2013.62622717      0.0185
   2013.62625571      0.1021
   2013.62628425      0.1732
   2013.62631279      0.3535
   2013.62634132      0.7046
   2013.62636986      1.2192
   2013.62639840      1.8318
   2013.62642694      2.6860
   2013.62645548      3.9204
   2013.62648402      5.4514
   2013.62651256      6.5217
   2013.62654110      6.4941
   2013.62656963      6.0753
   2013.62659817      5.3696
   2013.62662671      4.9175
   2013.62665525      4.3782
   2013.62668379      3.9561
   2013.62671233      3.5996
   2013.62674087      3.2530
   2013.62676941      2.8842
   2013.62679795      2.6551
   2013.62682648      2.4391
   2013.62685502      2.2708
   2013.62688356      2.0420
   2013.62691210      1.9338
   2013.62694064      1.7691
   2013.62696918      1.6929
   2013.62699772      1.5954
   2013.62702626      1.5043
   2013.62705479      1.4256
   2013.62708333      1.3602
   2013.62711187      1.3045
   2013.62714041      1.2877
   2013.62716895      1.1973
   2013.62719749      1.1577
   2013.62722603      1.1268
   2013.62725457      1.0980
   2013.62728311      1.0489
   2013.62731164      1.0317
   2013.62734018      1.0434
   2013.62736872      0.9539
   2013.62739726      0.9606
   2013.62742580      0.9339
   2013.62745434      0.9107
   2013.62748288      0.8773
   2013.62751142      0.8598
   2013.62753995      0.8356
   2013.62756849      0.8102
   2013.62759703      0.7841
   2013.62762557      0.7583
   2013.62765411      0.7335
   2013.62768265      0.7098
   2013.62771119      0.6865
   2013.62773973      0.6633
   2013.62776826      0.6400
   2013.62779680      0.6169
   2013.62782534      0.5938
   2013.62785388      0.5711
   2013.62788242      0.5490
   2013.62791096      0.5276
   2013.62793950      0.5068
   2013.62796804      0.4868
   2013.62799658      0.4676
   2013.62802511      0.4490
   2013.62805365      0.4310
   2013.62808219      0.4136
   2013.62811073      0.3968
   2013.62813927      0.3805
   2013.62816781      0.3649
   2013.62819635      0.3499
   2013.62822489      0.3355
   2013.62825342      0.3217
   2013.62828196      0.3085
   2013.62831050      0.2959
   2013.62833904      0.2838
   2013.62836758      0.2723
   2013.62839612      0.2613
   2013.62842466      0.2507
   2013.62845320      0.2406
   2013.62848174      0.2308
   2013.62851027      0.2214
   2013.62853881      0.2123
   2013.62856735      0.2036
   2013.62859589      0.1953
   2013.62862443      0.1874
   2013.62865297      0.1799
   2013.62868151      0.1727
   2013.62871005      0.1658
   2013.62873858      0.1592
   2013.62876712      0.1529
   2013.62879566      0.1468
   2013.62882420      0.1411
   2013.62885274      0.1356
   2013.62888128      0.1303
   2013.62890982      0.1253
   2013.62893836      0.1206
   2013.62896689      0.1160
   2013.62899543      0.1117
   2013.62902397      0.1076
   2013.62905251      0.1038
   2013.62908105      0.1001
   2013.62910959      0.0966
   2013.62913813      0.0933
   2013.62916667      0.0902
   2013.62919521      0.0873
   2013.62922374      0.0845
   2013.62925228      0.0820
   2013.62928082      0.0796
   2013.62930936      0.0774
   2013.62933790      0.0754
   2013.62936644      0.0736
   2013.62939498      0.0720
   2013.62942352      0.0706
   2013.62945205      0.0695
   2013.62948059      0.0688
   2013.62950913      0.0685
   2013.62953767      0.0688
   2013.62956621      0.0698
   2013.62959475      0.0720
   2013.62962329      0.0762
   2013.62965183      0.0833
   2013.62968037      0.0950
   2013.62970890      0.1140
   2013.62973744      0.1429
   2013.62976598      0.1842
   2013.62979452      0.2417
   2013.62982306      0.3113
   2013.62985160      0.3813
   2013.62988014      0.4416
   2013.62990868      0.4882
   2013.62993721      0.5219
   2013.62996575      0.5450
   2013.62999429      0.5602
   2013.63002283      0.5695
   2013.63005137      0.5744
   2013.63007991      0.5758
   2013.63010845      0.5745
   2013.63013699      0.5708
   2013.63016553      0.5651
   2013.63019406      0.5578
   2013.63022260      0.5490
   2013.63025114      0.5391
   2013.63027968      0.5283
   2013.63030822      0.5168
   2013.63033676      0.5047
   2013.63036530      0.4923
   2013.63039384      0.4796
   2013.63042237      0.4669
   2013.63045091      0.4543
   2013.63047945      0.4417
   2013.63050799      0.4292
   2013.63053653      0.4169
   2013.63056507      0.4047
   2013.63059361      0.3925
   2013.63062215      0.3806
   2013.63065068      0.3688
   2013.63067922      0.3573
   2013.63070776      0.3460
   2013.63073630      0.3350
   2013.63076484      0.3244
   2013.63079338      0.3140
   2013.63082192      0.3039
   2013.63085046      0.2941
   2013.63087900      0.2845
   2013.63090753      0.2753
   2013.63093607      0.2663
   2013.63096461      0.2577
   2013.63099315      0.2492
   2013.63102169      0.2411
   2013.63105023      0.2332
   2013.63107877      0.2254
   2013.63110731      0.2178
   2013.63113584      0.2104
   2013.63116438      0.2032
   2013.63119292      0.1962
   2013.63122146      0.1895
   2013.63125000      0.1830
   2013.63127854      0.1768
   2013.63130708      0.1707
   2013.63133562      0.1648
   2013.63136416      0.1591
   2013.63139269      0.1536
   2013.63142123      0.1483
   2013.63144977      0.1432
   2013.63147831      0.1382
   2013.63150685      0.1334
   2013.63153539      0.1288
   2013.63156393      0.1244
   2013.63159247      0.1201
   2013.63162100      0.1160
   2013.63164954      0.1121
   2013.63167808      0.1083
   2013.63170662      0.1046
   2013.63173516      0.1011
