   2013.62465753      0.0000
   2013.62468607      0.0019
   2013.62471461      0.0050
   2013.62474315      0.0077
   2013.62477169      0.0407
   2013.62480023      0.1215
   2013.62482877      0.2717
   2013.62485731      0.5571
   2013.62488584      1.1708
   2013.62491438      1.8789
   2013.62494292      2.7822
   2013.62497146      3.9743
   2013.62500000      5.4695
   2013.62502854      7.2006
   2013.62505708      7.5860
   2013.62508562      7.4196
   2013.62511416      6.8032
   2013.62514269      6.1459
   2013.62517123      5.3224
   2013.62519977      4.7533
   2013.62522831      4.3924
   2013.62525685      3.7286
   2013.62528539      3.3882
   2013.62531393      3.0752
   2013.62534247      2.7773
   2013.62537100      2.5058
   2013.62539954      2.2759
   2013.62542808      2.0393
   2013.62545662      1.8563
   2013.62548516      1.7349
   2013.62551370      1.5863
   2013.62554224      1.4385
   2013.62557078      1.3021
   2013.62559932      1.1922
   2013.62562785      1.0344
   2013.62565639      0.9708
   2013.62568493      0.8856
   2013.62571347      0.8026
   2013.62574201      0.7265
   2013.62577055      0.6578
   2013.62579909      0.5966
   2013.62582763      0.5418
   2013.62585616      0.4929
   2013.62588470      0.4495
   2013.62591324      0.4107
   2013.62594178      0.3760
   2013.62597032      0.3446
   2013.62599886      0.3163
   2013.62602740      0.2907
   2013.62605594      0.2674
   2013.62608447      0.2462
   2013.62611301      0.2267
   2013.62614155      0.2089
   2013.62617009      0.1926
   2013.62619863      0.1778
   2013.62622717      0.1643
   2013.62625571      0.1519
   2013.62628425      0.1406
   2013.62631279      0.1303
   2013.62634132      0.1208
   2013.62636986      0.1120
   2013.62639840      0.1040
