   2013.62465753      0.0000
   2013.62468607      0.0000
   2013.62471461      0.0000
   2013.62474315      0.0000
   2013.62477169      0.0000
   2013.62480023      0.0000
   2013.62482877      0.0000
   2013.62485731      0.0000
   2013.62488584      0.0000
   2013.62491438      0.0000
   2013.62494292      0.0000
   2013.62497146      0.0000
   2013.62500000      0.0000
   2013.62502854      0.0001
   2013.62505708      0.0000
   2013.62508562      0.0000
   2013.62511416      0.0002
   2013.62514269      0.0002
   2013.62517123      0.0002
   2013.62519977      0.0001
   2013.62522831      0.0005
   2013.62525685      0.0004
   2013.62528539      0.0004
   2013.62531393      0.0003
   2013.62534247      0.0008
   2013.62537100      0.0007
   2013.62539954      0.0006
   2013.62542808      0.0005
   2013.62545662      0.0010
   2013.62548516      0.0009
   2013.62551370      0.0008
   2013.62554224      0.0007
   2013.62557078      0.0013
   2013.62559932      0.0160
   2013.62562785      0.0335
   2013.62565639      0.0456
   2013.62568493      0.0615
   2013.62571347      0.0804
   2013.62574201      0.1032
   2013.62577055      0.1339
   2013.62579909      0.1787
   2013.62582763      0.2339
   2013.62585616      0.2895
   2013.62588470      0.3476
   2013.62591324      0.4470
   2013.62594178      0.5503
   2013.62597032      0.6655
   2013.62599886      0.7836
   2013.62602740      0.9379
   2013.62605594      1.0678
   2013.62608447      1.1789
   2013.62611301      1.2601
   2013.62614155      1.3384
   2013.62617009      1.4136
   2013.62619863      1.4433
   2013.62622717      1.4524
   2013.62625571      1.5118
   2013.62628425      1.5335
   2013.62631279      1.5455
   2013.62634132      1.5365
   2013.62636986      1.5932
   2013.62639840      1.6225
   2013.62642694      1.6409
   2013.62645548      1.6419
   2013.62648402      1.7195
   2013.62651256      1.7786
   2013.62654110      1.8192
   2013.62656963      1.8492
   2013.62659817      1.9724
   2013.62662671      2.0715
   2013.62665525      2.1330
   2013.62668379      2.1790
   2013.62671233      2.3156
   2013.62674087      2.4158
   2013.62676941      2.4460
   2013.62679795      2.4577
   2013.62682648      2.5623
   2013.62685502      2.5611
   2013.62688356      2.6209
   2013.62691210      2.5986
   2013.62694064      2.6740
   2013.62696918      2.6563
   2013.62699772      2.6867
   2013.62702626      2.6467
   2013.62705479      2.6984
   2013.62708333      2.6634
   2013.62711187      2.6680
   2013.62714041      2.6157
   2013.62716895      2.6529
   2013.62719749      2.6009
   2013.62722603      2.5880
   2013.62725457      2.5281
   2013.62728311      2.5546
   2013.62731164      2.5309
   2013.62734018      2.4615
   2013.62736872      2.4019
   2013.62739726      2.4057
   2013.62742580      2.3582
   2013.62745434      2.3010
   2013.62748288      2.2326
   2013.62751142      2.2293
   2013.62753995      2.1717
   2013.62756849      2.1162
   2013.62759703      2.0469
   2013.62762557      1.9922
   2013.62765411      1.9833
   2013.62768265      1.9318
   2013.62771119      1.8288
   2013.62773973      1.8199
   2013.62776826      1.8032
   2013.62779680      1.7565
   2013.62782534      1.6961
   2013.62785388      1.6519
   2013.62788242      1.6359
   2013.62791096      1.5943
   2013.62793950      1.5413
   2013.62796804      1.5302
   2013.62799658      1.4886
   2013.62802511      1.4526
   2013.62805365      1.4083
   2013.62808219      1.3000
   2013.62811073      1.3623
   2013.62813927      1.3355
   2013.62816781      1.3237
   2013.62819635      1.1950
   2013.62822489      1.2681
   2013.62825342      1.2463
   2013.62828196      1.2275
   2013.62831050      1.1296
   2013.62833904      1.2014
   2013.62836758      1.1875
   2013.62839612      1.1865
   2013.62842466      1.0932
   2013.62845320      1.1673
   2013.62848174      1.1624
   2013.62851027      1.1495
   2013.62853881      1.1049
   2013.62856735      1.1688
   2013.62859589      1.1753
   2013.62862443      1.1713
   2013.62865297      1.2079
   2013.62868151      1.2209
   2013.62871005      1.2355
   2013.62873858      1.2399
   2013.62876712      1.3128
   2013.62879566      1.3624
   2013.62882420      1.4346
   2013.62885274      1.4939
   2013.62888128      1.5280
   2013.62890982      1.5229
   2013.62893836      1.4855
   2013.62896689      1.4411
   2013.62899543      1.4310
   2013.62902397      1.4770
   2013.62905251      1.5459
   2013.62908105      1.6137
   2013.62910959      1.6734
   2013.62913813      1.6831
   2013.62916667      1.6983
   2013.62919521      1.6811
   2013.62922374      1.6354
   2013.62925228      1.5707
   2013.62928082      1.4934
   2013.62930936      1.4099
   2013.62933790      1.3394
   2013.62936644      1.2797
   2013.62939498      1.2326
   2013.62942352      1.1956
   2013.62945205      1.1646
   2013.62948059      1.1344
   2013.62950913      1.0998
   2013.62953767      1.0556
   2013.62956621      1.0099
   2013.62959475      0.9538
   2013.62962329      0.8984
   2013.62965183      0.8396
   2013.62968037      0.7789
   2013.62970890      0.7189
   2013.62973744      0.6624
   2013.62976598      0.6105
   2013.62979452      0.5627
   2013.62982306      0.5188
   2013.62985160      0.4789
   2013.62988014      0.4427
   2013.62990868      0.4097
   2013.62993721      0.3796
   2013.62996575      0.3519
   2013.62999429      0.3266
   2013.63002283      0.3034
   2013.63005137      0.2821
   2013.63007991      0.2626
   2013.63010845      0.2445
   2013.63013699      0.2278
   2013.63016553      0.2122
   2013.63019406      0.1979
   2013.63022260      0.1846
   2013.63025114      0.1724
   2013.63027968      0.1611
   2013.63030822      0.1506
   2013.63033676      0.1409
   2013.63036530      0.1319
   2013.63039384      0.1235
   2013.63042237      0.1157
   2013.63045091      0.1085
   2013.63047945      0.1017
