   2013.62465753      0.0000
   2013.62468607      0.0000
   2013.62471461      0.0000
   2013.62474315      0.0000
   2013.62477169      0.0000
   2013.62480023      0.0000
   2013.62482877      0.0000
   2013.62485731      0.0000
   2013.62488584      0.0000
   2013.62491438      0.0000
   2013.62494292      0.0000
   2013.62497146      0.0000
   2013.62500000      0.0000
   2013.62502854      0.0000
   2013.62505708      0.0000
   2013.62508562      0.0000
   2013.62511416      0.0000
   2013.62514269      0.0000
   2013.62517123      0.0000
   2013.62519977      0.0000
   2013.62522831      0.0000
   2013.62525685      0.0000
   2013.62528539      0.0000
   2013.62531393      0.0000
   2013.62534247      0.0000
   2013.62537100      0.0000
   2013.62539954      0.0000
   2013.62542808      0.0000
   2013.62545662      0.0000
   2013.62548516      0.0000
   2013.62551370      0.0000
   2013.62554224      0.0000
   2013.62557078      0.0000
   2013.62559932      0.0000
   2013.62562785      0.0000
   2013.62565639      0.0000
   2013.62568493      0.0000
   2013.62571347      0.0000
   2013.62574201      0.0000
   2013.62577055      0.0000
   2013.62579909      0.0000
   2013.62582763      0.0000
   2013.62585616      0.0000
   2013.62588470      0.0000
   2013.62591324      0.0000
   2013.62594178      0.0000
   2013.62597032      0.0000
   2013.62599886      0.0000
   2013.62602740      0.0000
   2013.62605594      0.0000
   2013.62608447      0.0000
   2013.62611301      0.0000
   2013.62614155      0.0000
   2013.62617009      0.0000
   2013.62619863      0.0000
   2013.62622717      0.0000
   2013.62625571      0.0000
   2013.62628425      0.0000
   2013.62631279      0.0000
   2013.62634132      0.0000
   2013.62636986      0.0000
   2013.62639840     11.3148
   2013.62642694     44.6695
   2013.62645548     97.7689
   2013.62648402    107.8003
   2013.62651256     82.5597
   2013.62654110     58.2195
   2013.62656963     42.7467
   2013.62659817     33.7998
   2013.62662671     30.2788
   2013.62665525     26.6104
   2013.62668379     23.2611
   2013.62671233     20.1555
   2013.62674087     18.5688
   2013.62676941     18.0471
   2013.62679795     18.4728
   2013.62682648     18.7881
   2013.62685502     18.3832
   2013.62688356     17.4821
   2013.62691210     15.4180
   2013.62694064     13.5840
   2013.62696918     11.5378
   2013.62699772      9.7978
   2013.62702626      8.8595
   2013.62705479      7.4012
   2013.62708333      6.3403
   2013.62711187      5.4752
   2013.62714041      4.7611
   2013.62716895      4.1605
   2013.62719749      3.7790
   2013.62722603      3.3972
   2013.62725457      2.9904
   2013.62728311      2.6875
   2013.62731164      2.4158
   2013.62734018      2.1753
   2013.62736872      1.9533
   2013.62739726      1.7700
   2013.62742580      1.6127
   2013.62745434      1.4739
   2013.62748288      1.3490
   2013.62751142      1.3021
   2013.62753995      1.1443
   2013.62756849      1.0470
   2013.62759703      0.9562
   2013.62762557      0.8866
   2013.62765411      0.8164
   2013.62768265      0.7509
   2013.62771119      0.6902
   2013.62773973      0.6352
   2013.62776826      0.5855
   2013.62779680      0.5403
   2013.62782534      0.4994
   2013.62785388      0.4624
   2013.62788242      0.4287
   2013.62791096      0.3977
   2013.62793950      0.3690
   2013.62796804      0.3426
   2013.62799658      0.3181
   2013.62802511      0.2955
   2013.62805365      0.2747
   2013.62808219      0.2555
   2013.62811073      0.2376
   2013.62813927      0.2209
   2013.62816781      0.2053
   2013.62819635      0.1910
   2013.62822489      0.1777
   2013.62825342      0.1654
   2013.62828196      0.1540
   2013.62831050      0.1435
   2013.62833904      0.1337
   2013.62836758      0.1246
   2013.62839612      0.1162
   2013.62842466      0.1084
   2013.62845320      0.1011
