   2013.62465753      0.0000
   2013.62468607      0.0000
   2013.62471461      0.0000
   2013.62474315      0.0000
   2013.62477169      0.0000
   2013.62480023      0.0000
   2013.62482877      0.0000
   2013.62485731      0.0000
   2013.62488584      0.0000
   2013.62491438      0.0000
   2013.62494292      0.0000
   2013.62497146      0.0000
   2013.62500000      0.0000
   2013.62502854      0.0000
   2013.62505708      0.0000
   2013.62508562      0.0000
   2013.62511416      0.0000
   2013.62514269      0.0000
   2013.62517123      0.0000
   2013.62519977      0.0000
   2013.62522831      0.0000
   2013.62525685      0.0000
   2013.62528539      0.0000
   2013.62531393      0.0000
   2013.62534247      0.0000
   2013.62537100      0.0000
   2013.62539954      0.0000
   2013.62542808      0.0000
   2013.62545662      0.0000
   2013.62548516      0.0000
   2013.62551370      0.0000
   2013.62554224      0.0000
   2013.62557078      0.0000
   2013.62559932      0.0000
   2013.62562785      0.0000
   2013.62565639      0.0000
   2013.62568493      0.0000
   2013.62571347      0.0000
   2013.62574201      0.0000
   2013.62577055      0.0000
   2013.62579909      0.0000
   2013.62582763      0.0000
   2013.62585616      0.0000
   2013.62588470      0.0000
   2013.62591324      0.0000
   2013.62594178      0.0000
   2013.62597032      0.0000
   2013.62599886      0.0000
   2013.62602740      0.0000
   2013.62605594      0.0000
   2013.62608447      0.0000
   2013.62611301      0.0000
   2013.62614155      0.0000
   2013.62617009      0.0000
   2013.62619863      0.0000
   2013.62622717      0.0000
   2013.62625571      0.0000
   2013.62628425      0.0000
   2013.62631279      0.0000
   2013.62634132      0.0000
   2013.62636986      0.0000
   2013.62639840      0.0000
   2013.62642694      0.0000
   2013.62645548      0.0000
   2013.62648402      0.0000
   2013.62651256      3.3209
   2013.62654110     17.4191
   2013.62656963     44.4103
   2013.62659817     70.5875
   2013.62662671     65.3841
   2013.62665525     49.6588
   2013.62668379     35.7336
   2013.62671233     27.3353
   2013.62674087     22.1785
   2013.62676941     18.3125
   2013.62679795     15.4999
   2013.62682648     13.1873
   2013.62685502     12.6087
   2013.62688356     11.6170
   2013.62691210     10.8455
   2013.62694064      9.9856
   2013.62696918     10.2301
   2013.62699772     10.0326
   2013.62702626      9.7982
   2013.62705479      9.3468
   2013.62708333      9.6838
   2013.62711187      9.7265
   2013.62714041      9.3039
   2013.62716895      8.9180
   2013.62719749      9.0891
   2013.62722603      8.9165
   2013.62725457      8.6843
   2013.62728311      8.2454
   2013.62731164      8.3802
   2013.62734018      8.0960
   2013.62736872      7.8537
   2013.62739726      7.3896
   2013.62742580      7.5268
   2013.62745434      7.3228
   2013.62748288      7.0131
   2013.62751142      6.5954
   2013.62753995      6.8974
   2013.62756849      6.4557
   2013.62759703      6.4182
   2013.62762557      5.8315
   2013.62765411      5.8394
   2013.62768265      5.6811
   2013.62771119      5.5733
   2013.62773973      5.4360
   2013.62776826      5.1652
   2013.62779680      5.1715
   2013.62782534      4.9159
   2013.62785388      4.6250
   2013.62788242      4.7357
   2013.62791096      4.5479
   2013.62793950      4.3814
   2013.62796804      4.1478
   2013.62799658      4.2522
   2013.62802511      4.1024
   2013.62805365      3.9092
   2013.62808219      3.8864
   2013.62811073      3.9041
   2013.62813927      3.7365
   2013.62816781      3.6223
   2013.62819635      3.5263
   2013.62822489      3.6081
   2013.62825342      3.5873
   2013.62828196      3.5047
   2013.62831050      3.4677
   2013.62833904      3.6664
   2013.62836758      3.5936
   2013.62839612      3.6014
   2013.62842466      3.6962
   2013.62845320      3.8152
   2013.62848174      3.7783
   2013.62851027      3.8943
   2013.62853881      3.8359
   2013.62856735      4.2042
   2013.62859589      4.2022
   2013.62862443      4.3970
   2013.62865297      4.3484
   2013.62868151      4.8645
   2013.62871005      4.8497
   2013.62873858      5.0541
   2013.62876712      5.0723
   2013.62879566      5.5139
   2013.62882420      5.7364
   2013.62885274      5.9962
   2013.62888128      6.0301
   2013.62890982      6.5418
   2013.62893836      6.8918
   2013.62896689      7.1044
   2013.62899543      7.2046
   2013.62902397      7.8176
   2013.62905251      7.9404
   2013.62908105      8.1517
   2013.62910959      8.4671
   2013.62913813      8.9854
   2013.62916667      9.1567
   2013.62919521      9.4127
   2013.62922374      9.1467
   2013.62925228      9.9389
   2013.62928082     10.0748
   2013.62930936     10.1319
   2013.62933790      9.8618
   2013.62936644     10.6777
   2013.62939498     10.6024
   2013.62942352     10.5386
   2013.62945205     10.3219
   2013.62948059     11.0912
   2013.62950913     10.9255
   2013.62953767     10.7800
   2013.62956621     10.4803
   2013.62959475     10.9772
   2013.62962329     10.9428
   2013.62965183     10.8896
   2013.62968037     10.3113
   2013.62970890     10.7561
   2013.62973744     10.6493
   2013.62976598     10.4509
   2013.62979452     10.2263
   2013.62982306     10.2960
   2013.62985160     10.1203
   2013.62988014      9.8422
   2013.62990868      8.9899
   2013.62993721      9.9714
   2013.62996575      9.9955
   2013.62999429      9.5421
   2013.63002283      8.5419
   2013.63005137      8.3998
   2013.63007991      7.7441
   2013.63010845      7.9716
   2013.63013699      8.0006
   2013.63016553      8.1381
   2013.63019406      7.2739
   2013.63022260      6.8991
   2013.63025114      6.2350
   2013.63027968      5.7900
   2013.63030822      5.5861
   2013.63033676      5.7975
   2013.63036530      5.4985
   2013.63039384      5.2168
   2013.63042237      4.6115
   2013.63045091      4.4199
   2013.63047945      3.7339
   2013.63050799      3.3557
   2013.63053653      3.0518
   2013.63056507      2.7183
   2013.63059361      2.5364
   2013.63062215      2.2538
   2013.63065068      1.9164
   2013.63067922      1.7388
   2013.63070776      1.5598
   2013.63073630      1.3987
   2013.63076484      1.2525
   2013.63079338      1.1310
   2013.63082192      1.0216
   2013.63085046      0.9274
   2013.63087900      0.8410
   2013.63090753      0.7611
   2013.63093607      0.6888
   2013.63096461      0.6251
   2013.63099315      0.5687
   2013.63102169      0.5183
   2013.63105023      0.4734
   2013.63107877      0.4334
   2013.63110731      0.3975
   2013.63113584      0.3651
   2013.63116438      0.3359
   2013.63119292      0.3094
   2013.63122146      0.2855
   2013.63125000      0.2638
   2013.63127854      0.2439
   2013.63130708      0.2255
   2013.63133562      0.2087
   2013.63136416      0.1934
   2013.63139269      0.1793
   2013.63142123      0.1665
   2013.63144977      0.1547
   2013.63147831      0.1439
   2013.63150685      0.1339
   2013.63153539      0.1248
   2013.63156393      0.1163
   2013.63159247      0.1085
   2013.63162100      0.1013
