   2013.62465753      0.0000
   2013.62468607      0.0000
   2013.62471461      0.0000
   2013.62474315      0.0000
   2013.62477169      0.0000
   2013.62480023      0.0004
   2013.62482877      0.0020
   2013.62485731      0.0033
   2013.62488584      0.0045
   2013.62491438      0.0064
   2013.62494292      0.0518
   2013.62497146      0.1133
   2013.62500000      0.2557
   2013.62502854      0.4849
   2013.62505708      0.8987
   2013.62508562      1.5072
   2013.62511416      2.2384
   2013.62514269      3.2323
   2013.62517123      4.4952
   2013.62519977      5.7543
   2013.62522831      6.3037
   2013.62525685      6.3802
   2013.62528539      6.3912
   2013.62531393      5.6971
   2013.62534247      4.7907
   2013.62537100      4.6589
   2013.62539954      3.8522
   2013.62542808      3.3860
   2013.62545662      3.0841
   2013.62548516      2.7618
   2013.62551370      2.4736
   2013.62554224      2.2070
   2013.62557078      1.9549
   2013.62559932      1.8832
   2013.62562785      1.7233
   2013.62565639      1.5498
   2013.62568493      1.3599
   2013.62571347      1.3785
   2013.62574201      1.2816
   2013.62577055      1.1933
   2013.62579909      1.1346
   2013.62582763      1.1710
   2013.62585616      1.0875
   2013.62588470      1.0820
   2013.62591324      1.0410
   2013.62594178      1.1071
   2013.62597032      1.0738
   2013.62599886      1.0788
   2013.62602740      1.1601
   2013.62605594      1.1991
   2013.62608447      1.2811
   2013.62611301      1.3529
   2013.62614155      1.5727
   2013.62617009      1.7927
   2013.62619863      2.0514
   2013.62622717      2.3176
   2013.62625571      2.7241
   2013.62628425      3.0275
   2013.62631279      3.3025
   2013.62634132      3.7637
   2013.62636986      3.7289
   2013.62639840      3.7629
   2013.62642694      3.9517
   2013.62645548      3.5203
   2013.62648402      3.3466
   2013.62651256      3.0335
   2013.62654110      2.7613
   2013.62656963      2.5023
   2013.62659817      2.2821
   2013.62662671      2.2200
   2013.62665525      1.9990
   2013.62668379      1.8681
   2013.62671233      1.7547
   2013.62674087      1.5835
   2013.62676941      1.4842
   2013.62679795      1.3762
   2013.62682648      1.2702
   2013.62685502      1.1655
   2013.62688356      1.0736
   2013.62691210      0.9855
   2013.62694064      0.9051
   2013.62696918      0.8285
   2013.62699772      0.7554
   2013.62702626      0.6877
   2013.62705479      0.6270
   2013.62708333      0.5725
   2013.62711187      0.5232
   2013.62714041      0.4790
   2013.62716895      0.4393
   2013.62719749      0.4034
   2013.62722603      0.3710
   2013.62725457      0.3415
   2013.62728311      0.3148
   2013.62731164      0.2905
   2013.62734018      0.2684
   2013.62736872      0.2482
   2013.62739726      0.2295
   2013.62742580      0.2124
   2013.62745434      0.1967
   2013.62748288      0.1823
   2013.62751142      0.1691
   2013.62753995      0.1570
   2013.62756849      0.1459
   2013.62759703      0.1357
   2013.62762557      0.1264
   2013.62765411      0.1177
   2013.62768265      0.1097
   2013.62771119      0.1023
