   2013.62465753      0.0000
   2013.62468607      0.0000
   2013.62471461      0.0000
   2013.62474315      0.0000
   2013.62477169      0.0000
   2013.62480023      0.0000
   2013.62482877      0.0000
   2013.62485731      0.0000
   2013.62488584      0.0000
   2013.62491438      0.0000
   2013.62494292      0.0000
   2013.62497146      0.0000
   2013.62500000      0.0000
   2013.62502854      0.0008
   2013.62505708      0.0005
   2013.62508562      0.0005
   2013.62511416      0.0017
   2013.62514269      0.0015
   2013.62517123      0.0013
   2013.62519977      0.0012
   2013.62522831      0.0025
   2013.62525685      0.0035
   2013.62528539      0.0280
   2013.62531393      0.0513
   2013.62534247      0.0771
   2013.62537100      0.1165
   2013.62539954      0.1742
   2013.62542808      0.2485
   2013.62545662      0.3648
   2013.62548516      0.5063
   2013.62551370      0.7080
   2013.62554224      0.9464
   2013.62557078      1.3221
   2013.62559932      1.8017
   2013.62562785      2.2692
   2013.62565639      2.6952
   2013.62568493      3.1546
   2013.62571347      3.4810
   2013.62574201      3.6201
   2013.62577055      3.8660
   2013.62579909      4.0559
   2013.62582763      4.1627
   2013.62585616      4.1940
   2013.62588470      4.2102
   2013.62591324      4.3353
   2013.62594178      4.2748
   2013.62597032      4.3504
   2013.62599886      4.3094
   2013.62602740      4.1344
   2013.62605594      4.3208
   2013.62608447      4.1754
   2013.62611301      3.9846
   2013.62614155      3.9607
   2013.62617009      3.9556
   2013.62619863      3.7841
   2013.62622717      3.7296
   2013.62625571      3.8475
   2013.62628425      3.7958
   2013.62631279      3.7866
   2013.62634132      3.7714
   2013.62636986      3.8310
   2013.62639840      3.9608
   2013.62642694      3.9240
   2013.62645548      4.0320
   2013.62648402      4.1969
   2013.62651256      4.2803
   2013.62654110      4.2506
   2013.62656963      4.3768
   2013.62659817      4.5267
   2013.62662671      4.6027
   2013.62665525      4.5531
   2013.62668379      4.6648
   2013.62671233      4.7796
   2013.62674087      4.8363
   2013.62676941      4.7580
   2013.62679795      4.8524
   2013.62682648      4.9311
   2013.62685502      4.9695
   2013.62688356      4.8578
   2013.62691210      4.9198
   2013.62694064      4.7582
   2013.62696918      4.9876
   2013.62699772      4.8506
   2013.62702626      4.8842
   2013.62705479      4.6597
   2013.62708333      4.9053
   2013.62711187      4.7482
   2013.62714041      4.7464
   2013.62716895      4.7534
   2013.62719749      4.7279
   2013.62722603      4.6592
   2013.62725457      4.5280
   2013.62728311      4.3342
   2013.62731164      4.4811
   2013.62734018      4.3673
   2013.62736872      4.2523
   2013.62739726      4.0712
   2013.62742580      4.1936
   2013.62745434      4.0706
   2013.62748288      3.8814
   2013.62751142      3.8698
   2013.62753995      3.9076
   2013.62756849      3.7307
   2013.62759703      3.6176
   2013.62762557      3.4183
   2013.62765411      3.5533
   2013.62768265      3.4860
   2013.62771119      3.5699
   2013.62773973      3.1736
   2013.62776826      3.3143
   2013.62779680      3.2525
   2013.62782534      3.1112
   2013.62785388      3.0368
   2013.62788242      3.0787
   2013.62791096      3.0480
   2013.62793950      2.9391
   2013.62796804      2.8384
   2013.62799658      2.8630
   2013.62802511      2.8370
   2013.62805365      2.7494
   2013.62808219      2.7639
   2013.62811073      2.6948
   2013.62813927      2.6785
   2013.62816781      2.6078
   2013.62819635      2.6433
   2013.62822489      2.5755
   2013.62825342      2.5818
   2013.62828196      2.5260
   2013.62831050      2.5779
   2013.62833904      2.5284
   2013.62836758      2.5520
   2013.62839612      2.5099
   2013.62842466      2.5799
   2013.62845320      2.6114
   2013.62848174      2.6032
   2013.62851027      2.5694
   2013.62853881      2.6645
   2013.62856735      2.7170
   2013.62859589      2.6836
   2013.62862443      2.7143
   2013.62865297      2.8318
   2013.62868151      2.9049
   2013.62871005      2.8836
   2013.62873858      2.9304
   2013.62876712      2.9086
   2013.62879566      3.1617
   2013.62882420      3.1532
   2013.62885274      3.1978
   2013.62888128      3.2386
   2013.62890982      3.4622
   2013.62893836      3.4486
   2013.62896689      3.5053
   2013.62899543      3.6252
   2013.62902397      3.7820
   2013.62905251      3.7686
   2013.62908105      3.8886
   2013.62910959      4.0600
   2013.62913813      4.1450
   2013.62916667      4.1235
   2013.62919521      4.2508
   2013.62922374      4.4130
   2013.62925228      4.5012
   2013.62928082      4.4648
   2013.62930936      4.5997
   2013.62933790      4.7347
   2013.62936644      4.8103
   2013.62939498      4.7491
   2013.62942352      4.8718
   2013.62945205      4.9671
   2013.62948059      5.0263
   2013.62950913      4.9350
   2013.62953767      5.0420
   2013.62956621      5.0991
   2013.62959475      5.1407
   2013.62962329      5.0155
   2013.62965183      5.0877
   2013.62968037      4.9016
   2013.62970890      5.1414
   2013.62973744      4.9940
   2013.62976598      5.0329
   2013.62979452      4.7855
   2013.62982306      5.0439
   2013.62985160      4.8783
   2013.62988014      4.8789
   2013.62990868      4.8781
   2013.62993721      4.8528
   2013.62996575      4.6757
   2013.62999429      4.6476
   2013.63002283      4.4418
   2013.63005137      4.5950
   2013.63007991      4.4858
   2013.63010845      4.3616
   2013.63013699      4.1703
   2013.63016553      4.2977
   2013.63019406      4.1752
   2013.63022260      4.0655
   2013.63025114      3.8804
   2013.63027968      3.7821
   2013.63030822      3.7211
   2013.63033676      3.5904
   2013.63036530      3.2381
   2013.63039384      3.0743
   2013.63042237      2.8260
   2013.63045091      2.6385
   2013.63047945      2.4558
   2013.63050799      2.2798
   2013.63053653      2.0948
   2013.63056507      1.9238
   2013.63059361      1.7710
   2013.63062215      1.6285
   2013.63065068      1.4946
   2013.63067922      1.3684
   2013.63070776      1.3053
   2013.63073630      1.1442
   2013.63076484      1.0480
   2013.63079338      0.9592
   2013.63082192      0.8792
   2013.63085046      0.8031
   2013.63087900      0.7321
   2013.63090753      0.6676
   2013.63093607      0.6103
   2013.63096461      0.5586
   2013.63099315      0.5121
   2013.63102169      0.4704
   2013.63105023      0.4328
   2013.63107877      0.3988
   2013.63110731      0.3679
   2013.63113584      0.3398
   2013.63116438      0.3142
   2013.63119292      0.2908
   2013.63122146      0.2695
   2013.63125000      0.2500
   2013.63127854      0.2319
   2013.63130708      0.2152
   2013.63133562      0.1999
   2013.63136416      0.1858
   2013.63139269      0.1729
   2013.63142123      0.1610
   2013.63144977      0.1500
   2013.63147831      0.1399
   2013.63150685      0.1306
   2013.63153539      0.1220
   2013.63156393      0.1140
   2013.63159247      0.1067
