   2013.62465753      0.0000
   2013.62468607      0.0000
   2013.62471461      0.0000
   2013.62474315      0.0000
   2013.62477169      0.0000
   2013.62480023      0.0000
   2013.62482877      0.0000
   2013.62485731      0.0000
   2013.62488584      0.0000
   2013.62491438      0.0000
   2013.62494292      0.0000
   2013.62497146      0.0000
   2013.62500000      0.0000
   2013.62502854      0.0000
   2013.62505708      0.0000
   2013.62508562      0.0000
   2013.62511416      0.0000
   2013.62514269      0.0000
   2013.62517123      0.0000
   2013.62519977      0.0000
   2013.62522831      0.0000
   2013.62525685      0.0000
   2013.62528539      0.0000
   2013.62531393      0.0000
   2013.62534247      0.0000
   2013.62537100      0.0000
   2013.62539954      0.0000
   2013.62542808      0.0000
   2013.62545662      0.0000
   2013.62548516      0.0000
   2013.62551370      0.0000
   2013.62554224      0.0000
   2013.62557078      0.0000
   2013.62559932      0.0000
   2013.62562785      0.0000
   2013.62565639      0.0000
   2013.62568493      0.0000
   2013.62571347      0.0049
   2013.62574201      0.0039
   2013.62577055      0.0205
   2013.62579909      0.0586
   2013.62582763      0.0979
   2013.62585616      0.1772
   2013.62588470      0.3027
   2013.62591324      0.4956
   2013.62594178      0.7726
   2013.62597032      1.1692
   2013.62599886      1.7595
   2013.62602740      2.6646
   2013.62605594      3.8191
   2013.62608447      4.8892
   2013.62611301      5.4519
   2013.62614155      5.8693
   2013.62617009      6.3183
   2013.62619863      6.2872
   2013.62622717      6.4488
   2013.62625571      6.5810
   2013.62628425      6.7950
   2013.62631279      6.8949
   2013.62634132      7.1372
   2013.62636986      7.2498
   2013.62639840      7.4426
   2013.62642694      7.6018
   2013.62645548      7.6700
   2013.62648402      7.8272
   2013.62651256      7.9592
   2013.62654110      8.1532
   2013.62656963      8.2418
   2013.62659817      8.3577
   2013.62662671      8.4594
   2013.62665525      8.5633
   2013.62668379      8.6399
   2013.62671233      8.5239
   2013.62674087      8.9768
   2013.62676941      9.0319
   2013.62679795      8.9510
   2013.62682648      8.8536
   2013.62685502      8.6640
   2013.62688356      8.4136
   2013.62691210      8.0730
   2013.62694064      7.4549
   2013.62696918      7.4044
   2013.62699772      6.8438
   2013.62702626      6.4804
   2013.62705479      5.4719
   2013.62708333      5.4731
   2013.62711187      5.0984
   2013.62714041      4.6466
   2013.62716895      4.3646
   2013.62719749      4.0646
   2013.62722603      3.8030
   2013.62725457      3.4835
   2013.62728311      3.2492
   2013.62731164      3.2425
   2013.62734018      3.0998
   2013.62736872      2.9281
   2013.62739726      2.8574
   2013.62742580      2.7401
   2013.62745434      2.6250
   2013.62748288      2.5082
   2013.62751142      2.3951
   2013.62753995      2.3488
   2013.62756849      2.2535
   2013.62759703      2.1138
   2013.62762557      2.0585
   2013.62765411      2.0101
   2013.62768265      1.9312
   2013.62771119      1.8051
   2013.62773973      1.7485
   2013.62776826      1.7050
   2013.62779680      1.6061
   2013.62782534      1.5566
   2013.62785388      1.3568
   2013.62788242      1.4318
   2013.62791096      1.3671
   2013.62793950      1.2931
   2013.62796804      1.2489
   2013.62799658      1.1420
   2013.62802511      1.1272
   2013.62805365      1.1098
   2013.62808219      1.0480
   2013.62811073      1.0026
   2013.62813927      0.9301
   2013.62816781      0.9061
   2013.62819635      0.8860
   2013.62822489      0.8508
   2013.62825342      0.8115
   2013.62828196      0.7748
   2013.62831050      0.7619
   2013.62833904      0.7366
   2013.62836758      0.7082
   2013.62839612      0.6832
   2013.62842466      0.6835
   2013.62845320      0.6675
   2013.62848174      0.6483
   2013.62851027      0.6323
   2013.62853881      0.6455
   2013.62856735      0.6495
   2013.62859589      0.6337
   2013.62862443      0.6276
   2013.62865297      0.6301
   2013.62868151      0.6754
   2013.62871005      0.6744
   2013.62873858      0.6573
   2013.62876712      0.7151
   2013.62879566      0.7680
   2013.62882420      0.7690
   2013.62885274      0.7995
   2013.62888128      0.8767
   2013.62890982      0.9176
   2013.62893836      0.9802
   2013.62896689      1.0421
   2013.62899543      1.1662
   2013.62902397      1.2779
   2013.62905251      1.3976
   2013.62908105      1.5043
   2013.62910959      1.6937
   2013.62913813      1.8558
   2013.62916667      1.9898
   2013.62919521      2.0903
   2013.62922374      2.3003
   2013.62925228      2.4643
   2013.62928082      2.5351
   2013.62930936      2.6419
   2013.62933790      2.7259
   2013.62936644      2.9828
   2013.62939498      3.0092
   2013.62942352      3.0816
   2013.62945205      3.0344
   2013.62948059      3.2679
   2013.62950913      3.3361
   2013.62953767      3.3776
   2013.62956621      3.3387
   2013.62959475      3.4716
   2013.62962329      3.5053
   2013.62965183      3.4670
   2013.62968037      3.4277
   2013.62970890      3.5532
   2013.62973744      3.5400
   2013.62976598      3.4722
   2013.62979452      3.2954
   2013.62982306      3.4842
   2013.62985160      3.4449
   2013.62988014      3.5587
   2013.62990868      3.1592
   2013.62993721      3.3134
   2013.62996575      3.2529
   2013.62999429      3.3474
   2013.63002283      2.9974
   2013.63005137      3.0563
   2013.63007991      2.9914
   2013.63010845      2.8826
   2013.63013699      2.8525
   2013.63016553      2.7814
   2013.63019406      2.6764
   2013.63022260      2.5819
   2013.63025114      2.4364
   2013.63027968      2.3466
   2013.63030822      2.2283
   2013.63033676      2.1117
   2013.63036530      1.9962
   2013.63039384      1.8829
   2013.63042237      1.7658
   2013.63045091      1.6513
   2013.63047945      1.5478
   2013.63050799      1.4489
   2013.63053653      1.3539
   2013.63056507      1.2620
   2013.63059361      1.2211
   2013.63062215      1.0993
   2013.63065068      0.9835
   2013.63067922      0.9402
   2013.63070776      0.8752
   2013.63073630      0.8092
   2013.63076484      0.7464
   2013.63079338      0.6874
   2013.63082192      0.6335
   2013.63085046      0.5844
   2013.63087900      0.5395
   2013.63090753      0.4988
   2013.63093607      0.4619
   2013.63096461      0.4281
   2013.63099315      0.3971
   2013.63102169      0.3684
   2013.63105023      0.3420
   2013.63107877      0.3177
   2013.63110731      0.2952
   2013.63113584      0.2745
   2013.63116438      0.2555
   2013.63119292      0.2378
   2013.63122146      0.2213
   2013.63125000      0.2060
   2013.63127854      0.1919
   2013.63130708      0.1789
   2013.63133562      0.1668
   2013.63136416      0.1557
   2013.63139269      0.1454
   2013.63142123      0.1359
   2013.63144977      0.1271
   2013.63147831      0.1189
   2013.63150685      0.1113
   2013.63153539      0.1042
