   2013.62465753      0.0000
   2013.62468607      0.0000
   2013.62471461      0.0000
   2013.62474315      0.0000
   2013.62477169      0.0000
   2013.62480023      0.0000
   2013.62482877      0.0000
   2013.62485731      0.0000
   2013.62488584      0.0000
   2013.62491438      0.0000
   2013.62494292      0.0000
   2013.62497146      0.0000
   2013.62500000      0.0000
   2013.62502854      0.0000
   2013.62505708      0.0000
   2013.62508562      0.0000
   2013.62511416      0.0000
   2013.62514269      0.0000
   2013.62517123      0.0000
   2013.62519977      0.0000
   2013.62522831      0.0000
   2013.62525685      0.0000
   2013.62528539      0.0000
   2013.62531393      0.0000
   2013.62534247      0.0000
   2013.62537100      0.0000
   2013.62539954      0.0000
   2013.62542808      0.0000
   2013.62545662      0.0000
   2013.62548516      0.0000
   2013.62551370      0.0000
   2013.62554224      0.0000
   2013.62557078      0.0000
   2013.62559932      0.0000
   2013.62562785      0.0000
   2013.62565639      0.0000
   2013.62568493      0.0000
   2013.62571347      0.0000
   2013.62574201      0.0000
   2013.62577055      0.0000
   2013.62579909      0.0000
   2013.62582763      0.0000
   2013.62585616      0.0000
   2013.62588470      0.0000
   2013.62591324      0.0000
   2013.62594178      0.0000
   2013.62597032      0.0000
   2013.62599886      0.0000
   2013.62602740      0.0000
   2013.62605594      0.0000
   2013.62608447      0.0000
   2013.62611301      0.0000
   2013.62614155      0.0000
   2013.62617009      0.0000
   2013.62619863      0.0000
   2013.62622717      0.0000
   2013.62625571      0.0000
   2013.62628425      0.0000
   2013.62631279      0.0000
   2013.62634132      0.0000
   2013.62636986      0.0000
   2013.62639840      0.0000
   2013.62642694      0.0000
   2013.62645548      0.0000
   2013.62648402      0.0000
   2013.62651256      0.0000
   2013.62654110      0.0000
   2013.62656963      0.0000
   2013.62659817      0.0000
   2013.62662671      0.0000
   2013.62665525      0.0000
   2013.62668379      0.0000
   2013.62671233      0.0000
   2013.62674087     22.6135
   2013.62676941     85.8865
   2013.62679795    136.7019
   2013.62682648    135.2454
   2013.62685502     99.0031
   2013.62688356     67.5663
   2013.62691210     47.4160
   2013.62694064     37.6911
   2013.62696918     31.3222
   2013.62699772     27.3608
   2013.62702626     22.7563
   2013.62705479     19.5749
   2013.62708333     17.5812
   2013.62711187     15.8218
   2013.62714041     14.2696
   2013.62716895     12.9604
   2013.62719749     12.8748
   2013.62722603     12.3307
   2013.62725457     11.8892
   2013.62728311     10.9751
   2013.62731164     11.2840
   2013.62734018     10.9982
   2013.62736872     10.6514
   2013.62739726      9.9961
   2013.62742580     10.3131
   2013.62745434     10.2000
   2013.62748288      9.7705
   2013.62751142      9.2561
   2013.62753995      9.5069
   2013.62756849      9.4438
   2013.62759703      9.0540
   2013.62762557      8.6138
   2013.62765411      8.7821
   2013.62768265      8.5319
   2013.62771119      8.3997
   2013.62773973      7.9749
   2013.62776826      8.0840
   2013.62779680      8.0346
   2013.62782534      7.8560
   2013.62785388      7.3692
   2013.62788242      7.5578
   2013.62791096      7.4515
   2013.62793950      7.2256
   2013.62796804      6.8677
   2013.62799658      7.1220
   2013.62802511      7.0463
   2013.62805365      6.8689
   2013.62808219      6.5696
   2013.62811073      6.8493
   2013.62813927      6.8135
   2013.62816781      6.6782
   2013.62819635      6.4401
   2013.62822489      6.7487
   2013.62825342      6.7501
   2013.62828196      6.7809
   2013.62831050      6.5153
   2013.62833904      6.8401
   2013.62836758      6.9025
   2013.62839612      6.9681
   2013.62842466      6.7637
   2013.62845320      7.1307
   2013.62848174      7.2879
   2013.62851027      7.3611
   2013.62853881      7.2642
   2013.62856735      7.7787
   2013.62859589      7.7425
   2013.62862443      7.9778
   2013.62865297      7.8865
   2013.62868151      8.3892
   2013.62871005      8.5068
   2013.62873858      8.6818
   2013.62876712      8.8709
   2013.62879566      9.3311
   2013.62882420      9.5069
   2013.62885274      9.5582
   2013.62888128      9.4712
   2013.62890982     10.2980
   2013.62893836     10.4887
   2013.62896689     10.5194
   2013.62899543     10.9108
   2013.62902397     11.8420
   2013.62905251     11.6300
   2013.62908105     11.5560
   2013.62910959     11.0209
   2013.62913813     12.0433
   2013.62916667     13.6862
   2013.62919521     14.9093
   2013.62922374     14.6093
   2013.62925228     13.6968
   2013.62928082     11.9081
   2013.62930936     10.6456
   2013.62933790      9.8811
   2013.62936644     10.0112
   2013.62939498     11.1379
   2013.62942352     11.9872
   2013.62945205     11.2748
   2013.62948059      9.9001
   2013.62950913      8.6138
   2013.62953767      8.1612
   2013.62956621      6.3688
   2013.62959475      5.9998
   2013.62962329      4.8742
   2013.62965183      4.3587
   2013.62968037      4.3111
   2013.62970890      3.6710
   2013.62973744      3.3385
   2013.62976598      3.0233
   2013.62979452      2.8814
   2013.62982306      2.5269
   2013.62985160      2.2520
   2013.62988014      2.0114
   2013.62990868      1.7242
   2013.62993721      1.5475
   2013.62996575      1.3838
   2013.62999429      1.2563
   2013.63002283      1.1216
   2013.63005137      1.0029
   2013.63007991      0.9131
   2013.63010845      0.8253
   2013.63013699      0.7456
   2013.63016553      0.6742
   2013.63019406      0.6112
   2013.63022260      0.5552
   2013.63025114      0.5055
   2013.63027968      0.4614
   2013.63030822      0.4223
   2013.63033676      0.3872
   2013.63036530      0.3557
   2013.63039384      0.3273
   2013.63042237      0.3015
   2013.63045091      0.2782
   2013.63047945      0.2570
   2013.63050799      0.2375
   2013.63053653      0.2196
   2013.63056507      0.2032
   2013.63059361      0.1882
   2013.63062215      0.1745
   2013.63065068      0.1620
   2013.63067922      0.1505
   2013.63070776      0.1400
   2013.63073630      0.1303
   2013.63076484      0.1214
   2013.63079338      0.1131
   2013.63082192      0.1055
