   2013.62465753      0.0000
   2013.62468607      0.0000
   2013.62471461      0.0000
   2013.62474315      0.0000
   2013.62477169      0.0000
   2013.62480023      0.0000
   2013.62482877      0.0000
   2013.62485731      0.0000
   2013.62488584      0.0000
   2013.62491438      0.0000
   2013.62494292      0.0000
   2013.62497146      0.0000
   2013.62500000      0.0000
   2013.62502854      0.0000
   2013.62505708      0.0000
   2013.62508562      0.0000
   2013.62511416      0.0000
   2013.62514269      0.0000
   2013.62517123      0.0000
   2013.62519977      0.0000
   2013.62522831      0.0000
   2013.62525685      0.0000
   2013.62528539      0.0000
   2013.62531393      0.0000
   2013.62534247      0.0000
   2013.62537100      0.0000
   2013.62539954      0.0000
   2013.62542808      0.0000
   2013.62545662      0.0000
   2013.62548516      0.0000
   2013.62551370      0.0000
   2013.62554224      0.0000
   2013.62557078      0.0000
   2013.62559932      0.0000
   2013.62562785      0.0000
   2013.62565639      0.0000
   2013.62568493      0.0000
   2013.62571347      0.0000
   2013.62574201      0.0000
   2013.62577055      0.0000
   2013.62579909      0.0000
   2013.62582763      0.0003
   2013.62585616      0.0010
   2013.62588470      0.0016
   2013.62591324      0.0022
   2013.62594178      0.0026
   2013.62597032      0.0029
   2013.62599886      0.0033
   2013.62602740      0.0288
   2013.62605594      0.0684
   2013.62608447      0.1174
   2013.62611301      0.2058
   2013.62614155      0.3517
   2013.62617009      0.5725
   2013.62619863      0.9080
   2013.62622717      1.3721
   2013.62625571      1.9686
   2013.62628425      2.9682
   2013.62631279      3.8523
   2013.62634132      4.7140
   2013.62636986      5.1022
   2013.62639840      5.1630
   2013.62642694      5.3928
   2013.62645548      5.0927
   2013.62648402      4.6258
   2013.62651256      4.4283
   2013.62654110      4.0893
   2013.62656963      4.0366
   2013.62659817      3.4254
   2013.62662671      3.4017
   2013.62665525      3.2425
   2013.62668379      3.0324
   2013.62671233      2.9212
   2013.62674087      2.7673
   2013.62676941      2.6840
   2013.62679795      2.5764
   2013.62682648      2.5513
   2013.62685502      2.4811
   2013.62688356      2.4656
   2013.62691210      2.4232
   2013.62694064      2.4461
   2013.62696918      2.4573
   2013.62699772      2.4295
   2013.62702626      2.4053
   2013.62705479      2.4263
   2013.62708333      2.4201
   2013.62711187      2.3918
   2013.62714041      2.3537
   2013.62716895      2.3546
   2013.62719749      2.3159
   2013.62722603      2.2738
   2013.62725457      2.2204
   2013.62728311      2.1844
   2013.62731164      2.1317
   2013.62734018      2.0704
   2013.62736872      2.0025
   2013.62739726      1.9090
   2013.62742580      1.8812
   2013.62745434      1.7792
   2013.62748288      1.7171
   2013.62751142      1.6502
   2013.62753995      1.5834
   2013.62756849      1.5257
   2013.62759703      1.4408
   2013.62762557      1.3753
   2013.62765411      1.3126
   2013.62768265      1.2517
   2013.62771119      1.1912
   2013.62773973      1.1294
   2013.62776826      1.0892
   2013.62779680      1.0248
   2013.62782534      0.9448
   2013.62785388      0.9173
   2013.62788242      0.8728
   2013.62791096      0.8259
   2013.62793950      0.7804
   2013.62796804      0.7366
   2013.62799658      0.6955
   2013.62802511      0.6578
   2013.62805365      0.6233
   2013.62808219      0.5911
   2013.62811073      0.5609
   2013.62813927      0.5325
   2013.62816781      0.5058
   2013.62819635      0.4808
   2013.62822489      0.4572
   2013.62825342      0.4349
   2013.62828196      0.4139
   2013.62831050      0.3939
   2013.62833904      0.3751
   2013.62836758      0.3574
   2013.62839612      0.3407
   2013.62842466      0.3259
   2013.62845320      0.3113
   2013.62848174      0.2974
   2013.62851027      0.2843
   2013.62853881      0.2759
   2013.62856735      0.2650
   2013.62859589      0.2542
   2013.62862443      0.2439
   2013.62865297      0.2408
   2013.62868151      0.2331
   2013.62871005      0.2250
   2013.62873858      0.2173
   2013.62876712      0.2206
   2013.62879566      0.2170
   2013.62882420      0.2125
   2013.62885274      0.2088
   2013.62888128      0.2192
   2013.62890982      0.2213
   2013.62893836      0.2223
   2013.62896689      0.2246
   2013.62899543      0.2452
   2013.62902397      0.2561
   2013.62905251      0.2659
   2013.62908105      0.2782
   2013.62910959      0.3139
   2013.62913813      0.3383
   2013.62916667      0.3726
   2013.62919521      0.4021
   2013.62922374      0.4674
   2013.62925228      0.5243
   2013.62928082      0.5706
   2013.62930936      0.6548
   2013.62933790      0.7774
   2013.62936644      0.8962
   2013.62939498      1.0405
   2013.62942352      1.2207
   2013.62945205      1.4686
   2013.62948059      1.6996
   2013.62950913      1.8660
   2013.62953767      1.9878
   2013.62956621      2.1345
   2013.62959475      2.2057
   2013.62962329      2.2886
   2013.62965183      2.3186
   2013.62968037      2.3893
   2013.62970890      2.4323
   2013.62973744      2.4219
   2013.62976598      2.4073
   2013.62979452      2.4326
   2013.62982306      2.4275
   2013.62985160      2.3985
   2013.62988014      2.3591
   2013.62990868      2.3588
   2013.62993721      2.3189
   2013.62996575      2.2757
   2013.62999429      2.2216
   2013.63002283      2.1852
   2013.63005137      2.1321
   2013.63007991      2.0705
   2013.63010845      2.0024
   2013.63013699      1.9531
   2013.63016553      1.8810
   2013.63019406      1.7790
   2013.63022260      1.7168
   2013.63025114      1.6479
   2013.63027968      1.5797
   2013.63030822      1.5137
   2013.63033676      1.4360
   2013.63036530      1.3704
   2013.63039384      1.3070
   2013.63042237      1.2454
   2013.63045091      1.1839
   2013.63047945      1.1746
   2013.63050799      1.0786
   2013.63053653      1.0173
   2013.63056507      0.9445
   2013.63059361      0.9111
   2013.63062215      0.8649
   2013.63065068      0.8179
   2013.63067922      0.7723
   2013.63070776      0.7285
   2013.63073630      0.6877
   2013.63076484      0.6504
   2013.63079338      0.6161
   2013.63082192      0.5840
   2013.63085046      0.5539
   2013.63087900      0.5257
   2013.63090753      0.4992
   2013.63093607      0.4743
   2013.63096461      0.4508
   2013.63099315      0.4287
   2013.63102169      0.4077
   2013.63105023      0.3880
   2013.63107877      0.3693
   2013.63110731      0.3517
   2013.63113584      0.3352
   2013.63116438      0.3196
   2013.63119292      0.3050
   2013.63122146      0.2912
   2013.63125000      0.2782
   2013.63127854      0.2660
   2013.63130708      0.2545
   2013.63133562      0.2436
   2013.63136416      0.2331
   2013.63139269      0.2232
   2013.63142123      0.2138
   2013.63144977      0.2048
   2013.63147831      0.1964
   2013.63150685      0.1885
   2013.63153539      0.1809
   2013.63156393      0.1738
   2013.63159247      0.1670
   2013.63162100      0.1605
   2013.63164954      0.1544
   2013.63167808      0.1485
   2013.63170662      0.1430
   2013.63173516      0.1377
   2013.63176370      0.1327
   2013.63179224      0.1279
   2013.63182078      0.1234
   2013.63184932      0.1191
   2013.63187785      0.1150
   2013.63190639      0.1111
   2013.63193493      0.1073
   2013.63196347      0.1038
   2013.63199201      0.1003
   2013.63202055      0.0971
   2013.63204909      0.0940
   2013.63207763      0.0910
   2013.63210616      0.0882
   2013.63213470      0.0855
   2013.63216324      0.0829
   2013.63219178      0.0804
   2013.63222032      0.0780
   2013.63224886      0.0757
   2013.63227740      0.0734
   2013.63230594      0.0713
   2013.63233447      0.0692
   2013.63236301      0.0672
