   2013.62465753      0.0000
   2013.62468607      0.0000
   2013.62471461      0.0000
   2013.62474315      0.0000
   2013.62477169      0.0000
   2013.62480023      0.0000
   2013.62482877      0.0000
   2013.62485731      0.0000
   2013.62488584      0.0000
   2013.62491438      0.0000
   2013.62494292      0.0000
   2013.62497146      0.0000
   2013.62500000      0.0000
   2013.62502854      0.0000
   2013.62505708      0.0000
   2013.62508562      0.0000
   2013.62511416      0.0000
   2013.62514269      0.0000
   2013.62517123      0.0000
   2013.62519977      0.0000
   2013.62522831      0.0000
   2013.62525685      0.0000
   2013.62528539      0.0000
   2013.62531393      0.0000
   2013.62534247      0.0000
   2013.62537100      0.0000
   2013.62539954      0.0000
   2013.62542808      0.0000
   2013.62545662      0.0000
   2013.62548516      0.0000
   2013.62551370      0.0000
   2013.62554224      0.0000
   2013.62557078      0.0000
   2013.62559932      0.0000
   2013.62562785      0.0000
   2013.62565639      0.0000
   2013.62568493      0.0000
   2013.62571347      0.0000
   2013.62574201      0.0000
   2013.62577055      0.0000
   2013.62579909      0.0000
   2013.62582763      0.0000
   2013.62585616      0.0000
   2013.62588470      0.0000
   2013.62591324      0.0000
   2013.62594178      0.0000
   2013.62597032      0.0000
   2013.62599886      0.0000
   2013.62602740      0.0000
   2013.62605594      0.0000
   2013.62608447      0.0000
   2013.62611301      0.0000
   2013.62614155      0.0000
   2013.62617009      0.6521
   2013.62619863      3.0412
   2013.62622717      7.8894
   2013.62625571     15.9963
   2013.62628425     30.2000
   2013.62631279     34.2369
   2013.62634132     29.1147
   2013.62636986     24.2544
   2013.62639840     21.8523
   2013.62642694     19.7449
   2013.62645548     18.3639
   2013.62648402     17.2935
   2013.62651256     17.5269
   2013.62654110     16.8256
   2013.62656963     16.0203
   2013.62659817     14.9310
   2013.62662671     13.9988
   2013.62665525     13.5599
   2013.62668379     13.2714
   2013.62671233     13.0936
   2013.62674087     12.6947
   2013.62676941     11.9528
   2013.62679795     11.0778
   2013.62682648      9.9745
   2013.62685502      8.5355
   2013.62688356      8.2299
   2013.62691210      6.4197
   2013.62694064      5.5560
   2013.62696918      5.2253
   2013.62699772      4.1276
   2013.62702626      3.5367
   2013.62705479      3.0618
   2013.62708333      2.7772
   2013.62711187      2.4133
   2013.62714041      2.0267
   2013.62716895      1.7869
   2013.62719749      1.5760
   2013.62722603      1.4625
   2013.62725457      1.2454
   2013.62728311      1.0746
   2013.62731164      0.9864
   2013.62734018      0.8880
   2013.62736872      0.7964
   2013.62739726      0.7147
   2013.62742580      0.6429
   2013.62745434      0.5800
   2013.62748288      0.5243
   2013.62751142      0.4754
   2013.62753995      0.4323
   2013.62756849      0.3941
   2013.62759703      0.3600
   2013.62762557      0.3296
   2013.62765411      0.3022
   2013.62768265      0.2776
   2013.62771119      0.2553
   2013.62773973      0.2350
   2013.62776826      0.2164
   2013.62779680      0.1995
   2013.62782534      0.1842
   2013.62785388      0.1702
   2013.62788242      0.1574
   2013.62791096      0.1458
   2013.62793950      0.1351
   2013.62796804      0.1254
   2013.62799658      0.1164
   2013.62802511      0.1082
   2013.62805365      0.1006
