   2013.62465753      0.0000
   2013.62468607      0.0000
   2013.62471461      0.0000
   2013.62474315      0.0000
   2013.62477169      0.0000
   2013.62480023      0.0000
   2013.62482877      0.0000
   2013.62485731      0.0000
   2013.62488584      0.0000
   2013.62491438      0.0001
   2013.62494292      0.0006
   2013.62497146      0.0013
   2013.62500000      0.0025
   2013.62502854      0.0028
   2013.62505708      0.0033
   2013.62508562      0.0038
   2013.62511416      0.0344
   2013.62514269      0.0662
   2013.62517123      0.0971
   2013.62519977      0.1561
   2013.62522831      0.2422
   2013.62525685      0.3479
   2013.62528539      0.4797
   2013.62531393      0.6281
   2013.62534247      0.7863
   2013.62537100      0.9620
   2013.62539954      1.1962
   2013.62542808      1.5282
   2013.62545662      1.8672
   2013.62548516      2.0669
   2013.62551370      2.1116
   2013.62554224      2.0338
   2013.62557078      1.9392
   2013.62559932      1.8144
   2013.62562785      1.6756
   2013.62565639      1.5345
   2013.62568493      1.4253
   2013.62571347      1.3122
   2013.62574201      1.2204
   2013.62577055      1.1072
   2013.62579909      1.0247
   2013.62582763      0.9620
   2013.62585616      0.8860
   2013.62588470      0.8164
   2013.62591324      0.7810
   2013.62594178      0.7308
   2013.62597032      0.6795
   2013.62599886      0.6370
   2013.62602740      0.6313
   2013.62605594      0.6052
   2013.62608447      0.5771
   2013.62611301      0.5549
   2013.62614155      0.5713
   2013.62617009      0.5633
   2013.62619863      0.5586
   2013.62622717      0.5512
   2013.62625571      0.5701
   2013.62628425      0.6197
   2013.62631279      0.6301
   2013.62634132      0.6515
   2013.62636986      0.7036
   2013.62639840      0.7741
   2013.62642694      0.8041
   2013.62645548      0.8675
   2013.62648402      0.9862
   2013.62651256      1.0985
   2013.62654110      1.2403
   2013.62656963      1.3936
   2013.62659817      1.6280
   2013.62662671      1.8354
   2013.62665525      1.9898
   2013.62668379      2.1032
   2013.62671233      2.3012
   2013.62674087      2.4507
   2013.62676941      2.5389
   2013.62679795      2.5696
   2013.62682648      2.7070
   2013.62685502      2.8045
   2013.62688356      2.7736
   2013.62691210      2.7957
   2013.62694064      2.7852
   2013.62696918      2.8719
   2013.62699772      2.9138
   2013.62702626      2.8523
   2013.62705479      2.7988
   2013.62708333      2.8543
   2013.62711187      2.8447
   2013.62714041      2.7764
   2013.62716895      2.6659
   2013.62719749      2.7751
   2013.62722603      2.6787
   2013.62725457      2.6024
   2013.62728311      2.5890
   2013.62731164      2.5182
   2013.62734018      2.4414
   2013.62736872      2.3515
   2013.62739726      2.2702
   2013.62742580      2.2320
   2013.62745434      2.1034
   2013.62748288      2.0240
   2013.62751142      1.9693
   2013.62753995      1.9259
   2013.62756849      1.8140
   2013.62759703      1.7289
   2013.62762557      1.6700
   2013.62765411      1.6251
   2013.62768265      1.5947
   2013.62771119      1.4569
   2013.62773973      1.4000
   2013.62776826      1.3389
   2013.62779680      1.2753
   2013.62782534      1.2087
   2013.62785388      1.1426
   2013.62788242      1.1056
   2013.62791096      1.0344
   2013.62793950      0.9397
   2013.62796804      0.9278
   2013.62799658      0.8832
   2013.62802511      0.8336
   2013.62805365      0.7863
   2013.62808219      0.7514
   2013.62811073      0.7103
   2013.62813927      0.6690
   2013.62816781      0.6317
   2013.62819635      0.6087
   2013.62822489      0.5778
   2013.62825342      0.5463
   2013.62828196      0.5171
   2013.62831050      0.5037
   2013.62833904      0.4805
   2013.62836758      0.4556
   2013.62839612      0.4325
   2013.62842466      0.4267
   2013.62845320      0.4096
   2013.62848174      0.3903
   2013.62851027      0.3724
   2013.62853881      0.3748
   2013.62856735      0.3641
   2013.62859589      0.3506
   2013.62862443      0.3381
   2013.62865297      0.3492
   2013.62868151      0.3452
   2013.62871005      0.3378
   2013.62873858      0.3318
   2013.62876712      0.3537
   2013.62879566      0.3578
   2013.62882420      0.3581
   2013.62885274      0.3608
   2013.62888128      0.3993
   2013.62890982      0.4320
   2013.62893836      0.4748
   2013.62896689      0.4980
   2013.62899543      0.5147
   2013.62902397      0.5342
   2013.62905251      0.5588
   2013.62908105      0.5987
   2013.62910959      0.6984
   2013.62913813      0.8006
   2013.62916667      0.8993
   2013.62919521      0.9631
   2013.62922374      1.0434
   2013.62925228      1.2299
   2013.62928082      1.4721
   2013.62930936      1.6410
   2013.62933790      1.7186
   2013.62936644      1.7544
   2013.62939498      1.8129
   2013.62942352      1.9065
   2013.62945205      2.0012
   2013.62948059      2.0525
   2013.62950913      2.0563
   2013.62953767      2.0474
   2013.62956621      2.0111
   2013.62959475      2.0456
   2013.62962329      2.0645
   2013.62965183      2.0546
   2013.62968037      2.0102
   2013.62970890      1.9433
   2013.62973744      1.8760
   2013.62976598      1.8120
   2013.62979452      1.7547
   2013.62982306      1.6996
   2013.62985160      1.6302
   2013.62988014      1.5658
   2013.62990868      1.4961
   2013.62993721      1.4232
   2013.62996575      1.3494
   2013.62999429      1.2781
   2013.63002283      1.2111
   2013.63005137      1.1477
   2013.63007991      1.1298
   2013.63010845      1.0380
   2013.63013699      0.9789
   2013.63016553      0.9159
   2013.63019406      0.8687
   2013.63022260      0.8174
   2013.63025114      0.7676
   2013.63027968      0.7195
   2013.63030822      0.6739
   2013.63033676      0.6319
   2013.63036530      0.5929
   2013.63039384      0.5563
   2013.63042237      0.5221
   2013.63045091      0.4901
   2013.63047945      0.4601
   2013.63050799      0.4320
   2013.63053653      0.4056
   2013.63056507      0.3807
   2013.63059361      0.3573
   2013.63062215      0.3354
   2013.63065068      0.3148
   2013.63067922      0.2955
   2013.63070776      0.2775
   2013.63073630      0.2607
   2013.63076484      0.2449
   2013.63079338      0.2301
   2013.63082192      0.2161
   2013.63085046      0.2030
   2013.63087900      0.1907
   2013.63090753      0.1793
   2013.63093607      0.1686
   2013.63096461      0.1586
   2013.63099315      0.1492
   2013.63102169      0.1404
   2013.63105023      0.1322
   2013.63107877      0.1245
   2013.63110731      0.1173
   2013.63113584      0.1105
   2013.63116438      0.1042
