   2013.62465753      0.0000
   2013.62468607      0.0000
   2013.62471461      0.0000
   2013.62474315      0.0000
   2013.62477169      0.0000
   2013.62480023      0.0000
   2013.62482877      0.0000
   2013.62485731      0.0000
   2013.62488584      0.0000
   2013.62491438      0.0000
   2013.62494292      0.0000
   2013.62497146      0.0000
   2013.62500000      0.0000
   2013.62502854      0.0000
   2013.62505708      0.0000
   2013.62508562      0.0000
   2013.62511416      0.0000
   2013.62514269      0.0000
   2013.62517123      0.0000
   2013.62519977      0.0000
   2013.62522831      0.0000
   2013.62525685      0.0000
   2013.62528539      0.0000
   2013.62531393      0.0000
   2013.62534247      0.0000
   2013.62537100      0.0000
   2013.62539954      0.0000
   2013.62542808      0.0000
   2013.62545662      0.0000
   2013.62548516      0.0000
   2013.62551370      0.0000
   2013.62554224      0.0000
   2013.62557078      0.0000
   2013.62559932      0.0000
   2013.62562785      0.0000
   2013.62565639      0.0000
   2013.62568493      0.0000
   2013.62571347      0.0000
   2013.62574201      0.0000
   2013.62577055      0.0000
   2013.62579909      0.0000
   2013.62582763      0.0000
   2013.62585616      0.0000
   2013.62588470      0.0000
   2013.62591324      0.0000
   2013.62594178      0.0000
   2013.62597032      0.0000
   2013.62599886      0.0000
   2013.62602740      0.0000
   2013.62605594      0.0000
   2013.62608447      0.0000
   2013.62611301      0.0000
   2013.62614155      0.0000
   2013.62617009      0.3527
   2013.62619863      1.1101
   2013.62622717      3.4800
   2013.62625571      6.4623
   2013.62628425     12.2433
   2013.62631279     20.2299
   2013.62634132     21.8548
   2013.62636986     19.8871
   2013.62639840     17.1541
   2013.62642694     14.9208
   2013.62645548     13.1452
   2013.62648402     12.0910
   2013.62651256     11.0900
   2013.62654110     10.3274
   2013.62656963      9.8131
   2013.62659817      9.5886
   2013.62662671      9.3815
   2013.62665525      9.3197
   2013.62668379      9.2841
   2013.62671233      8.8687
   2013.62674087      8.9912
   2013.62676941      8.7298
   2013.62679795      8.2927
   2013.62682648      7.7384
   2013.62685502      7.8419
   2013.62688356      7.5045
   2013.62691210      7.0418
   2013.62694064      6.4199
   2013.62696918      6.5467
   2013.62699772      5.9942
   2013.62702626      5.7403
   2013.62705479      5.2545
   2013.62708333      5.3045
   2013.62711187      4.9894
   2013.62714041      4.8954
   2013.62716895      4.6026
   2013.62719749      4.7882
   2013.62722603      4.6084
   2013.62725457      4.5871
   2013.62728311      4.5934
   2013.62731164      4.5636
   2013.62734018      4.4774
   2013.62736872      4.3651
   2013.62739726      4.1863
   2013.62742580      4.3245
   2013.62745434      4.2080
   2013.62748288      4.1013
   2013.62751142      4.1352
   2013.62753995      4.0446
   2013.62756849      3.9415
   2013.62759703      3.7788
   2013.62762557      3.6109
   2013.62765411      3.6643
   2013.62768265      3.5825
   2013.62771119      3.7120
   2013.62773973      3.2501
   2013.62776826      3.3939
   2013.62779680      3.3258
   2013.62782534      3.1677
   2013.62785388      3.0829
   2013.62788242      3.1373
   2013.62791096      3.3314
   2013.62793950      2.9878
   2013.62796804      2.8875
   2013.62799658      2.9125
   2013.62802511      2.8884
   2013.62805365      2.7975
   2013.62808219      2.8150
   2013.62811073      2.7452
   2013.62813927      2.7326
   2013.62816781      2.6597
   2013.62819635      2.6938
   2013.62822489      2.7030
   2013.62825342      2.6430
   2013.62828196      2.5855
   2013.62831050      2.6383
   2013.62833904      2.5931
   2013.62836758      2.6224
   2013.62839612      2.5775
   2013.62842466      2.6526
   2013.62845320      2.6875
   2013.62848174      2.6901
   2013.62851027      2.6470
   2013.62853881      2.7472
   2013.62856735      2.8033
   2013.62859589      2.7706
   2013.62862443      2.7956
   2013.62865297      2.8222
   2013.62868151      3.0113
   2013.62871005      2.9940
   2013.62873858      3.0716
   2013.62876712      3.0486
   2013.62879566      3.3003
   2013.62882420      3.2998
   2013.62885274      3.3614
   2013.62888128      3.5963
   2013.62890982      3.6459
   2013.62893836      3.6452
   2013.62896689      3.7733
   2013.62899543      3.9573
   2013.62902397      4.0507
   2013.62905251      4.0378
   2013.62908105      4.1679
   2013.62910959      4.0586
   2013.62913813      4.4404
   2013.62916667      4.4116
   2013.62919521      4.5570
   2013.62922374      4.3936
   2013.62925228      4.8106
   2013.62928082      4.7574
   2013.62930936      4.9340
   2013.62933790      4.6858
   2013.62936644      5.1354
   2013.62939498      5.0539
   2013.62942352      5.2305
   2013.62945205      4.9346
   2013.62948059      5.3891
   2013.62950913      5.2749
   2013.62953767      5.4382
   2013.62956621      5.0785
   2013.62959475      5.5216
   2013.62962329      5.3700
   2013.62965183      5.4936
   2013.62968037      5.2075
   2013.62970890      5.5068
   2013.62973744      5.3307
   2013.62976598      5.4059
   2013.62979452      5.0857
   2013.62982306      5.3719
   2013.62985160      5.1818
   2013.62988014      5.1934
   2013.62990868      4.9019
   2013.62993721      5.1463
   2013.62996575      4.9499
   2013.62999429      4.9272
   2013.63002283      4.9069
   2013.63005137      4.8665
   2013.63007991      4.8055
   2013.63010845      4.6386
   2013.63013699      4.4274
   2013.63016553      4.5744
   2013.63019406      4.4576
   2013.63022260      4.3351
   2013.63025114      4.2002
   2013.63027968      3.9308
   2013.63030822      4.0875
   2013.63033676      3.7472
   2013.63036530      3.3431
   2013.63039384      3.2313
   2013.63042237      2.9661
   2013.63045091      2.7726
   2013.63047945      2.5705
   2013.63050799      2.3793
   2013.63053653      2.1841
   2013.63056507      1.9941
   2013.63059361      1.8291
   2013.63062215      1.6763
   2013.63065068      1.5339
   2013.63067922      1.4006
   2013.63070776      1.3429
   2013.63073630      1.1649
   2013.63076484      1.0651
   2013.63079338      0.9729
   2013.63082192      0.8906
   2013.63085046      0.8128
   2013.63087900      0.7400
   2013.63090753      0.6739
   2013.63093607      0.6153
   2013.63096461      0.5626
   2013.63099315      0.5152
   2013.63102169      0.4727
   2013.63105023      0.4345
   2013.63107877      0.4000
   2013.63110731      0.3687
   2013.63113584      0.3403
   2013.63116438      0.3144
   2013.63119292      0.2908
   2013.63122146      0.2693
   2013.63125000      0.2496
   2013.63127854      0.2315
   2013.63130708      0.2147
   2013.63133562      0.1993
   2013.63136416      0.1851
   2013.63139269      0.1722
   2013.63142123      0.1602
   2013.63144977      0.1493
   2013.63147831      0.1391
   2013.63150685      0.1298
   2013.63153539      0.1212
   2013.63156393      0.1132
   2013.63159247      0.1059
