   2013.62465753      0.0000
   2013.62468607      0.0000
   2013.62471461      0.0000
   2013.62474315      0.0000
   2013.62477169      0.0000
   2013.62480023      0.0000
   2013.62482877      0.0000
   2013.62485731      0.0000
   2013.62488584      0.0000
   2013.62491438      0.0000
   2013.62494292      0.0000
   2013.62497146      0.0000
   2013.62500000      0.0000
   2013.62502854      0.0000
   2013.62505708      0.0000
   2013.62508562      0.0000
   2013.62511416      0.0000
   2013.62514269      0.0000
   2013.62517123      0.0000
   2013.62519977      0.0000
   2013.62522831      0.0000
   2013.62525685      0.0035
   2013.62528539      0.0081
   2013.62531393      0.0250
   2013.62534247      0.1215
   2013.62537100      0.2063
   2013.62539954      0.4360
   2013.62542808      0.8651
   2013.62545662      1.4405
   2013.62548516      2.1208
   2013.62551370      3.1543
   2013.62554224      5.0181
   2013.62557078      7.0461
   2013.62559932      6.7655
   2013.62562785      6.8147
   2013.62565639      5.5036
   2013.62568493      4.8691
   2013.62571347      4.2218
   2013.62574201      3.6420
   2013.62577055      3.1610
   2013.62579909      2.9071
   2013.62582763      2.4962
   2013.62585616      2.1735
   2013.62588470      1.9034
   2013.62591324      1.6706
   2013.62594178      1.4057
   2013.62597032      1.2696
   2013.62599886      1.0866
   2013.62602740      0.9949
   2013.62605594      0.8923
   2013.62608447      0.7967
   2013.62611301      0.7120
   2013.62614155      0.6382
   2013.62617009      0.5738
   2013.62619863      0.5172
   2013.62622717      0.4675
   2013.62625571      0.4239
   2013.62628425      0.3853
   2013.62631279      0.3510
   2013.62634132      0.3204
   2013.62636986      0.2931
   2013.62639840      0.2685
   2013.62642694      0.2463
   2013.62645548      0.2261
   2013.62648402      0.2077
   2013.62651256      0.1910
   2013.62654110      0.1759
   2013.62656963      0.1622
   2013.62659817      0.1498
   2013.62662671      0.1385
   2013.62665525      0.1282
   2013.62668379      0.1187
   2013.62671233      0.1100
   2013.62674087      0.1021
