   2013.62465753      0.0000
   2013.62468607      0.0000
   2013.62471461      0.0000
   2013.62474315      0.0000
   2013.62477169      0.0000
   2013.62480023      0.0000
   2013.62482877      0.0000
   2013.62485731      0.0000
   2013.62488584      0.0000
   2013.62491438      0.0000
   2013.62494292      0.0000
   2013.62497146      0.0000
   2013.62500000      0.0000
   2013.62502854      0.0000
   2013.62505708      0.0000
   2013.62508562      0.0000
   2013.62511416      0.0000
   2013.62514269      0.0000
   2013.62517123      0.0000
   2013.62519977      0.0000
   2013.62522831      0.0000
   2013.62525685      0.0000
   2013.62528539      0.0000
   2013.62531393      0.0000
   2013.62534247      0.0000
   2013.62537100      0.0000
   2013.62539954      0.0000
   2013.62542808      0.0000
   2013.62545662      0.0000
   2013.62548516      0.0000
   2013.62551370      0.0000
   2013.62554224      0.0000
   2013.62557078      0.0000
   2013.62559932      0.0000
   2013.62562785      0.0000
   2013.62565639      0.0000
   2013.62568493      0.0000
   2013.62571347      0.0000
   2013.62574201      0.0000
   2013.62577055      0.0000
   2013.62579909      0.0000
   2013.62582763      0.0058
   2013.62585616      0.0071
   2013.62588470      0.0374
   2013.62591324      0.0756
   2013.62594178      0.1337
   2013.62597032      0.2417
   2013.62599886      0.4031
   2013.62602740      0.6466
   2013.62605594      0.9810
   2013.62608447      1.4673
   2013.62611301      2.1694
   2013.62614155      3.3058
   2013.62617009      4.4587
   2013.62619863      5.2965
   2013.62622717      5.6178
   2013.62625571      5.8531
   2013.62628425      6.1141
   2013.62631279      6.2402
   2013.62634132      6.1953
   2013.62636986      6.2605
   2013.62639840      6.5120
   2013.62642694      6.6021
   2013.62645548      6.7693
   2013.62648402      6.8557
   2013.62651256      7.0412
   2013.62654110      7.1129
   2013.62656963      7.3301
   2013.62659817      7.3985
   2013.62662671      7.5576
   2013.62665525      7.6823
   2013.62668379      7.6873
   2013.62671233      7.8045
   2013.62674087      7.9187
   2013.62676941      7.9512
   2013.62679795      7.9835
   2013.62682648      7.9424
   2013.62685502      8.3347
   2013.62688356      8.3204
   2013.62691210      8.3221
   2013.62694064      8.1858
   2013.62696918      8.1120
   2013.62699772      7.7028
   2013.62702626      7.5250
   2013.62705479      6.9354
   2013.62708333      6.8759
   2013.62711187      6.5827
   2013.62714041      6.4900
   2013.62716895      5.0804
   2013.62719749      5.1933
   2013.62722603      4.7239
   2013.62725457      4.3196
   2013.62728311      3.7516
   2013.62731164      3.7596
   2013.62734018      3.5048
   2013.62736872      3.2772
   2013.62739726      3.1330
   2013.62742580      2.9483
   2013.62745434      2.7754
   2013.62748288      2.6159
   2013.62751142      2.4754
   2013.62753995      2.3959
   2013.62756849      2.2806
   2013.62759703      2.1269
   2013.62762557      2.0595
   2013.62765411      2.0046
   2013.62768265      1.8815
   2013.62771119      1.7897
   2013.62773973      1.7302
   2013.62776826      1.6850
   2013.62779680      1.5853
   2013.62782534      1.5058
   2013.62785388      1.3988
   2013.62788242      1.4627
   2013.62791096      1.3339
   2013.62793950      1.2649
   2013.62796804      1.2189
   2013.62799658      1.1471
   2013.62802511      1.1400
   2013.62805365      1.0535
   2013.62808219      1.0136
   2013.62811073      0.9675
   2013.62813927      0.9109
   2013.62816781      0.8703
   2013.62819635      0.8448
   2013.62822489      0.8077
   2013.62825342      0.7671
   2013.62828196      0.7300
   2013.62831050      0.7152
   2013.62833904      0.6888
   2013.62836758      0.6602
   2013.62839612      0.6349
   2013.62842466      0.6344
   2013.62845320      0.6168
   2013.62848174      0.5964
   2013.62851027      0.5791
   2013.62853881      0.5909
   2013.62856735      0.5830
   2013.62859589      0.5722
   2013.62862443      0.5652
   2013.62865297      0.5918
   2013.62868151      0.6117
   2013.62871005      0.6047
   2013.62873858      0.6085
   2013.62876712      0.6435
   2013.62879566      0.6918
   2013.62882420      0.7217
   2013.62885274      0.7268
   2013.62888128      0.7992
   2013.62890982      0.8760
   2013.62893836      0.8988
   2013.62896689      0.9555
   2013.62899543      1.0707
   2013.62902397      1.1739
   2013.62905251      1.2937
   2013.62908105      1.4079
   2013.62910959      1.6036
   2013.62913813      1.7746
   2013.62916667      1.9166
   2013.62919521      2.0250
   2013.62922374      2.2367
   2013.62925228      2.4018
   2013.62928082      2.4764
   2013.62930936      2.5829
   2013.62933790      2.6691
   2013.62936644      2.8513
   2013.62939498      2.9505
   2013.62942352      3.0641
   2013.62945205      2.9856
   2013.62948059      3.2156
   2013.62950913      3.2873
   2013.62953767      3.2775
   2013.62956621      3.2251
   2013.62959475      3.5216
   2013.62962329      3.4571
   2013.62965183      3.4683
   2013.62968037      3.3685
   2013.62970890      3.4973
   2013.62973744      3.4873
   2013.62976598      3.4217
   2013.62979452      3.2328
   2013.62982306      3.4369
   2013.62985160      3.4034
   2013.62988014      3.4981
   2013.62990868      3.1210
   2013.62993721      3.2737
   2013.62996575      3.5075
   2013.62999429      3.1042
   2013.63002283      2.9684
   2013.63005137      3.0174
   2013.63007991      2.9545
   2013.63010845      2.8445
   2013.63013699      2.8172
   2013.63016553      2.7400
   2013.63019406      2.6382
   2013.63022260      2.5442
   2013.63025114      2.4005
   2013.63027968      2.3125
   2013.63030822      2.1971
   2013.63033676      2.0835
   2013.63036530      1.9713
   2013.63039384      1.8611
   2013.63042237      1.7464
   2013.63045091      1.6357
   2013.63047945      1.5346
   2013.63050799      1.4378
   2013.63053653      1.3446
   2013.63056507      1.2541
   2013.63059361      1.2128
   2013.63062215      1.0932
   2013.63065068      0.9838
   2013.63067922      0.9366
   2013.63070776      0.8717
   2013.63073630      0.8061
   2013.63076484      0.7437
   2013.63079338      0.6851
   2013.63082192      0.6315
   2013.63085046      0.5826
   2013.63087900      0.5380
   2013.63090753      0.4975
   2013.63093607      0.4607
   2013.63096461      0.4270
   2013.63099315      0.3961
   2013.63102169      0.3676
   2013.63105023      0.3412
   2013.63107877      0.3170
   2013.63110731      0.2946
   2013.63113584      0.2740
   2013.63116438      0.2549
   2013.63119292      0.2373
   2013.63122146      0.2208
   2013.63125000      0.2056
   2013.63127854      0.1915
   2013.63130708      0.1785
   2013.63133562      0.1665
   2013.63136416      0.1554
   2013.63139269      0.1451
   2013.63142123      0.1356
   2013.63144977      0.1268
   2013.63147831      0.1186
   2013.63150685      0.1110
   2013.63153539      0.1040
