   2013.62465753      0.0000
   2013.62468607      0.0000
   2013.62471461      0.0000
   2013.62474315      0.0000
   2013.62477169      0.0000
   2013.62480023      0.0000
   2013.62482877      0.0000
   2013.62485731      0.0000
   2013.62488584      0.0000
   2013.62491438      0.0000
   2013.62494292      0.0000
   2013.62497146      0.0000
   2013.62500000      0.0000
   2013.62502854      0.0000
   2013.62505708      0.0000
   2013.62508562      0.0000
   2013.62511416      0.0000
   2013.62514269      0.0000
   2013.62517123      0.0000
   2013.62519977      0.0000
   2013.62522831      0.0000
   2013.62525685      0.0000
   2013.62528539      0.0000
   2013.62531393      0.0000
   2013.62534247      0.0000
   2013.62537100      0.0000
   2013.62539954      0.0000
   2013.62542808      0.0000
   2013.62545662      0.0000
   2013.62548516      0.0000
   2013.62551370      0.0000
   2013.62554224      0.0000
   2013.62557078      0.0000
   2013.62559932      0.0000
   2013.62562785      0.0000
   2013.62565639      0.0000
   2013.62568493      0.0000
   2013.62571347      0.0000
   2013.62574201      0.0000
   2013.62577055      0.0000
   2013.62579909      0.0000
   2013.62582763      0.0000
   2013.62585616      0.0000
   2013.62588470      0.0000
   2013.62591324      0.0000
   2013.62594178      0.0000
   2013.62597032      0.0000
   2013.62599886      0.0000
   2013.62602740      0.0000
   2013.62605594      0.0000
   2013.62608447      0.0000
   2013.62611301      0.0000
   2013.62614155      0.0000
   2013.62617009      0.0000
   2013.62619863      0.0000
   2013.62622717      0.0000
   2013.62625571      0.0000
   2013.62628425      0.0000
   2013.62631279      0.0000
   2013.62634132      0.0000
   2013.62636986      0.0000
   2013.62639840      0.0000
   2013.62642694      0.0000
   2013.62645548      0.0000
   2013.62648402      0.0000
   2013.62651256      0.0000
   2013.62654110      0.0000
   2013.62656963      0.0000
   2013.62659817      0.0000
   2013.62662671      0.1636
   2013.62665525      0.3610
   2013.62668379      1.1509
   2013.62671233      3.0514
   2013.62674087      5.9665
   2013.62676941     11.5389
   2013.62679795     19.0685
   2013.62682648     21.5768
   2013.62685502     20.9083
   2013.62688356     18.8882
   2013.62691210     16.9286
   2013.62694064     14.2354
   2013.62696918     13.0556
   2013.62699772     11.3624
   2013.62702626      9.8058
   2013.62705479      8.5760
   2013.62708333      7.6858
   2013.62711187      6.8080
   2013.62714041      6.2636
   2013.62716895      5.2587
   2013.62719749      4.7965
   2013.62722603      4.2867
   2013.62725457      4.0743
   2013.62728311      3.5962
   2013.62731164      3.3434
   2013.62734018      3.0965
   2013.62736872      2.7994
   2013.62739726      2.6577
   2013.62742580      2.5304
   2013.62745434      2.3219
   2013.62748288      2.1668
   2013.62751142      2.0633
   2013.62753995      1.9429
   2013.62756849      1.8181
   2013.62759703      1.6924
   2013.62762557      1.5808
   2013.62765411      1.4909
   2013.62768265      1.4084
   2013.62771119      1.3193
   2013.62773973      1.2300
   2013.62776826      1.1911
   2013.62779680      1.0785
   2013.62782534      1.0061
   2013.62785388      0.9319
   2013.62788242      0.8720
   2013.62791096      0.8103
   2013.62793950      0.7515
   2013.62796804      0.6957
   2013.62799658      0.6440
   2013.62802511      0.5966
   2013.62805365      0.5531
   2013.62808219      0.5133
   2013.62811073      0.4770
   2013.62813927      0.4435
   2013.62816781      0.4127
   2013.62819635      0.3841
   2013.62822489      0.3575
   2013.62825342      0.3328
   2013.62828196      0.3099
   2013.62831050      0.2887
   2013.62833904      0.2690
   2013.62836758      0.2507
   2013.62839612      0.2336
   2013.62842466      0.2176
   2013.62845320      0.2029
   2013.62848174      0.1893
   2013.62851027      0.1768
   2013.62853881      0.1652
   2013.62856735      0.1544
   2013.62859589      0.1443
   2013.62862443      0.1349
   2013.62865297      0.1260
   2013.62868151      0.1177
   2013.62871005      0.1098
   2013.62873858      0.1025
