   2013.62465753      0.0000
   2013.62468607      0.0000
   2013.62471461      0.0000
   2013.62474315      0.0000
   2013.62477169      0.0000
   2013.62480023      0.0000
   2013.62482877      0.0000
   2013.62485731      0.0000
   2013.62488584      0.0001
   2013.62491438      0.0004
   2013.62494292      0.0008
   2013.62497146      0.0010
   2013.62500000      0.0022
   2013.62502854      0.0021
   2013.62505708      0.0021
   2013.62508562      0.0021
   2013.62511416      0.0034
   2013.62514269      0.0304
   2013.62517123      0.0614
   2013.62519977      0.0954
   2013.62522831      0.1602
   2013.62525685      0.2497
   2013.62528539      0.3826
   2013.62531393      0.5751
   2013.62534247      0.8519
   2013.62537100      1.1990
   2013.62539954      1.6804
   2013.62542808      2.3283
   2013.62545662      3.0434
   2013.62548516      3.6330
   2013.62551370      4.1005
   2013.62554224      4.3811
   2013.62557078      4.5102
   2013.62559932      4.6011
   2013.62562785      4.7541
   2013.62565639      4.8241
   2013.62568493      4.8707
   2013.62571347      4.9487
   2013.62574201      5.0164
   2013.62577055      4.9675
   2013.62579909      4.9140
   2013.62582763      4.9353
   2013.62585616      4.7708
   2013.62588470      4.6400
   2013.62591324      4.3167
   2013.62594178      4.4817
   2013.62597032      4.2166
   2013.62599886      4.0423
   2013.62602740      3.8721
   2013.62605594      3.8196
   2013.62608447      3.5832
   2013.62611301      3.3559
   2013.62614155      3.2591
   2013.62617009      3.1549
   2013.62619863      3.0323
   2013.62622717      2.8553
   2013.62625571      2.8411
   2013.62628425      2.7608
   2013.62631279      2.7166
   2013.62634132      2.6490
   2013.62636986      2.7200
   2013.62639840      2.7213
   2013.62642694      2.7498
   2013.62645548      2.7415
   2013.62648402      2.7831
   2013.62651256      2.9308
   2013.62654110      3.0010
   2013.62656963      3.0256
   2013.62659817      2.9983
   2013.62662671      3.2024
   2013.62665525      3.2743
   2013.62668379      3.3005
   2013.62671233      3.4061
   2013.62674087      3.4651
   2013.62676941      3.4627
   2013.62679795      3.5213
   2013.62682648      3.6720
   2013.62685502      3.5989
   2013.62688356      3.6204
   2013.62691210      3.6052
   2013.62694064      3.7441
   2013.62696918      3.6447
   2013.62699772      3.6034
   2013.62702626      3.5993
   2013.62705479      3.7001
   2013.62708333      3.5824
   2013.62711187      3.5567
   2013.62714041      3.5090
   2013.62716895      3.4496
   2013.62719749      3.4843
   2013.62722603      3.4188
   2013.62725457      3.3778
   2013.62728311      3.1235
   2013.62731164      3.2810
   2013.62734018      3.2010
   2013.62736872      3.0216
   2013.62739726      3.0155
   2013.62742580      3.0405
   2013.62745434      2.9801
   2013.62748288      2.8434
   2013.62751142      2.7880
   2013.62753995      2.7726
   2013.62756849      2.6790
   2013.62759703      2.5838
   2013.62762557      2.5637
   2013.62765411      2.5070
   2013.62768265      2.4175
   2013.62771119      2.3114
   2013.62773973      2.3095
   2013.62776826      2.2432
   2013.62779680      2.1547
   2013.62782534      2.0730
   2013.62785388      2.0749
   2013.62788242      2.0128
   2013.62791096      1.9363
   2013.62793950      1.8640
   2013.62796804      1.8699
   2013.62799658      1.8166
   2013.62802511      1.7531
   2013.62805365      1.6915
   2013.62808219      1.6981
   2013.62811073      1.6573
   2013.62813927      1.6056
   2013.62816781      1.5542
   2013.62819635      1.5641
   2013.62822489      1.5346
   2013.62825342      1.4935
   2013.62828196      1.4538
   2013.62831050      1.4695
   2013.62833904      1.4539
   2013.62836758      1.4340
   2013.62839612      1.3981
   2013.62842466      1.4410
   2013.62845320      1.4243
   2013.62848174      1.4187
   2013.62851027      1.4028
   2013.62853881      1.4551
   2013.62856735      1.4560
   2013.62859589      1.4661
   2013.62862443      1.4642
   2013.62865297      1.5375
   2013.62868151      1.5610
   2013.62871005      1.5853
   2013.62873858      1.5968
   2013.62876712      1.6837
   2013.62879566      1.7443
   2013.62882420      1.7866
   2013.62885274      1.8140
   2013.62888128      1.9311
   2013.62890982      2.0171
   2013.62893836      2.0743
   2013.62896689      2.1109
   2013.62899543      2.2546
   2013.62902397      2.3352
   2013.62905251      2.4145
   2013.62908105      2.4603
   2013.62910959      2.6203
   2013.62913813      2.6989
   2013.62916667      2.7881
   2013.62919521      2.8905
   2013.62922374      2.8712
   2013.62925228      3.0657
   2013.62928082      3.1545
   2013.62930936      3.1883
   2013.62933790      3.3132
   2013.62936644      3.3918
   2013.62939498      3.4140
   2013.62942352      3.4794
   2013.62945205      3.6433
   2013.62948059      3.6257
   2013.62950913      3.6481
   2013.62953767      3.6496
   2013.62956621      3.7632
   2013.62959475      3.7420
   2013.62962329      3.7682
   2013.62965183      3.7388
   2013.62968037      3.8098
   2013.62970890      3.7662
   2013.62973744      3.7623
   2013.62976598      3.6774
   2013.62979452      3.8116
   2013.62982306      3.6924
   2013.62985160      3.6326
   2013.62988014      3.5979
   2013.62990868      3.5921
   2013.62993721      3.5760
   2013.62996575      3.5081
   2013.62999429      3.4442
   2013.63002283      3.1882
   2013.63005137      3.3863
   2013.63007991      3.2891
   2013.63010845      3.1075
   2013.63013699      3.0669
   2013.63016553      3.1288
   2013.63019406      3.0631
   2013.63022260      2.9226
   2013.63025114      2.8422
   2013.63027968      2.7213
   2013.63030822      2.5985
   2013.63033676      2.4915
   2013.63036530      2.3721
   2013.63039384      2.2324
   2013.63042237      2.0993
   2013.63045091      1.9680
   2013.63047945      1.8773
   2013.63050799      1.7455
   2013.63053653      1.6271
   2013.63056507      1.5153
   2013.63059361      1.4082
   2013.63062215      1.3052
   2013.63065068      1.1902
   2013.63067922      1.1151
   2013.63070776      1.0318
   2013.63073630      0.9520
   2013.63076484      0.8800
   2013.63079338      0.8103
   2013.63082192      0.7438
   2013.63085046      0.6822
   2013.63087900      0.6267
   2013.63090753      0.5763
   2013.63093607      0.5304
   2013.63096461      0.4888
   2013.63099315      0.4512
   2013.63102169      0.4169
   2013.63105023      0.3856
   2013.63107877      0.3569
   2013.63110731      0.3307
   2013.63113584      0.3066
   2013.63116438      0.2845
   2013.63119292      0.2643
   2013.63122146      0.2456
   2013.63125000      0.2282
   2013.63127854      0.2122
   2013.63130708      0.1974
   2013.63133562      0.1838
   2013.63136416      0.1712
   2013.63139269      0.1596
   2013.63142123      0.1490
   2013.63144977      0.1391
   2013.63147831      0.1300
   2013.63150685      0.1215
   2013.63153539      0.1137
   2013.63156393      0.1064
