   2013.62465753      0.0000
   2013.62468607      0.0000
   2013.62471461      0.0000
   2013.62474315      0.0000
   2013.62477169      0.0000
   2013.62480023      0.0000
   2013.62482877      0.0000
   2013.62485731      0.0000
   2013.62488584      0.0000
   2013.62491438      0.0000
   2013.62494292      0.0000
   2013.62497146      0.0000
   2013.62500000      0.0000
   2013.62502854      0.0000
   2013.62505708      0.0000
   2013.62508562      0.0000
   2013.62511416      0.0000
   2013.62514269      0.0000
   2013.62517123      0.0000
   2013.62519977      0.0000
   2013.62522831      0.0000
   2013.62525685      0.0000
   2013.62528539      0.0000
   2013.62531393      0.0000
   2013.62534247      0.0000
   2013.62537100      0.0000
   2013.62539954      0.0000
   2013.62542808      0.0000
   2013.62545662      0.0000
   2013.62548516      0.0000
   2013.62551370      0.0000
   2013.62554224      0.0000
   2013.62557078      0.0000
   2013.62559932      0.0000
   2013.62562785      0.0000
   2013.62565639      0.0000
   2013.62568493      0.0000
   2013.62571347      0.0000
   2013.62574201      0.0000
   2013.62577055      0.0000
   2013.62579909      0.0000
   2013.62582763      0.0000
   2013.62585616      0.0000
   2013.62588470      0.0000
   2013.62591324      0.0000
   2013.62594178      0.0000
   2013.62597032      0.0000
   2013.62599886      0.0000
   2013.62602740      0.0000
   2013.62605594      0.0000
   2013.62608447      0.0000
   2013.62611301      0.0000
   2013.62614155      0.0000
   2013.62617009      0.0000
   2013.62619863      0.0000
   2013.62622717      0.0000
   2013.62625571      0.0000
   2013.62628425      0.0000
   2013.62631279      0.0000
   2013.62634132      0.0000
   2013.62636986      0.0000
   2013.62639840      0.0052
   2013.62642694      0.0079
   2013.62645548      0.0385
   2013.62648402      0.1175
   2013.62651256      0.2659
   2013.62654110      0.6609
   2013.62656963      1.5725
   2013.62659817      3.1417
   2013.62662671      6.0159
   2013.62665525     10.4350
   2013.62668379     15.3381
   2013.62671233     18.0382
   2013.62674087     18.4713
   2013.62676941     17.6452
   2013.62679795     16.5432
   2013.62682648     14.5348
   2013.62685502     13.6774
   2013.62688356     11.9888
   2013.62691210     10.3779
   2013.62694064      8.8660
   2013.62696918      8.2275
   2013.62699772      7.0741
   2013.62702626      6.1157
   2013.62705479      5.3195
   2013.62708333      4.6789
   2013.62711187      4.3976
   2013.62714041      3.7265
   2013.62716895      3.3003
   2013.62719749      2.9862
   2013.62722603      2.7153
   2013.62725457      2.4629
   2013.62728311      2.2562
   2013.62731164      2.0750
   2013.62734018      1.9115
   2013.62736872      1.7681
   2013.62739726      1.6641
   2013.62742580      1.5369
   2013.62745434      1.4403
   2013.62748288      1.3527
   2013.62751142      1.2723
   2013.62753995      1.1790
   2013.62756849      1.1518
   2013.62759703      1.0612
   2013.62762557      1.0018
   2013.62765411      0.9358
   2013.62768265      0.8950
   2013.62771119      0.8487
   2013.62773973      0.8043
   2013.62776826      0.7620
   2013.62779680      0.7220
   2013.62782534      0.6849
   2013.62785388      0.6510
   2013.62788242      0.6197
   2013.62791096      0.5902
   2013.62793950      0.5623
   2013.62796804      0.5359
   2013.62799658      0.5111
   2013.62802511      0.4876
   2013.62805365      0.4654
   2013.62808219      0.4443
   2013.62811073      0.4243
   2013.62813927      0.4051
   2013.62816781      0.3870
   2013.62819635      0.3697
   2013.62822489      0.3533
   2013.62825342      0.3377
   2013.62828196      0.3230
   2013.62831050      0.3090
   2013.62833904      0.2958
   2013.62836758      0.2833
   2013.62839612      0.2714
   2013.62842466      0.2602
   2013.62845320      0.2495
   2013.62848174      0.2393
   2013.62851027      0.2295
   2013.62853881      0.2211
   2013.62856735      0.2123
   2013.62859589      0.2039
   2013.62862443      0.1958
   2013.62865297      0.1916
   2013.62868151      0.1851
   2013.62871005      0.1784
   2013.62873858      0.1719
   2013.62876712      0.1708
   2013.62879566      0.1662
   2013.62882420      0.1611
   2013.62885274      0.1564
   2013.62888128      0.1584
   2013.62890982      0.1559
   2013.62893836      0.1530
   2013.62896689      0.1505
   2013.62899543      0.1565
   2013.62902397      0.1572
   2013.62905251      0.1573
   2013.62908105      0.1582
   2013.62910959      0.1689
   2013.62913813      0.1739
   2013.62916667      0.1784
   2013.62919521      0.1839
   2013.62922374      0.2009
   2013.62925228      0.2111
   2013.62928082      0.2205
   2013.62930936      0.2314
   2013.62933790      0.2568
   2013.62936644      0.2755
   2013.62939498      0.2998
   2013.62942352      0.3194
   2013.62945205      0.3483
   2013.62948059      0.4046
   2013.62950913      0.4386
   2013.62953767      0.4912
   2013.62956621      0.5655
   2013.62959475      0.6393
   2013.62962329      0.7255
   2013.62965183      0.8169
   2013.62968037      0.9226
   2013.62970890      1.0206
   2013.62973744      1.1078
   2013.62976598      1.1768
   2013.62979452      1.2410
   2013.62982306      1.2806
   2013.62985160      1.3044
   2013.62988014      1.3172
   2013.62990868      1.3283
   2013.62993721      1.3243
   2013.62996575      1.3184
   2013.62999429      1.3032
   2013.63002283      1.2890
   2013.63005137      1.2665
   2013.63007991      1.2559
   2013.63010845      1.2060
   2013.63013699      1.1789
   2013.63016553      1.1495
   2013.63019406      1.0889
   2013.63022260      1.0759
   2013.63025114      1.0755
   2013.63027968      1.0118
   2013.63030822      0.9730
   2013.63033676      0.9116
   2013.63036530      0.8950
   2013.63039384      0.8633
   2013.63042237      0.8279
   2013.63045091      0.7923
   2013.63047945      0.7567
   2013.63050799      0.7225
   2013.63053653      0.6903
   2013.63056507      0.6599
   2013.63059361      0.6313
   2013.63062215      0.6036
   2013.63065068      0.5770
   2013.63067922      0.5513
   2013.63070776      0.5268
   2013.63073630      0.5035
   2013.63076484      0.4813
   2013.63079338      0.4601
   2013.63082192      0.4399
   2013.63085046      0.4205
   2013.63087900      0.4020
   2013.63090753      0.3843
   2013.63093607      0.3674
   2013.63096461      0.3513
   2013.63099315      0.3360
   2013.63102169      0.3215
   2013.63105023      0.3078
   2013.63107877      0.2947
   2013.63110731      0.2823
   2013.63113584      0.2706
   2013.63116438      0.2594
   2013.63119292      0.2488
   2013.63122146      0.2387
   2013.63125000      0.2289
   2013.63127854      0.2196
   2013.63130708      0.2108
   2013.63133562      0.2023
   2013.63136416      0.1944
   2013.63139269      0.1868
   2013.63142123      0.1796
   2013.63144977      0.1727
   2013.63147831      0.1662
   2013.63150685      0.1600
   2013.63153539      0.1540
   2013.63156393      0.1484
   2013.63159247      0.1430
   2013.63162100      0.1378
   2013.63164954      0.1329
   2013.63167808      0.1282
   2013.63170662      0.1238
   2013.63173516      0.1195
   2013.63176370      0.1155
   2013.63179224      0.1116
   2013.63182078      0.1079
   2013.63184932      0.1044
   2013.63187785      0.1010
