   2013.62465753      0.0000
   2013.62468607      0.0000
   2013.62471461      0.0000
   2013.62474315      0.0000
   2013.62477169      0.0000
   2013.62480023      0.0000
   2013.62482877      0.0000
   2013.62485731      0.0000
   2013.62488584      0.0000
   2013.62491438      0.0000
   2013.62494292      0.0000
   2013.62497146      0.0000
   2013.62500000      0.0000
   2013.62502854      0.0000
   2013.62505708      0.0000
   2013.62508562      0.0000
   2013.62511416      0.0000
   2013.62514269      0.0000
   2013.62517123      0.0000
   2013.62519977      0.0000
   2013.62522831      0.0000
   2013.62525685      0.0000
   2013.62528539      0.0000
   2013.62531393      0.0000
   2013.62534247      0.0000
   2013.62537100      0.0000
   2013.62539954      0.0000
   2013.62542808      0.0000
   2013.62545662      0.0000
   2013.62548516      0.0000
   2013.62551370      0.0000
   2013.62554224      0.0000
   2013.62557078      0.0000
   2013.62559932      0.0000
   2013.62562785      0.0000
   2013.62565639      0.0000
   2013.62568493      0.0000
   2013.62571347      0.0000
   2013.62574201      0.0000
   2013.62577055      0.0000
   2013.62579909      0.0000
   2013.62582763      0.0000
   2013.62585616      0.0000
   2013.62588470      0.0000
   2013.62591324      0.0000
   2013.62594178      0.0000
   2013.62597032      0.0000
   2013.62599886      0.0000
   2013.62602740      0.0000
   2013.62605594      0.0000
   2013.62608447      0.0000
   2013.62611301      0.0000
   2013.62614155      0.0000
   2013.62617009      1.0317
   2013.62619863      6.6691
   2013.62622717     17.7423
   2013.62625571     41.2257
   2013.62628425     52.3744
   2013.62631279     45.9236
   2013.62634132     35.0451
   2013.62636986     26.2003
   2013.62639840     21.1388
   2013.62642694     17.5028
   2013.62645548     14.3322
   2013.62648402     11.3913
   2013.62651256     10.4730
   2013.62654110      9.2381
   2013.62656963      8.2728
   2013.62659817      7.1677
   2013.62662671      7.1406
   2013.62665525      6.5878
   2013.62668379      6.2177
   2013.62671233      5.8108
   2013.62674087      6.2918
   2013.62676941      5.9598
   2013.62679795      5.8815
   2013.62682648      5.6938
   2013.62685502      6.0855
   2013.62688356      6.0287
   2013.62691210      5.9857
   2013.62694064      5.8042
   2013.62696918      6.3771
   2013.62699772      6.0920
   2013.62702626      6.0181
   2013.62705479      5.7878
   2013.62708333      6.3049
   2013.62711187      6.0375
   2013.62714041      5.9377
   2013.62716895      5.6656
   2013.62719749      6.1443
   2013.62722603      5.8872
   2013.62725457      6.0045
   2013.62728311      5.4782
   2013.62731164      5.8978
   2013.62734018      5.6518
   2013.62736872      5.7063
   2013.62739726      5.3435
   2013.62742580      5.6049
   2013.62745434      5.3765
   2013.62748288      5.3774
   2013.62751142      5.0570
   2013.62753995      5.3050
   2013.62756849      5.0929
   2013.62759703      5.0706
   2013.62762557      4.7851
   2013.62765411      5.0003
   2013.62768265      4.8025
   2013.62771119      4.7676
   2013.62773973      4.7550
   2013.62776826      4.7118
   2013.62779680      4.6393
   2013.62782534      4.5001
   2013.62785388      4.5010
   2013.62788242      4.4607
   2013.62791096      4.3709
   2013.62793950      4.2624
   2013.62796804      4.2768
   2013.62799658      4.2410
   2013.62802511      4.1608
   2013.62805365      4.0708
   2013.62808219      4.1244
   2013.62811073      4.0786
   2013.62813927      4.0128
   2013.62816781      3.9424
   2013.62819635      3.9333
   2013.62822489      3.9824
   2013.62825342      3.9435
   2013.62828196      3.8937
   2013.62831050      3.9099
   2013.62833904      3.9773
   2013.62836758      3.9664
   2013.62839612      3.9267
   2013.62842466      4.0347
   2013.62845320      4.0599
   2013.62848174      3.9898
   2013.62851027      4.0591
   2013.62853881      4.1843
   2013.62856735      4.2331
   2013.62859589      4.1768
   2013.62862443      4.2726
   2013.62865297      4.1233
   2013.62868151      4.4863
   2013.62871005      4.4360
   2013.62873858      4.5648
   2013.62876712      4.3971
   2013.62879566      4.8153
   2013.62882420      4.7569
   2013.62885274      4.9426
   2013.62888128      4.7058
   2013.62890982      5.1862
   2013.62893836      5.1059
   2013.62896689      5.3306
   2013.62899543      5.0581
   2013.62902397      5.6056
   2013.62905251      5.4798
   2013.62908105      5.5959
   2013.62910959      5.4158
   2013.62913813      5.8566
   2013.62916667      5.8414
   2013.62919521      5.9531
   2013.62922374      5.7415
   2013.62925228      6.0939
   2013.62928082      6.1610
   2013.62930936      6.1436
   2013.62933790      5.9943
   2013.62936644      6.3499
   2013.62939498      6.3990
   2013.62942352      6.3597
   2013.62945205      6.1789
   2013.62948059      6.5064
   2013.62950913      6.5325
   2013.62953767      6.4540
   2013.62956621      6.2514
   2013.62959475      6.5700
   2013.62962329      6.5823
   2013.62965183      6.4875
   2013.62968037      6.2581
   2013.62970890      6.5536
   2013.62973744      6.5413
   2013.62976598      6.4336
   2013.62979452      6.1575
   2013.62982306      6.7640
   2013.62985160      6.4132
   2013.62988014      6.2904
   2013.62990868      6.0100
   2013.62993721      6.5154
   2013.62996575      6.2057
   2013.62999429      6.0701
   2013.63002283      5.7600
   2013.63005137      6.2017
   2013.63007991      5.9258
   2013.63010845      6.0191
   2013.63013699      5.5866
   2013.63016553      5.8689
   2013.63019406      5.6194
   2013.63022260      5.6592
   2013.63025114      5.4180
   2013.63027968      5.1530
   2013.63030822      5.1809
   2013.63033676      4.8880
   2013.63036530      4.3475
   2013.63039384      4.3430
   2013.63042237      3.9046
   2013.63045091      3.4433
   2013.63047945      3.1470
   2013.63050799      2.9008
   2013.63053653      2.6484
   2013.63056507      2.5172
   2013.63059361      2.2414
   2013.63062215      1.9395
   2013.63065068      1.7673
   2013.63067922      1.6000
   2013.63070776      1.4456
   2013.63073630      1.3673
   2013.63076484      1.1800
   2013.63079338      1.0717
   2013.63082192      0.9744
   2013.63085046      0.8880
   2013.63087900      0.8073
   2013.63090753      0.7325
   2013.63093607      0.6652
   2013.63096461      0.6060
   2013.63099315      0.5529
   2013.63102169      0.5054
   2013.63105023      0.4630
   2013.63107877      0.4250
   2013.63110731      0.3908
   2013.63113584      0.3598
   2013.63116438      0.3317
   2013.63119292      0.3063
   2013.63122146      0.2831
   2013.63125000      0.2621
   2013.63127854      0.2427
   2013.63130708      0.2249
   2013.63133562      0.2085
   2013.63136416      0.1934
   2013.63139269      0.1797
   2013.63142123      0.1670
   2013.63144977      0.1554
   2013.63147831      0.1448
   2013.63150685      0.1350
   2013.63153539      0.1259
   2013.63156393      0.1175
   2013.63159247      0.1098
   2013.63162100      0.1026
