   2013.62465753      0.0000
   2013.62468607      0.0000
   2013.62471461      0.0000
   2013.62474315      0.0000
   2013.62477169      0.0000
   2013.62480023      0.0000
   2013.62482877      0.0000
   2013.62485731      0.0000
   2013.62488584      0.0000
   2013.62491438      0.0000
   2013.62494292      0.0000
   2013.62497146      0.0000
   2013.62500000      0.0000
   2013.62502854      0.0000
   2013.62505708      0.0000
   2013.62508562      0.0000
   2013.62511416      0.0000
   2013.62514269      0.0000
   2013.62517123      0.0003
   2013.62519977      0.0008
   2013.62522831      0.0013
   2013.62525685      0.0018
   2013.62528539      0.0022
   2013.62531393      0.0026
   2013.62534247      0.0030
   2013.62537100      0.0131
   2013.62539954      0.0521
   2013.62542808      0.0875
   2013.62545662      0.1516
   2013.62548516      0.2529
   2013.62551370      0.4117
   2013.62554224      0.6270
   2013.62557078      0.9066
   2013.62559932      1.2742
   2013.62562785      1.7376
   2013.62565639      2.3210
   2013.62568493      2.9441
   2013.62571347      3.2755
   2013.62574201      3.6272
   2013.62577055      3.3482
   2013.62579909      3.2433
   2013.62582763      2.9762
   2013.62585616      2.7387
   2013.62588470      2.5823
   2013.62591324      2.3045
   2013.62594178      1.9741
   2013.62597032      1.8002
   2013.62599886      1.6195
   2013.62602740      1.4535
   2013.62605594      1.3587
   2013.62608447      1.1800
   2013.62611301      1.0383
   2013.62614155      0.9558
   2013.62617009      0.8651
   2013.62619863      0.7801
   2013.62622717      0.7033
   2013.62625571      0.6349
   2013.62628425      0.5744
   2013.62631279      0.5206
   2013.62634132      0.4729
   2013.62636986      0.4307
   2013.62639840      0.3932
   2013.62642694      0.3597
   2013.62645548      0.3295
   2013.62648402      0.3024
   2013.62651256      0.2779
   2013.62654110      0.2557
   2013.62656963      0.2354
   2013.62659817      0.2168
   2013.62662671      0.2000
   2013.62665525      0.1846
   2013.62668379      0.1706
   2013.62671233      0.1578
   2013.62674087      0.1461
   2013.62676941      0.1355
   2013.62679795      0.1258
   2013.62682648      0.1168
   2013.62685502      0.1085
   2013.62688356      0.1009
