   2013.62465753      0.0000
   2013.62468607      0.0000
   2013.62471461      0.0000
   2013.62474315      0.0000
   2013.62477169      0.0000
   2013.62480023      0.0000
   2013.62482877      0.0000
   2013.62485731      0.0000
   2013.62488584      0.0000
   2013.62491438      0.0000
   2013.62494292      0.0000
   2013.62497146      0.0000
   2013.62500000      0.0000
   2013.62502854      0.0000
   2013.62505708      0.0000
   2013.62508562      0.0000
   2013.62511416      0.0000
   2013.62514269      0.0000
   2013.62517123      0.0000
   2013.62519977      0.0000
   2013.62522831      0.0000
   2013.62525685      0.0000
   2013.62528539      0.0000
   2013.62531393      0.0000
   2013.62534247      0.0000
   2013.62537100      0.0000
   2013.62539954      0.0000
   2013.62542808      0.0000
   2013.62545662      0.0000
   2013.62548516      0.0000
   2013.62551370      0.0000
   2013.62554224      0.0000
   2013.62557078      0.0000
   2013.62559932      0.0000
   2013.62562785      0.0000
   2013.62565639      0.0000
   2013.62568493      0.0000
   2013.62571347      0.0000
   2013.62574201      0.0000
   2013.62577055      0.0000
   2013.62579909      0.0000
   2013.62582763      0.0004
   2013.62585616      0.0014
   2013.62588470      0.0021
   2013.62591324      0.0028
   2013.62594178      0.0033
   2013.62597032      0.0039
   2013.62599886      0.0250
   2013.62602740      0.0683
   2013.62605594      0.1211
   2013.62608447      0.2235
   2013.62611301      0.3898
   2013.62614155      0.6594
   2013.62617009      1.0767
   2013.62619863      1.7128
   2013.62622717      2.6745
   2013.62625571      4.0229
   2013.62628425      5.5569
   2013.62631279      6.6842
   2013.62634132      7.3564
   2013.62636986      7.7566
   2013.62639840      7.9711
   2013.62642694      8.2012
   2013.62645548      8.3150
   2013.62648402      8.4297
   2013.62651256      8.5202
   2013.62654110      8.6021
   2013.62656963      8.6666
   2013.62659817      8.7407
   2013.62662671      8.7980
   2013.62665525      8.8607
   2013.62668379      8.9123
   2013.62671233      8.9473
   2013.62674087      8.9836
   2013.62676941      9.0335
   2013.62679795      8.8959
   2013.62682648      8.6507
   2013.62685502      8.4580
   2013.62688356      8.0905
   2013.62691210      7.7070
   2013.62694064      7.2817
   2013.62696918      6.7981
   2013.62699772      6.4462
   2013.62702626      5.8624
   2013.62705479      5.3856
   2013.62708333      4.8589
   2013.62711187      4.4279
   2013.62714041      4.2490
   2013.62716895      3.6889
   2013.62719749      3.3898
   2013.62722603      3.1137
   2013.62725457      2.7911
   2013.62728311      2.5685
   2013.62731164      2.3624
   2013.62734018      2.1775
   2013.62736872      2.0117
   2013.62739726      1.8743
   2013.62742580      1.7517
   2013.62745434      1.7185
   2013.62748288      1.5359
   2013.62751142      1.4412
   2013.62753995      1.3584
   2013.62756849      1.2830
   2013.62759703      1.1859
   2013.62762557      1.1785
   2013.62765411      1.0789
   2013.62768265      1.0160
   2013.62771119      0.9434
   2013.62773973      0.9071
   2013.62776826      0.8612
   2013.62779680      0.8162
   2013.62782534      0.7731
   2013.62785388      0.7321
   2013.62788242      0.6939
   2013.62791096      0.6588
   2013.62793950      0.6266
   2013.62796804      0.5964
   2013.62799658      0.5679
   2013.62802511      0.5411
   2013.62805365      0.5157
   2013.62808219      0.4918
   2013.62811073      0.4692
   2013.62813927      0.4478
   2013.62816781      0.4275
   2013.62819635      0.4082
   2013.62822489      0.3898
   2013.62825342      0.3723
   2013.62828196      0.3557
   2013.62831050      0.3400
   2013.62833904      0.3251
   2013.62836758      0.3111
   2013.62839612      0.2977
   2013.62842466      0.2852
   2013.62845320      0.2732
   2013.62848174      0.2619
   2013.62851027      0.2511
   2013.62853881      0.2437
   2013.62856735      0.2344
   2013.62859589      0.2250
   2013.62862443      0.2161
   2013.62865297      0.2121
   2013.62868151      0.2052
   2013.62871005      0.1980
   2013.62873858      0.1911
   2013.62876712      0.1907
   2013.62879566      0.1862
   2013.62882420      0.1812
   2013.62885274      0.1767
   2013.62888128      0.1803
   2013.62890982      0.1788
   2013.62893836      0.1768
   2013.62896689      0.1754
   2013.62899543      0.1841
   2013.62902397      0.1866
   2013.62905251      0.1885
   2013.62908105      0.1914
   2013.62910959      0.2068
   2013.62913813      0.2148
   2013.62916667      0.2218
   2013.62919521      0.2303
   2013.62922374      0.2542
   2013.62925228      0.2704
   2013.62928082      0.2861
   2013.62930936      0.3045
   2013.62933790      0.3425
   2013.62936644      0.3845
   2013.62939498      0.4209
   2013.62942352      0.4518
   2013.62945205      0.5240
   2013.62948059      0.5894
   2013.62950913      0.6686
   2013.62953767      0.7598
   2013.62956621      0.8752
   2013.62959475      0.9902
   2013.62962329      1.1084
   2013.62965183      1.2170
   2013.62968037      1.3259
   2013.62970890      1.4062
   2013.62973744      1.4591
   2013.62976598      1.4892
   2013.62979452      1.5280
   2013.62982306      1.5429
   2013.62985160      1.5498
   2013.62988014      1.5447
   2013.62990868      1.5462
   2013.62993721      1.5322
   2013.62996575      1.5184
   2013.62999429      1.4931
   2013.63002283      1.4734
   2013.63005137      1.4457
   2013.63007991      1.4154
   2013.63010845      1.3793
   2013.63013699      1.2396
   2013.63016553      1.3254
   2013.63019406      1.2600
   2013.63022260      1.2204
   2013.63025114      1.1799
   2013.63027968      1.1114
   2013.63030822      1.0880
   2013.63033676      1.0658
   2013.63036530      1.0102
   2013.63039384      0.9685
   2013.63042237      0.9147
   2013.63045091      0.8851
   2013.63047945      0.8475
   2013.63050799      0.8097
   2013.63053653      0.7722
   2013.63056507      0.7356
   2013.63059361      0.7011
   2013.63062215      0.6688
   2013.63065068      0.6387
   2013.63067922      0.6101
   2013.63070776      0.5826
   2013.63073630      0.5563
   2013.63076484      0.5313
   2013.63079338      0.5074
   2013.63082192      0.4848
   2013.63085046      0.4634
   2013.63087900      0.4429
   2013.63090753      0.4233
   2013.63093607      0.4046
   2013.63096461      0.3868
   2013.63099315      0.3697
   2013.63102169      0.3536
   2013.63105023      0.3382
   2013.63107877      0.3236
   2013.63110731      0.3097
   2013.63113584      0.2966
   2013.63116438      0.2841
   2013.63119292      0.2723
   2013.63122146      0.2611
   2013.63125000      0.2504
   2013.63127854      0.2403
   2013.63130708      0.2305
   2013.63133562      0.2211
   2013.63136416      0.2122
   2013.63139269      0.2037
   2013.63142123      0.1957
   2013.63144977      0.1881
   2013.63147831      0.1808
   2013.63150685      0.1739
   2013.63153539      0.1673
   2013.63156393      0.1610
   2013.63159247      0.1551
   2013.63162100      0.1493
   2013.63164954      0.1439
   2013.63167808      0.1387
   2013.63170662      0.1338
   2013.63173516      0.1291
   2013.63176370      0.1246
   2013.63179224      0.1203
   2013.63182078      0.1162
   2013.63184932      0.1123
   2013.63187785      0.1086
   2013.63190639      0.1050
   2013.63193493      0.1016
