   2013.62465753      0.0000
   2013.62468607      0.0000
   2013.62471461      0.0000
   2013.62474315      0.0000
   2013.62477169      0.0000
   2013.62480023      0.0000
   2013.62482877      0.0000
   2013.62485731      0.0000
   2013.62488584      0.0000
   2013.62491438      0.0000
   2013.62494292      0.0000
   2013.62497146      0.0000
   2013.62500000      0.0000
   2013.62502854      0.0016
   2013.62505708      0.0013
   2013.62508562      0.0012
   2013.62511416      0.0033
   2013.62514269      0.0027
   2013.62517123      0.0040
   2013.62519977      0.0299
   2013.62522831      0.0634
   2013.62525685      0.1024
   2013.62528539      0.1630
   2013.62531393      0.2507
   2013.62534247      0.3838
   2013.62537100      0.5853
   2013.62539954      0.8649
   2013.62542808      1.2170
   2013.62545662      1.7654
   2013.62548516      2.4275
   2013.62551370      3.0722
   2013.62554224      3.5554
   2013.62557078      3.7110
   2013.62559932      4.0295
   2013.62562785      4.1365
   2013.62565639      4.0719
   2013.62568493      4.0729
   2013.62571347      4.0889
   2013.62574201      3.9252
   2013.62577055      3.8506
   2013.62579909      3.6689
   2013.62582763      3.8694
   2013.62585616      3.8433
   2013.62588470      3.8083
   2013.62591324      3.7158
   2013.62594178      4.0263
   2013.62597032      4.0230
   2013.62599886      4.2394
   2013.62602740      4.2501
   2013.62605594      4.8154
   2013.62608447      4.8500
   2013.62611301      5.0973
   2013.62614155      5.1188
   2013.62617009      5.5786
   2013.62619863      5.7906
   2013.62622717      6.0314
   2013.62625571      5.9896
   2013.62628425      6.4742
   2013.62631279      6.7123
   2013.62634132      6.8985
   2013.62636986      6.8894
   2013.62639840      7.2797
   2013.62642694      7.5817
   2013.62645548      7.6374
   2013.62648402      7.5517
   2013.62651256      7.9477
   2013.62654110      8.1648
   2013.62656963      8.1412
   2013.62659817      8.1202
   2013.62662671      8.5384
   2013.62665525      8.6560
   2013.62668379      8.6656
   2013.62671233      8.5241
   2013.62674087      8.8995
   2013.62676941      9.0159
   2013.62679795      8.9203
   2013.62682648      8.7211
   2013.62685502      9.0139
   2013.62688356      9.1788
   2013.62691210      8.8906
   2013.62694064      8.6303
   2013.62696918      8.8815
   2013.62699772      8.8159
   2013.62702626      8.6839
   2013.62705479      8.3315
   2013.62708333      8.5534
   2013.62711187      8.3663
   2013.62714041      8.2031
   2013.62716895      7.8983
   2013.62719749      8.0466
   2013.62722603      8.0293
   2013.62725457      7.7159
   2013.62728311      7.4121
   2013.62731164      7.5528
   2013.62734018      7.4178
   2013.62736872      7.1637
   2013.62739726      6.7148
   2013.62742580      7.2519
   2013.62745434      6.7699
   2013.62748288      6.5189
   2013.62751142      6.4231
   2013.62753995      6.4614
   2013.62756849      6.0998
   2013.62759703      6.0843
   2013.62762557      5.5826
   2013.62765411      5.7926
   2013.62768265      5.4908
   2013.62771119      5.4099
   2013.62773973      5.3097
   2013.62776826      5.2220
   2013.62779680      4.9598
   2013.62782534      4.8710
   2013.62785388      4.6047
   2013.62788242      4.7283
   2013.62791096      4.5892
   2013.62793950      4.4329
   2013.62796804      4.2231
   2013.62799658      4.3398
   2013.62802511      4.2237
   2013.62805365      4.1099
   2013.62808219      4.1477
   2013.62811073      4.0742
   2013.62813927      3.9853
   2013.62816781      3.9282
   2013.62819635      3.9010
   2013.62822489      3.9257
   2013.62825342      3.8708
   2013.62828196      3.8564
   2013.62831050      3.8587
   2013.62833904      3.9017
   2013.62836758      3.8898
   2013.62839612      3.8595
   2013.62842466      4.0079
   2013.62845320      4.0125
   2013.62848174      3.9520
   2013.62851027      4.0389
   2013.62853881      3.9325
   2013.62856735      4.2769
   2013.62859589      4.2460
   2013.62862443      4.3973
   2013.62865297      4.2922
   2013.62868151      4.7387
   2013.62871005      4.7203
   2013.62873858      4.9813
   2013.62876712      4.8281
   2013.62879566      5.2946
   2013.62882420      5.3674
   2013.62885274      5.5629
   2013.62888128      5.5033
   2013.62890982      5.9525
   2013.62893836      6.1540
   2013.62896689      6.3637
   2013.62899543      6.3060
   2013.62902397      6.7670
   2013.62905251      7.0025
   2013.62908105      7.1632
   2013.62910959      7.1302
   2013.62913813      7.5079
   2013.62916667      7.6472
   2013.62919521      7.8711
   2013.62922374      7.7608
   2013.62925228      8.2244
   2013.62928082      8.3325
   2013.62930936      8.4194
   2013.62933790      8.3332
   2013.62936644      8.7290
   2013.62939498      8.8697
   2013.62942352      8.8378
   2013.62945205      8.9011
   2013.62948059      9.0554
   2013.62950913      9.1099
   2013.62953767      9.0477
   2013.62956621      8.8425
   2013.62959475      9.1649
   2013.62962329      9.3649
   2013.62965183      9.0048
   2013.62968037      8.7593
   2013.62970890      9.0170
   2013.62973744      9.0993
   2013.62976598      8.7326
   2013.62979452      8.4373
   2013.62982306      8.6699
   2013.62985160      8.4800
   2013.62988014      8.3998
   2013.62990868      8.0171
   2013.62993721      8.1530
   2013.62996575      8.0227
   2013.62999429      7.9749
   2013.63002283      7.5118
   2013.63005137      7.6647
   2013.63007991      7.5293
   2013.63010845      7.2676
   2013.63013699      6.8426
   2013.63016553      7.1258
   2013.63019406      6.8719
   2013.63022260      6.6199
   2013.63025114      6.3349
   2013.63027968      6.1270
   2013.63030822      5.7665
   2013.63033676      5.3197
   2013.63036530      4.8193
   2013.63039384      4.5561
   2013.63042237      4.5825
   2013.63045091      4.0336
   2013.63047945      3.5128
   2013.63050799      3.1700
   2013.63053653      2.8879
   2013.63056507      2.5849
   2013.63059361      2.4213
   2013.63062215      2.1700
   2013.63065068      1.8770
   2013.63067922      1.6941
   2013.63070776      1.5262
   2013.63073630      1.3733
   2013.63076484      1.2353
   2013.63079338      1.1191
   2013.63082192      1.0140
   2013.63085046      0.9232
   2013.63087900      0.8391
   2013.63090753      0.7609
   2013.63093607      0.6900
   2013.63096461      0.6275
   2013.63099315      0.5719
   2013.63102169      0.5222
   2013.63105023      0.4779
   2013.63107877      0.4383
   2013.63110731      0.4027
   2013.63113584      0.3705
   2013.63116438      0.3414
   2013.63119292      0.3151
   2013.63122146      0.2911
   2013.63125000      0.2694
   2013.63127854      0.2495
   2013.63130708      0.2311
   2013.63133562      0.2142
   2013.63136416      0.1988
   2013.63139269      0.1846
   2013.63142123      0.1716
   2013.63144977      0.1597
   2013.63147831      0.1487
   2013.63150685      0.1386
   2013.63153539      0.1293
   2013.63156393      0.1207
   2013.63159247      0.1128
   2013.63162100      0.1054
