   2013.62465753      0.0000
   2013.62468607      0.0000
   2013.62471461      0.0000
   2013.62474315      0.0000
   2013.62477169      0.0000
   2013.62480023      0.0000
   2013.62482877      0.0000
   2013.62485731      0.0000
   2013.62488584      0.0000
   2013.62491438      0.0000
   2013.62494292      0.0000
   2013.62497146      0.0000
   2013.62500000      0.0000
   2013.62502854      0.0000
   2013.62505708      0.0000
   2013.62508562      0.0000
   2013.62511416      0.0000
   2013.62514269      0.0000
   2013.62517123      0.0000
   2013.62519977      0.0000
   2013.62522831      0.0000
   2013.62525685      0.0000
   2013.62528539      0.0000
   2013.62531393      0.0000
   2013.62534247      0.0000
   2013.62537100      0.0000
   2013.62539954      0.0000
   2013.62542808      0.0000
   2013.62545662      0.0000
   2013.62548516      0.0000
   2013.62551370      0.0000
   2013.62554224      0.0000
   2013.62557078      0.0000
   2013.62559932      0.0000
   2013.62562785      0.0000
   2013.62565639      0.0000
   2013.62568493      0.0000
   2013.62571347      0.0000
   2013.62574201      0.0000
   2013.62577055      0.0000
   2013.62579909      0.0000
   2013.62582763      0.0000
   2013.62585616      0.0000
   2013.62588470      0.0000
   2013.62591324      0.0000
   2013.62594178      0.0000
   2013.62597032      0.0000
   2013.62599886      0.0000
   2013.62602740      0.0000
   2013.62605594      0.0000
   2013.62608447      0.0000
   2013.62611301      0.0000
   2013.62614155      0.0000
   2013.62617009      0.0000
   2013.62619863      0.0000
   2013.62622717      0.0000
   2013.62625571      0.0000
   2013.62628425      0.0000
   2013.62631279      0.0000
   2013.62634132      0.0000
   2013.62636986      0.0000
   2013.62639840      0.0000
   2013.62642694      0.0000
   2013.62645548      0.0000
   2013.62648402      0.0000
   2013.62651256      0.0000
   2013.62654110      0.0000
   2013.62656963      0.0000
   2013.62659817      0.0000
   2013.62662671      0.0000
   2013.62665525      0.0000
   2013.62668379      0.0000
   2013.62671233      0.0000
   2013.62674087      0.0000
   2013.62676941      0.0000
   2013.62679795      0.0000
   2013.62682648      0.0000
   2013.62685502      0.0000
   2013.62688356      0.0000
   2013.62691210      0.0000
   2013.62694064      0.0000
   2013.62696918      0.0000
   2013.62699772      0.0000
   2013.62702626      0.0000
   2013.62705479      0.0000
   2013.62708333      0.6088
   2013.62711187      2.6856
   2013.62714041      7.0015
   2013.62716895     13.4245
   2013.62719749     25.9069
   2013.62722603     29.7913
   2013.62725457     26.5121
   2013.62728311     21.9713
   2013.62731164     18.1360
   2013.62734018     15.3231
   2013.62736872     13.2359
   2013.62739726     11.7940
   2013.62742580     10.6167
   2013.62745434      9.8877
   2013.62748288      8.7833
   2013.62751142      7.7359
   2013.62753995      7.4263
   2013.62756849      7.0136
   2013.62759703      6.3125
   2013.62762557      5.4736
   2013.62765411      5.2222
   2013.62768265      4.7900
   2013.62771119      4.3041
   2013.62773973      3.8970
   2013.62776826      3.6059
   2013.62779680      3.2227
   2013.62782534      2.9181
   2013.62785388      2.6448
   2013.62788242      2.3753
   2013.62791096      2.1198
   2013.62793950      1.9040
   2013.62796804      1.7286
   2013.62799658      1.5692
   2013.62802511      1.4225
   2013.62805365      1.3518
   2013.62808219      1.1905
   2013.62811073      1.0830
   2013.62813927      0.9798
   2013.62816781      0.9007
   2013.62819635      0.8336
   2013.62822489      0.7640
   2013.62825342      0.6968
   2013.62828196      0.6375
   2013.62831050      0.5983
   2013.62833904      0.5534
   2013.62836758      0.5101
   2013.62839612      0.4715
   2013.62842466      0.4543
   2013.62845320      0.4262
   2013.62848174      0.3967
   2013.62851027      0.3696
   2013.62853881      0.3662
   2013.62856735      0.3486
   2013.62859589      0.3284
   2013.62862443      0.3097
   2013.62865297      0.3195
   2013.62868151      0.3116
   2013.62871005      0.3002
   2013.62873858      0.2904
   2013.62876712      0.3142
   2013.62879566      0.3177
   2013.62882420      0.3175
   2013.62885274      0.3206
   2013.62888128      0.3663
   2013.62890982      0.3887
   2013.62893836      0.4194
   2013.62896689      0.4456
   2013.62899543      0.5345
   2013.62902397      0.5971
   2013.62905251      0.6729
   2013.62908105      0.7473
   2013.62910959      0.9175
   2013.62913813      1.0742
   2013.62916667      1.2611
   2013.62919521      1.5333
   2013.62922374      1.9368
   2013.62925228      2.3054
   2013.62928082      2.5535
   2013.62930936      2.7988
   2013.62933790      3.1682
   2013.62936644      3.3837
   2013.62939498      3.5710
   2013.62942352      3.6776
   2013.62945205      3.7465
   2013.62948059      4.0179
   2013.62950913      4.0212
   2013.62953767      4.1387
   2013.62956621      4.2761
   2013.62959475      4.3382
   2013.62962329      4.3733
   2013.62965183      4.3212
   2013.62968037      4.3893
   2013.62970890      4.4025
   2013.62973744      4.3480
   2013.62976598      4.2684
   2013.62979452      4.1079
   2013.62982306      4.1422
   2013.62985160      4.1238
   2013.62988014      4.0206
   2013.62990868      3.9416
   2013.62993721      3.9254
   2013.62996575      3.7335
   2013.62999429      3.6468
   2013.63002283      3.3148
   2013.63005137      3.4500
   2013.63007991      3.5623
   2013.63010845      3.1892
   2013.63013699      3.1359
   2013.63016553      3.0265
   2013.63019406      2.8872
   2013.63022260      2.7560
   2013.63025114      2.6399
   2013.63027968      2.4524
   2013.63030822      2.3095
   2013.63033676      2.1697
   2013.63036530      2.0339
   2013.63039384      1.9249
   2013.63042237      1.7675
   2013.63045091      1.6484
   2013.63047945      1.5368
   2013.63050799      1.4312
   2013.63053653      1.3304
   2013.63056507      1.2340
   2013.63059361      1.1617
   2013.63062215      1.0649
   2013.63065068      0.9718
   2013.63067922      0.9104
   2013.63070776      0.8416
   2013.63073630      0.7755
   2013.63076484      0.7133
   2013.63079338      0.6559
   2013.63082192      0.6040
   2013.63085046      0.5567
   2013.63087900      0.5137
   2013.63090753      0.4749
   2013.63093607      0.4395
   2013.63096461      0.4072
   2013.63099315      0.3775
   2013.63102169      0.3501
   2013.63105023      0.3249
   2013.63107877      0.3017
   2013.63110731      0.2803
   2013.63113584      0.2606
   2013.63116438      0.2424
   2013.63119292      0.2255
   2013.63122146      0.2097
   2013.63125000      0.1952
   2013.63127854      0.1818
   2013.63130708      0.1695
   2013.63133562      0.1581
   2013.63136416      0.1475
   2013.63139269      0.1377
   2013.63142123      0.1287
   2013.63144977      0.1203
   2013.63147831      0.1125
   2013.63150685      0.1053
