   2013.62465753      0.0000
   2013.62468607      0.0000
   2013.62471461      0.0000
   2013.62474315      0.0000
   2013.62477169      0.0000
   2013.62480023      0.0000
   2013.62482877      0.0000
   2013.62485731      0.0000
   2013.62488584      0.0002
   2013.62491438      0.0013
   2013.62494292      0.0020
   2013.62497146      0.0023
   2013.62500000      0.0067
   2013.62502854      0.0058
   2013.62505708      0.0425
   2013.62508562      0.0831
   2013.62511416      0.1685
   2013.62514269      0.3244
   2013.62517123      0.5915
   2013.62519977      1.0359
   2013.62522831      1.7426
   2013.62525685      2.7473
   2013.62528539      4.1793
   2013.62531393      6.0602
   2013.62534247      7.5913
   2013.62537100      8.5336
   2013.62539954      9.0391
   2013.62542808      9.2536
   2013.62545662      9.5233
   2013.62548516      9.5798
   2013.62551370      9.6721
   2013.62554224      9.6709
   2013.62557078      9.8078
   2013.62559932      9.8065
   2013.62562785      9.8718
   2013.62565639      9.8303
   2013.62568493      9.9971
   2013.62571347     10.0021
   2013.62574201     10.0810
   2013.62577055     10.0448
   2013.62579909      9.9782
   2013.62582763      9.8250
   2013.62585616      9.4805
   2013.62588470      9.0485
   2013.62591324      8.7529
   2013.62594178      8.4888
   2013.62597032      8.1122
   2013.62599886      7.7205
   2013.62602740      7.2040
   2013.62605594      7.1639
   2013.62608447      6.8628
   2013.62611301      6.5916
   2013.62614155      6.4204
   2013.62617009      6.5793
   2013.62619863      6.6511
   2013.62622717      6.6753
   2013.62625571      6.9253
   2013.62628425      7.1917
   2013.62631279      7.3703
   2013.62634132      7.4541
   2013.62636986      7.6807
   2013.62639840      7.9087
   2013.62642694      8.0218
   2013.62645548      8.0856
   2013.62648402      8.2410
   2013.62651256      8.4193
   2013.62654110      8.5159
   2013.62656963      8.4692
   2013.62659817      8.5499
   2013.62662671      8.6716
   2013.62665525      8.7973
   2013.62668379      8.7306
   2013.62671233      8.7955
   2013.62674087      8.8983
   2013.62676941      8.9818
   2013.62679795      8.8415
   2013.62682648      8.8537
   2013.62685502      8.9687
   2013.62688356      9.0459
   2013.62691210      8.8206
   2013.62694064      8.8352
   2013.62696918      8.9078
   2013.62699772      8.8474
   2013.62702626      8.6818
   2013.62705479      8.6582
   2013.62708333      8.6877
   2013.62711187      8.6227
   2013.62714041      8.4952
   2013.62716895      8.3853
   2013.62719749      8.4148
   2013.62722603      8.2954
   2013.62725457      8.1502
   2013.62728311      8.0549
   2013.62731164      8.0485
   2013.62734018      7.9579
   2013.62736872      7.7943
   2013.62739726      7.6663
   2013.62742580      7.6835
   2013.62745434      7.5443
   2013.62748288      7.3707
   2013.62751142      7.2710
   2013.62753995      7.2493
   2013.62756849      7.0949
   2013.62759703      6.9631
   2013.62762557      6.7608
   2013.62765411      6.8342
   2013.62768265      6.6913
   2013.62771119      6.5845
   2013.62773973      6.3348
   2013.62776826      6.4755
   2013.62779680      6.3513
   2013.62782534      6.2672
   2013.62785388      6.0772
   2013.62788242      6.2118
   2013.62791096      6.0879
   2013.62793950      6.0223
   2013.62796804      5.8756
   2013.62799658      5.9870
   2013.62802511      5.8918
   2013.62805365      5.8402
   2013.62808219      5.6750
   2013.62811073      5.8298
   2013.62813927      5.7585
   2013.62816781      5.7214
   2013.62819635      5.5794
   2013.62822489      5.7739
   2013.62825342      5.7125
   2013.62828196      5.6998
   2013.62831050      5.6077
   2013.62833904      5.8604
   2013.62836758      5.7639
   2013.62839612      5.7552
   2013.62842466      5.7328
   2013.62845320      5.9141
   2013.62848174      5.9033
   2013.62851027      5.9126
   2013.62853881      5.8975
   2013.62856735      6.1161
   2013.62859589      6.1721
   2013.62862443      6.1506
   2013.62865297      6.1390
   2013.62868151      6.3982
   2013.62871005      6.4766
   2013.62873858      6.4680
   2013.62876712      6.5635
   2013.62879566      6.7728
   2013.62882420      6.8889
   2013.62885274      6.8782
   2013.62888128      7.0600
   2013.62890982      7.2489
   2013.62893836      7.4269
   2013.62896689      7.3449
   2013.62899543      7.6922
   2013.62902397      8.3873
   2013.62905251      8.1674
   2013.62908105      7.9426
   2013.62910959      7.7434
   2013.62913813      7.4754
   2013.62916667      8.1482
   2013.62919521      9.0869
   2013.62922374      9.2894
   2013.62925228      8.6965
   2013.62928082      8.0518
   2013.62930936      7.3713
   2013.62933790      6.9117
   2013.62936644      7.0449
   2013.62939498      7.4820
   2013.62942352      7.7434
   2013.62945205      7.4926
   2013.62948059      6.9428
   2013.62950913      6.2718
   2013.62953767      5.3729
   2013.62956621      4.8738
   2013.62959475      4.6222
   2013.62962329      4.4540
   2013.62965183      4.3920
   2013.62968037      4.1282
   2013.62970890      3.7198
   2013.62973744      3.3889
   2013.62976598      3.0997
   2013.62979452      2.7853
   2013.62982306      2.5112
   2013.62985160      2.2260
   2013.62988014      2.0149
   2013.62990868      1.8375
   2013.62993721      1.6817
   2013.62996575      1.5819
   2013.62999429      1.4454
   2013.63002283      1.3202
   2013.63005137      1.2339
   2013.63007991      1.1113
   2013.63010845      0.9995
   2013.63013699      0.9281
   2013.63016553      0.8497
   2013.63019406      0.7756
   2013.63022260      0.7070
   2013.63025114      0.6449
   2013.63027968      0.5893
   2013.63030822      0.5392
   2013.63033676      0.4943
   2013.63036530      0.4542
   2013.63039384      0.4180
   2013.63042237      0.3854
   2013.63045091      0.3556
   2013.63047945      0.3286
   2013.63050799      0.3039
   2013.63053653      0.2813
   2013.63056507      0.2607
   2013.63059361      0.2418
   2013.63062215      0.2242
   2013.63065068      0.2081
   2013.63067922      0.1932
   2013.63070776      0.1796
   2013.63073630      0.1671
   2013.63076484      0.1556
   2013.63079338      0.1450
   2013.63082192      0.1352
   2013.63085046      0.1262
   2013.63087900      0.1179
   2013.63090753      0.1101
   2013.63093607      0.1030
