   2013.62465753      0.0000
   2013.62468607      0.0000
   2013.62471461      0.0000
   2013.62474315      0.0000
   2013.62477169      0.0000
   2013.62480023      0.0000
   2013.62482877      0.0000
   2013.62485731      0.0000
   2013.62488584      0.0000
   2013.62491438      0.0000
   2013.62494292      0.0000
   2013.62497146      0.0000
   2013.62500000      0.0000
   2013.62502854      0.0000
   2013.62505708      0.0000
   2013.62508562      0.0000
   2013.62511416      0.0000
   2013.62514269      0.0000
   2013.62517123      0.0000
   2013.62519977      0.0000
   2013.62522831      0.0000
   2013.62525685      0.0000
   2013.62528539      0.0000
   2013.62531393      0.0000
   2013.62534247      0.0000
   2013.62537100      0.0000
   2013.62539954      0.0000
   2013.62542808      0.0000
   2013.62545662      0.0000
   2013.62548516      0.0000
   2013.62551370      0.0000
   2013.62554224      0.0000
   2013.62557078      0.0000
   2013.62559932      0.0000
   2013.62562785      0.0000
   2013.62565639      0.0000
   2013.62568493      0.0000
   2013.62571347      0.0000
   2013.62574201      0.0000
   2013.62577055      0.0000
   2013.62579909      0.0000
   2013.62582763      0.0000
   2013.62585616      0.0000
   2013.62588470      0.0000
   2013.62591324      0.0000
   2013.62594178      0.0000
   2013.62597032      0.0000
   2013.62599886      0.0000
   2013.62602740      0.0000
   2013.62605594      0.0000
   2013.62608447      0.0000
   2013.62611301      0.0000
   2013.62614155      0.0000
   2013.62617009      0.0000
   2013.62619863      0.0000
   2013.62622717      0.0000
   2013.62625571      0.0000
   2013.62628425      0.0000
   2013.62631279      0.0000
   2013.62634132      0.0000
   2013.62636986      0.0000
   2013.62639840      0.0000
   2013.62642694      0.0000
   2013.62645548      0.0000
   2013.62648402      0.0000
   2013.62651256      0.0000
   2013.62654110      0.0000
   2013.62656963      0.0000
   2013.62659817      0.0000
   2013.62662671      0.0000
   2013.62665525      0.0000
   2013.62668379      0.0000
   2013.62671233      0.0000
   2013.62674087      0.0000
   2013.62676941      0.0000
   2013.62679795      0.0000
   2013.62682648      0.0000
   2013.62685502      0.0000
   2013.62688356      0.0000
   2013.62691210      0.0000
   2013.62694064      0.0000
   2013.62696918      0.0000
   2013.62699772      0.0000
   2013.62702626      0.0000
   2013.62705479      0.0000
   2013.62708333      0.0000
   2013.62711187      0.0000
   2013.62714041      0.0000
   2013.62716895      0.0000
   2013.62719749      0.0000
   2013.62722603      0.0000
   2013.62725457      0.0000
   2013.62728311      0.0000
   2013.62731164     57.7525
   2013.62734018    212.3248
   2013.62736872    230.3530
   2013.62739726    174.9251
   2013.62742580    124.5717
   2013.62745434     72.9515
   2013.62748288     44.4679
   2013.62751142     29.9489
   2013.62753995     21.6914
   2013.62756849     17.1633
   2013.62759703     13.5052
   2013.62762557     10.6566
   2013.62765411      8.7839
   2013.62768265      7.4704
   2013.62771119      6.2170
   2013.62773973      5.1747
   2013.62776826      4.3746
   2013.62779680      3.6949
   2013.62782534      3.4265
   2013.62785388      2.8409
   2013.62788242      2.4358
   2013.62791096      2.1112
   2013.62793950      1.8394
   2013.62796804      1.5750
   2013.62799658      1.3982
   2013.62802511      1.2134
   2013.62805365      1.0585
   2013.62808219      0.9562
   2013.62811073      0.8538
   2013.62813927      0.7617
   2013.62816781      0.6810
   2013.62819635      0.6112
   2013.62822489      0.5500
   2013.62825342      0.4963
   2013.62828196      0.4493
   2013.62831050      0.4079
   2013.62833904      0.3711
   2013.62836758      0.3384
   2013.62839612      0.3092
   2013.62842466      0.2831
   2013.62845320      0.2595
   2013.62848174      0.2380
   2013.62851027      0.2184
   2013.62853881      0.2007
   2013.62856735      0.1846
   2013.62859589      0.1700
   2013.62862443      0.1567
   2013.62865297      0.1446
   2013.62868151      0.1336
   2013.62871005      0.1235
   2013.62873858      0.1142
   2013.62876712      0.1057
