   2013.62465753      0.0000
   2013.62468607      0.0000
   2013.62471461      0.0000
   2013.62474315      0.0000
   2013.62477169      0.0000
   2013.62480023      0.0000
   2013.62482877      0.0000
   2013.62485731      0.0000
   2013.62488584      0.0000
   2013.62491438      0.0000
   2013.62494292      0.0000
   2013.62497146      0.0000
   2013.62500000      0.0000
   2013.62502854      0.0000
   2013.62505708      0.0000
   2013.62508562      0.0000
   2013.62511416      0.0000
   2013.62514269      0.0000
   2013.62517123      0.0000
   2013.62519977      0.0000
   2013.62522831      0.0000
   2013.62525685      0.0000
   2013.62528539      0.0000
   2013.62531393      0.0000
   2013.62534247      0.0000
   2013.62537100      0.0000
   2013.62539954      0.0000
   2013.62542808      0.0000
   2013.62545662      0.0000
   2013.62548516      0.0000
   2013.62551370      0.0000
   2013.62554224      0.0000
   2013.62557078      0.0000
   2013.62559932      0.0000
   2013.62562785      0.0000
   2013.62565639      0.0000
   2013.62568493      0.0000
   2013.62571347      0.0000
   2013.62574201      0.0000
   2013.62577055      0.0000
   2013.62579909      0.0000
   2013.62582763      0.0000
   2013.62585616      0.0000
   2013.62588470      0.0000
   2013.62591324      0.0000
   2013.62594178      0.0000
   2013.62597032      0.0000
   2013.62599886      0.0000
   2013.62602740      0.0000
   2013.62605594      0.0000
   2013.62608447      0.0000
   2013.62611301      0.0000
   2013.62614155      0.0000
   2013.62617009      0.3237
   2013.62619863      0.9356
   2013.62622717      2.9554
   2013.62625571      5.4981
   2013.62628425      9.9385
   2013.62631279     17.0966
   2013.62634132     19.7391
   2013.62636986     18.4844
   2013.62639840     15.9921
   2013.62642694     13.8649
   2013.62645548     12.4272
   2013.62648402     10.8551
   2013.62651256      9.8024
   2013.62654110      9.1331
   2013.62656963      8.4975
   2013.62659817      8.0819
   2013.62662671      7.8001
   2013.62665525      7.7611
   2013.62668379      7.5221
   2013.62671233      7.4601
   2013.62674087      7.5051
   2013.62676941      7.4686
   2013.62679795      7.5797
   2013.62682648      7.5905
   2013.62685502      7.6684
   2013.62688356      7.6454
   2013.62691210      7.7552
   2013.62694064      7.7490
   2013.62696918      7.7898
   2013.62699772      7.7400
   2013.62702626      7.4877
   2013.62705479      7.1174
   2013.62708333      7.2228
   2013.62711187      6.8649
   2013.62714041      6.6185
   2013.62716895      6.5540
   2013.62719749      6.1014
   2013.62722603      5.8417
   2013.62725457      5.6227
   2013.62728311      5.1584
   2013.62731164      5.1735
   2013.62734018      4.8937
   2013.62736872      4.6226
   2013.62739726      4.3100
   2013.62742580      4.3623
   2013.62745434      4.1762
   2013.62748288      4.0356
   2013.62751142      3.9549
   2013.62753995      3.8436
   2013.62756849      3.7627
   2013.62759703      3.6469
   2013.62762557      3.4390
   2013.62765411      3.5685
   2013.62768265      3.4930
   2013.62771119      3.5614
   2013.62773973      3.1707
   2013.62776826      3.2815
   2013.62779680      3.2689
   2013.62782534      3.0911
   2013.62785388      2.9850
   2013.62788242      3.0019
   2013.62791096      2.9616
   2013.62793950      2.8555
   2013.62796804      2.8564
   2013.62799658      2.7733
   2013.62802511      2.7428
   2013.62805365      2.6584
   2013.62808219      2.6799
   2013.62811073      2.6044
   2013.62813927      2.5851
   2013.62816781      2.5172
   2013.62819635      2.5562
   2013.62822489      2.4879
   2013.62825342      2.4918
   2013.62828196      2.4383
   2013.62831050      2.4939
   2013.62833904      2.4434
   2013.62836758      2.4647
   2013.62839612      2.4255
   2013.62842466      2.4990
   2013.62845320      2.5269
   2013.62848174      2.5152
   2013.62851027      2.4879
   2013.62853881      2.5832
   2013.62856735      2.6348
   2013.62859589      2.6037
   2013.62862443      2.6334
   2013.62865297      2.7553
   2013.62868151      2.8302
   2013.62871005      2.8155
   2013.62873858      2.8658
   2013.62876712      2.9697
   2013.62879566      3.1203
   2013.62882420      3.1252
   2013.62885274      3.1847
   2013.62888128      3.5226
   2013.62890982      3.5597
   2013.62893836      3.5764
   2013.62896689      3.6200
   2013.62899543      3.4731
   2013.62902397      3.8804
   2013.62905251      4.2075
   2013.62908105      4.5464
   2013.62910959      4.2758
   2013.62913813      4.3761
   2013.62916667      4.1251
   2013.62919521      3.9763
   2013.62922374      4.0105
   2013.62925228      4.2789
   2013.62928082      4.5878
   2013.62930936      4.5883
   2013.62933790      4.5054
   2013.62936644      4.2526
   2013.62939498      3.9532
   2013.62942352      3.7225
   2013.62945205      3.4440
   2013.62948059      3.3435
   2013.62950913      3.5329
   2013.62953767      3.2224
   2013.62956621      3.1980
   2013.62959475      2.9959
   2013.62962329      2.7907
   2013.62965183      2.5652
   2013.62968037      2.3612
   2013.62970890      2.1622
   2013.62973744      2.0985
   2013.62976598      1.9531
   2013.62979452      1.7541
   2013.62982306      1.6584
   2013.62985160      1.5481
   2013.62988014      1.4346
   2013.62990868      1.3222
   2013.62993721      1.2008
   2013.62996575      1.1168
   2013.62999429      1.0266
   2013.63002283      0.9427
   2013.63005137      0.8651
   2013.63007991      0.7909
   2013.63010845      0.7215
   2013.63013699      0.6587
   2013.63016553      0.6029
   2013.63019406      0.5525
   2013.63022260      0.5072
   2013.63025114      0.4665
   2013.63027968      0.4300
   2013.63030822      0.3970
   2013.63033676      0.3669
   2013.63036530      0.3396
   2013.63039384      0.3146
   2013.63042237      0.2918
   2013.63045091      0.2710
   2013.63047945      0.2518
   2013.63050799      0.2341
   2013.63053653      0.2177
   2013.63056507      0.2026
   2013.63059361      0.1886
   2013.63062215      0.1758
   2013.63065068      0.1640
   2013.63067922      0.1530
   2013.63070776      0.1429
   2013.63073630      0.1335
   2013.63076484      0.1249
   2013.63079338      0.1168
   2013.63082192      0.1093
   2013.63085046      0.1024
