   2013.62465753      0.0000
   2013.62468607      0.0000
   2013.62471461      0.0000
   2013.62474315      0.0000
   2013.62477169      0.0000
   2013.62480023      0.0000
   2013.62482877      0.0000
   2013.62485731      0.0000
   2013.62488584      0.0000
   2013.62491438      0.0000
   2013.62494292      0.0000
   2013.62497146      0.0000
   2013.62500000      0.0000
   2013.62502854      0.0000
   2013.62505708      0.0000
   2013.62508562      0.0000
   2013.62511416      0.0000
   2013.62514269      0.0000
   2013.62517123      0.0000
   2013.62519977      0.0000
   2013.62522831      0.0000
   2013.62525685      0.0000
   2013.62528539      0.0000
   2013.62531393      0.0000
   2013.62534247      0.0000
   2013.62537100      0.0000
   2013.62539954      0.0000
   2013.62542808      0.0000
   2013.62545662      0.0000
   2013.62548516      0.0000
   2013.62551370      0.0000
   2013.62554224      0.0000
   2013.62557078      0.0000
   2013.62559932      0.1569
   2013.62562785      0.3946
   2013.62565639      1.6108
   2013.62568493      4.6044
   2013.62571347     10.5964
   2013.62574201     21.1556
   2013.62577055     24.4853
   2013.62579909     22.3850
   2013.62582763     18.3710
   2013.62585616     15.0124
   2013.62588470     12.4129
   2013.62591324     10.2302
   2013.62594178      8.7645
   2013.62597032      7.1151
   2013.62599886      5.9390
   2013.62602740      5.0003
   2013.62605594      4.2308
   2013.62608447      3.5802
   2013.62611301      3.2639
   2013.62614155      2.7394
   2013.62617009      2.3588
   2013.62619863      2.0468
   2013.62622717      1.7835
   2013.62625571      1.4695
   2013.62628425      1.3453
   2013.62631279      1.1765
   2013.62634132      1.0332
   2013.62636986      0.9280
   2013.62639840      0.8270
   2013.62642694      0.7371
   2013.62645548      0.6588
   2013.62648402      0.5911
   2013.62651256      0.5318
   2013.62654110      0.4799
   2013.62656963      0.4344
   2013.62659817      0.3943
   2013.62662671      0.3589
   2013.62665525      0.3274
   2013.62668379      0.2993
   2013.62671233      0.2741
   2013.62674087      0.2514
   2013.62676941      0.2308
   2013.62679795      0.2120
   2013.62682648      0.1950
   2013.62685502      0.1796
   2013.62688356      0.1657
   2013.62691210      0.1530
   2013.62694064      0.1415
   2013.62696918      0.1310
   2013.62699772      0.1213
   2013.62702626      0.1125
   2013.62705479      0.1044
