   2013.62465753      0.0000
   2013.62468607      0.0000
   2013.62471461      0.0000
   2013.62474315      0.0000
   2013.62477169      0.0000
   2013.62480023      0.0000
   2013.62482877      0.0000
   2013.62485731      0.0000
   2013.62488584      0.0000
   2013.62491438      0.0000
   2013.62494292      0.0000
   2013.62497146      0.0000
   2013.62500000      0.0000
   2013.62502854      0.0000
   2013.62505708      0.0000
   2013.62508562      0.0000
   2013.62511416      0.0000
   2013.62514269      0.0000
   2013.62517123      0.0000
   2013.62519977      0.0000
   2013.62522831      0.0000
   2013.62525685      0.0000
   2013.62528539      0.0000
   2013.62531393      0.0000
   2013.62534247      0.0000
   2013.62537100      0.0000
   2013.62539954      0.0000
   2013.62542808      0.0000
   2013.62545662      0.0000
   2013.62548516      0.0000
   2013.62551370      0.0000
   2013.62554224      0.0000
   2013.62557078      0.0000
   2013.62559932      0.0000
   2013.62562785      0.0000
   2013.62565639      0.0000
   2013.62568493      0.0000
   2013.62571347      0.0000
   2013.62574201      0.0000
   2013.62577055      0.0000
   2013.62579909      0.0000
   2013.62582763      0.0000
   2013.62585616      0.0000
   2013.62588470      0.0000
   2013.62591324      0.0000
   2013.62594178      0.0000
   2013.62597032      0.0000
   2013.62599886      0.0000
   2013.62602740      0.0000
   2013.62605594      0.0000
   2013.62608447      0.0000
   2013.62611301      0.0000
   2013.62614155      0.0000
   2013.62617009      0.0000
   2013.62619863      0.0000
   2013.62622717      0.0000
   2013.62625571      0.0000
   2013.62628425      0.0000
   2013.62631279      0.0000
   2013.62634132      0.0000
   2013.62636986      0.0000
   2013.62639840      0.0000
   2013.62642694      0.0000
   2013.62645548      0.0000
   2013.62648402      0.0000
   2013.62651256      0.0000
   2013.62654110      0.0000
   2013.62656963      0.0000
   2013.62659817      0.0000
   2013.62662671      0.0000
   2013.62665525      0.0000
   2013.62668379      0.0000
   2013.62671233      0.0000
   2013.62674087      0.0000
   2013.62676941      0.0000
   2013.62679795      0.0000
   2013.62682648      0.0000
   2013.62685502      0.0000
   2013.62688356      0.0000
   2013.62691210      0.0000
   2013.62694064      0.0000
   2013.62696918      0.0000
   2013.62699772      0.0000
   2013.62702626      0.0000
   2013.62705479      0.0000
   2013.62708333      0.0000
   2013.62711187      0.0000
   2013.62714041      0.0000
   2013.62716895      0.0000
   2013.62719749      0.0000
   2013.62722603      0.0000
   2013.62725457      0.0000
   2013.62728311      0.0000
   2013.62731164      0.1411
   2013.62734018      0.3214
   2013.62736872      1.0196
   2013.62739726      3.1227
   2013.62742580      8.3642
   2013.62745434     18.7509
   2013.62748288     21.5775
   2013.62751142     18.6694
   2013.62753995     15.3127
   2013.62756849     12.5240
   2013.62759703     10.2994
   2013.62762557      8.7701
   2013.62765411      7.1034
   2013.62768265      5.8970
   2013.62771119      5.3888
   2013.62773973      4.2130
   2013.62776826      3.5560
   2013.62779680      3.2273
   2013.62782534      2.7153
   2013.62785388      2.3385
   2013.62788242      2.0298
   2013.62791096      1.7692
   2013.62793950      1.4646
   2013.62796804      1.3346
   2013.62799658      1.1691
   2013.62802511      1.0289
   2013.62805365      0.9238
   2013.62808219      0.8237
   2013.62811073      0.7348
   2013.62813927      0.6573
   2013.62816781      0.5903
   2013.62819635      0.5314
   2013.62822489      0.4798
   2013.62825342      0.4346
   2013.62828196      0.3947
   2013.62831050      0.3593
   2013.62833904      0.3277
   2013.62836758      0.2995
   2013.62839612      0.2742
   2013.62842466      0.2513
   2013.62845320      0.2305
   2013.62848174      0.2116
   2013.62851027      0.1944
   2013.62853881      0.1788
   2013.62856735      0.1647
   2013.62859589      0.1518
   2013.62862443      0.1401
   2013.62865297      0.1294
   2013.62868151      0.1196
   2013.62871005      0.1106
   2013.62873858      0.1024
