   2013.62465753      0.0000
   2013.62468607      0.0000
   2013.62471461      0.0000
   2013.62474315      0.0000
   2013.62477169      0.0000
   2013.62480023      0.0000
   2013.62482877      0.0000
   2013.62485731      0.0000
   2013.62488584      0.0000
   2013.62491438      0.0000
   2013.62494292      0.0000
   2013.62497146      0.0000
   2013.62500000      0.0000
   2013.62502854      0.0000
   2013.62505708      0.0000
   2013.62508562      0.0000
   2013.62511416      0.0000
   2013.62514269      0.0000
   2013.62517123      0.0000
   2013.62519977      0.0000
   2013.62522831      0.0000
   2013.62525685      0.0000
   2013.62528539      0.0000
   2013.62531393      0.0000
   2013.62534247      0.0000
   2013.62537100      0.0000
   2013.62539954      0.0000
   2013.62542808      0.0000
   2013.62545662      0.0000
   2013.62548516      0.0000
   2013.62551370      0.0000
   2013.62554224      0.0000
   2013.62557078      0.0000
   2013.62559932      0.0000
   2013.62562785      0.0000
   2013.62565639      0.0000
   2013.62568493      0.0000
   2013.62571347      0.0000
   2013.62574201      0.0000
   2013.62577055      0.0000
   2013.62579909      0.0000
   2013.62582763      0.0000
   2013.62585616      0.0000
   2013.62588470      0.0000
   2013.62591324      0.0000
   2013.62594178      0.0000
   2013.62597032      0.0000
   2013.62599886      0.0000
   2013.62602740      0.0000
   2013.62605594      0.0000
   2013.62608447      0.0000
   2013.62611301      0.0000
   2013.62614155      0.0000
   2013.62617009      0.0000
   2013.62619863      0.0000
   2013.62622717      0.0000
   2013.62625571      0.0000
   2013.62628425      0.0000
   2013.62631279      0.0000
   2013.62634132      0.0000
   2013.62636986      0.0000
   2013.62639840      0.0000
   2013.62642694      0.0000
   2013.62645548      0.0000
   2013.62648402      0.0000
   2013.62651256      0.4007
   2013.62654110      1.7866
   2013.62656963      6.6036
   2013.62659817     14.3828
   2013.62662671     29.3636
   2013.62665525     35.3210
   2013.62668379     29.7233
   2013.62671233     23.6794
   2013.62674087     18.7744
   2013.62676941     14.7278
   2013.62679795     11.9453
   2013.62682648      9.5784
   2013.62685502      8.1203
   2013.62688356      6.6951
   2013.62691210      5.4777
   2013.62694064      5.0187
   2013.62696918      3.9050
   2013.62699772      3.3343
   2013.62702626      3.0238
   2013.62705479      2.5681
   2013.62708333      2.2177
   2013.62711187      1.9276
   2013.62714041      1.6630
   2013.62716895      1.4826
   2013.62719749      1.2649
   2013.62722603      1.0862
   2013.62725457      0.9886
   2013.62728311      0.8837
   2013.62731164      0.7876
   2013.62734018      0.7031
   2013.62736872      0.6300
   2013.62739726      0.5663
   2013.62742580      0.5104
   2013.62745434      0.4615
   2013.62748288      0.4186
   2013.62751142      0.3806
   2013.62753995      0.3469
   2013.62756849      0.3169
   2013.62759703      0.2900
   2013.62762557      0.2658
   2013.62765411      0.2440
   2013.62768265      0.2240
   2013.62771119      0.2059
   2013.62773973      0.1895
   2013.62776826      0.1747
   2013.62779680      0.1612
   2013.62782534      0.1489
   2013.62785388      0.1377
   2013.62788242      0.1275
   2013.62791096      0.1181
   2013.62793950      0.1095
   2013.62796804      0.1017
