   2013.62465753      0.0000
   2013.62468607      0.0000
   2013.62471461      0.0000
   2013.62474315      0.0000
   2013.62477169      0.0000
   2013.62480023      0.0000
   2013.62482877      0.0000
   2013.62485731      0.0000
   2013.62488584      0.0000
   2013.62491438      0.0000
   2013.62494292      0.0000
   2013.62497146      0.0000
   2013.62500000      0.0000
   2013.62502854      0.0000
   2013.62505708      0.0000
   2013.62508562      0.0000
   2013.62511416      0.0000
   2013.62514269      0.0000
   2013.62517123      0.0000
   2013.62519977      0.0000
   2013.62522831      0.0000
   2013.62525685      0.0000
   2013.62528539      0.0000
   2013.62531393      0.0000
   2013.62534247      0.0000
   2013.62537100      0.2148
   2013.62539954      0.5285
   2013.62542808      1.8793
   2013.62545662      4.5464
   2013.62548516      8.9968
   2013.62551370     17.7326
   2013.62554224     25.0627
   2013.62557078     27.3986
   2013.62559932     27.5196
   2013.62562785     26.9703
   2013.62565639     25.4871
   2013.62568493     22.8646
   2013.62571347     22.2064
   2013.62574201     20.1201
   2013.62577055     17.6274
   2013.62579909     15.1540
   2013.62582763     14.0311
   2013.62585616     13.0075
   2013.62588470     11.3138
   2013.62591324     10.1853
   2013.62594178      9.9555
   2013.62597032      9.7391
   2013.62599886      9.0562
   2013.62602740      8.7658
   2013.62605594      9.1689
   2013.62608447      9.0206
   2013.62611301      9.2280
   2013.62614155      9.0082
   2013.62617009      9.6587
   2013.62619863      9.8005
   2013.62622717      9.8601
   2013.62625571      9.6912
   2013.62628425     10.5218
   2013.62631279     10.6800
   2013.62634132     10.6587
   2013.62636986     10.5265
   2013.62639840     11.3980
   2013.62642694     11.5667
   2013.62645548     11.5120
   2013.62648402     11.4425
   2013.62651256     12.2589
   2013.62654110     12.3876
   2013.62656963     12.2444
   2013.62659817     12.3851
   2013.62662671     12.8678
   2013.62665525     12.9165
   2013.62668379     12.6784
   2013.62671233     12.7435
   2013.62674087     13.1578
   2013.62676941     13.1382
   2013.62679795     12.8346
   2013.62682648     12.8454
   2013.62685502     13.2111
   2013.62688356     13.1399
   2013.62691210     12.8043
   2013.62694064     12.7451
   2013.62696918     12.7929
   2013.62699772     12.7465
   2013.62702626     12.4164
   2013.62705479     12.4058
   2013.62708333     12.6264
   2013.62711187     12.2536
   2013.62714041     11.8580
   2013.62716895     10.9568
   2013.62719749     11.8439
   2013.62722603     12.7027
   2013.62725457     12.4270
   2013.62728311     11.2732
   2013.62731164     10.3891
   2013.62734018      9.5956
   2013.62736872      9.1495
   2013.62739726      9.7937
   2013.62742580     10.2615
   2013.62745434      9.6865
   2013.62748288      8.9676
   2013.62751142      8.1840
   2013.62753995      7.3467
   2013.62756849      6.7839
   2013.62759703      6.5246
   2013.62762557      6.3711
   2013.62765411      6.6389
   2013.62768265      6.1104
   2013.62771119      5.5465
   2013.62773973      4.6497
   2013.62776826      4.2807
   2013.62779680      3.8426
   2013.62782534      3.8225
   2013.62785388      3.3815
   2013.62788242      3.2433
   2013.62791096      2.9633
   2013.62793950      2.7226
   2013.62796804      2.6463
   2013.62799658      2.3123
   2013.62802511      2.1001
   2013.62805365      1.9174
   2013.62808219      1.7569
   2013.62811073      1.5521
   2013.62813927      1.4275
   2013.62816781      1.3118
   2013.62819635      1.2554
   2013.62822489      1.1181
   2013.62825342      1.0012
   2013.62828196      0.9412
   2013.62831050      0.8672
   2013.62833904      0.7944
   2013.62836758      0.7263
   2013.62839612      0.6634
   2013.62842466      0.6068
   2013.62845320      0.5554
   2013.62848174      0.5091
   2013.62851027      0.4676
   2013.62853881      0.4303
   2013.62856735      0.3965
   2013.62859589      0.3657
   2013.62862443      0.3377
   2013.62865297      0.3120
   2013.62868151      0.2886
   2013.62871005      0.2672
   2013.62873858      0.2475
   2013.62876712      0.2294
   2013.62879566      0.2126
   2013.62882420      0.1972
   2013.62885274      0.1830
   2013.62888128      0.1700
   2013.62890982      0.1580
   2013.62893836      0.1470
   2013.62896689      0.1369
   2013.62899543      0.1276
   2013.62902397      0.1189
   2013.62905251      0.1109
   2013.62908105      0.1035
