   2013.62465753      0.0000
   2013.62468607      0.0000
   2013.62471461      0.0000
   2013.62474315      0.0000
   2013.62477169      0.0000
   2013.62480023      0.0000
   2013.62482877      0.0000
   2013.62485731      0.0000
   2013.62488584      0.0000
   2013.62491438      0.0000
   2013.62494292      0.0000
   2013.62497146      0.0000
   2013.62500000      0.0000
   2013.62502854      0.0000
   2013.62505708      0.0000
   2013.62508562      0.0000
   2013.62511416      0.0000
   2013.62514269      0.0000
   2013.62517123      0.0000
   2013.62519977      0.0000
   2013.62522831      0.0000
   2013.62525685      0.0000
   2013.62528539      0.0000
   2013.62531393      0.0000
   2013.62534247      0.0000
   2013.62537100      0.0000
   2013.62539954      0.0000
   2013.62542808      0.0000
   2013.62545662      0.0000
   2013.62548516      0.0000
   2013.62551370      0.0000
   2013.62554224      0.0000
   2013.62557078      0.0000
   2013.62559932      0.0000
   2013.62562785      0.0000
   2013.62565639      0.0000
   2013.62568493      0.0000
   2013.62571347      0.1033
   2013.62574201      0.1679
   2013.62577055      0.3792
   2013.62579909      0.9116
   2013.62582763      1.7279
   2013.62585616      2.7324
   2013.62588470      4.4282
   2013.62591324      7.1166
   2013.62594178      9.3168
   2013.62597032     10.0258
   2013.62599886      9.7720
   2013.62602740      9.3609
   2013.62605594      8.8433
   2013.62608447      8.4290
   2013.62611301      8.2215
   2013.62614155      7.8653
   2013.62617009      7.8303
   2013.62619863      7.8632
   2013.62622717      7.9104
   2013.62625571      8.1900
   2013.62628425      8.4113
   2013.62631279      8.6929
   2013.62634132      8.9509
   2013.62636986      9.3984
   2013.62639840      9.7193
   2013.62642694      9.6455
   2013.62645548      9.6328
   2013.62648402      9.1845
   2013.62651256      9.6200
   2013.62654110      9.4997
   2013.62656963      9.0781
   2013.62659817      8.6590
   2013.62662671      8.7582
   2013.62665525      8.4714
   2013.62668379      8.2019
   2013.62671233      7.9021
   2013.62674087      8.0611
   2013.62676941      8.0305
   2013.62679795      8.0443
   2013.62682648      7.9893
   2013.62685502      8.4801
   2013.62688356      8.6371
   2013.62691210      8.6882
   2013.62694064      8.5169
   2013.62696918      8.8634
   2013.62699772      8.8631
   2013.62702626      8.6633
   2013.62705479      8.3711
   2013.62708333      8.5880
   2013.62711187      8.3764
   2013.62714041      8.1824
   2013.62716895      8.0282
   2013.62719749      7.9738
   2013.62722603      7.8153
   2013.62725457      7.5046
   2013.62728311      6.8176
   2013.62731164      7.5550
   2013.62734018      7.2498
   2013.62736872      6.8225
   2013.62739726      6.2737
   2013.62742580      6.1745
   2013.62745434      5.9843
   2013.62748288      6.1712
   2013.62751142      5.3759
   2013.62753995      5.4337
   2013.62756849      4.9875
   2013.62759703      4.8999
   2013.62762557      4.8531
   2013.62765411      4.7307
   2013.62768265      4.5024
   2013.62771119      4.2010
   2013.62773973      3.8194
   2013.62776826      3.5993
   2013.62779680      3.4869
   2013.62782534      3.3468
   2013.62785388      3.1744
   2013.62788242      3.0177
   2013.62791096      2.8654
   2013.62793950      2.7274
   2013.62796804      2.5630
   2013.62799658      2.4811
   2013.62802511      2.3748
   2013.62805365      2.2575
   2013.62808219      2.1258
   2013.62811073      1.9962
   2013.62813927      1.8770
   2013.62816781      1.7704
   2013.62819635      1.6748
   2013.62822489      1.5784
   2013.62825342      1.4954
   2013.62828196      1.4208
   2013.62831050      1.3530
   2013.62833904      1.2906
   2013.62836758      1.2319
   2013.62839612      1.1758
   2013.62842466      1.1214
   2013.62845320      1.1120
   2013.62848174      1.0128
   2013.62851027      0.9643
   2013.62853881      0.9132
   2013.62856735      0.8673
   2013.62859589      0.8227
   2013.62862443      0.7790
   2013.62865297      0.7370
   2013.62868151      0.6976
   2013.62871005      0.6613
   2013.62873858      0.6279
   2013.62876712      0.5967
   2013.62879566      0.5676
   2013.62882420      0.5403
   2013.62885274      0.5148
   2013.62888128      0.4906
   2013.62890982      0.4677
   2013.62893836      0.4460
   2013.62896689      0.4252
   2013.62899543      0.4053
   2013.62902397      0.3862
   2013.62905251      0.3678
   2013.62908105      0.3501
   2013.62910959      0.3330
   2013.62913813      0.3167
   2013.62916667      0.3011
   2013.62919521      0.2861
   2013.62922374      0.2719
   2013.62925228      0.2584
   2013.62928082      0.2455
   2013.62930936      0.2331
   2013.62933790      0.2213
   2013.62936644      0.2098
   2013.62939498      0.1989
   2013.62942352      0.1884
   2013.62945205      0.1784
   2013.62948059      0.1690
   2013.62950913      0.1600
   2013.62953767      0.1514
   2013.62956621      0.1432
   2013.62959475      0.1354
   2013.62962329      0.1280
   2013.62965183      0.1210
   2013.62968037      0.1143
   2013.62970890      0.1079
   2013.62973744      0.1019
