   2013.62465753      0.0000
   2013.62468607      0.0000
   2013.62471461      0.0000
   2013.62474315      0.0000
   2013.62477169      0.0000
   2013.62480023      0.0000
   2013.62482877      0.0000
   2013.62485731      0.0000
   2013.62488584      0.0000
   2013.62491438      0.0000
   2013.62494292      0.0000
   2013.62497146      0.0000
   2013.62500000      0.0000
   2013.62502854      0.0000
   2013.62505708      0.0000
   2013.62508562      0.0000
   2013.62511416      0.0000
   2013.62514269      0.0000
   2013.62517123      0.0000
   2013.62519977      0.0000
   2013.62522831      0.0000
   2013.62525685      0.0000
   2013.62528539      0.0000
   2013.62531393      0.0000
   2013.62534247      0.0000
   2013.62537100      0.0000
   2013.62539954      0.0000
   2013.62542808      0.0000
   2013.62545662      0.0000
   2013.62548516      0.0000
   2013.62551370      0.0000
   2013.62554224      0.0000
   2013.62557078      0.0000
   2013.62559932      0.0000
   2013.62562785      0.0000
   2013.62565639      0.0000
   2013.62568493      0.0000
   2013.62571347      0.0000
   2013.62574201      0.0000
   2013.62577055      0.0000
   2013.62579909      0.0000
   2013.62582763      0.0000
   2013.62585616      0.0000
   2013.62588470      0.0000
   2013.62591324      0.0000
   2013.62594178      0.0000
   2013.62597032      0.0000
   2013.62599886      0.0000
   2013.62602740      0.0000
   2013.62605594      0.0000
   2013.62608447      0.0000
   2013.62611301      0.0000
   2013.62614155      0.0000
   2013.62617009      0.0000
   2013.62619863      0.0000
   2013.62622717      0.0000
   2013.62625571      0.0000
   2013.62628425      0.0000
   2013.62631279      0.0000
   2013.62634132      0.0000
   2013.62636986      0.0000
   2013.62639840      0.0000
   2013.62642694      0.0000
   2013.62645548      0.0000
   2013.62648402      0.0000
   2013.62651256      0.0000
   2013.62654110      0.0000
   2013.62656963      0.0000
   2013.62659817      0.0000
   2013.62662671      0.0000
   2013.62665525      0.0000
   2013.62668379      0.0000
   2013.62671233      0.0000
   2013.62674087      0.0000
   2013.62676941      0.0000
   2013.62679795      0.0000
   2013.62682648      0.0000
   2013.62685502      2.3299
   2013.62688356     12.8591
   2013.62691210     33.8187
   2013.62694064     61.7733
   2013.62696918     56.6631
   2013.62699772     43.1939
   2013.62702626     30.6734
   2013.62705479     23.2554
   2013.62708333     18.0773
   2013.62711187     14.8110
   2013.62714041     12.2548
   2013.62716895     10.4024
   2013.62719749      9.0137
   2013.62722603      8.0367
   2013.62725457      7.1240
   2013.62728311      6.4079
   2013.62731164      5.8479
   2013.62734018      5.4102
   2013.62736872      5.0866
   2013.62739726      4.8501
   2013.62742580      4.6782
   2013.62745434      4.5581
   2013.62748288      4.4801
   2013.62751142      4.4349
   2013.62753995      4.4141
   2013.62756849      4.4100
   2013.62759703      4.4183
   2013.62762557      4.3253
   2013.62765411      4.2131
   2013.62768265      4.0527
   2013.62771119      3.7985
   2013.62773973      3.7959
   2013.62776826      3.3842
   2013.62779680      3.2664
   2013.62782534      3.0066
   2013.62785388      2.7882
   2013.62788242      2.5703
   2013.62791096      2.4891
   2013.62793950      2.2175
   2013.62796804      2.0192
   2013.62799658      1.7560
   2013.62802511      1.6115
   2013.62805365      1.4616
   2013.62808219      1.3229
   2013.62811073      1.1964
   2013.62813927      1.0871
   2013.62816781      0.9879
   2013.62819635      0.9001
   2013.62822489      0.8182
   2013.62825342      0.7418
   2013.62828196      0.6725
   2013.62831050      0.6112
   2013.62833904      0.5562
   2013.62836758      0.5070
   2013.62839612      0.4630
   2013.62842466      0.4236
   2013.62845320      0.3881
   2013.62848174      0.3560
   2013.62851027      0.3270
   2013.62853881      0.3008
   2013.62856735      0.2769
   2013.62859589      0.2552
   2013.62862443      0.2353
   2013.62865297      0.2170
   2013.62868151      0.2003
   2013.62871005      0.1850
   2013.62873858      0.1710
   2013.62876712      0.1582
   2013.62879566      0.1465
   2013.62882420      0.1358
   2013.62885274      0.1259
   2013.62888128      0.1168
   2013.62890982      0.1085
   2013.62893836      0.1008
