   2013.62465753      0.0000
   2013.62468607      0.0000
   2013.62471461      0.0000
   2013.62474315      0.0000
   2013.62477169      0.0000
   2013.62480023      0.0000
   2013.62482877      0.0000
   2013.62485731      0.0000
   2013.62488584      0.0000
   2013.62491438      0.0000
   2013.62494292      0.0000
   2013.62497146      0.0000
   2013.62500000      0.0000
   2013.62502854      0.0000
   2013.62505708      0.0000
   2013.62508562      0.0000
   2013.62511416      0.0000
   2013.62514269      0.0000
   2013.62517123      0.0000
   2013.62519977      0.0000
   2013.62522831      0.0000
   2013.62525685      0.0000
   2013.62528539      0.0000
   2013.62531393      0.0000
   2013.62534247      0.0000
   2013.62537100      0.0000
   2013.62539954      0.0000
   2013.62542808      0.0000
   2013.62545662      0.0000
   2013.62548516      0.0000
   2013.62551370      0.0000
   2013.62554224      0.0000
   2013.62557078      0.0000
   2013.62559932      0.0000
   2013.62562785      0.0000
   2013.62565639      0.0000
   2013.62568493      0.0000
   2013.62571347      0.0000
   2013.62574201      0.0000
   2013.62577055      0.0000
   2013.62579909      0.0000
   2013.62582763      0.0000
   2013.62585616      0.0000
   2013.62588470      0.0000
   2013.62591324      0.0000
   2013.62594178      0.0000
   2013.62597032      0.0000
   2013.62599886      0.0000
   2013.62602740      0.0000
   2013.62605594      0.0002
   2013.62608447      0.0007
   2013.62611301      0.0011
   2013.62614155      0.0017
   2013.62617009      0.0019
   2013.62619863      0.0021
   2013.62622717      0.0023
   2013.62625571      0.0032
   2013.62628425      0.0229
   2013.62631279      0.0515
   2013.62634132      0.0737
   2013.62636986      0.1222
   2013.62639840      0.1875
   2013.62642694      0.2571
   2013.62645548      0.3570
   2013.62648402      0.4854
   2013.62651256      0.6452
   2013.62654110      0.8395
   2013.62656963      1.1059
   2013.62659817      1.4893
   2013.62662671      2.0012
   2013.62665525      2.3723
   2013.62668379      2.5469
   2013.62671233      2.5547
   2013.62674087      2.6477
   2013.62676941      2.6295
   2013.62679795      2.5543
   2013.62682648      2.5344
   2013.62685502      2.4955
   2013.62688356      2.4246
   2013.62691210      2.3642
   2013.62694064      2.3860
   2013.62696918      2.3443
   2013.62699772      2.3129
   2013.62702626      2.2798
   2013.62705479      2.2635
   2013.62708333      2.2792
   2013.62711187      2.2442
   2013.62714041      2.2115
   2013.62716895      2.1759
   2013.62719749      2.1441
   2013.62722603      2.1088
   2013.62725457      2.0525
   2013.62728311      1.9563
   2013.62731164      1.9352
   2013.62734018      1.8440
   2013.62736872      1.8238
   2013.62739726      1.7258
   2013.62742580      1.6601
   2013.62745434      1.5929
   2013.62748288      1.5340
   2013.62751142      1.4502
   2013.62753995      1.3850
   2013.62756849      1.3219
   2013.62759703      1.2600
   2013.62762557      1.1985
   2013.62765411      1.1355
   2013.62768265      1.0965
   2013.62771119      1.0293
   2013.62773973      0.9434
   2013.62776826      0.9199
   2013.62779680      0.8752
   2013.62782534      0.8278
   2013.62785388      0.7819
   2013.62788242      0.7376
   2013.62791096      0.6960
   2013.62793950      0.6579
   2013.62796804      0.6230
   2013.62799658      0.5905
   2013.62802511      0.5600
   2013.62805365      0.5313
   2013.62808219      0.5045
   2013.62811073      0.4792
   2013.62813927      0.4555
   2013.62816781      0.4330
   2013.62819635      0.4118
   2013.62822489      0.3918
   2013.62825342      0.3728
   2013.62828196      0.3550
   2013.62831050      0.3382
   2013.62833904      0.3223
   2013.62836758      0.3074
   2013.62839612      0.2934
   2013.62842466      0.2802
   2013.62845320      0.2677
   2013.62848174      0.2559
   2013.62851027      0.2448
   2013.62853881      0.2342
   2013.62856735      0.2240
   2013.62859589      0.2143
   2013.62862443      0.2052
   2013.62865297      0.1965
   2013.62868151      0.1884
   2013.62871005      0.1806
   2013.62873858      0.1733
   2013.62876712      0.1669
   2013.62879566      0.1612
   2013.62882420      0.1558
   2013.62885274      0.1505
   2013.62888128      0.1454
   2013.62890982      0.1408
   2013.62893836      0.1371
   2013.62896689      0.1344
   2013.62899543      0.1325
   2013.62902397      0.1312
   2013.62905251      0.1304
   2013.62908105      0.1303
   2013.62910959      0.1310
   2013.62913813      0.1331
   2013.62916667      0.1365
   2013.62919521      0.1412
   2013.62922374      0.1473
   2013.62925228      0.1556
   2013.62928082      0.1669
   2013.62930936      0.1857
   2013.62933790      0.2040
   2013.62936644      0.2270
   2013.62939498      0.2577
   2013.62942352      0.2916
   2013.62945205      0.3436
   2013.62948059      0.4109
   2013.62950913      0.5035
   2013.62953767      0.6284
   2013.62956621      0.7850
   2013.62959475      0.9662
   2013.62962329      1.1382
   2013.62965183      1.2731
   2013.62968037      1.3653
   2013.62970890      1.4275
   2013.62973744      1.4344
   2013.62976598      1.4478
   2013.62979452      1.4491
   2013.62982306      1.4427
   2013.62985160      1.4289
   2013.62988014      1.4078
   2013.62990868      1.3893
   2013.62993721      1.3415
   2013.62996575      1.3054
   2013.62999429      1.2684
   2013.63002283      1.2304
   2013.63005137      1.1907
   2013.63007991      1.1489
   2013.63010845      1.1063
   2013.63013699      1.0631
   2013.63016553      1.0022
   2013.63019406      0.9907
   2013.63022260      0.9514
   2013.63025114      0.9025
   2013.63027968      0.8737
   2013.63030822      0.8376
   2013.63033676      0.8014
   2013.63036530      0.7655
   2013.63039384      0.7306
   2013.63042237      0.6979
   2013.63045091      0.6674
   2013.63047945      0.6389
   2013.63050799      0.6116
   2013.63053653      0.5854
   2013.63056507      0.5602
   2013.63059361      0.5361
   2013.63062215      0.5131
   2013.63065068      0.4912
   2013.63067922      0.4704
   2013.63070776      0.4506
   2013.63073630      0.4317
   2013.63076484      0.4135
   2013.63079338      0.3961
   2013.63082192      0.3793
   2013.63085046      0.3633
   2013.63087900      0.3479
   2013.63090753      0.3333
   2013.63093607      0.3193
   2013.63096461      0.3060
   2013.63099315      0.2933
   2013.63102169      0.2813
   2013.63105023      0.2698
   2013.63107877      0.2588
   2013.63110731      0.2483
   2013.63113584      0.2383
   2013.63116438      0.2287
   2013.63119292      0.2194
   2013.63122146      0.2105
   2013.63125000      0.2020
   2013.63127854      0.1939
   2013.63130708      0.1862
   2013.63133562      0.1788
   2013.63136416      0.1718
   2013.63139269      0.1650
   2013.63142123      0.1586
   2013.63144977      0.1524
   2013.63147831      0.1466
   2013.63150685      0.1409
   2013.63153539      0.1356
   2013.63156393      0.1304
   2013.63159247      0.1256
   2013.63162100      0.1209
   2013.63164954      0.1164
   2013.63167808      0.1122
   2013.63170662      0.1081
   2013.63173516      0.1042
   2013.63176370      0.1005
   2013.63179224      0.0969
   2013.63182078      0.0935
   2013.63184932      0.0903
   2013.63187785      0.0872
   2013.63190639      0.0842
   2013.63193493      0.0814
   2013.63196347      0.0786
   2013.63199201      0.0760
   2013.63202055      0.0734
   2013.63204909      0.0710
   2013.63207763      0.0686
   2013.63210616      0.0663
   2013.63213470      0.0642
   2013.63216324      0.0621
   2013.63219178      0.0601
   2013.63222032      0.0581
   2013.63224886      0.0563
