   2013.62465753      0.0000
   2013.62468607      0.0000
   2013.62471461      0.0000
   2013.62474315      0.0000
   2013.62477169      0.0000
   2013.62480023      0.0000
   2013.62482877      0.0000
   2013.62485731      0.0000
   2013.62488584      0.0000
   2013.62491438      0.0000
   2013.62494292      0.0000
   2013.62497146      0.0000
   2013.62500000      0.0000
   2013.62502854      0.0000
   2013.62505708      0.0000
   2013.62508562      0.0000
   2013.62511416      0.0000
   2013.62514269      0.0000
   2013.62517123      0.0000
   2013.62519977      0.0000
   2013.62522831      0.0000
   2013.62525685      0.0000
   2013.62528539      0.0000
   2013.62531393      0.0000
   2013.62534247      0.0000
   2013.62537100      0.0000
   2013.62539954      0.0000
   2013.62542808      0.0000
   2013.62545662      0.0000
   2013.62548516      0.0000
   2013.62551370      0.0000
   2013.62554224      0.0000
   2013.62557078      0.0000
   2013.62559932      0.0000
   2013.62562785      0.0000
   2013.62565639      0.0000
   2013.62568493      0.0000
   2013.62571347      0.0000
   2013.62574201      0.0000
   2013.62577055      0.0000
   2013.62579909      0.0000
   2013.62582763      0.0000
   2013.62585616      0.0000
   2013.62588470      0.0000
   2013.62591324      0.0000
   2013.62594178      0.0000
   2013.62597032      0.0000
   2013.62599886      0.0000
   2013.62602740      0.0000
   2013.62605594      0.0000
   2013.62608447      0.0000
   2013.62611301      0.0000
   2013.62614155      0.0000
   2013.62617009      0.0000
   2013.62619863      0.0000
   2013.62622717      0.0000
   2013.62625571      0.0000
   2013.62628425      0.0000
   2013.62631279      0.0000
   2013.62634132      0.0000
   2013.62636986      0.0000
   2013.62639840      1.9707
   2013.62642694     12.5157
   2013.62645548     44.3363
   2013.62648402     73.7956
   2013.62651256     61.7258
   2013.62654110     45.0639
   2013.62656963     30.7973
   2013.62659817     22.6622
   2013.62662671     17.8629
   2013.62665525     13.8361
   2013.62668379     11.2927
   2013.62671233      9.2617
   2013.62674087      8.0135
   2013.62676941      6.7063
   2013.62679795      5.6425
   2013.62682648      4.9013
   2013.62685502      4.2411
   2013.62688356      3.8153
   2013.62691210      3.4206
   2013.62694064      3.0779
   2013.62696918      2.7807
   2013.62699772      2.5305
   2013.62702626      2.3206
   2013.62705479      2.1457
   2013.62708333      1.9952
   2013.62711187      1.8746
   2013.62714041      1.7755
   2013.62716895      1.6938
   2013.62719749      1.6266
   2013.62722603      1.5721
   2013.62725457      1.5291
   2013.62728311      1.4964
   2013.62731164      1.4731
   2013.62734018      1.4408
   2013.62736872      1.4150
   2013.62739726      1.3866
   2013.62742580      1.3604
   2013.62745434      1.3164
   2013.62748288      1.2709
   2013.62751142      1.2319
   2013.62753995      1.1906
   2013.62756849      1.1473
   2013.62759703      1.0865
   2013.62762557      1.0588
   2013.62765411      0.9951
   2013.62768265      0.9257
   2013.62771119      0.8885
   2013.62773973      0.8391
   2013.62776826      0.7889
   2013.62779680      0.7391
   2013.62782534      0.6904
   2013.62785388      0.6441
   2013.62788242      0.6007
   2013.62791096      0.5597
   2013.62793950      0.5213
   2013.62796804      0.4856
   2013.62799658      0.4523
   2013.62802511      0.4212
   2013.62805365      0.3921
   2013.62808219      0.3649
   2013.62811073      0.3394
   2013.62813927      0.3157
   2013.62816781      0.2937
   2013.62819635      0.2733
   2013.62822489      0.2543
   2013.62825342      0.2366
   2013.62828196      0.2200
   2013.62831050      0.2045
   2013.62833904      0.1902
   2013.62836758      0.1769
   2013.62839612      0.1646
   2013.62842466      0.1532
   2013.62845320      0.1427
   2013.62848174      0.1329
   2013.62851027      0.1238
   2013.62853881      0.1154
   2013.62856735      0.1076
   2013.62859589      0.1003
