   2013.62465753      0.0000
   2013.62468607      0.0000
   2013.62471461      0.0000
   2013.62474315      0.0000
   2013.62477169      0.0000
   2013.62480023      0.0000
   2013.62482877      0.0000
   2013.62485731      0.0000
   2013.62488584      0.0000
   2013.62491438      0.0000
   2013.62494292      0.0000
   2013.62497146      0.0000
   2013.62500000      0.0000
   2013.62502854      0.0000
   2013.62505708      0.0000
   2013.62508562      0.0000
   2013.62511416      0.0000
   2013.62514269      0.0000
   2013.62517123      0.0000
   2013.62519977      0.0000
   2013.62522831      0.0000
   2013.62525685      0.0000
   2013.62528539      0.0000
   2013.62531393      0.0000
   2013.62534247      0.0000
   2013.62537100      0.0000
   2013.62539954      0.0000
   2013.62542808      0.0000
   2013.62545662      0.0000
   2013.62548516      0.0000
   2013.62551370      0.0000
   2013.62554224      0.0000
   2013.62557078      0.0000
   2013.62559932      0.0000
   2013.62562785      0.0000
   2013.62565639      0.0000
   2013.62568493      0.0000
   2013.62571347      0.0000
   2013.62574201      0.0000
   2013.62577055      0.0000
   2013.62579909      0.0000
   2013.62582763      0.0000
   2013.62585616      0.0000
   2013.62588470      0.0000
   2013.62591324      0.0000
   2013.62594178      0.0041
   2013.62597032      0.0030
   2013.62599886      0.0060
   2013.62602740      0.0343
   2013.62605594      0.0652
   2013.62608447      0.1152
   2013.62611301      0.2125
   2013.62614155      0.3721
   2013.62617009      0.6425
   2013.62619863      1.1731
   2013.62622717      2.1794
   2013.62625571      3.6168
   2013.62628425      4.5882
   2013.62631279      4.9098
   2013.62634132      4.8890
   2013.62636986      4.7386
   2013.62639840      4.5475
   2013.62642694      4.3751
   2013.62645548      4.2304
   2013.62648402      4.1144
   2013.62651256      4.0266
   2013.62654110      3.9591
   2013.62656963      3.7845
   2013.62659817      3.6444
   2013.62662671      3.7125
   2013.62665525      3.5362
   2013.62668379      3.2158
   2013.62671233      3.0857
   2013.62674087      2.8534
   2013.62676941      2.6704
   2013.62679795      2.4875
   2013.62682648      2.3117
   2013.62685502      2.1935
   2013.62688356      2.0112
   2013.62691210      1.8434
   2013.62694064      1.6262
   2013.62696918      1.4863
   2013.62699772      1.3527
   2013.62702626      1.2243
   2013.62705479      1.1181
   2013.62708333      1.0181
   2013.62711187      0.9298
   2013.62714041      0.8482
   2013.62716895      0.7711
   2013.62719749      0.7001
   2013.62722603      0.6365
   2013.62725457      0.5798
   2013.62728311      0.5288
   2013.62731164      0.4831
   2013.62734018      0.4422
   2013.62736872      0.4054
   2013.62739726      0.3722
   2013.62742580      0.3422
   2013.62745434      0.3149
   2013.62748288      0.2902
   2013.62751142      0.2678
   2013.62753995      0.2473
   2013.62756849      0.2284
   2013.62759703      0.2111
   2013.62762557      0.1952
   2013.62765411      0.1807
   2013.62768265      0.1674
   2013.62771119      0.1553
   2013.62773973      0.1441
   2013.62776826      0.1339
   2013.62779680      0.1245
   2013.62782534      0.1158
   2013.62785388      0.1078
   2013.62788242      0.1004
