   2013.62465753      0.0000
   2013.62468607      0.0000
   2013.62471461      0.0000
   2013.62474315      0.0000
   2013.62477169      0.0000
   2013.62480023      0.0000
   2013.62482877      0.0000
   2013.62485731      0.0000
   2013.62488584      0.0000
   2013.62491438      0.0000
   2013.62494292      0.0000
   2013.62497146      0.0000
   2013.62500000      0.0000
   2013.62502854      0.0000
   2013.62505708      0.0000
   2013.62508562      0.0000
   2013.62511416      0.0000
   2013.62514269      0.0000
   2013.62517123      0.0000
   2013.62519977      0.0000
   2013.62522831      0.0000
   2013.62525685      0.0000
   2013.62528539      0.0000
   2013.62531393      0.0000
   2013.62534247      0.0000
   2013.62537100      0.0000
   2013.62539954      0.0000
   2013.62542808      0.0000
   2013.62545662      0.0000
   2013.62548516      0.0000
   2013.62551370      0.0000
   2013.62554224      0.0000
   2013.62557078      0.0000
   2013.62559932      0.0000
   2013.62562785      0.0000
   2013.62565639      0.0000
   2013.62568493      0.0000
   2013.62571347      0.0000
   2013.62574201      0.0000
   2013.62577055      0.0000
   2013.62579909      0.0000
   2013.62582763      0.0000
   2013.62585616      0.0000
   2013.62588470      0.0000
   2013.62591324      0.0000
   2013.62594178      0.0000
   2013.62597032      0.0000
   2013.62599886      0.0000
   2013.62602740      0.0000
   2013.62605594      0.0000
   2013.62608447      0.0000
   2013.62611301      0.0000
   2013.62614155      0.0000
   2013.62617009      0.0000
   2013.62619863      0.0000
   2013.62622717      0.0000
   2013.62625571      0.0000
   2013.62628425      0.0000
   2013.62631279      0.0000
   2013.62634132      0.0000
   2013.62636986      0.0000
   2013.62639840      0.0000
   2013.62642694      0.0000
   2013.62645548      0.0000
   2013.62648402      0.0000
   2013.62651256      0.0000
   2013.62654110      0.0000
   2013.62656963      0.0000
   2013.62659817      0.0000
   2013.62662671     17.7454
   2013.62665525     64.7522
   2013.62668379    121.0883
   2013.62671233    126.7671
   2013.62674087     89.5486
   2013.62676941     59.5854
   2013.62679795     42.2809
   2013.62682648     31.0541
   2013.62685502     25.6942
   2013.62688356     21.6341
   2013.62691210     18.3625
   2013.62694064     16.0242
   2013.62696918     15.2441
   2013.62699772     14.0415
   2013.62702626     12.7895
   2013.62705479     11.7365
   2013.62708333     12.0533
   2013.62711187     11.5557
   2013.62714041     11.2560
   2013.62716895     10.9091
   2013.62719749     11.4207
   2013.62722603     11.3827
   2013.62725457     11.2712
   2013.62728311     10.8551
   2013.62731164     12.0568
   2013.62734018     11.3728
   2013.62736872     10.6951
   2013.62739726      9.7402
   2013.62742580      9.6062
   2013.62745434      9.9336
   2013.62748288     10.6240
   2013.62751142     10.6252
   2013.62753995     10.1300
   2013.62756849      9.2754
   2013.62759703      8.3402
   2013.62762557      7.3747
   2013.62765411      6.7885
   2013.62768265      6.4941
   2013.62771119      6.4714
   2013.62773973      6.6675
   2013.62776826      6.8966
   2013.62779680      5.9128
   2013.62782534      5.8296
   2013.62785388      4.8936
   2013.62788242      4.5465
   2013.62791096      3.9827
   2013.62793950      3.4090
   2013.62796804      3.0786
   2013.62799658      2.8456
   2013.62802511      2.6039
   2013.62805365      2.5325
   2013.62808219      2.2919
   2013.62811073      2.0950
   2013.62813927      1.8145
   2013.62816781      1.6704
   2013.62819635      1.5108
   2013.62822489      1.3635
   2013.62825342      1.2499
   2013.62828196      1.1186
   2013.62831050      1.0024
   2013.62833904      0.9173
   2013.62836758      0.8312
   2013.62839612      0.7520
   2013.62842466      0.6802
   2013.62845320      0.6165
   2013.62848174      0.5597
   2013.62851027      0.5090
   2013.62853881      0.4642
   2013.62856735      0.4242
   2013.62859589      0.3885
   2013.62862443      0.3563
   2013.62865297      0.3273
   2013.62868151      0.3010
   2013.62871005      0.2772
   2013.62873858      0.2555
   2013.62876712      0.2357
   2013.62879566      0.2175
   2013.62882420      0.2008
   2013.62885274      0.1856
   2013.62888128      0.1716
   2013.62890982      0.1589
   2013.62893836      0.1473
   2013.62896689      0.1366
   2013.62899543      0.1269
   2013.62902397      0.1178
   2013.62905251      0.1095
   2013.62908105      0.1019
