   2013.62465753      0.0000
   2013.62468607      0.0000
   2013.62471461      0.0000
   2013.62474315      0.0000
   2013.62477169      0.0000
   2013.62480023      0.0000
   2013.62482877      0.0000
   2013.62485731      0.0000
   2013.62488584      0.0000
   2013.62491438      0.0000
   2013.62494292      0.0000
   2013.62497146      0.0000
   2013.62500000      0.0000
   2013.62502854      0.0000
   2013.62505708      0.0000
   2013.62508562      0.0000
   2013.62511416      0.0000
   2013.62514269      0.0000
   2013.62517123      0.0000
   2013.62519977      0.0000
   2013.62522831      0.0000
   2013.62525685      0.0000
   2013.62528539      0.0000
   2013.62531393      0.0000
   2013.62534247      0.0000
   2013.62537100      0.0000
   2013.62539954      0.0000
   2013.62542808      0.0000
   2013.62545662      0.0000
   2013.62548516      0.0000
   2013.62551370      0.0000
   2013.62554224      0.0000
   2013.62557078      0.0000
   2013.62559932      0.0000
   2013.62562785      0.0000
   2013.62565639      0.0000
   2013.62568493      0.0000
   2013.62571347      0.0000
   2013.62574201      0.0000
   2013.62577055      0.0000
   2013.62579909      0.0000
   2013.62582763      0.0000
   2013.62585616      0.0000
   2013.62588470      0.0000
   2013.62591324      0.0000
   2013.62594178      0.0000
   2013.62597032      0.0000
   2013.62599886      0.0000
   2013.62602740      0.0000
   2013.62605594      0.0000
   2013.62608447      0.0000
   2013.62611301      0.0000
   2013.62614155      0.0000
   2013.62617009      0.0000
   2013.62619863      0.0000
   2013.62622717      0.0000
   2013.62625571      0.0000
   2013.62628425      0.2027
   2013.62631279      0.4524
   2013.62634132      1.3991
   2013.62636986      2.9911
   2013.62639840      5.2596
   2013.62642694      9.2289
   2013.62645548     14.2381
   2013.62648402     16.1994
   2013.62651256     15.6097
   2013.62654110     14.6288
   2013.62656963     13.3253
   2013.62659817     12.1516
   2013.62662671     11.5992
   2013.62665525     10.8796
   2013.62668379     10.0118
   2013.62671233      9.3972
   2013.62674087      8.8102
   2013.62676941      8.3100
   2013.62679795      7.8869
   2013.62682648      7.3768
   2013.62685502      6.9885
   2013.62688356      6.2531
   2013.62691210      6.0342
   2013.62694064      4.9881
   2013.62696918      4.5483
   2013.62699772      4.3122
   2013.62702626      3.6687
   2013.62705479      3.2493
   2013.62708333      2.9222
   2013.62711187      2.8009
   2013.62714041      2.4009
   2013.62716895      2.1423
   2013.62719749      1.8388
   2013.62722603      1.6623
   2013.62725457      1.4938
   2013.62728311      1.3419
   2013.62731164      1.2066
   2013.62734018      1.0913
   2013.62736872      0.9885
   2013.62739726      0.8981
   2013.62742580      0.8147
   2013.62745434      0.7374
   2013.62748288      0.6678
   2013.62751142      0.6065
   2013.62753995      0.5517
   2013.62756849      0.5028
   2013.62759703      0.4592
   2013.62762557      0.4201
   2013.62765411      0.3851
   2013.62768265      0.3535
   2013.62771119      0.3249
   2013.62773973      0.2990
   2013.62776826      0.2756
   2013.62779680      0.2543
   2013.62782534      0.2347
   2013.62785388      0.2167
   2013.62788242      0.2003
   2013.62791096      0.1853
   2013.62793950      0.1716
   2013.62796804      0.1590
   2013.62799658      0.1475
   2013.62802511      0.1370
   2013.62805365      0.1273
   2013.62808219      0.1184
   2013.62811073      0.1101
   2013.62813927      0.1025
