   2013.62465753      0.0000
   2013.62468607      0.0000
   2013.62471461      0.0000
   2013.62474315      0.0000
   2013.62477169      0.0000
   2013.62480023      0.0000
   2013.62482877      0.0000
   2013.62485731      0.0000
   2013.62488584      0.0000
   2013.62491438      0.0000
   2013.62494292      0.0000
   2013.62497146      0.0000
   2013.62500000      0.0000
   2013.62502854      0.0000
   2013.62505708      0.0000
   2013.62508562      0.0000
   2013.62511416      0.0000
   2013.62514269      0.0000
   2013.62517123      0.0000
   2013.62519977      0.0000
   2013.62522831      0.0000
   2013.62525685      0.0000
   2013.62528539      0.0000
   2013.62531393      0.0000
   2013.62534247      0.0000
   2013.62537100      0.0000
   2013.62539954      0.0000
   2013.62542808      0.0000
   2013.62545662      0.0000
   2013.62548516      0.0000
   2013.62551370      0.0000
   2013.62554224      0.0000
   2013.62557078      0.0000
   2013.62559932      0.0000
   2013.62562785      0.0000
   2013.62565639      0.0000
   2013.62568493      0.0000
   2013.62571347      0.0000
   2013.62574201      0.0000
   2013.62577055      0.0000
   2013.62579909      0.0000
   2013.62582763      0.0000
   2013.62585616      0.0000
   2013.62588470      0.0000
   2013.62591324      0.0000
   2013.62594178      0.0029
   2013.62597032      0.0027
   2013.62599886      0.0030
   2013.62602740      0.0057
   2013.62605594      0.0416
   2013.62608447      0.0813
   2013.62611301      0.1579
   2013.62614155      0.3089
   2013.62617009      0.6044
   2013.62619863      1.2773
   2013.62622717      2.6038
   2013.62625571      4.5898
   2013.62628425      6.0273
   2013.62631279      6.6099
   2013.62634132      6.7790
   2013.62636986      6.8022
   2013.62639840      6.7790
   2013.62642694      6.6639
   2013.62645548      6.7178
   2013.62648402      6.1686
   2013.62651256      5.8864
   2013.62654110      5.6345
   2013.62656963      5.5377
   2013.62659817      5.1564
   2013.62662671      4.4232
   2013.62665525      4.3477
   2013.62668379      3.6949
   2013.62671233      3.3273
   2013.62674087      3.0313
   2013.62676941      2.7008
   2013.62679795      2.5111
   2013.62682648      2.2370
   2013.62685502      1.9211
   2013.62688356      1.7248
   2013.62691210      1.5439
   2013.62694064      1.3811
   2013.62696918      1.2535
   2013.62699772      1.1186
   2013.62702626      1.0003
   2013.62705479      0.9099
   2013.62708333      0.8214
   2013.62711187      0.7408
   2013.62714041      0.6686
   2013.62716895      0.6050
   2013.62719749      0.5484
   2013.62722603      0.4982
   2013.62725457      0.4538
   2013.62728311      0.4144
   2013.62731164      0.3792
   2013.62734018      0.3476
   2013.62736872      0.3191
   2013.62739726      0.2933
   2013.62742580      0.2701
   2013.62745434      0.2489
   2013.62748288      0.2295
   2013.62751142      0.2117
   2013.62753995      0.1955
   2013.62756849      0.1807
   2013.62759703      0.1672
   2013.62762557      0.1548
   2013.62765411      0.1436
   2013.62768265      0.1332
   2013.62771119      0.1238
   2013.62773973      0.1150
   2013.62776826      0.1070
