   2013.62465753      0.0000
   2013.62468607      0.0000
   2013.62471461      0.0000
   2013.62474315      0.0000
   2013.62477169      0.0000
   2013.62480023      0.0000
   2013.62482877      0.0000
   2013.62485731      0.0000
   2013.62488584      0.0000
   2013.62491438      0.0000
   2013.62494292      0.0000
   2013.62497146      0.0000
   2013.62500000      0.0000
   2013.62502854      0.0000
   2013.62505708      0.0000
   2013.62508562      0.0000
   2013.62511416      0.0000
   2013.62514269      0.0000
   2013.62517123      0.0000
   2013.62519977      0.0000
   2013.62522831      0.0000
   2013.62525685      0.0000
   2013.62528539      0.0000
   2013.62531393      0.0000
   2013.62534247      0.0000
   2013.62537100      0.0000
   2013.62539954      0.0000
   2013.62542808      0.0000
   2013.62545662      0.0000
   2013.62548516      0.0000
   2013.62551370      0.0000
   2013.62554224      0.0000
   2013.62557078      0.0000
   2013.62559932      0.0000
   2013.62562785      0.0000
   2013.62565639      0.0000
   2013.62568493      0.0000
   2013.62571347      0.0000
   2013.62574201      0.0000
   2013.62577055      0.0000
   2013.62579909      0.0000
   2013.62582763      0.0000
   2013.62585616      0.0000
   2013.62588470      0.0000
   2013.62591324      0.0000
   2013.62594178      0.0000
   2013.62597032      0.0000
   2013.62599886      0.0000
   2013.62602740      0.0000
   2013.62605594      0.0000
   2013.62608447      0.0000
   2013.62611301      0.0000
   2013.62614155      0.0000
   2013.62617009      0.0000
   2013.62619863      0.0000
   2013.62622717      0.0000
   2013.62625571      0.0000
   2013.62628425      0.0000
   2013.62631279      0.0000
   2013.62634132      0.0000
   2013.62636986      0.0000
   2013.62639840      0.0000
   2013.62642694      0.0000
   2013.62645548      0.0000
   2013.62648402      0.0000
   2013.62651256      0.0000
   2013.62654110      0.0000
   2013.62656963      0.0000
   2013.62659817      0.0000
   2013.62662671      0.0000
   2013.62665525      0.0000
   2013.62668379      0.0000
   2013.62671233      0.0000
   2013.62674087      0.0000
   2013.62676941      0.0000
   2013.62679795      0.0000
   2013.62682648      0.0000
   2013.62685502      0.0000
   2013.62688356      0.0000
   2013.62691210      0.0000
   2013.62694064      0.0000
   2013.62696918      0.0000
   2013.62699772      0.0000
   2013.62702626      0.0000
   2013.62705479      0.0000
   2013.62708333      0.0000
   2013.62711187      0.0000
   2013.62714041      0.0000
   2013.62716895      0.0000
   2013.62719749      0.0000
   2013.62722603      0.0000
   2013.62725457      0.0000
   2013.62728311      0.0000
   2013.62731164      1.1912
   2013.62734018      7.1314
   2013.62736872     18.8194
   2013.62739726     45.8896
   2013.62742580     48.9521
   2013.62745434     39.8410
   2013.62748288     30.2739
   2013.62751142     22.2789
   2013.62753995     17.7258
   2013.62756849     14.2160
   2013.62759703     11.9421
   2013.62762557     10.1853
   2013.62765411      8.7555
   2013.62768265      7.7822
   2013.62771119      6.8909
   2013.62773973      6.1689
   2013.62776826      5.6110
   2013.62779680      5.2691
   2013.62782534      4.8889
   2013.62785388      4.6232
   2013.62788242      4.4095
   2013.62791096      4.2235
   2013.62793950      4.1209
   2013.62796804      4.0350
   2013.62799658      3.9611
   2013.62802511      3.8209
   2013.62805365      3.8880
   2013.62808219      3.8575
   2013.62811073      3.8345
   2013.62813927      3.8239
   2013.62816781      3.8132
   2013.62819635      3.8121
   2013.62822489      3.8068
   2013.62825342      3.8094
   2013.62828196      3.8212
   2013.62831050      3.8353
   2013.62833904      3.8479
   2013.62836758      3.8271
   2013.62839612      3.6980
   2013.62842466      3.6729
   2013.62845320      3.6417
   2013.62848174      3.5096
   2013.62851027      3.2051
   2013.62853881      3.0677
   2013.62856735      2.8333
   2013.62859589      2.6507
   2013.62862443      2.4687
   2013.62865297      2.2655
   2013.62868151      2.1759
   2013.62871005      1.9954
   2013.62873858      1.8289
   2013.62876712      1.6138
   2013.62879566      1.4748
   2013.62882420      1.3423
   2013.62885274      1.2156
   2013.62888128      1.1095
   2013.62890982      1.0102
   2013.62893836      0.9223
   2013.62896689      0.8408
   2013.62899543      0.7639
   2013.62902397      0.6932
   2013.62905251      0.6301
   2013.62908105      0.5736
   2013.62910959      0.5228
   2013.62913813      0.4774
   2013.62916667      0.4368
   2013.62919521      0.4003
   2013.62922374      0.3673
   2013.62925228      0.3375
   2013.62928082      0.3105
   2013.62930936      0.2860
   2013.62933790      0.2638
   2013.62936644      0.2435
   2013.62939498      0.2249
   2013.62942352      0.2078
   2013.62945205      0.1921
   2013.62948059      0.1779
   2013.62950913      0.1649
   2013.62953767      0.1529
   2013.62956621      0.1420
   2013.62959475      0.1320
   2013.62962329      0.1227
   2013.62965183      0.1142
   2013.62968037      0.1064
