   2013.62465753      0.0000
   2013.62468607      0.0000
   2013.62471461      0.0000
   2013.62474315      0.0000
   2013.62477169      0.0000
   2013.62480023      0.0000
   2013.62482877      0.0000
   2013.62485731      0.0000
   2013.62488584      0.0000
   2013.62491438      0.0000
   2013.62494292      0.0000
   2013.62497146      0.0000
   2013.62500000      0.0000
   2013.62502854      0.0000
   2013.62505708      0.0000
   2013.62508562      0.0000
   2013.62511416      0.0000
   2013.62514269      0.0000
   2013.62517123      0.0000
   2013.62519977      0.0000
   2013.62522831      0.0000
   2013.62525685      0.0000
   2013.62528539      0.0000
   2013.62531393      0.0000
   2013.62534247      0.0000
   2013.62537100      0.2897
   2013.62539954      0.8232
   2013.62542808      2.8142
   2013.62545662      5.7739
   2013.62548516     11.1693
   2013.62551370     21.2161
   2013.62554224     25.2629
   2013.62557078     23.5517
   2013.62559932     22.5030
   2013.62562785     20.7597
   2013.62565639     18.9493
   2013.62568493     17.1484
   2013.62571347     17.0919
   2013.62574201     17.1533
   2013.62577055     17.6774
   2013.62579909     17.7168
   2013.62582763     17.3741
   2013.62585616     16.6886
   2013.62588470     15.7462
   2013.62591324     14.4935
   2013.62594178     13.2223
   2013.62597032     12.1301
   2013.62599886     10.9414
   2013.62602740     10.0894
   2013.62605594      8.8143
   2013.62608447      8.0389
   2013.62611301      7.2119
   2013.62614155      6.9899
   2013.62617009      5.7453
   2013.62619863      5.5757
   2013.62622717      4.6196
   2013.62625571      4.3960
   2013.62628425      3.7213
   2013.62631279      3.2873
   2013.62634132      2.9129
   2013.62636986      2.7079
   2013.62639840      2.3815
   2013.62642694      2.0256
   2013.62645548      1.8118
   2013.62648402      1.6152
   2013.62651256      1.4396
   2013.62654110      1.3120
   2013.62656963      1.1577
   2013.62659817      1.0263
   2013.62662671      0.9362
   2013.62665525      0.8444
   2013.62668379      0.7605
   2013.62671233      0.6852
   2013.62674087      0.6190
   2013.62676941      0.5603
   2013.62679795      0.5083
   2013.62682648      0.4624
   2013.62685502      0.4218
   2013.62688356      0.3856
   2013.62691210      0.3532
   2013.62694064      0.3241
   2013.62696918      0.2978
   2013.62699772      0.2741
   2013.62702626      0.2525
   2013.62705479      0.2328
   2013.62708333      0.2147
   2013.62711187      0.1982
   2013.62714041      0.1832
   2013.62716895      0.1695
   2013.62719749      0.1570
   2013.62722603      0.1455
   2013.62725457      0.1351
   2013.62728311      0.1254
   2013.62731164      0.1166
   2013.62734018      0.1084
   2013.62736872      0.1009
