   2013.62465753      0.0000
   2013.62468607      0.0000
   2013.62471461      0.0000
   2013.62474315      0.0000
   2013.62477169      0.0000
   2013.62480023      0.0000
   2013.62482877      0.0000
   2013.62485731      0.0000
   2013.62488584      0.0000
   2013.62491438      0.0000
   2013.62494292      0.0000
   2013.62497146      0.0000
   2013.62500000      0.0000
   2013.62502854      0.0000
   2013.62505708      0.0000
   2013.62508562      0.0000
   2013.62511416      0.0000
   2013.62514269      0.0000
   2013.62517123      0.0000
   2013.62519977      0.0000
   2013.62522831      0.0000
   2013.62525685      0.0026
   2013.62528539      0.0020
   2013.62531393      0.0017
   2013.62534247      0.0027
   2013.62537100      0.0142
   2013.62539954      0.0449
   2013.62542808      0.0695
   2013.62545662      0.1138
   2013.62548516      0.1809
   2013.62551370      0.2695
   2013.62554224      0.3790
   2013.62557078      0.5538
   2013.62559932      0.7914
   2013.62562785      1.0944
   2013.62565639      1.5475
   2013.62568493      2.1876
   2013.62571347      2.8542
   2013.62574201      3.3599
   2013.62577055      3.6355
   2013.62579909      3.9722
   2013.62582763      4.1151
   2013.62585616      4.2496
   2013.62588470      4.2822
   2013.62591324      4.5153
   2013.62594178      4.5979
   2013.62597032      4.7188
   2013.62599886      4.7113
   2013.62602740      4.9473
   2013.62605594      5.0257
   2013.62608447      4.9932
   2013.62611301      5.1238
   2013.62614155      5.3697
   2013.62617009      5.4496
   2013.62619863      5.3704
   2013.62622717      5.4735
   2013.62625571      5.1339
   2013.62628425      5.2561
   2013.62631279      5.1848
   2013.62634132      5.0350
   2013.62636986      4.5050
   2013.62639840      4.6954
   2013.62642694      4.5760
   2013.62645548      4.3375
   2013.62648402      4.2118
   2013.62651256      4.1169
   2013.62654110      3.8427
   2013.62656963      3.9661
   2013.62659817      3.4453
   2013.62662671      3.5676
   2013.62665525      3.3997
   2013.62668379      3.3568
   2013.62671233      3.1871
   2013.62674087      3.3716
   2013.62676941      3.2979
   2013.62679795      3.3063
   2013.62682648      3.2261
   2013.62685502      3.4070
   2013.62688356      3.4584
   2013.62691210      3.4918
   2013.62694064      3.4439
   2013.62696918      3.6569
   2013.62699772      3.5815
   2013.62702626      3.5296
   2013.62705479      3.4719
   2013.62708333      3.5703
   2013.62711187      3.5616
   2013.62714041      3.4841
   2013.62716895      3.3570
   2013.62719749      3.5308
   2013.62722603      3.4516
   2013.62725457      3.5579
   2013.62728311      3.0816
   2013.62731164      3.3107
   2013.62734018      3.3645
   2013.62736872      3.1985
   2013.62739726      2.9989
   2013.62742580      3.0463
   2013.62745434      2.9374
   2013.62748288      2.8970
   2013.62751142      2.8818
   2013.62753995      2.7891
   2013.62756849      2.6595
   2013.62759703      2.5515
   2013.62762557      2.5219
   2013.62765411      2.5137
   2013.62768265      2.4570
   2013.62771119      2.3562
   2013.62773973      2.2378
   2013.62776826      2.0897
   2013.62779680      2.0054
   2013.62782534      1.9394
   2013.62785388      1.8790
   2013.62788242      1.8094
   2013.62791096      1.7311
   2013.62793950      1.6542
   2013.62796804      1.5860
   2013.62799658      1.5290
   2013.62802511      1.4675
   2013.62805365      1.4058
   2013.62808219      1.3481
   2013.62811073      1.2928
   2013.62813927      1.2416
   2013.62816781      1.1942
   2013.62819635      1.1494
   2013.62822489      1.1058
   2013.62825342      1.0607
   2013.62828196      1.0371
   2013.62831050      0.9781
   2013.62833904      0.9111
   2013.62836758      0.8842
   2013.62839612      0.8445
   2013.62842466      0.8035
   2013.62845320      0.7636
   2013.62848174      0.7248
   2013.62851027      0.6885
   2013.62853881      0.6556
   2013.62856735      0.6257
   2013.62859589      0.5979
   2013.62862443      0.5717
   2013.62865297      0.5466
   2013.62868151      0.5225
   2013.62871005      0.4992
   2013.62873858      0.4765
   2013.62876712      0.4546
   2013.62879566      0.4334
   2013.62882420      0.4130
   2013.62885274      0.3934
   2013.62888128      0.3745
   2013.62890982      0.3564
   2013.62893836      0.3392
   2013.62896689      0.3227
   2013.62899543      0.3072
   2013.62902397      0.2924
   2013.62905251      0.2785
   2013.62908105      0.2653
   2013.62910959      0.2528
   2013.62913813      0.2411
   2013.62916667      0.2299
   2013.62919521      0.2192
   2013.62922374      0.2089
   2013.62925228      0.1991
   2013.62928082      0.1898
   2013.62930936      0.1809
   2013.62933790      0.1724
   2013.62936644      0.1644
   2013.62939498      0.1568
   2013.62942352      0.1495
   2013.62945205      0.1425
   2013.62948059      0.1358
   2013.62950913      0.1294
   2013.62953767      0.1233
   2013.62956621      0.1175
   2013.62959475      0.1119
   2013.62962329      0.1066
   2013.62965183      0.1015
