   2013.62465753      0.0000
   2013.62468607      0.0000
   2013.62471461      0.0000
   2013.62474315      0.0000
   2013.62477169      0.0000
   2013.62480023      0.0000
   2013.62482877      0.0000
   2013.62485731      0.0000
   2013.62488584      0.0000
   2013.62491438      0.0000
   2013.62494292      0.0000
   2013.62497146      0.0000
   2013.62500000      0.0000
   2013.62502854      0.0000
   2013.62505708      0.0000
   2013.62508562      0.0000
   2013.62511416      0.0000
   2013.62514269      0.0000
   2013.62517123      0.0000
   2013.62519977      0.0000
   2013.62522831      0.0000
   2013.62525685      0.0000
   2013.62528539      0.0000
   2013.62531393      0.0000
   2013.62534247      0.0000
   2013.62537100      0.0000
   2013.62539954      0.0000
   2013.62542808      0.0000
   2013.62545662      0.0000
   2013.62548516      0.0000
   2013.62551370      0.0000
   2013.62554224      0.0000
   2013.62557078      0.0000
   2013.62559932      0.0000
   2013.62562785      0.0000
   2013.62565639      0.0000
   2013.62568493      0.0000
   2013.62571347      0.0000
   2013.62574201      0.0000
   2013.62577055      0.0000
   2013.62579909      0.0000
   2013.62582763      0.0000
   2013.62585616      0.0000
   2013.62588470      0.0000
   2013.62591324      0.0000
   2013.62594178      0.0000
   2013.62597032      0.0000
   2013.62599886      0.0000
   2013.62602740      0.0000
   2013.62605594      0.0000
   2013.62608447      0.0000
   2013.62611301      0.0000
   2013.62614155      0.0000
   2013.62617009      0.0000
   2013.62619863      0.0000
   2013.62622717      0.0000
   2013.62625571      0.0000
   2013.62628425      0.0000
   2013.62631279      0.0000
   2013.62634132      0.0000
   2013.62636986      0.0000
   2013.62639840      0.0000
   2013.62642694      0.0000
   2013.62645548      0.0000
   2013.62648402      0.0000
   2013.62651256      0.0000
   2013.62654110      0.0000
   2013.62656963      0.0000
   2013.62659817      0.0000
   2013.62662671      0.0000
   2013.62665525      0.0000
   2013.62668379      0.0000
   2013.62671233      0.0000
   2013.62674087      0.0000
   2013.62676941      0.0000
   2013.62679795      0.0000
   2013.62682648      0.0000
   2013.62685502      0.0000
   2013.62688356      0.0000
   2013.62691210      0.0000
   2013.62694064      0.0000
   2013.62696918      0.0756
   2013.62699772      0.1547
   2013.62702626      0.3628
   2013.62705479      0.9524
   2013.62708333      2.0378
   2013.62711187      3.5999
   2013.62714041      6.1607
   2013.62716895     10.4354
   2013.62719749     13.6079
   2013.62722603     14.7934
   2013.62725457     14.9087
   2013.62728311     14.6754
   2013.62731164     14.3882
   2013.62734018     13.8084
   2013.62736872     13.1516
   2013.62739726     12.4109
   2013.62742580     11.8109
   2013.62745434     10.8872
   2013.62748288      9.8424
   2013.62751142      8.7552
   2013.62753995      8.4767
   2013.62756849      7.4462
   2013.62759703      6.5837
   2013.62762557      5.4427
   2013.62765411      5.0886
   2013.62768265      4.9866
   2013.62771119      3.9801
   2013.62773973      3.6205
   2013.62776826      3.1982
   2013.62779680      2.8804
   2013.62782534      2.5932
   2013.62785388      2.3453
   2013.62788242      2.1268
   2013.62791096      1.9331
   2013.62793950      1.7547
   2013.62796804      1.6140
   2013.62799658      1.4884
   2013.62802511      1.3758
   2013.62805365      1.2734
   2013.62808219      1.1610
   2013.62811073      1.1104
   2013.62813927      1.0354
   2013.62816781      0.9582
   2013.62819635      0.9101
   2013.62822489      0.8551
   2013.62825342      0.8024
   2013.62828196      0.7540
   2013.62831050      0.7153
   2013.62833904      0.6771
   2013.62836758      0.6422
   2013.62839612      0.6112
   2013.62842466      0.5909
   2013.62845320      0.5667
   2013.62848174      0.5434
   2013.62851027      0.5225
   2013.62853881      0.5136
   2013.62856735      0.4985
   2013.62859589      0.4833
   2013.62862443      0.4702
   2013.62865297      0.4712
   2013.62868151      0.4642
   2013.62871005      0.4564
   2013.62873858      0.4509
   2013.62876712      0.4619
   2013.62879566      0.4634
   2013.62882420      0.4638
   2013.62885274      0.4670
   2013.62888128      0.4899
   2013.62890982      0.5142
   2013.62893836      0.5186
   2013.62896689      0.5327
   2013.62899543      0.5508
   2013.62902397      0.6141
   2013.62905251      0.6268
   2013.62908105      0.6702
   2013.62910959      0.7357
   2013.62913813      0.7883
   2013.62916667      0.8490
   2013.62919521      0.9123
   2013.62922374      1.0074
   2013.62925228      1.0959
   2013.62928082      1.1935
   2013.62930936      1.2836
   2013.62933790      1.4026
   2013.62936644      1.5017
   2013.62939498      1.5838
   2013.62942352      1.6444
   2013.62945205      1.7386
   2013.62948059      1.8101
   2013.62950913      1.8599
   2013.62953767      1.8931
   2013.62956621      1.9660
   2013.62959475      2.0138
   2013.62962329      2.0379
   2013.62965183      2.0467
   2013.62968037      2.0955
   2013.62970890      2.1186
   2013.62973744      2.1194
   2013.62976598      2.1074
   2013.62979452      2.1373
   2013.62982306      2.1342
   2013.62985160      2.1161
   2013.62988014      2.0908
   2013.62990868      2.0981
   2013.62993721      2.0754
   2013.62996575      2.0454
   2013.62999429      2.0092
   2013.63002283      1.9950
   2013.63005137      1.9585
   2013.63007991      1.9226
   2013.63010845      1.8754
   2013.63013699      1.8469
   2013.63016553      1.8034
   2013.63019406      1.7609
   2013.63022260      1.7094
   2013.63025114      1.6583
   2013.63027968      1.6082
   2013.63030822      1.5593
   2013.63033676      1.4732
   2013.63036530      1.4539
   2013.63039384      1.3682
   2013.63042237      1.3144
   2013.63045091      1.2611
   2013.63047945      1.2088
   2013.63050799      1.1370
   2013.63053653      1.1327
   2013.63056507      1.0478
   2013.63059361      0.9949
   2013.63062215      0.9315
   2013.63065068      0.8965
   2013.63067922      0.8527
   2013.63070776      0.8093
   2013.63073630      0.7668
   2013.63076484      0.7257
   2013.63079338      0.6870
   2013.63082192      0.6511
   2013.63085046      0.6177
   2013.63087900      0.5862
   2013.63090753      0.5563
   2013.63093607      0.5280
   2013.63096461      0.5014
   2013.63099315      0.4763
   2013.63102169      0.4526
   2013.63105023      0.4301
   2013.63107877      0.4089
   2013.63110731      0.3888
   2013.63113584      0.3698
   2013.63116438      0.3519
   2013.63119292      0.3350
   2013.63122146      0.3191
   2013.63125000      0.3042
   2013.63127854      0.2902
   2013.63130708      0.2770
   2013.63133562      0.2645
   2013.63136416      0.2528
   2013.63139269      0.2417
   2013.63142123      0.2311
   2013.63144977      0.2210
   2013.63147831      0.2115
   2013.63150685      0.2025
   2013.63153539      0.1940
   2013.63156393      0.1860
   2013.63159247      0.1784
   2013.63162100      0.1712
   2013.63164954      0.1644
   2013.63167808      0.1579
   2013.63170662      0.1518
   2013.63173516      0.1459
   2013.63176370      0.1404
   2013.63179224      0.1351
   2013.63182078      0.1302
   2013.63184932      0.1254
   2013.63187785      0.1209
   2013.63190639      0.1166
   2013.63193493      0.1126
   2013.63196347      0.1087
   2013.63199201      0.1050
   2013.63202055      0.1014
