   2013.62465753      0.0000
   2013.62468607      0.0000
   2013.62471461      0.0000
   2013.62474315      0.0000
   2013.62477169      0.0000
   2013.62480023      0.0000
   2013.62482877      0.0000
   2013.62485731      0.0000
   2013.62488584      0.0000
   2013.62491438      0.0000
   2013.62494292      0.0000
   2013.62497146      0.0000
   2013.62500000      0.0000
   2013.62502854      0.0000
   2013.62505708      0.0000
   2013.62508562      0.0000
   2013.62511416      0.0000
   2013.62514269      0.0000
   2013.62517123      0.0000
   2013.62519977      0.0000
   2013.62522831      0.0000
   2013.62525685      0.0000
   2013.62528539      0.0000
   2013.62531393      0.0000
   2013.62534247      0.0000
   2013.62537100      0.0000
   2013.62539954      0.0000
   2013.62542808      0.0000
   2013.62545662      0.0000
   2013.62548516      0.0000
   2013.62551370      0.0000
   2013.62554224      0.0000
   2013.62557078      0.0000
   2013.62559932      0.0000
   2013.62562785      0.0000
   2013.62565639      0.0000
   2013.62568493      0.0000
   2013.62571347      0.0000
   2013.62574201      0.0000
   2013.62577055      0.0000
   2013.62579909      0.0000
   2013.62582763      0.0005
   2013.62585616      0.0008
   2013.62588470      0.0010
   2013.62591324      0.0017
   2013.62594178      0.0018
   2013.62597032      0.0018
   2013.62599886      0.0019
   2013.62602740      0.0029
   2013.62605594      0.0210
   2013.62608447      0.0543
   2013.62611301      0.0835
   2013.62614155      0.1410
   2013.62617009      0.2280
   2013.62619863      0.3370
   2013.62622717      0.5059
   2013.62625571      0.7659
   2013.62628425      1.1345
   2013.62631279      1.6733
   2013.62634132      2.4543
   2013.62636986      3.4045
   2013.62639840      4.2150
   2013.62642694      4.8313
   2013.62645548      5.1508
   2013.62648402      5.4945
   2013.62651256      5.7268
   2013.62654110      5.9360
   2013.62656963      6.1250
   2013.62659817      6.3405
   2013.62662671      6.4814
   2013.62665525      6.6162
   2013.62668379      6.7126
   2013.62671233      6.8191
   2013.62674087      6.9912
   2013.62676941      7.0343
   2013.62679795      7.0955
   2013.62682648      7.1428
   2013.62685502      7.2854
   2013.62688356      7.1772
   2013.62691210      7.0075
   2013.62694064      6.7067
   2013.62696918      6.7134
   2013.62699772      6.3486
   2013.62702626      6.0801
   2013.62705479      6.0371
   2013.62708333      5.8187
   2013.62711187      5.2567
   2013.62714041      4.5926
   2013.62716895      4.0977
   2013.62719749      3.8887
   2013.62722603      3.7969
   2013.62725457      3.3454
   2013.62728311      3.1809
   2013.62731164      2.9625
   2013.62734018      2.6973
   2013.62736872      2.5031
   2013.62739726      2.3490
   2013.62742580      2.1805
   2013.62745434      2.0367
   2013.62748288      1.8415
   2013.62751142      1.7079
   2013.62753995      1.5806
   2013.62756849      1.4568
   2013.62759703      1.3374
   2013.62762557      1.2801
   2013.62765411      1.1380
   2013.62768265      1.0107
   2013.62771119      0.9525
   2013.62773973      0.8775
   2013.62776826      0.8037
   2013.62779680      0.7354
   2013.62782534      0.6729
   2013.62785388      0.6167
   2013.62788242      0.5658
   2013.62791096      0.5200
   2013.62793950      0.4788
   2013.62796804      0.4418
   2013.62799658      0.4082
   2013.62802511      0.3776
   2013.62805365      0.3496
   2013.62808219      0.3239
   2013.62811073      0.3004
   2013.62813927      0.2788
   2013.62816781      0.2590
   2013.62819635      0.2407
   2013.62822489      0.2237
   2013.62825342      0.2079
   2013.62828196      0.1933
   2013.62831050      0.1823
   2013.62833904      0.1702
   2013.62836758      0.1586
   2013.62839612      0.1478
   2013.62842466      0.1423
   2013.62845320      0.1335
   2013.62848174      0.1248
   2013.62851027      0.1165
   2013.62853881      0.1164
   2013.62856735      0.1103
   2013.62859589      0.1033
