   2013.62465753      0.0000
   2013.62468607      0.0000
   2013.62471461      0.0000
   2013.62474315      0.0000
   2013.62477169      0.0000
   2013.62480023      0.0000
   2013.62482877      0.0000
   2013.62485731      0.0000
   2013.62488584      0.0000
   2013.62491438      0.0000
   2013.62494292      0.0000
   2013.62497146      0.0000
   2013.62500000      0.0000
   2013.62502854      0.0000
   2013.62505708      0.0000
   2013.62508562      0.0000
   2013.62511416      0.0000
   2013.62514269      0.0000
   2013.62517123      0.0000
   2013.62519977      0.0000
   2013.62522831      0.0000
   2013.62525685      0.0000
   2013.62528539      0.0000
   2013.62531393      0.0000
   2013.62534247      0.0000
   2013.62537100      0.0000
   2013.62539954      0.0000
   2013.62542808      0.0000
   2013.62545662      0.0000
   2013.62548516      0.0003
   2013.62551370      0.0007
   2013.62554224      0.0011
   2013.62557078      0.0014
   2013.62559932      0.0018
   2013.62562785      0.0021
   2013.62565639      0.0024
   2013.62568493      0.0028
   2013.62571347      0.0330
   2013.62574201      0.0598
   2013.62577055      0.0951
   2013.62579909      0.1583
   2013.62582763      0.2537
   2013.62585616      0.4182
   2013.62588470      0.6619
   2013.62591324      1.0267
   2013.62594178      1.5832
   2013.62597032      2.0298
   2013.62599886      2.2509
   2013.62602740      2.2524
   2013.62605594      2.2642
   2013.62608447      2.1071
   2013.62611301      1.8390
   2013.62614155      1.7211
   2013.62617009      1.5698
   2013.62619863      1.4237
   2013.62622717      1.3462
   2013.62625571      1.1739
   2013.62628425      1.0332
   2013.62631279      0.9580
   2013.62634132      0.8708
   2013.62636986      0.7876
   2013.62639840      0.7116
   2013.62642694      0.6435
   2013.62645548      0.5829
   2013.62648402      0.5287
   2013.62651256      0.4808
   2013.62654110      0.4383
   2013.62656963      0.4004
   2013.62659817      0.3664
   2013.62662671      0.3359
   2013.62665525      0.3084
   2013.62668379      0.2835
   2013.62671233      0.2610
   2013.62674087      0.2405
   2013.62676941      0.2216
   2013.62679795      0.2044
   2013.62682648      0.1888
   2013.62685502      0.1745
   2013.62688356      0.1614
   2013.62691210      0.1495
   2013.62694064      0.1387
   2013.62696918      0.1287
   2013.62699772      0.1195
   2013.62702626      0.1110
   2013.62705479      0.1032
