   2013.62465753      0.0000
   2013.62468607      0.0000
   2013.62471461      0.0000
   2013.62474315      0.0000
   2013.62477169      0.0000
   2013.62480023      0.0000
   2013.62482877      0.0000
   2013.62485731      0.0000
   2013.62488584      0.0000
   2013.62491438      0.0000
   2013.62494292      0.0000
   2013.62497146      0.0000
   2013.62500000      0.0000
   2013.62502854      0.0000
   2013.62505708      0.0000
   2013.62508562      0.0000
   2013.62511416      0.0000
   2013.62514269      0.0000
   2013.62517123      0.0000
   2013.62519977      0.0000
   2013.62522831      0.0000
   2013.62525685      0.0000
   2013.62528539      0.0000
   2013.62531393      0.0000
   2013.62534247      0.0000
   2013.62537100      0.0000
   2013.62539954      0.0000
   2013.62542808      0.0000
   2013.62545662      0.0000
   2013.62548516      0.0000
   2013.62551370      0.0000
   2013.62554224      0.0000
   2013.62557078      0.0000
   2013.62559932      0.0000
   2013.62562785      0.0000
   2013.62565639      0.0000
   2013.62568493      0.0000
   2013.62571347      0.0000
   2013.62574201      0.0000
   2013.62577055      0.0000
   2013.62579909      0.0000
   2013.62582763      0.0000
   2013.62585616      0.0000
   2013.62588470      0.0000
   2013.62591324      0.0000
   2013.62594178      0.0000
   2013.62597032      0.0000
   2013.62599886      0.0000
   2013.62602740      0.0000
   2013.62605594      0.0000
   2013.62608447      0.0000
   2013.62611301      0.0000
   2013.62614155      0.0000
   2013.62617009      0.0000
   2013.62619863      0.0000
   2013.62622717      0.0000
   2013.62625571      0.0000
   2013.62628425      0.0000
   2013.62631279      0.0000
   2013.62634132      0.0000
   2013.62636986      0.0000
   2013.62639840      0.0000
   2013.62642694      0.0000
   2013.62645548      0.0000
   2013.62648402      0.0000
   2013.62651256      0.0000
   2013.62654110      0.0000
   2013.62656963      0.0000
   2013.62659817      0.0000
   2013.62662671      0.3524
   2013.62665525      1.1597
   2013.62668379      4.0276
   2013.62671233      8.6976
   2013.62674087     21.0664
   2013.62676941     27.1403
   2013.62679795     24.9498
   2013.62682648     20.6254
   2013.62685502     16.9938
   2013.62688356     14.1763
   2013.62691210     12.1852
   2013.62694064     10.5880
   2013.62696918      9.5523
   2013.62699772      8.5119
   2013.62702626      7.7794
   2013.62705479      7.1157
   2013.62708333      6.4612
   2013.62711187      6.0646
   2013.62714041      5.5823
   2013.62716895      5.4703
   2013.62719749      5.0104
   2013.62722603      4.2798
   2013.62725457      4.1967
   2013.62728311      3.6058
   2013.62731164      3.2731
   2013.62734018      3.0173
   2013.62736872      2.7449
   2013.62739726      2.5672
   2013.62742580      2.2864
   2013.62745434      1.9392
   2013.62748288      1.7819
   2013.62751142      1.6043
   2013.62753995      1.4416
   2013.62756849      1.3436
   2013.62759703      1.1737
   2013.62762557      1.0347
   2013.62765411      0.9542
   2013.62768265      0.8651
   2013.62771119      0.7817
   2013.62773973      0.7061
   2013.62776826      0.6387
   2013.62779680      0.5789
   2013.62782534      0.5257
   2013.62785388      0.4785
   2013.62788242      0.4366
   2013.62791096      0.3993
   2013.62793950      0.3658
   2013.62796804      0.3357
   2013.62799658      0.3085
   2013.62802511      0.2839
   2013.62805365      0.2615
   2013.62808219      0.2411
   2013.62811073      0.2224
   2013.62813927      0.2052
   2013.62816781      0.1896
   2013.62819635      0.1753
   2013.62822489      0.1622
   2013.62825342      0.1502
   2013.62828196      0.1393
   2013.62831050      0.1292
   2013.62833904      0.1199
   2013.62836758      0.1113
   2013.62839612      0.1035
