   2013.62465753      0.0000
   2013.62468607      0.0002
   2013.62471461      0.0012
   2013.62474315      0.0023
   2013.62477169      0.0032
   2013.62480023      0.0040
   2013.62482877      0.0050
   2013.62485731      0.0441
   2013.62488584      0.0938
   2013.62491438      0.1926
   2013.62494292      0.3370
   2013.62497146      0.5757
   2013.62500000      0.9703
   2013.62502854      1.5609
   2013.62505708      2.1911
   2013.62508562      3.0490
   2013.62511416      4.1478
   2013.62514269      5.5766
   2013.62517123      5.9450
   2013.62519977      6.2354
   2013.62522831      5.6473
   2013.62525685      5.9994
   2013.62528539      5.6287
   2013.62531393      5.5118
   2013.62534247      4.9973
   2013.62537100      5.2884
   2013.62539954      5.0593
   2013.62542808      5.0558
   2013.62545662      4.7266
   2013.62548516      5.0969
   2013.62551370      4.9544
   2013.62554224      5.0426
   2013.62557078      4.7612
   2013.62559932      5.1933
   2013.62562785      5.0658
   2013.62565639      5.2358
   2013.62568493      4.9721
   2013.62571347      5.4785
   2013.62574201      5.3499
   2013.62577055      5.4649
   2013.62579909      5.3247
   2013.62582763      5.6988
   2013.62585616      5.8125
   2013.62588470      5.9664
   2013.62591324      5.8443
   2013.62594178      6.2727
   2013.62597032      6.4519
   2013.62599886      6.6254
   2013.62602740      6.5734
   2013.62605594      7.0092
   2013.62608447      7.3245
   2013.62611301      7.4378
   2013.62614155      7.4326
   2013.62617009      7.9000
   2013.62619863      8.1730
   2013.62622717      8.2460
   2013.62625571      8.5217
   2013.62628425      8.9994
   2013.62631279      9.1508
   2013.62634132      9.1947
   2013.62636986      9.1480
   2013.62639840      9.9061
   2013.62642694     10.0538
   2013.62645548     10.1398
   2013.62648402      9.8874
   2013.62651256     10.7283
   2013.62654110     10.8293
   2013.62656963     10.7549
   2013.62659817     10.4920
   2013.62662671     11.3104
   2013.62665525     11.1801
   2013.62668379     11.0668
   2013.62671233     11.0362
   2013.62674087     12.6140
   2013.62676941     12.1840
   2013.62679795     11.4827
   2013.62682648     11.1039
   2013.62685502     10.4880
   2013.62688356     11.0825
   2013.62691210     12.2712
   2013.62694064     12.3304
   2013.62696918     11.4661
   2013.62699772     10.2092
   2013.62702626      9.2138
   2013.62705479      8.6115
   2013.62708333      8.6073
   2013.62711187      9.1285
   2013.62714041      9.0141
   2013.62716895      8.6768
   2013.62719749      8.1440
   2013.62722603      7.6102
   2013.62725457      6.6590
   2013.62728311      5.9415
   2013.62731164      5.4575
   2013.62734018      5.1222
   2013.62736872      4.5366
   2013.62739726      4.3157
   2013.62742580      4.1030
   2013.62745434      3.5347
   2013.62748288      3.1466
   2013.62751142      2.8093
   2013.62753995      2.6951
   2013.62756849      2.3587
   2013.62759703      2.1334
   2013.62762557      1.9436
   2013.62765411      1.6926
   2013.62768265      1.5625
   2013.62771119      1.4260
   2013.62773973      1.3021
   2013.62776826      1.2088
   2013.62779680      1.0939
   2013.62782534      0.9890
   2013.62785388      0.9148
   2013.62788242      0.8363
   2013.62791096      0.7627
   2013.62793950      0.6947
   2013.62796804      0.6335
   2013.62799658      0.5785
   2013.62802511      0.5290
   2013.62805365      0.4848
   2013.62808219      0.4452
   2013.62811073      0.4096
   2013.62813927      0.3774
   2013.62816781      0.3480
   2013.62819635      0.3213
   2013.62822489      0.2969
   2013.62825342      0.2747
   2013.62828196      0.2543
   2013.62831050      0.2356
   2013.62833904      0.2182
   2013.62836758      0.2022
   2013.62839612      0.1875
   2013.62842466      0.1740
   2013.62845320      0.1616
   2013.62848174      0.1502
   2013.62851027      0.1398
   2013.62853881      0.1301
   2013.62856735      0.1211
   2013.62859589      0.1128
   2013.62862443      0.1052
