   2013.62465753      0.0000
   2013.62468607      0.0000
   2013.62471461      0.0000
   2013.62474315      0.0000
   2013.62477169      0.0000
   2013.62480023      0.0008
   2013.62482877      0.0029
   2013.62485731      0.0045
   2013.62488584      0.0019
   2013.62491438      0.0010
   2013.62494292      0.0005
   2013.62497146      0.0084
   2013.62500000      0.0253
   2013.62502854      0.0387
   2013.62505708      0.0514
   2013.62508562      0.0668
   2013.62511416      0.0851
   2013.62514269      0.1049
   2013.62517123      0.1246
   2013.62519977      0.1431
   2013.62522831      0.1606
   2013.62525685      0.1754
   2013.62528539      0.1955
   2013.62531393      0.2174
   2013.62534247      0.2444
   2013.62537100      0.2820
   2013.62539954      0.3376
   2013.62542808      0.4105
   2013.62545662      0.4828
   2013.62548516      0.5334
   2013.62551370      0.5556
   2013.62554224      0.5541
   2013.62557078      0.5372
   2013.62559932      0.5114
   2013.62562785      0.4816
   2013.62565639      0.4505
   2013.62568493      0.4196
   2013.62571347      0.3897
   2013.62574201      0.3613
   2013.62577055      0.3345
   2013.62579909      0.3094
   2013.62582763      0.2862
   2013.62585616      0.2647
   2013.62588470      0.2447
   2013.62591324      0.2262
   2013.62594178      0.2090
   2013.62597032      0.1931
   2013.62599886      0.1786
   2013.62602740      0.1652
   2013.62605594      0.1529
   2013.62608447      0.1416
   2013.62611301      0.1313
   2013.62614155      0.1217
   2013.62617009      0.1129
   2013.62619863      0.1048
   2013.62622717      0.0973
   2013.62625571      0.0904
