   2013.62465753      0.0000
   2013.62468607      0.0000
   2013.62471461      0.0000
   2013.62474315      0.0000
   2013.62477169      0.0000
   2013.62480023      0.0000
   2013.62482877      0.0000
   2013.62485731      0.0000
   2013.62488584      0.0000
   2013.62491438      0.0000
   2013.62494292      0.0000
   2013.62497146      0.0000
   2013.62500000      0.0000
   2013.62502854      0.0000
   2013.62505708      0.0000
   2013.62508562      0.0000
   2013.62511416      0.0000
   2013.62514269      0.0000
   2013.62517123      0.0000
   2013.62519977      0.0000
   2013.62522831      0.0000
   2013.62525685      0.0000
   2013.62528539      0.0000
   2013.62531393      0.0000
   2013.62534247      0.0000
   2013.62537100      0.0000
   2013.62539954      0.0000
   2013.62542808      0.0000
   2013.62545662      0.0000
   2013.62548516      0.0000
   2013.62551370      0.0000
   2013.62554224      0.0000
   2013.62557078      0.0000
   2013.62559932      0.0000
   2013.62562785      0.0000
   2013.62565639      0.0000
   2013.62568493      0.0000
   2013.62571347      0.0146
   2013.62574201      0.1107
   2013.62577055      0.2803
   2013.62579909      0.9219
   2013.62582763      2.5386
   2013.62585616      5.0668
   2013.62588470      8.6346
   2013.62591324     13.5272
   2013.62594178     16.9932
   2013.62597032     17.0148
   2013.62599886     15.2762
   2013.62602740     12.5346
   2013.62605594     11.5377
   2013.62608447      9.6788
   2013.62611301      8.7771
   2013.62614155      6.9763
   2013.62617009      6.4858
   2013.62619863      6.1722
   2013.62622717      5.0695
   2013.62625571      4.6272
   2013.62628425      4.3978
   2013.62631279      3.9834
   2013.62634132      3.8346
   2013.62636986      3.4826
   2013.62639840      3.5994
   2013.62642694      3.4586
   2013.62645548      3.4220
   2013.62648402      3.3994
   2013.62651256      3.6488
   2013.62654110      3.6591
   2013.62656963      3.8340
   2013.62659817      3.8251
   2013.62662671      4.2341
   2013.62665525      4.2692
   2013.62668379      4.4714
   2013.62671233      4.3596
   2013.62674087      4.8121
   2013.62676941      4.7863
   2013.62679795      4.9544
   2013.62682648      5.0617
   2013.62685502      5.1398
   2013.62688356      5.0350
   2013.62691210      5.1218
   2013.62694064      4.8814
   2013.62696918      5.1764
   2013.62699772      5.0138
   2013.62702626      5.0206
   2013.62705479      5.0133
   2013.62708333      4.9844
   2013.62711187      4.8981
   2013.62714041      4.7324
   2013.62716895      4.4521
   2013.62719749      4.5021
   2013.62722603      4.4390
   2013.62725457      4.2894
   2013.62728311      4.0146
   2013.62731164      4.0878
   2013.62734018      3.8783
   2013.62736872      3.8391
   2013.62739726      3.4019
   2013.62742580      3.5214
   2013.62745434      3.6116
   2013.62748288      3.2265
   2013.62751142      3.1557
   2013.62753995      3.0302
   2013.62756849      2.8783
   2013.62759703      2.7388
   2013.62762557      2.6566
   2013.62765411      2.5173
   2013.62768265      2.3963
   2013.62771119      2.2192
   2013.62773973      2.1281
   2013.62776826      2.0579
   2013.62779680      1.9163
   2013.62782534      1.8084
   2013.62785388      1.6658
   2013.62788242      1.6671
   2013.62791096      1.5507
   2013.62793950      1.4544
   2013.62796804      1.3966
   2013.62799658      1.3374
   2013.62802511      1.2573
   2013.62805365      1.1741
   2013.62808219      1.0650
   2013.62811073      1.0418
   2013.62813927      0.9907
   2013.62816781      0.9285
   2013.62819635      0.9000
   2013.62822489      0.8543
   2013.62825342      0.8041
   2013.62828196      0.7524
   2013.62831050      0.7014
   2013.62833904      0.6559
   2013.62836758      0.6196
   2013.62839612      0.5911
   2013.62842466      0.5672
   2013.62845320      0.5446
   2013.62848174      0.5213
   2013.62851027      0.4971
   2013.62853881      0.4722
   2013.62856735      0.4471
   2013.62859589      0.4223
   2013.62862443      0.3983
   2013.62865297      0.3755
   2013.62868151      0.3544
   2013.62871005      0.3352
   2013.62873858      0.3180
   2013.62876712      0.3029
   2013.62879566      0.2894
   2013.62882420      0.2774
   2013.62885274      0.2664
   2013.62888128      0.2560
   2013.62890982      0.2461
   2013.62893836      0.2364
   2013.62896689      0.2268
   2013.62899543      0.2172
   2013.62902397      0.2078
   2013.62905251      0.1986
   2013.62908105      0.1898
   2013.62910959      0.1816
   2013.62913813      0.1739
   2013.62916667      0.1668
   2013.62919521      0.1604
   2013.62922374      0.1547
   2013.62925228      0.1498
   2013.62928082      0.1455
   2013.62930936      0.1420
   2013.62933790      0.1391
   2013.62936644      0.1367
   2013.62939498      0.1348
   2013.62942352      0.1330
   2013.62945205      0.1312
   2013.62948059      0.1293
   2013.62950913      0.1272
   2013.62953767      0.1248
   2013.62956621      0.1220
   2013.62959475      0.1190
   2013.62962329      0.1157
   2013.62965183      0.1122
   2013.62968037      0.1085
   2013.62970890      0.1046
   2013.62973744      0.1007
