   2013.62465753      0.0000
   2013.62468607      0.0000
   2013.62471461      0.0000
   2013.62474315      0.0000
   2013.62477169      0.0000
   2013.62480023      0.0000
   2013.62482877      0.0000
   2013.62485731      0.0000
   2013.62488584      0.0000
   2013.62491438      0.0000
   2013.62494292      0.0000
   2013.62497146      0.0000
   2013.62500000      0.0000
   2013.62502854      0.0000
   2013.62505708      0.0000
   2013.62508562      0.0000
   2013.62511416      0.0000
   2013.62514269      0.0000
   2013.62517123      0.0000
   2013.62519977      0.0000
   2013.62522831      0.0000
   2013.62525685      0.0004
   2013.62528539      0.0018
   2013.62531393      0.0030
   2013.62534247      0.0042
   2013.62537100      0.0053
   2013.62539954      0.0335
   2013.62542808      0.0869
   2013.62545662      0.1669
   2013.62548516      0.3393
   2013.62551370      0.6652
   2013.62554224      1.2339
   2013.62557078      2.1552
   2013.62559932      3.3068
   2013.62562785      5.0136
   2013.62565639      6.6589
   2013.62568493      7.6130
   2013.62571347      7.8998
   2013.62574201      7.6446
   2013.62577055      7.2156
   2013.62579909      7.0071
   2013.62582763      5.7437
   2013.62585616      5.1494
   2013.62588470      4.9096
   2013.62591324      3.9766
   2013.62594178      3.4649
   2013.62597032      3.0372
   2013.62599886      2.7953
   2013.62602740      2.4343
   2013.62605594      2.0526
   2013.62608447      1.8185
   2013.62611301      1.6090
   2013.62614155      1.4247
   2013.62617009      1.2807
   2013.62619863      1.1338
   2013.62622717      1.0074
   2013.62625571      0.9097
   2013.62628425      0.8162
   2013.62631279      0.7321
   2013.62634132      0.6577
   2013.62636986      0.5925
   2013.62639840      0.5349
   2013.62642694      0.4841
   2013.62645548      0.4395
   2013.62648402      0.4000
   2013.62651256      0.3649
   2013.62654110      0.3335
   2013.62656963      0.3054
   2013.62659817      0.2802
   2013.62662671      0.2575
   2013.62665525      0.2367
   2013.62668379      0.2178
   2013.62671233      0.2006
   2013.62674087      0.1850
   2013.62676941      0.1708
   2013.62679795      0.1579
   2013.62682648      0.1461
   2013.62685502      0.1354
   2013.62688356      0.1256
   2013.62691210      0.1166
   2013.62694064      0.1083
   2013.62696918      0.1006
