   2013.62465753      0.0000
   2013.62468607      0.0000
   2013.62471461      0.0000
   2013.62474315      0.0000
   2013.62477169      0.0000
   2013.62480023      0.0000
   2013.62482877      0.0000
   2013.62485731      0.0000
   2013.62488584      0.0000
   2013.62491438      0.0000
   2013.62494292      0.0000
   2013.62497146      0.0000
   2013.62500000      0.0000
   2013.62502854      0.0000
   2013.62505708      0.0000
   2013.62508562      0.0000
   2013.62511416      0.0000
   2013.62514269      0.0000
   2013.62517123      0.0000
   2013.62519977      0.0000
   2013.62522831      0.0000
   2013.62525685      0.0000
   2013.62528539      0.0000
   2013.62531393      0.0000
   2013.62534247      0.0000
   2013.62537100      0.0000
   2013.62539954      0.0000
   2013.62542808      0.0000
   2013.62545662      0.0000
   2013.62548516      0.0000
   2013.62551370      0.0000
   2013.62554224      0.0000
   2013.62557078      0.0000
   2013.62559932      0.0000
   2013.62562785      0.0000
   2013.62565639      0.0000
   2013.62568493      0.0000
   2013.62571347      0.0000
   2013.62574201      0.0000
   2013.62577055      0.0000
   2013.62579909      0.0000
   2013.62582763      0.0000
   2013.62585616      0.0000
   2013.62588470      0.0000
   2013.62591324      0.0000
   2013.62594178      0.0000
   2013.62597032      0.0000
   2013.62599886      0.0000
   2013.62602740      0.0000
   2013.62605594      0.0000
   2013.62608447      0.0000
   2013.62611301      0.0000
   2013.62614155      0.0000
   2013.62617009      0.0000
   2013.62619863      0.0000
   2013.62622717      0.0000
   2013.62625571      0.0000
   2013.62628425     14.8750
   2013.62631279     55.0735
   2013.62634132    121.6687
   2013.62636986    117.7679
   2013.62639840     87.9361
   2013.62642694     61.8398
   2013.62645548     45.0391
   2013.62648402     35.7381
   2013.62651256     31.6587
   2013.62654110     29.4080
   2013.62656963     27.8773
   2013.62659817     27.0875
   2013.62662671     26.8628
   2013.62665525     27.3111
   2013.62668379     27.0321
   2013.62671233     26.9492
   2013.62674087     27.0527
   2013.62676941     27.5867
   2013.62679795     27.2806
   2013.62682648     28.0640
   2013.62685502     29.6494
   2013.62688356     30.7873
   2013.62691210     30.0663
   2013.62694064     29.6980
   2013.62696918     29.4422
   2013.62699772     28.0399
   2013.62702626     23.9041
   2013.62705479     21.0107
   2013.62708333     19.3111
   2013.62711187     17.8115
   2013.62714041     16.5075
   2013.62716895     15.5675
   2013.62719749     15.2590
   2013.62722603     15.1105
   2013.62725457     14.4219
   2013.62728311     14.0353
   2013.62731164     14.0163
   2013.62734018     13.8448
   2013.62736872     13.3606
   2013.62739726     13.2841
   2013.62742580     13.1724
   2013.62745434     13.0056
   2013.62748288     12.5655
   2013.62751142     12.1352
   2013.62753995     12.4208
   2013.62756849     12.2633
   2013.62759703     11.8847
   2013.62762557     11.3740
   2013.62765411     11.7869
   2013.62768265     11.6392
   2013.62771119     11.2943
   2013.62773973     10.7833
   2013.62776826     11.1997
   2013.62779680     11.0506
   2013.62782534     10.8397
   2013.62785388     10.2499
   2013.62788242     10.6638
   2013.62791096     10.5280
   2013.62793950     10.3159
   2013.62796804      9.8465
   2013.62799658     10.2388
   2013.62802511     10.1503
   2013.62805365      9.9909
   2013.62808219      9.5857
   2013.62811073      9.9949
   2013.62813927      9.9691
   2013.62816781      9.8604
   2013.62819635      9.5027
   2013.62822489      9.9627
   2013.62825342      9.9670
   2013.62828196      9.9091
   2013.62831050      9.5845
   2013.62833904     10.2907
   2013.62836758     10.1461
   2013.62839612     10.1986
   2013.62842466      9.9091
   2013.62845320     10.6461
   2013.62848174     10.6998
   2013.62851027     10.6050
   2013.62853881     10.4071
   2013.62856735     11.2106
   2013.62859589     11.3049
   2013.62862443     11.2049
   2013.62865297     11.0448
   2013.62868151     11.8693
   2013.62871005     11.9764
   2013.62873858     11.8544
   2013.62876712     12.0356
   2013.62879566     12.5926
   2013.62882420     12.7433
   2013.62885274     12.6048
   2013.62888128     12.9463
   2013.62890982     14.5100
   2013.62893836     15.7238
   2013.62896689     14.5926
   2013.62899543     13.3810
   2013.62902397     12.6621
   2013.62905251     12.1891
   2013.62908105     13.7314
   2013.62910959     15.5451
   2013.62913813     15.7164
   2013.62916667     14.5803
   2013.62919521     12.8106
   2013.62922374     11.3062
   2013.62925228      9.9567
   2013.62928082      9.5502
   2013.62930936     10.0944
   2013.62933790     10.1151
   2013.62936644      9.5641
   2013.62939498      8.8402
   2013.62942352      7.3294
   2013.62945205      6.8551
   2013.62948059      5.3792
   2013.62950913      4.6505
   2013.62953767      4.1722
   2013.62956621      3.9736
   2013.62959475      3.3368
   2013.62962329      3.0786
   2013.62965183      2.7689
   2013.62968037      2.5946
   2013.62970890      2.3290
   2013.62973744      2.0944
   2013.62976598      1.8828
   2013.62979452      1.6880
   2013.62982306      1.4613
   2013.62985160      1.3714
   2013.62988014      1.1922
   2013.62990868      1.0465
   2013.62993721      0.9681
   2013.62996575      0.8790
   2013.62999429      0.7952
   2013.63002283      0.7196
   2013.63005137      0.6521
   2013.63007991      0.5924
   2013.63010845      0.5392
   2013.63013699      0.4919
   2013.63016553      0.4499
   2013.63019406      0.4125
   2013.63022260      0.3788
   2013.63025114      0.3484
   2013.63027968      0.3210
   2013.63030822      0.2961
   2013.63033676      0.2735
   2013.63036530      0.2528
   2013.63039384      0.2339
   2013.63042237      0.2164
   2013.63045091      0.2005
   2013.63047945      0.1859
   2013.63050799      0.1725
   2013.63053653      0.1603
   2013.63056507      0.1490
   2013.63059361      0.1387
   2013.63062215      0.1292
   2013.63065068      0.1204
   2013.63067922      0.1123
   2013.63070776      0.1049
