   2013.62465753      0.0000
   2013.62468607      0.0000
   2013.62471461      0.0000
   2013.62474315      0.0000
   2013.62477169      0.0000
   2013.62480023      0.0000
   2013.62482877      0.0000
   2013.62485731      0.0000
   2013.62488584      0.0000
   2013.62491438      0.0000
   2013.62494292      0.0000
   2013.62497146      0.0000
   2013.62500000      0.0000
   2013.62502854      0.0000
   2013.62505708      0.0000
   2013.62508562      0.0000
   2013.62511416      0.0000
   2013.62514269      0.0000
   2013.62517123      0.0000
   2013.62519977      0.0000
   2013.62522831      0.0000
   2013.62525685      0.0000
   2013.62528539      0.0000
   2013.62531393      0.0000
   2013.62534247      0.0000
   2013.62537100      0.0010
   2013.62539954      0.0009
   2013.62542808      0.0010
   2013.62545662      0.0015
   2013.62548516      0.0016
   2013.62551370      0.0017
   2013.62554224      0.0018
   2013.62557078      0.0072
   2013.62559932      0.0368
   2013.62562785      0.0628
   2013.62565639      0.0946
   2013.62568493      0.1505
   2013.62571347      0.2297
   2013.62574201      0.3422
   2013.62577055      0.4927
   2013.62579909      0.7280
   2013.62582763      1.0357
   2013.62585616      1.4295
   2013.62588470      2.0396
   2013.62591324      2.7271
   2013.62594178      3.3712
   2013.62597032      3.9156
   2013.62599886      4.3239
   2013.62602740      4.6713
   2013.62605594      4.9247
   2013.62608447      5.1604
   2013.62611301      5.1885
   2013.62614155      5.0622
   2013.62617009      5.2971
   2013.62619863      5.3076
   2013.62622717      5.1874
   2013.62625571      4.6897
   2013.62628425      4.8959
   2013.62631279      4.7640
   2013.62634132      4.4797
   2013.62636986      4.3544
   2013.62639840      4.2781
   2013.62642694      3.9919
   2013.62645548      4.1878
   2013.62648402      3.5481
   2013.62651256      3.6596
   2013.62654110      3.4750
   2013.62656963      3.3737
   2013.62659817      3.4264
   2013.62662671      3.4270
   2013.62665525      3.3603
   2013.62668379      3.3937
   2013.62671233      3.5616
   2013.62674087      3.6838
   2013.62676941      3.7845
   2013.62679795      3.8488
   2013.62682648      4.0271
   2013.62685502      4.1160
   2013.62688356      4.1600
   2013.62691210      4.1463
   2013.62694064      4.2347
   2013.62696918      4.2580
   2013.62699772      4.2108
   2013.62702626      4.1484
   2013.62705479      4.0072
   2013.62708333      4.0486
   2013.62711187      4.0364
   2013.62714041      3.9693
   2013.62716895      3.8960
   2013.62719749      3.8786
   2013.62722603      3.6783
   2013.62725457      3.8330
   2013.62728311      3.2804
   2013.62731164      3.4063
   2013.62734018      3.5194
   2013.62736872      3.1515
   2013.62739726      3.0978
   2013.62742580      2.9938
   2013.62745434      2.8545
   2013.62748288      2.7270
   2013.62751142      2.5878
   2013.62753995      2.5264
   2013.62756849      2.3528
   2013.62759703      2.2408
   2013.62762557      2.1543
   2013.62765411      2.0867
   2013.62768265      1.9462
   2013.62771119      1.8388
   2013.62773973      1.7118
   2013.62776826      1.6682
   2013.62779680      1.5811
   2013.62782534      1.4816
   2013.62785388      1.4109
   2013.62788242      1.3374
   2013.62791096      1.2628
   2013.62793950      1.1867
   2013.62796804      1.0982
   2013.62799658      1.0702
   2013.62802511      1.0059
   2013.62805365      0.9369
   2013.62808219      0.8983
   2013.62811073      0.8465
   2013.62813927      0.7928
   2013.62816781      0.7422
   2013.62819635      0.7069
   2013.62822489      0.6660
   2013.62825342      0.6256
   2013.62828196      0.5889
   2013.62831050      0.5707
   2013.62833904      0.5417
   2013.62836758      0.5116
   2013.62839612      0.4839
   2013.62842466      0.4774
   2013.62845320      0.4574
   2013.62848174      0.4349
   2013.62851027      0.4145
   2013.62853881      0.4198
   2013.62856735      0.4085
   2013.62859589      0.3938
   2013.62862443      0.3812
   2013.62865297      0.3995
   2013.62868151      0.3984
   2013.62871005      0.3933
   2013.62873858      0.3915
   2013.62876712      0.4276
   2013.62879566      0.4409
   2013.62882420      0.4608
   2013.62885274      0.4706
   2013.62888128      0.5354
   2013.62890982      0.5871
   2013.62893836      0.6297
   2013.62896689      0.6897
   2013.62899543      0.7869
   2013.62902397      0.9214
   2013.62905251      0.9935
   2013.62908105      1.1216
   2013.62910959      1.3639
   2013.62913813      1.6327
   2013.62916667      1.8738
   2013.62919521      2.1318
   2013.62922374      2.4780
   2013.62925228      2.7541
   2013.62928082      2.9137
   2013.62930936      3.1046
   2013.62933790      3.3556
   2013.62936644      3.5938
   2013.62939498      3.6549
   2013.62942352      3.8271
   2013.62945205      3.8695
   2013.62948059      4.1329
   2013.62950913      4.1217
   2013.62953767      4.2311
   2013.62956621      4.3553
   2013.62959475      4.4073
   2013.62962329      4.3295
   2013.62965183      4.3763
   2013.62968037      4.4370
   2013.62970890      4.4472
   2013.62973744      4.4010
   2013.62976598      4.3171
   2013.62979452      4.1557
   2013.62982306      4.1967
   2013.62985160      4.1854
   2013.62988014      4.0827
   2013.62990868      3.9861
   2013.62993721      3.9837
   2013.62996575      3.7939
   2013.62999429      3.6532
   2013.63002283      3.3650
   2013.63005137      3.5117
   2013.63007991      3.6650
   2013.63010845      3.2111
   2013.63013699      3.1992
   2013.63016553      3.1083
   2013.63019406      2.9568
   2013.63022260      2.8188
   2013.63025114      2.6993
   2013.63027968      2.5209
   2013.63030822      2.3761
   2013.63033676      2.2362
   2013.63036530      2.0985
   2013.63039384      1.9661
   2013.63042237      1.8332
   2013.63045091      1.7043
   2013.63047945      1.5897
   2013.63050799      1.4819
   2013.63053653      1.3794
   2013.63056507      1.2812
   2013.63059361      1.2376
   2013.63062215      1.1097
   2013.63065068      0.9901
   2013.63067922      0.9445
   2013.63070776      0.8776
   2013.63073630      0.8100
   2013.63076484      0.7460
   2013.63079338      0.6862
   2013.63082192      0.6318
   2013.63085046      0.5823
   2013.63087900      0.5372
   2013.63090753      0.4963
   2013.63093607      0.4593
   2013.63096461      0.4256
   2013.63099315      0.3946
   2013.63102169      0.3661
   2013.63105023      0.3398
   2013.63107877      0.3155
   2013.63110731      0.2932
   2013.63113584      0.2727
   2013.63116438      0.2537
   2013.63119292      0.2361
   2013.63122146      0.2197
   2013.63125000      0.2046
   2013.63127854      0.1906
   2013.63130708      0.1777
   2013.63133562      0.1657
   2013.63136416      0.1547
   2013.63139269      0.1445
   2013.63142123      0.1351
   2013.63144977      0.1263
   2013.63147831      0.1182
   2013.63150685      0.1106
   2013.63153539      0.1036
