   2013.62465753      0.0000
   2013.62468607      0.0000
   2013.62471461      0.0000
   2013.62474315      0.0000
   2013.62477169      0.0000
   2013.62480023      0.0000
   2013.62482877      0.0000
   2013.62485731      0.0000
   2013.62488584      0.0000
   2013.62491438      0.0000
   2013.62494292      0.0000
   2013.62497146      0.0000
   2013.62500000      0.0000
   2013.62502854      0.0000
   2013.62505708      0.0000
   2013.62508562      0.0000
   2013.62511416      0.0000
   2013.62514269      0.0051
   2013.62517123      0.0040
   2013.62519977      0.0244
   2013.62522831      0.0665
   2013.62525685      0.1163
   2013.62528539      0.2063
   2013.62531393      0.3501
   2013.62534247      0.5867
   2013.62537100      0.9262
   2013.62539954      1.4135
   2013.62542808      2.1055
   2013.62545662      3.2688
   2013.62548516      4.5340
   2013.62551370      5.3722
   2013.62554224      5.9554
   2013.62557078      6.2202
   2013.62559932      6.2277
   2013.62562785      6.3848
   2013.62565639      5.9279
   2013.62568493      5.6951
   2013.62571347      5.7336
   2013.62574201      5.5578
   2013.62577055      5.4235
   2013.62579909      4.9491
   2013.62582763      5.1833
   2013.62585616      4.8844
   2013.62588470      4.7884
   2013.62591324      4.4333
   2013.62594178      4.6591
   2013.62597032      4.4782
   2013.62599886      4.5279
   2013.62602740      4.3431
   2013.62605594      4.7539
   2013.62608447      4.7141
   2013.62611301      4.9663
   2013.62614155      4.8624
   2013.62617009      5.2593
   2013.62619863      5.5268
   2013.62622717      5.8478
   2013.62625571      5.9573
   2013.62628425      6.0798
   2013.62631279      6.1721
   2013.62634132      6.2463
   2013.62636986      6.9213
   2013.62639840      6.0244
   2013.62642694      6.1788
   2013.62645548      5.1740
   2013.62648402      4.6804
   2013.62651256      4.4244
   2013.62654110      3.6036
   2013.62656963      3.2214
   2013.62659817      3.0768
   2013.62662671      2.5785
   2013.62665525      2.2668
   2013.62668379      1.9336
   2013.62671233      1.7255
   2013.62674087      1.5433
   2013.62676941      1.3839
   2013.62679795      1.2811
   2013.62682648      1.1359
   2013.62685502      1.0121
   2013.62688356      0.9388
   2013.62691210      0.8579
   2013.62694064      0.7819
   2013.62696918      0.7123
   2013.62699772      0.6495
   2013.62702626      0.5934
   2013.62705479      0.5428
   2013.62708333      0.4977
   2013.62711187      0.4573
   2013.62714041      0.4209
   2013.62716895      0.3880
   2013.62719749      0.3581
   2013.62722603      0.3307
   2013.62725457      0.3058
   2013.62728311      0.2830
   2013.62731164      0.2621
   2013.62734018      0.2429
   2013.62736872      0.2252
   2013.62739726      0.2088
   2013.62742580      0.1937
   2013.62745434      0.1799
   2013.62748288      0.1672
   2013.62751142      0.1555
   2013.62753995      0.1448
   2013.62756849      0.1348
   2013.62759703      0.1257
   2013.62762557      0.1172
   2013.62765411      0.1094
   2013.62768265      0.1021
