   2013.62465753      0.0000
   2013.62468607      0.0000
   2013.62471461      0.0000
   2013.62474315      0.0000
   2013.62477169      0.0000
   2013.62480023      0.0000
   2013.62482877      0.0000
   2013.62485731      0.0000
   2013.62488584      0.0000
   2013.62491438      0.0000
   2013.62494292      0.0000
   2013.62497146      0.0000
   2013.62500000      0.0000
   2013.62502854      0.0000
   2013.62505708      0.0000
   2013.62508562      0.0000
   2013.62511416      0.0000
   2013.62514269      0.0000
   2013.62517123      0.0000
   2013.62519977      0.0000
   2013.62522831      0.0000
   2013.62525685      0.0000
   2013.62528539      0.0000
   2013.62531393      0.0000
   2013.62534247      0.0000
   2013.62537100      0.0914
   2013.62539954      0.1467
   2013.62542808      0.3142
   2013.62545662      0.7404
   2013.62548516      1.4056
   2013.62551370      2.1965
   2013.62554224      3.4474
   2013.62557078      5.5313
   2013.62559932      7.7617
   2013.62562785      8.7112
   2013.62565639      8.6710
   2013.62568493      8.2995
   2013.62571347      8.0499
   2013.62574201      7.2834
   2013.62577055      6.8754
   2013.62579909      6.6060
   2013.62582763      6.4041
   2013.62585616      6.4118
   2013.62588470      6.2311
   2013.62591324      6.2797
   2013.62594178      6.4118
   2013.62597032      6.6187
   2013.62599886      6.7897
   2013.62602740      6.9956
   2013.62605594      7.2661
   2013.62608447      7.5369
   2013.62611301      7.7127
   2013.62614155      8.4724
   2013.62617009      9.2793
   2013.62619863      9.9969
   2013.62622717     10.4885
   2013.62625571     11.0209
   2013.62628425     11.8956
   2013.62631279     12.7121
   2013.62634132     13.0766
   2013.62636986     13.0042
   2013.62639840     13.3363
   2013.62642694     13.0298
   2013.62645548     12.4162
   2013.62648402     11.9035
   2013.62651256     12.4562
   2013.62654110     12.3042
   2013.62656963     11.9936
   2013.62659817     11.7879
   2013.62662671     12.4960
   2013.62665525     12.5512
   2013.62668379     12.3543
   2013.62671233     12.4559
   2013.62674087     12.8995
   2013.62676941     12.9047
   2013.62679795     12.6374
   2013.62682648     12.6964
   2013.62685502     13.3915
   2013.62688356     14.0852
   2013.62691210     14.7972
   2013.62694064     14.6612
   2013.62696918     13.9632
   2013.62699772     12.5424
   2013.62702626     11.1261
   2013.62705479      9.7060
   2013.62708333      8.6116
   2013.62711187      7.9182
   2013.62714041      7.6854
   2013.62716895      7.7495
   2013.62719749      8.4378
   2013.62722603      7.2448
   2013.62725457      6.5692
   2013.62728311      6.2799
   2013.62731164      5.0090
   2013.62734018      4.7050
   2013.62736872      3.7665
   2013.62739726      3.3295
   2013.62742580      3.0964
   2013.62745434      2.6246
   2013.62748288      2.1792
   2013.62751142      1.9421
   2013.62753995      1.7166
   2013.62756849      1.5196
   2013.62759703      1.3235
   2013.62762557      1.2089
   2013.62765411      1.0566
   2013.62768265      0.9679
   2013.62771119      0.8726
   2013.62773973      0.7848
   2013.62776826      0.7063
   2013.62779680      0.6372
   2013.62782534      0.5765
   2013.62785388      0.5227
   2013.62788242      0.4753
   2013.62791096      0.4334
   2013.62793950      0.3961
   2013.62796804      0.3628
   2013.62799658      0.3329
   2013.62802511      0.3060
   2013.62805365      0.2817
   2013.62808219      0.2597
   2013.62811073      0.2395
   2013.62813927      0.2211
   2013.62816781      0.2042
   2013.62819635      0.1888
   2013.62822489      0.1747
   2013.62825342      0.1619
   2013.62828196      0.1501
   2013.62831050      0.1393
   2013.62833904      0.1294
   2013.62836758      0.1203
   2013.62839612      0.1118
   2013.62842466      0.1041
