   2013.62465753      0.0000
   2013.62468607      0.0000
   2013.62471461      0.0000
   2013.62474315      0.0000
   2013.62477169      0.0000
   2013.62480023      0.0000
   2013.62482877      0.0000
   2013.62485731      0.0000
   2013.62488584      0.0000
   2013.62491438      0.0000
   2013.62494292      0.0000
   2013.62497146      0.0000
   2013.62500000      0.0000
   2013.62502854      0.0000
   2013.62505708      0.0000
   2013.62508562      0.0000
   2013.62511416      0.0000
   2013.62514269      0.0000
   2013.62517123      0.0000
   2013.62519977      0.0000
   2013.62522831      0.0000
   2013.62525685      0.0000
   2013.62528539      0.0000
   2013.62531393      0.0000
   2013.62534247      0.0000
   2013.62537100      0.0000
   2013.62539954      0.0000
   2013.62542808      0.0000
   2013.62545662      0.0000
   2013.62548516      0.0000
   2013.62551370      0.0000
   2013.62554224      0.0000
   2013.62557078      0.0000
   2013.62559932      0.0000
   2013.62562785      0.0000
   2013.62565639      0.0000
   2013.62568493      0.0000
   2013.62571347      0.0000
   2013.62574201      0.0000
   2013.62577055      0.0000
   2013.62579909      0.0000
   2013.62582763      0.0000
   2013.62585616      0.0000
   2013.62588470      0.0000
   2013.62591324      0.0000
   2013.62594178      0.0000
   2013.62597032      0.0000
   2013.62599886      0.0000
   2013.62602740      0.0000
   2013.62605594      0.0000
   2013.62608447      0.0000
   2013.62611301      0.0000
   2013.62614155      0.0000
   2013.62617009      3.4571
   2013.62619863     17.3481
   2013.62622717     45.3848
   2013.62625571     67.6900
   2013.62628425     62.8923
   2013.62631279     47.8611
   2013.62634132     36.5945
   2013.62636986     28.0702
   2013.62639840     24.2206
   2013.62642694     21.2527
   2013.62645548     19.4487
   2013.62648402     17.8937
   2013.62651256     18.4206
   2013.62654110     17.9097
   2013.62656963     17.8396
   2013.62659817     16.9078
   2013.62662671     17.4607
   2013.62665525     16.9555
   2013.62668379     15.9079
   2013.62671233     15.3242
   2013.62674087     15.7226
   2013.62676941     15.2324
   2013.62679795     14.3397
   2013.62682648     14.0880
   2013.62685502     14.4039
   2013.62688356     15.0235
   2013.62691210     15.0408
   2013.62694064     15.2955
   2013.62696918     16.5287
   2013.62699772     17.9722
   2013.62702626     19.0593
   2013.62705479     18.6743
   2013.62708333     17.1123
   2013.62711187     15.2876
   2013.62714041     13.1552
   2013.62716895     11.4147
   2013.62719749      9.9344
   2013.62722603      9.0879
   2013.62725457      8.8475
   2013.62728311      8.8224
   2013.62731164      8.6360
   2013.62734018      8.1346
   2013.62736872      7.7179
   2013.62739726      6.1054
   2013.62742580      5.3767
   2013.62745434      4.9393
   2013.62748288      3.9874
   2013.62751142      3.4146
   2013.62753995      3.1818
   2013.62756849      2.6743
   2013.62759703      2.2264
   2013.62762557      1.9674
   2013.62765411      1.7341
   2013.62768265      1.5310
   2013.62771119      1.3305
   2013.62773973      1.2131
   2013.62776826      1.0586
   2013.62779680      0.9682
   2013.62782534      0.8714
   2013.62785388      0.7825
   2013.62788242      0.7032
   2013.62791096      0.6335
   2013.62793950      0.5724
   2013.62796804      0.5183
   2013.62799658      0.4707
   2013.62802511      0.4287
   2013.62805365      0.3914
   2013.62808219      0.3580
   2013.62811073      0.3282
   2013.62813927      0.3013
   2013.62816781      0.2770
   2013.62819635      0.2551
   2013.62822489      0.2349
   2013.62825342      0.2165
   2013.62828196      0.1997
   2013.62831050      0.1844
   2013.62833904      0.1705
   2013.62836758      0.1577
   2013.62839612      0.1460
   2013.62842466      0.1354
   2013.62845320      0.1256
   2013.62848174      0.1165
   2013.62851027      0.1082
   2013.62853881      0.1005
