   2013.62465753      0.0000
   2013.62468607      0.0000
   2013.62471461      0.0000
   2013.62474315      0.0000
   2013.62477169      0.0000
   2013.62480023      0.0000
   2013.62482877      0.0000
   2013.62485731      0.0000
   2013.62488584      0.0000
   2013.62491438      0.0000
   2013.62494292      0.0000
   2013.62497146      0.0000
   2013.62500000      0.0000
   2013.62502854      0.0000
   2013.62505708      0.0000
   2013.62508562      0.0000
   2013.62511416      0.0000
   2013.62514269      0.0000
   2013.62517123      0.0000
   2013.62519977      0.0000
   2013.62522831      0.0000
   2013.62525685      0.0000
   2013.62528539      0.0000
   2013.62531393      0.0000
   2013.62534247      0.0000
   2013.62537100      0.0000
   2013.62539954      0.0000
   2013.62542808      0.0000
   2013.62545662      0.0000
   2013.62548516      0.0000
   2013.62551370      0.0000
   2013.62554224      0.0000
   2013.62557078      0.0000
   2013.62559932      0.0000
   2013.62562785      0.0000
   2013.62565639      0.0000
   2013.62568493      0.0000
   2013.62571347      0.0000
   2013.62574201      0.0000
   2013.62577055      0.0000
   2013.62579909      0.0000
   2013.62582763      0.0000
   2013.62585616      0.0000
   2013.62588470      0.0000
   2013.62591324      0.0000
   2013.62594178      0.0000
   2013.62597032      0.0000
   2013.62599886      0.0000
   2013.62602740      0.0000
   2013.62605594      0.0000
   2013.62608447      0.0000
   2013.62611301      0.0000
   2013.62614155      0.0000
   2013.62617009      0.0000
   2013.62619863      0.0000
   2013.62622717      0.0000
   2013.62625571      0.0000
   2013.62628425      0.0000
   2013.62631279      0.0000
   2013.62634132      0.0000
   2013.62636986      0.0000
   2013.62639840      0.0000
   2013.62642694      0.0000
   2013.62645548      0.0000
   2013.62648402      0.0000
   2013.62651256      0.0000
   2013.62654110      0.0000
   2013.62656963      0.0000
   2013.62659817      0.0000
   2013.62662671      0.0000
   2013.62665525      0.0000
   2013.62668379      0.0000
   2013.62671233      0.0000
   2013.62674087      0.0000
   2013.62676941      0.0000
   2013.62679795      0.0000
   2013.62682648      0.0000
   2013.62685502      0.0000
   2013.62688356      0.0000
   2013.62691210      0.0000
   2013.62694064      0.0000
   2013.62696918      7.2499
   2013.62699772     30.4211
   2013.62702626     76.2174
   2013.62705479     90.1852
   2013.62708333     71.7428
   2013.62711187     51.8902
   2013.62714041     35.8525
   2013.62716895     26.5909
   2013.62719749     21.8686
   2013.62722603     18.1595
   2013.62725457     15.7420
   2013.62728311     14.3840
   2013.62731164     12.9528
   2013.62734018     12.1062
   2013.62736872     11.4093
   2013.62739726     11.0373
   2013.62742580     10.6537
   2013.62745434     10.2621
   2013.62748288      9.9799
   2013.62751142      9.8516
   2013.62753995      9.6379
   2013.62756849      9.3725
   2013.62759703      9.1626
   2013.62762557      9.0436
   2013.62765411      8.8824
   2013.62768265      8.6428
   2013.62771119      8.4449
   2013.62773973      8.1596
   2013.62776826      8.3787
   2013.62779680      8.1789
   2013.62782534      7.9838
   2013.62785388      7.6897
   2013.62788242      7.5511
   2013.62791096      7.1516
   2013.62793950      6.8664
   2013.62796804      6.3337
   2013.62799658      6.2524
   2013.62802511      5.9293
   2013.62805365      5.7956
   2013.62808219      4.7820
   2013.62811073      4.8429
   2013.62813927      4.3673
   2013.62816781      4.1149
   2013.62819635      3.6272
   2013.62822489      3.6036
   2013.62825342      3.7176
   2013.62828196      3.2133
   2013.62831050      3.1410
   2013.62833904      2.9745
   2013.62836758      2.9419
   2013.62839612      2.8110
   2013.62842466      2.8498
   2013.62845320      2.8502
   2013.62848174      2.7807
   2013.62851027      2.7879
   2013.62853881      2.9219
   2013.62856735      3.0011
   2013.62859589      3.0012
   2013.62862443      3.0659
   2013.62865297      3.1269
   2013.62868151      3.4453
   2013.62871005      3.5844
   2013.62873858      3.6992
   2013.62876712      3.7527
   2013.62879566      4.2059
   2013.62882420      4.3914
   2013.62885274      4.5931
   2013.62888128      4.5930
   2013.62890982      5.0341
   2013.62893836      5.2616
   2013.62896689      5.5446
   2013.62899543      5.5837
   2013.62902397      6.1087
   2013.62905251      6.4073
   2013.62908105      6.6604
   2013.62910959      6.7248
   2013.62913813      7.1739
   2013.62916667      7.3711
   2013.62919521      7.6637
   2013.62922374      7.6434
   2013.62925228      8.1731
   2013.62928082      8.3432
   2013.62930936      8.3869
   2013.62933790      8.4124
   2013.62936644      9.0213
   2013.62939498      8.9549
   2013.62942352      8.9974
   2013.62945205      9.0682
   2013.62948059     10.1402
   2013.62950913      9.6281
   2013.62953767      9.3994
   2013.62956621      9.0208
   2013.62959475      8.7633
   2013.62962329      9.4176
   2013.62965183     10.4649
   2013.62968037     10.2906
   2013.62970890      9.4176
   2013.62973744      8.5924
   2013.62976598      7.8415
   2013.62979452      7.2904
   2013.62982306      7.1797
   2013.62985160      7.4255
   2013.62988014      7.4438
   2013.62990868      7.1572
   2013.62993721      7.0525
   2013.62996575      6.2962
   2013.62999429      5.6602
   2013.63002283      5.1419
   2013.63005137      4.7732
   2013.63007991      4.2684
   2013.63010845      3.9850
   2013.63013699      3.9918
   2013.63016553      3.5112
   2013.63019406      3.1852
   2013.63022260      2.9111
   2013.63025114      2.6129
   2013.63027968      2.5144
   2013.63030822      2.2351
   2013.63033676      2.0440
   2013.63036530      1.7948
   2013.63039384      1.6725
   2013.63042237      1.5399
   2013.63045091      1.4147
   2013.63047945      1.2978
   2013.63050799      1.2151
   2013.63053653      1.0995
   2013.63056507      0.9933
   2013.63059361      0.9234
   2013.63062215      0.8462
   2013.63065068      0.7729
   2013.63067922      0.7051
   2013.63070776      0.6438
   2013.63073630      0.5889
   2013.63076484      0.5395
   2013.63079338      0.4954
   2013.63082192      0.4560
   2013.63085046      0.4206
   2013.63087900      0.3885
   2013.63090753      0.3593
   2013.63093607      0.3326
   2013.63096461      0.3083
   2013.63099315      0.2860
   2013.63102169      0.2657
   2013.63105023      0.2469
   2013.63107877      0.2295
   2013.63110731      0.2134
   2013.63113584      0.1986
   2013.63116438      0.1850
   2013.63119292      0.1724
   2013.63122146      0.1608
   2013.63125000      0.1501
   2013.63127854      0.1402
   2013.63130708      0.1310
   2013.63133562      0.1225
   2013.63136416      0.1146
   2013.63139269      0.1073
   2013.63142123      0.1005
