   2013.62465753      0.0000
   2013.62468607      0.0000
   2013.62471461      0.0000
   2013.62474315      0.0000
   2013.62477169      0.0000
   2013.62480023      0.0000
   2013.62482877      0.0000
   2013.62485731      0.0000
   2013.62488584      0.0000
   2013.62491438      0.0000
   2013.62494292      0.0000
   2013.62497146      0.0000
   2013.62500000      0.0000
   2013.62502854      0.0000
   2013.62505708      0.0000
   2013.62508562      0.0000
   2013.62511416      0.0000
   2013.62514269      0.0000
   2013.62517123      0.0000
   2013.62519977      0.0000
   2013.62522831      0.0000
   2013.62525685      0.0000
   2013.62528539      0.0000
   2013.62531393      0.0000
   2013.62534247      0.0000
   2013.62537100      0.0000
   2013.62539954      0.0000
   2013.62542808      0.0000
   2013.62545662      0.0000
   2013.62548516      0.0000
   2013.62551370      0.0000
   2013.62554224      0.0000
   2013.62557078      0.0000
   2013.62559932      0.0000
   2013.62562785      0.0000
   2013.62565639      0.0000
   2013.62568493      0.0000
   2013.62571347      0.0000
   2013.62574201      0.0000
   2013.62577055      0.0000
   2013.62579909      0.0000
   2013.62582763      0.0000
   2013.62585616      0.0000
   2013.62588470      0.0000
   2013.62591324      0.0000
   2013.62594178      0.0000
   2013.62597032      0.0000
   2013.62599886      0.0000
   2013.62602740      0.0000
   2013.62605594      0.0000
   2013.62608447      0.0000
   2013.62611301      0.0000
   2013.62614155      0.0000
   2013.62617009      0.0000
   2013.62619863      0.0000
   2013.62622717      0.0000
   2013.62625571      0.0000
   2013.62628425      0.0000
   2013.62631279      0.0000
   2013.62634132      0.0001
   2013.62636986      0.0002
   2013.62639840      0.0003
   2013.62642694      0.0004
   2013.62645548      0.0005
   2013.62648402      0.0008
   2013.62651256      0.0008
   2013.62654110      0.0008
   2013.62656963      0.0008
   2013.62659817      0.0012
   2013.62662671      0.0011
   2013.62665525      0.0011
   2013.62668379      0.0011
   2013.62671233      0.0015
   2013.62674087      0.0203
   2013.62676941      0.0430
   2013.62679795      0.0591
   2013.62682648      0.0836
   2013.62685502      0.1131
   2013.62688356      0.1512
   2013.62691210      0.1996
   2013.62694064      0.2571
   2013.62696918      0.3182
   2013.62699772      0.4039
   2013.62702626      0.5125
   2013.62705479      0.6487
   2013.62708333      0.8100
   2013.62711187      1.0072
   2013.62714041      1.1906
   2013.62716895      1.3477
   2013.62719749      1.4325
   2013.62722603      1.4617
   2013.62725457      1.4610
   2013.62728311      1.4203
   2013.62731164      1.3784
   2013.62734018      1.3285
   2013.62736872      1.2730
   2013.62739726      1.2133
   2013.62742580      1.1498
   2013.62745434      1.1073
   2013.62748288      1.0373
   2013.62751142      0.9555
   2013.62753995      0.9215
   2013.62756849      0.8721
   2013.62759703      0.8212
   2013.62762557      0.7722
   2013.62765411      0.7255
   2013.62768265      0.6821
   2013.62771119      0.6426
   2013.62773973      0.6065
   2013.62776826      0.5731
   2013.62779680      0.5420
   2013.62782534      0.5130
   2013.62785388      0.4861
   2013.62788242      0.4609
   2013.62791096      0.4372
   2013.62793950      0.4150
   2013.62796804      0.3940
   2013.62799658      0.3744
   2013.62802511      0.3559
   2013.62805365      0.3386
   2013.62808219      0.3224
   2013.62811073      0.3072
   2013.62813927      0.2929
   2013.62816781      0.2796
   2013.62819635      0.2670
   2013.62822489      0.2552
   2013.62825342      0.2440
   2013.62828196      0.2334
   2013.62831050      0.2233
   2013.62833904      0.2137
   2013.62836758      0.2046
   2013.62839612      0.1961
   2013.62842466      0.1881
   2013.62845320      0.1805
   2013.62848174      0.1732
   2013.62851027      0.1664
   2013.62853881      0.1599
   2013.62856735      0.1537
   2013.62859589      0.1479
   2013.62862443      0.1423
   2013.62865297      0.1370
   2013.62868151      0.1320
   2013.62871005      0.1273
   2013.62873858      0.1227
   2013.62876712      0.1184
   2013.62879566      0.1143
   2013.62882420      0.1104
   2013.62885274      0.1067
   2013.62888128      0.1031
   2013.62890982      0.0997
   2013.62893836      0.0965
   2013.62896689      0.0934
   2013.62899543      0.0904
   2013.62902397      0.0876
   2013.62905251      0.0849
   2013.62908105      0.0823
   2013.62910959      0.0799
   2013.62913813      0.0775
   2013.62916667      0.0752
   2013.62919521      0.0729
   2013.62922374      0.0708
   2013.62925228      0.0687
   2013.62928082      0.0668
   2013.62930936      0.0649
   2013.62933790      0.0630
   2013.62936644      0.0613
   2013.62939498      0.0596
   2013.62942352      0.0580
   2013.62945205      0.0564
   2013.62948059      0.0549
   2013.62950913      0.0535
   2013.62953767      0.0520
   2013.62956621      0.0507
   2013.62959475      0.0494
   2013.62962329      0.0481
   2013.62965183      0.0469
   2013.62968037      0.0458
   2013.62970890      0.0446
   2013.62973744      0.0435
   2013.62976598      0.0425
   2013.62979452      0.0415
   2013.62982306      0.0405
   2013.62985160      0.0395
   2013.62988014      0.0386
   2013.62990868      0.0377
   2013.62993721      0.0369
   2013.62996575      0.0360
   2013.62999429      0.0352
   2013.63002283      0.0345
   2013.63005137      0.0337
   2013.63007991      0.0330
   2013.63010845      0.0323
   2013.63013699      0.0316
   2013.63016553      0.0309
   2013.63019406      0.0303
   2013.63022260      0.0296
   2013.63025114      0.0290
   2013.63027968      0.0284
   2013.63030822      0.0278
   2013.63033676      0.0272
   2013.63036530      0.0267
   2013.63039384      0.0261
   2013.63042237      0.0256
   2013.63045091      0.0251
   2013.63047945      0.0246
   2013.63050799      0.0241
   2013.63053653      0.0236
   2013.63056507      0.0232
   2013.63059361      0.0227
   2013.63062215      0.0223
   2013.63065068      0.0219
   2013.63067922      0.0214
   2013.63070776      0.0210
   2013.63073630      0.0207
   2013.63076484      0.0203
   2013.63079338      0.0199
   2013.63082192      0.0195
   2013.63085046      0.0192
   2013.63087900      0.0189
   2013.63090753      0.0185
   2013.63093607      0.0182
   2013.63096461      0.0179
   2013.63099315      0.0176
   2013.63102169      0.0173
   2013.63105023      0.0170
   2013.63107877      0.0167
   2013.63110731      0.0164
   2013.63113584      0.0161
   2013.63116438      0.0159
   2013.63119292      0.0156
   2013.63122146      0.0153
   2013.63125000      0.0151
