   2013.62465753      0.0000
   2013.62468607      0.0000
   2013.62471461      0.0000
   2013.62474315      0.0000
   2013.62477169      0.0000
   2013.62480023      0.0000
   2013.62482877      0.0000
   2013.62485731      0.0000
   2013.62488584      0.0000
   2013.62491438      0.0000
   2013.62494292      0.0000
   2013.62497146      0.0000
   2013.62500000      0.0000
   2013.62502854      0.0000
   2013.62505708      0.0000
   2013.62508562      0.0000
   2013.62511416      0.0000
   2013.62514269      0.0002
   2013.62517123      0.0002
   2013.62519977      0.0001
   2013.62522831      0.0001
   2013.62525685      0.0001
   2013.62528539      0.0001
   2013.62531393      0.0001
   2013.62534247      0.0001
   2013.62537100      0.0001
   2013.62539954      0.0001
   2013.62542808      0.0001
   2013.62545662      0.0001
   2013.62548516      0.0018
   2013.62551370      0.0034
   2013.62554224      0.0046
   2013.62557078      0.0027
   2013.62559932      0.0202
   2013.62562785      0.0461
   2013.62565639      0.0679
   2013.62568493      0.1049
   2013.62571347      0.1567
   2013.62574201      0.2158
   2013.62577055      0.2897
   2013.62579909      0.3591
   2013.62582763      0.4500
   2013.62585616      0.5638
   2013.62588470      0.6944
   2013.62591324      0.8727
   2013.62594178      1.1233
   2013.62597032      1.3945
   2013.62599886      1.5791
   2013.62602740      1.6450
   2013.62605594      1.6291
   2013.62608447      1.5713
   2013.62611301      1.4907
   2013.62614155      1.3994
   2013.62617009      1.3047
   2013.62619863      1.2613
   2013.62622717      1.1327
   2013.62625571      1.0490
   2013.62628425      0.9654
   2013.62631279      0.9012
   2013.62634132      0.8352
   2013.62636986      0.7736
   2013.62639840      0.7166
   2013.62642694      0.6648
   2013.62645548      0.6187
   2013.62648402      0.5773
   2013.62651256      0.5398
   2013.62654110      0.5059
   2013.62656963      0.4750
   2013.62659817      0.4468
   2013.62662671      0.4207
   2013.62665525      0.3966
   2013.62668379      0.3743
   2013.62671233      0.3537
   2013.62674087      0.3347
   2013.62676941      0.3170
   2013.62679795      0.3006
   2013.62682648      0.2856
   2013.62685502      0.2715
   2013.62688356      0.2584
   2013.62691210      0.2461
   2013.62694064      0.2348
   2013.62696918      0.2239
   2013.62699772      0.2137
   2013.62702626      0.2041
   2013.62705479      0.1954
   2013.62708333      0.1871
   2013.62711187      0.1792
   2013.62714041      0.1717
   2013.62716895      0.1650
   2013.62719749      0.1584
   2013.62722603      0.1522
   2013.62725457      0.1463
   2013.62728311      0.1410
   2013.62731164      0.1358
   2013.62734018      0.1308
   2013.62736872      0.1261
   2013.62739726      0.1220
   2013.62742580      0.1178
   2013.62745434      0.1138
   2013.62748288      0.1100
   2013.62751142      0.1068
   2013.62753995      0.1034
   2013.62756849      0.1002
