   2013.62465753      0.0000
   2013.62468607      0.0000
   2013.62471461      0.0000
   2013.62474315      0.0000
   2013.62477169      0.0000
   2013.62480023      0.0000
   2013.62482877      0.0000
   2013.62485731      0.0000
   2013.62488584      0.0000
   2013.62491438      0.0000
   2013.62494292      0.0000
   2013.62497146      0.0000
   2013.62500000      0.0000
   2013.62502854      0.0000
   2013.62505708      0.0000
   2013.62508562      0.0000
   2013.62511416      0.0000
   2013.62514269      0.0000
   2013.62517123      0.0000
   2013.62519977      0.0000
   2013.62522831      0.0000
   2013.62525685      0.0000
   2013.62528539      0.0000
   2013.62531393      0.0000
   2013.62534247      0.0000
   2013.62537100      0.0000
   2013.62539954      0.0000
   2013.62542808      0.0000
   2013.62545662      0.0000
   2013.62548516      0.0000
   2013.62551370      0.0000
   2013.62554224      0.0000
   2013.62557078      0.0000
   2013.62559932      0.0000
   2013.62562785      0.0000
   2013.62565639      0.0000
   2013.62568493      0.0000
   2013.62571347      0.0000
   2013.62574201      0.0000
   2013.62577055      0.0000
   2013.62579909      0.0000
   2013.62582763      0.0000
   2013.62585616      0.0000
   2013.62588470      0.0000
   2013.62591324      0.0000
   2013.62594178      0.0000
   2013.62597032      0.0000
   2013.62599886      0.0000
   2013.62602740      0.0000
   2013.62605594      0.0000
   2013.62608447      0.0000
   2013.62611301      0.0000
   2013.62614155      0.0000
   2013.62617009      0.0000
   2013.62619863      0.0000
   2013.62622717      0.0000
   2013.62625571      0.0000
   2013.62628425      0.0035
   2013.62631279      0.0039
   2013.62634132      0.0044
   2013.62636986      0.0266
   2013.62639840      0.0776
   2013.62642694      0.1390
   2013.62645548      0.2730
   2013.62648402      0.5233
   2013.62651256      0.9354
   2013.62654110      1.5375
   2013.62656963      2.3895
   2013.62659817      3.6166
   2013.62662671      5.2210
   2013.62665525      6.4044
   2013.62668379      7.0511
   2013.62671233      6.8501
   2013.62674087      6.9456
   2013.62676941      6.5125
   2013.62679795      6.2198
   2013.62682648      5.3675
   2013.62685502      5.3406
   2013.62688356      4.9777
   2013.62691210      4.6337
   2013.62694064      4.3278
   2013.62696918      4.0775
   2013.62699772      3.8550
   2013.62702626      3.7434
   2013.62705479      3.3004
   2013.62708333      3.3906
   2013.62711187      3.5163
   2013.62714041      3.1387
   2013.62716895      3.0925
   2013.62719749      3.0132
   2013.62722603      2.9163
   2013.62725457      2.8119
   2013.62728311      2.7454
   2013.62731164      2.6512
   2013.62734018      2.5606
   2013.62736872      2.4598
   2013.62739726      2.3745
   2013.62742580      2.2746
   2013.62745434      2.1308
   2013.62748288      2.0425
   2013.62751142      1.9470
   2013.62753995      1.8534
   2013.62756849      1.7607
   2013.62759703      1.6708
   2013.62762557      1.5828
   2013.62765411      1.4951
   2013.62768265      1.4171
   2013.62771119      1.3426
   2013.62773973      1.2707
   2013.62776826      1.2005
   2013.62779680      1.1772
   2013.62782534      1.0784
   2013.62785388      1.0153
   2013.62788242      0.9454
   2013.62791096      0.9026
   2013.62793950      0.8516
   2013.62796804      0.8018
   2013.62799658      0.7540
   2013.62802511      0.7089
   2013.62805365      0.6673
   2013.62808219      0.6296
   2013.62811073      0.5948
   2013.62813927      0.5625
   2013.62816781      0.5323
   2013.62819635      0.5042
   2013.62822489      0.4780
   2013.62825342      0.4534
   2013.62828196      0.4302
   2013.62831050      0.4085
   2013.62833904      0.3880
   2013.62836758      0.3687
   2013.62839612      0.3506
   2013.62842466      0.3336
   2013.62845320      0.3177
   2013.62848174      0.3028
   2013.62851027      0.2888
   2013.62853881      0.2784
   2013.62856735      0.2665
   2013.62859589      0.2550
   2013.62862443      0.2440
   2013.62865297      0.2421
   2013.62868151      0.2342
   2013.62871005      0.2254
   2013.62873858      0.2173
   2013.62876712      0.2220
   2013.62879566      0.2186
   2013.62882420      0.2139
   2013.62885274      0.2101
   2013.62888128      0.2239
   2013.62890982      0.2275
   2013.62893836      0.2301
   2013.62896689      0.2347
   2013.62899543      0.2635
   2013.62902397      0.2803
   2013.62905251      0.2961
   2013.62908105      0.3157
   2013.62910959      0.3779
   2013.62913813      0.4065
   2013.62916667      0.4596
   2013.62919521      0.5154
   2013.62922374      0.6226
   2013.62925228      0.6990
   2013.62928082      0.8264
   2013.62930936      0.9635
   2013.62933790      1.1787
   2013.62936644      1.4550
   2013.62939498      1.7417
   2013.62942352      2.0452
   2013.62945205      2.2807
   2013.62948059      2.5542
   2013.62950913      2.7168
   2013.62953767      2.8644
   2013.62956621      2.8083
   2013.62959475      3.0568
   2013.62962329      3.1155
   2013.62965183      3.4042
   2013.62968037      2.9931
   2013.62970890      3.1986
   2013.62973744      3.2006
   2013.62976598      3.3404
   2013.62979452      2.9767
   2013.62982306      3.1391
   2013.62985160      3.0959
   2013.62988014      3.0232
   2013.62990868      3.0058
   2013.62993721      2.9532
   2013.62996575      2.8703
   2013.62999429      2.7794
   2013.63002283      2.7229
   2013.63005137      2.6348
   2013.63007991      2.5479
   2013.63010845      2.4497
   2013.63013699      2.3667
   2013.63016553      2.2686
   2013.63019406      2.1785
   2013.63022260      2.0389
   2013.63025114      1.9440
   2013.63027968      1.8508
   2013.63030822      1.7586
   2013.63033676      1.6690
   2013.63036530      1.5813
   2013.63039384      1.4939
   2013.63042237      1.4160
   2013.63045091      1.3417
   2013.63047945      1.2699
   2013.63050799      1.1998
   2013.63053653      1.1765
   2013.63056507      1.0777
   2013.63059361      1.0149
   2013.63062215      0.9450
   2013.63065068      0.9022
   2013.63067922      0.8512
   2013.63070776      0.8015
   2013.63073630      0.7537
   2013.63076484      0.7085
   2013.63079338      0.6670
   2013.63082192      0.6293
   2013.63085046      0.5946
   2013.63087900      0.5622
   2013.63090753      0.5321
   2013.63093607      0.5040
   2013.63096461      0.4778
   2013.63099315      0.4532
   2013.63102169      0.4301
   2013.63105023      0.4083
   2013.63107877      0.3878
   2013.63110731      0.3685
   2013.63113584      0.3504
   2013.63116438      0.3335
   2013.63119292      0.3176
   2013.63122146      0.3027
   2013.63125000      0.2887
   2013.63127854      0.2755
   2013.63130708      0.2632
   2013.63133562      0.2516
   2013.63136416      0.2406
   2013.63139269      0.2301
   2013.63142123      0.2201
   2013.63144977      0.2107
   2013.63147831      0.2018
   2013.63150685      0.1934
   2013.63153539      0.1855
   2013.63156393      0.1780
   2013.63159247      0.1709
   2013.63162100      0.1641
   2013.63164954      0.1577
   2013.63167808      0.1517
   2013.63170662      0.1459
   2013.63173516      0.1404
   2013.63176370      0.1352
   2013.63179224      0.1303
   2013.63182078      0.1256
   2013.63184932      0.1211
   2013.63187785      0.1169
   2013.63190639      0.1129
   2013.63193493      0.1090
   2013.63196347      0.1053
   2013.63199201      0.1018
