   2013.62465753      0.0000
   2013.62468607      0.0000
   2013.62471461      0.0000
   2013.62474315      0.0000
   2013.62477169      0.0000
   2013.62480023      0.0000
   2013.62482877      0.0000
   2013.62485731      0.0000
   2013.62488584      0.0000
   2013.62491438      0.0000
   2013.62494292      0.0000
   2013.62497146      0.0000
   2013.62500000      0.0000
   2013.62502854      0.0000
   2013.62505708      0.0000
   2013.62508562      0.0000
   2013.62511416      0.0000
   2013.62514269      0.0000
   2013.62517123      0.0000
   2013.62519977      0.0000
   2013.62522831      0.0000
   2013.62525685      0.0000
   2013.62528539      0.0000
   2013.62531393      0.0000
   2013.62534247      0.0000
   2013.62537100      0.0000
   2013.62539954      0.0000
   2013.62542808      0.0000
   2013.62545662      0.0000
   2013.62548516      0.0000
   2013.62551370      0.0000
   2013.62554224      0.0000
   2013.62557078      0.0000
   2013.62559932      0.0000
   2013.62562785      0.0000
   2013.62565639      0.0000
   2013.62568493      0.0000
   2013.62571347      0.0000
   2013.62574201      0.0000
   2013.62577055      0.0000
   2013.62579909      0.0000
   2013.62582763      0.0000
   2013.62585616      0.0000
   2013.62588470      0.0000
   2013.62591324      0.0000
   2013.62594178      0.0017
   2013.62597032      0.0033
   2013.62599886      0.0046
   2013.62602740      0.0059
   2013.62605594      0.0410
   2013.62608447      0.0977
   2013.62611301      0.1686
   2013.62614155      0.3136
   2013.62617009      0.5417
   2013.62619863      0.8347
   2013.62622717      1.2072
   2013.62625571      1.6973
   2013.62628425      2.3557
   2013.62631279      3.4259
   2013.62634132      4.2918
   2013.62636986      4.3413
   2013.62639840      4.2951
   2013.62642694      4.3128
   2013.62645548      3.7159
   2013.62648402      3.3386
   2013.62651256      3.0562
   2013.62654110      2.7547
   2013.62656963      2.4780
   2013.62659817      2.2141
   2013.62662671      1.9901
   2013.62665525      1.7999
   2013.62668379      1.6334
   2013.62671233      1.4857
   2013.62674087      1.3535
   2013.62676941      1.2662
   2013.62679795      1.1388
   2013.62682648      1.0198
   2013.62685502      0.9590
   2013.62688356      0.8866
   2013.62691210      0.8175
   2013.62694064      0.7546
   2013.62696918      0.6971
   2013.62699772      0.6459
   2013.62702626      0.6006
   2013.62705479      0.5603
   2013.62708333      0.5239
   2013.62711187      0.4909
   2013.62714041      0.4610
   2013.62716895      0.4341
   2013.62719749      0.4090
   2013.62722603      0.3857
   2013.62725457      0.3643
   2013.62728311      0.3450
   2013.62731164      0.3269
   2013.62734018      0.3100
   2013.62736872      0.2943
   2013.62739726      0.2804
   2013.62742580      0.2671
   2013.62745434      0.2546
   2013.62748288      0.2429
   2013.62751142      0.2325
   2013.62753995      0.2222
   2013.62756849      0.2125
   2013.62759703      0.2035
   2013.62762557      0.1956
   2013.62765411      0.1878
   2013.62768265      0.1803
   2013.62771119      0.1733
   2013.62773973      0.1673
   2013.62776826      0.1612
   2013.62779680      0.1553
   2013.62782534      0.1498
   2013.62785388      0.1452
   2013.62788242      0.1404
   2013.62791096      0.1358
   2013.62793950      0.1314
   2013.62796804      0.1279
   2013.62799658      0.1241
   2013.62802511      0.1204
   2013.62805365      0.1169
   2013.62808219      0.1143
   2013.62811073      0.1113
   2013.62813927      0.1083
   2013.62816781      0.1055
   2013.62819635      0.1036
   2013.62822489      0.1012
