   2013.62465753      0.0000
   2013.62468607      0.0000
   2013.62471461      0.0000
   2013.62474315      0.0000
   2013.62477169      0.0000
   2013.62480023      0.0000
   2013.62482877      0.0000
   2013.62485731      0.0000
   2013.62488584      0.0000
   2013.62491438      0.0000
   2013.62494292      0.0000
   2013.62497146      0.0000
   2013.62500000      0.0000
   2013.62502854      0.0000
   2013.62505708      0.0000
   2013.62508562      0.0000
   2013.62511416      0.0000
   2013.62514269      0.0000
   2013.62517123      0.0000
   2013.62519977      0.0000
   2013.62522831      0.0000
   2013.62525685      0.0000
   2013.62528539      0.0000
   2013.62531393      0.0000
   2013.62534247      0.0000
   2013.62537100      0.0000
   2013.62539954      0.0000
   2013.62542808      0.0000
   2013.62545662      0.0000
   2013.62548516      0.0000
   2013.62551370      0.0000
   2013.62554224      0.0000
   2013.62557078      0.0000
   2013.62559932      0.0005
   2013.62562785      0.0015
   2013.62565639      0.0022
   2013.62568493      0.0028
   2013.62571347      0.0034
   2013.62574201      0.0040
   2013.62577055      0.0307
   2013.62579909      0.0736
   2013.62582763      0.1305
   2013.62585616      0.2449
   2013.62588470      0.4249
   2013.62591324      0.7192
   2013.62594178      1.1768
   2013.62597032      1.8799
   2013.62599886      2.8930
   2013.62602740      4.3988
   2013.62605594      5.9246
   2013.62608447      7.0353
   2013.62611301      7.7248
   2013.62614155      8.1847
   2013.62617009      8.4959
   2013.62619863      8.7465
   2013.62622717      8.9324
   2013.62625571      9.1117
   2013.62628425      9.2674
   2013.62631279      9.4196
   2013.62634132      9.5580
   2013.62636986      9.6984
   2013.62639840      9.8292
   2013.62642694      9.9686
   2013.62645548     10.0860
   2013.62648402      9.8990
   2013.62651256     10.4599
   2013.62654110     10.4701
   2013.62656963     10.3579
   2013.62659817      9.7561
   2013.62662671      9.9005
   2013.62665525      9.6234
   2013.62668379      9.0552
   2013.62671233      8.5417
   2013.62674087      8.2105
   2013.62676941      7.4840
   2013.62679795      7.1689
   2013.62682648      6.1616
   2013.62685502      5.9448
   2013.62688356      5.5846
   2013.62691210      5.1527
   2013.62694064      4.6236
   2013.62696918      4.5323
   2013.62699772      4.3187
   2013.62702626      4.0327
   2013.62705479      3.9710
   2013.62708333      3.8002
   2013.62711187      3.6591
   2013.62714041      3.8455
   2013.62716895      3.2361
   2013.62719749      3.3622
   2013.62722603      3.5095
   2013.62725457      3.1468
   2013.62728311      3.1008
   2013.62731164      3.0219
   2013.62734018      2.9145
   2013.62736872      2.8026
   2013.62739726      2.7315
   2013.62742580      2.6295
   2013.62745434      2.5332
   2013.62748288      2.4278
   2013.62751142      2.3401
   2013.62753995      2.2436
   2013.62756849      2.1025
   2013.62759703      2.0144
   2013.62762557      1.9296
   2013.62765411      1.8428
   2013.62768265      1.7542
   2013.62771119      1.6678
   2013.62773973      1.6001
   2013.62776826      1.5007
   2013.62779680      1.4252
   2013.62782534      1.3531
   2013.62785388      1.2837
   2013.62788242      1.2161
   2013.62791096      1.1482
   2013.62793950      1.1033
   2013.62796804      1.0342
   2013.62799658      0.9526
   2013.62802511      0.9205
   2013.62805365      0.8729
   2013.62808219      0.8238
   2013.62811073      0.7764
   2013.62813927      0.7312
   2013.62816781      0.6890
   2013.62819635      0.6507
   2013.62822489      0.6155
   2013.62825342      0.5828
   2013.62828196      0.5522
   2013.62831050      0.5262
   2013.62833904      0.5000
   2013.62836758      0.4751
   2013.62839612      0.4516
   2013.62842466      0.4355
   2013.62845320      0.4161
   2013.62848174      0.3969
   2013.62851027      0.3791
   2013.62853881      0.3728
   2013.62856735      0.3601
   2013.62859589      0.3467
   2013.62862443      0.3347
   2013.62865297      0.3385
   2013.62868151      0.3330
   2013.62871005      0.3262
   2013.62873858      0.3210
   2013.62876712      0.3369
   2013.62879566      0.3411
   2013.62882420      0.3437
   2013.62885274      0.3493
   2013.62888128      0.3817
   2013.62890982      0.4004
   2013.62893836      0.4292
   2013.62896689      0.4512
   2013.62899543      0.5130
   2013.62902397      0.5623
   2013.62905251      0.6130
   2013.62908105      0.6557
   2013.62910959      0.7784
   2013.62913813      0.8874
   2013.62916667      1.0147
   2013.62919521      1.1709
   2013.62922374      1.4345
   2013.62925228      1.7255
   2013.62928082      1.9602
   2013.62930936      2.2077
   2013.62933790      2.3858
   2013.62936644      2.7088
   2013.62939498      2.8091
   2013.62942352      2.9375
   2013.62945205      3.0376
   2013.62948059      3.2950
   2013.62950913      3.3001
   2013.62953767      3.3696
   2013.62956621      3.4510
   2013.62959475      3.4902
   2013.62962329      3.5281
   2013.62965183      3.5518
   2013.62968037      3.5793
   2013.62970890      3.5752
   2013.62973744      3.5704
   2013.62976598      3.5055
   2013.62979452      3.4126
   2013.62982306      3.5079
   2013.62985160      3.4556
   2013.62988014      3.6121
   2013.62990868      3.1496
   2013.62993721      3.2940
   2013.62996575      3.4460
   2013.62999429      3.1126
   2013.63002283      3.0776
   2013.63005137      3.0049
   2013.63007991      2.9024
   2013.63010845      2.7943
   2013.63013699      2.7260
   2013.63016553      2.6256
   2013.63019406      2.5305
   2013.63022260      2.4258
   2013.63025114      2.3267
   2013.63027968      2.1815
   2013.63030822      2.0903
   2013.63033676      1.9882
   2013.63036530      1.8890
   2013.63039384      1.7934
   2013.63042237      1.7016
   2013.63045091      1.6150
   2013.63047945      1.5210
   2013.63050799      1.4398
   2013.63053653      1.3625
   2013.63056507      1.2883
   2013.63059361      1.2160
   2013.63062215      1.1943
   2013.63065068      1.0904
   2013.63067922      1.0240
   2013.63070776      0.9505
   2013.63073630      0.9070
   2013.63076484      0.8544
   2013.63079338      0.8028
   2013.63082192      0.7534
   2013.63085046      0.7067
   2013.63087900      0.6638
   2013.63090753      0.6249
   2013.63093607      0.5891
   2013.63096461      0.5559
   2013.63099315      0.5250
   2013.63102169      0.4964
   2013.63105023      0.4697
   2013.63107877      0.4448
   2013.63110731      0.4213
   2013.63113584      0.3993
   2013.63116438      0.3787
   2013.63119292      0.3594
   2013.63122146      0.3413
   2013.63125000      0.3244
   2013.63127854      0.3086
   2013.63130708      0.2938
   2013.63133562      0.2799
   2013.63136416      0.2670
   2013.63139269      0.2548
   2013.63142123      0.2433
   2013.63144977      0.2324
   2013.63147831      0.2221
   2013.63150685      0.2123
   2013.63153539      0.2031
   2013.63156393      0.1945
   2013.63159247      0.1863
   2013.63162100      0.1786
   2013.63164954      0.1713
   2013.63167808      0.1644
   2013.63170662      0.1579
   2013.63173516      0.1517
   2013.63176370      0.1458
   2013.63179224      0.1402
   2013.63182078      0.1349
   2013.63184932      0.1299
   2013.63187785      0.1252
   2013.63190639      0.1207
   2013.63193493      0.1164
   2013.63196347      0.1123
   2013.63199201      0.1084
   2013.63202055      0.1047
   2013.63204909      0.1012
