   2013.62465753      0.0000
   2013.62468607      0.0000
   2013.62471461      0.0000
   2013.62474315      0.0000
   2013.62477169      0.0000
   2013.62480023      0.0000
   2013.62482877      0.0000
   2013.62485731      0.0000
   2013.62488584      0.0000
   2013.62491438      0.0000
   2013.62494292      0.0003
   2013.62497146      0.0007
   2013.62500000      0.0021
   2013.62502854      0.0022
   2013.62505708      0.0024
   2013.62508562      0.0026
   2013.62511416      0.0041
   2013.62514269      0.0275
   2013.62517123      0.0681
   2013.62519977      0.1129
   2013.62522831      0.2062
   2013.62525685      0.3349
   2013.62528539      0.5166
   2013.62531393      0.7891
   2013.62534247      1.1827
   2013.62537100      1.7582
   2013.62539954      2.6123
   2013.62542808      3.7500
   2013.62545662      4.7188
   2013.62548516      5.3191
   2013.62551370      5.6129
   2013.62554224      5.6723
   2013.62557078      5.5924
   2013.62559932      5.4540
   2013.62562785      5.2809
   2013.62565639      4.9077
   2013.62568493      4.6436
   2013.62571347      4.4366
   2013.62574201      4.2100
   2013.62577055      3.7628
   2013.62579909      3.4914
   2013.62582763      3.1877
   2013.62585616      2.8850
   2013.62588470      2.6356
   2013.62591324      2.2827
   2013.62594178      2.0365
   2013.62597032      1.8799
   2013.62599886      1.6823
   2013.62602740      1.5034
   2013.62605594      1.3272
   2013.62608447      1.2148
   2013.62611301      1.0559
   2013.62614155      0.9749
   2013.62617009      0.8824
   2013.62619863      0.7950
   2013.62622717      0.7161
   2013.62625571      0.6459
   2013.62628425      0.5840
   2013.62631279      0.5289
   2013.62634132      0.4803
   2013.62636986      0.4373
   2013.62639840      0.3991
   2013.62642694      0.3649
   2013.62645548      0.3343
   2013.62648402      0.3067
   2013.62651256      0.2818
   2013.62654110      0.2593
   2013.62656963      0.2388
   2013.62659817      0.2200
   2013.62662671      0.2029
   2013.62665525      0.1873
   2013.62668379      0.1731
   2013.62671233      0.1601
   2013.62674087      0.1483
   2013.62676941      0.1375
   2013.62679795      0.1277
   2013.62682648      0.1186
   2013.62685502      0.1102
   2013.62688356      0.1025
