   2013.62465753      0.0000
   2013.62468607      0.0000
   2013.62471461      0.0000
   2013.62474315      0.0000
   2013.62477169      0.0000
   2013.62480023      0.0000
   2013.62482877      0.0000
   2013.62485731      0.0000
   2013.62488584      0.0000
   2013.62491438      0.0000
   2013.62494292      0.0000
   2013.62497146      0.0000
   2013.62500000      0.0000
   2013.62502854      0.0000
   2013.62505708      0.0000
   2013.62508562      0.0000
   2013.62511416      0.0000
   2013.62514269      0.0000
   2013.62517123      0.0000
   2013.62519977      0.0000
   2013.62522831      0.0000
   2013.62525685      0.0000
   2013.62528539      0.0000
   2013.62531393      0.0000
   2013.62534247      0.0000
   2013.62537100      0.0000
   2013.62539954      0.0000
   2013.62542808      0.0000
   2013.62545662      0.0000
   2013.62548516      0.0000
   2013.62551370      0.0000
   2013.62554224      0.0000
   2013.62557078      0.0000
   2013.62559932      0.0000
   2013.62562785      0.0000
   2013.62565639      0.0000
   2013.62568493      0.0000
   2013.62571347      0.0000
   2013.62574201      0.0000
   2013.62577055      0.0000
   2013.62579909      0.0000
   2013.62582763      0.0000
   2013.62585616      0.0000
   2013.62588470      0.0000
   2013.62591324      0.0000
   2013.62594178      0.0000
   2013.62597032      0.0000
   2013.62599886      0.0000
   2013.62602740      0.0000
   2013.62605594      0.0000
   2013.62608447      0.0000
   2013.62611301      0.0000
   2013.62614155      0.0000
   2013.62617009      0.0000
   2013.62619863      0.0000
   2013.62622717      0.0000
   2013.62625571      0.0000
   2013.62628425      0.0000
   2013.62631279      0.0000
   2013.62634132      0.0000
   2013.62636986      0.0000
   2013.62639840      0.0000
   2013.62642694      0.0000
   2013.62645548      0.0000
   2013.62648402      0.0000
   2013.62651256      0.0000
   2013.62654110      0.0000
   2013.62656963      0.0000
   2013.62659817      0.0000
   2013.62662671      0.0000
   2013.62665525      0.0000
   2013.62668379      0.0000
   2013.62671233      0.0000
   2013.62674087      0.0000
   2013.62676941      0.0000
   2013.62679795      0.0000
   2013.62682648      0.0000
   2013.62685502      0.0000
   2013.62688356      0.0000
   2013.62691210      0.0000
   2013.62694064      0.0000
   2013.62696918      0.0000
   2013.62699772      0.0000
   2013.62702626      0.0000
   2013.62705479      0.0000
   2013.62708333      8.6940
   2013.62711187     38.6907
   2013.62714041     97.7101
   2013.62716895    103.1879
   2013.62719749     76.3563
   2013.62722603     52.0857
   2013.62725457     34.9378
   2013.62728311     25.8430
   2013.62731164     19.9221
   2013.62734018     16.0959
   2013.62736872     13.5338
   2013.62739726     11.6576
   2013.62742580     10.3239
   2013.62745434      9.2933
   2013.62748288      8.5304
   2013.62751142      7.9507
   2013.62753995      7.4676
   2013.62756849      7.1392
   2013.62759703      6.9028
   2013.62762557      6.7495
   2013.62765411      6.6604
   2013.62768265      6.6152
   2013.62771119      6.5983
   2013.62773973      6.5025
   2013.62776826      6.5589
   2013.62779680      6.2720
   2013.62782534      5.7683
   2013.62785388      5.5537
   2013.62788242      5.4687
   2013.62791096      5.1152
   2013.62793950      4.3860
   2013.62796804      4.3040
   2013.62799658      3.6753
   2013.62802511      3.3127
   2013.62805365      3.0194
   2013.62808219      2.6961
   2013.62811073      2.5139
   2013.62813927      2.2407
   2013.62816781      1.9207
   2013.62819635      1.7319
   2013.62822489      1.5523
   2013.62825342      1.3903
   2013.62828196      1.2652
   2013.62831050      1.1271
   2013.62833904      1.0066
   2013.62836758      0.9173
   2013.62839612      0.8285
   2013.62842466      0.7475
   2013.62845320      0.6746
   2013.62848174      0.6102
   2013.62851027      0.5530
   2013.62853881      0.5021
   2013.62856735      0.4571
   2013.62859589      0.4171
   2013.62862443      0.3813
   2013.62865297      0.3492
   2013.62868151      0.3203
   2013.62871005      0.2941
   2013.62873858      0.2705
   2013.62876712      0.2490
   2013.62879566      0.2292
   2013.62882420      0.2111
   2013.62885274      0.1947
   2013.62888128      0.1796
   2013.62890982      0.1659
   2013.62893836      0.1534
   2013.62896689      0.1420
   2013.62899543      0.1315
   2013.62902397      0.1219
   2013.62905251      0.1131
   2013.62908105      0.1050
