   2013.62465753      0.0000
   2013.62468607      0.0000
   2013.62471461      0.0000
   2013.62474315      0.0000
   2013.62477169      0.0000
   2013.62480023      0.0000
   2013.62482877      0.0000
   2013.62485731      0.0000
   2013.62488584      0.0000
   2013.62491438      0.0000
   2013.62494292      0.0000
   2013.62497146      0.0000
   2013.62500000      0.0000
   2013.62502854      0.0000
   2013.62505708      0.0000
   2013.62508562      0.0000
   2013.62511416      0.0000
   2013.62514269      0.0000
   2013.62517123      0.0000
   2013.62519977      0.0000
   2013.62522831      0.0000
   2013.62525685      0.0000
   2013.62528539      0.0000
   2013.62531393      0.0000
   2013.62534247      0.0000
   2013.62537100      0.0000
   2013.62539954      0.0000
   2013.62542808      0.0000
   2013.62545662      0.0000
   2013.62548516      0.0000
   2013.62551370      0.0003
   2013.62554224      0.0009
   2013.62557078      0.0014
   2013.62559932      0.0018
   2013.62562785      0.0022
   2013.62565639      0.0026
   2013.62568493      0.0030
   2013.62571347      0.0153
   2013.62574201      0.0538
   2013.62577055      0.0907
   2013.62579909      0.1578
   2013.62582763      0.2689
   2013.62585616      0.4282
   2013.62588470      0.6903
   2013.62591324      1.0698
   2013.62594178      1.5906
   2013.62597032      2.3262
   2013.62599886      3.3093
   2013.62602740      4.2646
   2013.62605594      5.1121
   2013.62608447      5.6450
   2013.62611301      5.9649
   2013.62614155      6.1693
   2013.62617009      6.3041
   2013.62619863      6.3956
   2013.62622717      6.4617
   2013.62625571      6.5114
   2013.62628425      6.4542
   2013.62631279      6.3047
   2013.62634132      6.2489
   2013.62636986      5.7484
   2013.62639840      5.5258
   2013.62642694      5.4418
   2013.62645548      4.6999
   2013.62648402      4.3700
   2013.62651256      4.2702
   2013.62654110      3.6565
   2013.62656963      3.2924
   2013.62659817      3.0006
   2013.62662671      2.6759
   2013.62665525      2.4917
   2013.62668379      2.2227
   2013.62671233      1.9093
   2013.62674087      1.7185
   2013.62676941      1.5403
   2013.62679795      1.3798
   2013.62682648      1.2542
   2013.62685502      1.1198
   2013.62688356      1.0016
   2013.62691210      0.9125
   2013.62694064      0.8246
   2013.62696918      0.7445
   2013.62699772      0.6725
   2013.62702626      0.6090
   2013.62705479      0.5525
   2013.62708333      0.5023
   2013.62711187      0.4579
   2013.62714041      0.4184
   2013.62716895      0.3831
   2013.62719749      0.3514
   2013.62722603      0.3228
   2013.62725457      0.2970
   2013.62728311      0.2736
   2013.62731164      0.2523
   2013.62734018      0.2328
   2013.62736872      0.2149
   2013.62739726      0.1985
   2013.62742580      0.1836
   2013.62745434      0.1700
   2013.62748288      0.1575
   2013.62751142      0.1461
   2013.62753995      0.1357
   2013.62756849      0.1261
   2013.62759703      0.1172
   2013.62762557      0.1091
   2013.62765411      0.1016
