   2013.62465753      0.0000
   2013.62468607      0.0000
   2013.62471461      0.0000
   2013.62474315      0.0000
   2013.62477169      0.0000
   2013.62480023      0.0000
   2013.62482877      0.0000
   2013.62485731      0.0000
   2013.62488584      0.0000
   2013.62491438      0.0000
   2013.62494292      0.0000
   2013.62497146      0.0000
   2013.62500000      0.0000
   2013.62502854      0.0000
   2013.62505708      0.0000
   2013.62508562      0.0000
   2013.62511416      0.0000
   2013.62514269      0.0000
   2013.62517123      0.0000
   2013.62519977      0.0000
   2013.62522831      0.0000
   2013.62525685      0.0000
   2013.62528539      0.0000
   2013.62531393      0.0000
   2013.62534247      0.0000
   2013.62537100      0.0000
   2013.62539954      0.0000
   2013.62542808      0.0000
   2013.62545662      0.0000
   2013.62548516      0.0000
   2013.62551370      0.0000
   2013.62554224      0.0000
   2013.62557078      0.0000
   2013.62559932      0.0000
   2013.62562785      0.0000
   2013.62565639      0.0000
   2013.62568493      0.0000
   2013.62571347      0.0000
   2013.62574201      0.0000
   2013.62577055      0.0000
   2013.62579909      0.0000
   2013.62582763      0.0002
   2013.62585616      0.0012
   2013.62588470      0.0023
   2013.62591324      0.0032
   2013.62594178      0.0040
   2013.62597032      0.0051
   2013.62599886      0.0448
   2013.62602740      0.0938
   2013.62605594      0.1775
   2013.62608447      0.3432
   2013.62611301      0.6303
   2013.62614155      1.1244
   2013.62617009      1.8587
   2013.62619863      2.9424
   2013.62622717      4.3992
   2013.62625571      5.9966
   2013.62628425      7.0078
   2013.62631279      7.4375
   2013.62634132      7.3363
   2013.62636986      6.9477
   2013.62639840      6.4036
   2013.62642694      6.3428
   2013.62645548      5.2434
   2013.62648402      4.6824
   2013.62651256      4.1060
   2013.62654110      3.7360
   2013.62656963      3.2645
   2013.62659817      3.1335
   2013.62662671      2.6287
   2013.62665525      2.2019
   2013.62668379      1.9659
   2013.62671233      1.7439
   2013.62674087      1.5475
   2013.62676941      1.4530
   2013.62679795      1.2361
   2013.62682648      1.0681
   2013.62685502      0.9854
   2013.62688356      0.8898
   2013.62691210      0.7998
   2013.62694064      0.7190
   2013.62696918      0.6475
   2013.62699772      0.5848
   2013.62702626      0.5292
   2013.62705479      0.4801
   2013.62708333      0.4368
   2013.62711187      0.3984
   2013.62714041      0.3642
   2013.62716895      0.3335
   2013.62719749      0.3060
   2013.62722603      0.2811
   2013.62725457      0.2586
   2013.62728311      0.2381
   2013.62731164      0.2194
   2013.62734018      0.2023
   2013.62736872      0.1867
   2013.62739726      0.1725
   2013.62742580      0.1596
   2013.62745434      0.1478
   2013.62748288      0.1370
   2013.62751142      0.1271
   2013.62753995      0.1180
   2013.62756849      0.1096
   2013.62759703      0.1020
