   2013.62465753      0.0000
   2013.62468607      0.0000
   2013.62471461      0.0000
   2013.62474315      0.0000
   2013.62477169      0.0000
   2013.62480023      0.0000
   2013.62482877      0.0000
   2013.62485731      0.0000
   2013.62488584      0.0000
   2013.62491438      0.0000
   2013.62494292      0.0000
   2013.62497146      0.0000
   2013.62500000      0.0000
   2013.62502854      0.0000
   2013.62505708      0.0000
   2013.62508562      0.0000
   2013.62511416      0.0000
   2013.62514269      0.0000
   2013.62517123      0.0000
   2013.62519977      0.0000
   2013.62522831      0.0000
   2013.62525685      0.0000
   2013.62528539      0.0000
   2013.62531393      0.0000
   2013.62534247      0.0000
   2013.62537100      0.0000
   2013.62539954      0.0000
   2013.62542808      0.0000
   2013.62545662      0.0000
   2013.62548516      0.0000
   2013.62551370      0.0000
   2013.62554224      0.0000
   2013.62557078      0.0000
   2013.62559932      0.0000
   2013.62562785      0.0000
   2013.62565639      0.0000
   2013.62568493      0.0000
   2013.62571347      0.0000
   2013.62574201      0.0000
   2013.62577055      0.0000
   2013.62579909      0.0000
   2013.62582763      0.0000
   2013.62585616      0.0000
   2013.62588470      0.0000
   2013.62591324      0.0000
   2013.62594178      0.0000
   2013.62597032      0.0000
   2013.62599886      0.0000
   2013.62602740      0.0000
   2013.62605594      0.0000
   2013.62608447      0.0000
   2013.62611301      0.0000
   2013.62614155      0.0000
   2013.62617009      0.0000
   2013.62619863      0.0000
   2013.62622717      0.0000
   2013.62625571      0.0000
   2013.62628425      0.0000
   2013.62631279      0.0000
   2013.62634132      0.0000
   2013.62636986      0.0000
   2013.62639840      0.0000
   2013.62642694      0.0000
   2013.62645548      0.0000
   2013.62648402      0.0000
   2013.62651256      0.0000
   2013.62654110      0.0000
   2013.62656963      0.0000
   2013.62659817      0.0000
   2013.62662671      0.0000
   2013.62665525      0.0000
   2013.62668379      0.0000
   2013.62671233      0.0000
   2013.62674087      0.0000
   2013.62676941      0.0000
   2013.62679795      0.0000
   2013.62682648      0.0000
   2013.62685502      0.0000
   2013.62688356      0.0000
   2013.62691210      0.0000
   2013.62694064      0.0000
   2013.62696918      0.0000
   2013.62699772      0.0000
   2013.62702626      0.0000
   2013.62705479      0.0000
   2013.62708333      3.0370
   2013.62711187     15.0508
   2013.62714041     39.4515
   2013.62716895     66.3154
   2013.62719749     60.2045
   2013.62722603     47.3197
   2013.62725457     34.1873
   2013.62728311     26.9978
   2013.62731164     21.8718
   2013.62734018     18.5554
   2013.62736872     16.2761
   2013.62739726     14.9569
   2013.62742580     13.7915
   2013.62745434     13.0821
   2013.62748288     12.5407
   2013.62751142     12.1387
   2013.62753995     11.8687
   2013.62756849     11.6641
   2013.62759703     11.3452
   2013.62762557     11.1431
   2013.62765411     10.5494
   2013.62768265     10.2583
   2013.62771119      9.5018
   2013.62773973      8.8534
   2013.62776826      8.1903
   2013.62779680      7.3980
   2013.62782534      6.8926
   2013.62785388      6.7738
   2013.62788242      5.7839
   2013.62791096      5.0759
   2013.62793950      4.5096
   2013.62796804      4.1982
   2013.62799658      3.5960
   2013.62802511      3.3339
   2013.62805365      2.9947
   2013.62808219      2.7216
   2013.62811073      2.4636
   2013.62813927      2.2397
   2013.62816781      2.0482
   2013.62819635      1.8910
   2013.62822489      1.7604
   2013.62825342      1.6360
   2013.62828196      1.5335
   2013.62831050      1.4370
   2013.62833904      1.3452
   2013.62836758      1.2580
   2013.62839612      1.1774
   2013.62842466      1.1053
   2013.62845320      1.0706
   2013.62848174      0.9928
   2013.62851027      0.9166
   2013.62853881      0.8883
   2013.62856735      0.8477
   2013.62859589      0.8069
   2013.62862443      0.7692
   2013.62865297      0.7341
   2013.62868151      0.7024
   2013.62871005      0.6741
   2013.62873858      0.6480
   2013.62876712      0.6229
   2013.62879566      0.5979
   2013.62882420      0.5732
   2013.62885274      0.5490
   2013.62888128      0.5258
   2013.62890982      0.5038
   2013.62893836      0.4829
   2013.62896689      0.4630
   2013.62899543      0.4439
   2013.62902397      0.4256
   2013.62905251      0.4078
   2013.62908105      0.3904
   2013.62910959      0.3735
   2013.62913813      0.3571
   2013.62916667      0.3411
   2013.62919521      0.3257
   2013.62922374      0.3107
   2013.62925228      0.2963
   2013.62928082      0.2825
   2013.62930936      0.2692
   2013.62933790      0.2565
   2013.62936644      0.2444
   2013.62939498      0.2328
   2013.62942352      0.2215
   2013.62945205      0.2106
   2013.62948059      0.2001
   2013.62950913      0.1900
   2013.62953767      0.1803
   2013.62956621      0.1710
   2013.62959475      0.1621
   2013.62962329      0.1536
   2013.62965183      0.1455
   2013.62968037      0.1376
   2013.62970890      0.1302
   2013.62973744      0.1230
   2013.62976598      0.1162
   2013.62979452      0.1097
   2013.62982306      0.1035
