   2013.62465753      0.0000
   2013.62468607      0.0000
   2013.62471461      0.0000
   2013.62474315      0.0000
   2013.62477169      0.0000
   2013.62480023      0.0000
   2013.62482877      0.0000
   2013.62485731      0.0000
   2013.62488584      0.0000
   2013.62491438      0.0000
   2013.62494292      0.0000
   2013.62497146      0.0000
   2013.62500000      0.0000
   2013.62502854      0.0000
   2013.62505708      0.0000
   2013.62508562      0.0000
   2013.62511416      0.0000
   2013.62514269      0.0000
   2013.62517123      0.0000
   2013.62519977      0.0000
   2013.62522831      0.0000
   2013.62525685      0.0000
   2013.62528539      0.0000
   2013.62531393      0.0000
   2013.62534247      0.0000
   2013.62537100      0.0000
   2013.62539954      0.0000
   2013.62542808      0.0000
   2013.62545662      0.0000
   2013.62548516      0.0000
   2013.62551370      0.0000
   2013.62554224      0.0000
   2013.62557078      0.0000
   2013.62559932      0.0000
   2013.62562785      0.0000
   2013.62565639      0.0000
   2013.62568493      0.0000
   2013.62571347      0.0000
   2013.62574201      0.0000
   2013.62577055      0.0000
   2013.62579909      0.0000
   2013.62582763      0.0000
   2013.62585616      0.0000
   2013.62588470      0.0000
   2013.62591324      0.0000
   2013.62594178      0.0000
   2013.62597032      0.0000
   2013.62599886      0.0000
   2013.62602740      0.0000
   2013.62605594      0.0000
   2013.62608447      0.0000
   2013.62611301      0.0000
   2013.62614155      0.0000
   2013.62617009      0.0001
   2013.62619863      0.0004
   2013.62622717      0.0008
   2013.62625571      0.0011
   2013.62628425      0.0014
   2013.62631279      0.0016
   2013.62634132      0.0018
   2013.62636986      0.0021
   2013.62639840      0.0025
   2013.62642694      0.0155
   2013.62645548      0.0501
   2013.62648402      0.0821
   2013.62651256      0.1373
   2013.62654110      0.2232
   2013.62656963      0.3353
   2013.62659817      0.5134
   2013.62662671      0.7744
   2013.62665525      1.1512
   2013.62668379      1.6968
   2013.62671233      2.4958
   2013.62674087      3.4106
   2013.62676941      4.1345
   2013.62679795      4.6901
   2013.62682648      5.0680
   2013.62685502      5.2948
   2013.62688356      5.4437
   2013.62691210      5.5102
   2013.62694064      5.2373
   2013.62696918      5.4932
   2013.62699772      5.3440
   2013.62702626      5.1563
   2013.62705479      4.6263
   2013.62708333      4.5757
   2013.62711187      4.4069
   2013.62714041      4.1402
   2013.62716895      4.0440
   2013.62719749      3.5630
   2013.62722603      3.3609
   2013.62725457      3.0559
   2013.62728311      2.8241
   2013.62731164      2.5948
   2013.62734018      2.3781
   2013.62736872      2.1794
   2013.62739726      2.0013
   2013.62742580      1.8231
   2013.62745434      1.6780
   2013.62748288      1.5480
   2013.62751142      1.4301
   2013.62753995      1.3219
   2013.62756849      1.2802
   2013.62759703      1.1439
   2013.62762557      1.0578
   2013.62765411      0.9714
   2013.62768265      0.9144
   2013.62771119      0.8520
   2013.62773973      0.7932
   2013.62776826      0.7384
   2013.62779680      0.6881
   2013.62782534      0.6430
   2013.62785388      0.6026
   2013.62788242      0.5658
   2013.62791096      0.5322
   2013.62793950      0.5015
   2013.62796804      0.4733
   2013.62799658      0.4472
   2013.62802511      0.4228
   2013.62805365      0.4002
   2013.62808219      0.3790
   2013.62811073      0.3593
   2013.62813927      0.3409
   2013.62816781      0.3238
   2013.62819635      0.3079
   2013.62822489      0.2930
   2013.62825342      0.2791
   2013.62828196      0.2662
   2013.62831050      0.2540
   2013.62833904      0.2426
   2013.62836758      0.2317
   2013.62839612      0.2214
   2013.62842466      0.2117
   2013.62845320      0.2026
   2013.62848174      0.1940
   2013.62851027      0.1859
   2013.62853881      0.1783
   2013.62856735      0.1710
   2013.62859589      0.1642
   2013.62862443      0.1577
   2013.62865297      0.1516
   2013.62868151      0.1457
   2013.62871005      0.1402
   2013.62873858      0.1350
   2013.62876712      0.1300
   2013.62879566      0.1253
   2013.62882420      0.1208
   2013.62885274      0.1166
   2013.62888128      0.1125
   2013.62890982      0.1086
   2013.62893836      0.1050
   2013.62896689      0.1015
