   2013.62465753      0.0000
   2013.62468607      0.0000
   2013.62471461      0.0000
   2013.62474315      0.0000
   2013.62477169      0.0000
   2013.62480023      0.0000
   2013.62482877      0.0000
   2013.62485731      0.0000
   2013.62488584      0.0000
   2013.62491438      0.0000
   2013.62494292      0.0000
   2013.62497146      0.0000
   2013.62500000      0.0000
   2013.62502854      0.0000
   2013.62505708      0.0000
   2013.62508562      0.0000
   2013.62511416      0.0000
   2013.62514269      0.0000
   2013.62517123      0.0000
   2013.62519977      0.0000
   2013.62522831      0.0000
   2013.62525685      0.0000
   2013.62528539      0.0000
   2013.62531393      0.0000
   2013.62534247      0.0000
   2013.62537100      0.0000
   2013.62539954      0.0000
   2013.62542808      0.0000
   2013.62545662      0.0000
   2013.62548516      0.0000
   2013.62551370      0.0000
   2013.62554224      0.0000
   2013.62557078      0.0000
   2013.62559932      0.0000
   2013.62562785      0.0000
   2013.62565639      0.0000
   2013.62568493      0.0000
   2013.62571347      0.0000
   2013.62574201      0.0000
   2013.62577055      0.0000
   2013.62579909      0.0000
   2013.62582763      0.0000
   2013.62585616      0.0000
   2013.62588470      0.0000
   2013.62591324      0.0000
   2013.62594178      0.0000
   2013.62597032      0.0000
   2013.62599886      0.0000
   2013.62602740      0.0000
   2013.62605594      0.0716
   2013.62608447      0.1346
   2013.62611301      0.4340
   2013.62614155      2.2625
   2013.62617009     17.0354
   2013.62619863     27.2711
   2013.62622717     24.9462
   2013.62625571     20.3003
   2013.62628425     16.5436
   2013.62631279     13.8334
   2013.62634132     11.5193
   2013.62636986      9.8368
   2013.62639840      8.3758
   2013.62642694      7.4611
   2013.62645548      6.5644
   2013.62648402      5.8685
   2013.62651256      5.3222
   2013.62654110      4.9243
   2013.62656963      4.5873
   2013.62659817      4.3572
   2013.62662671      4.1849
   2013.62665525      3.9352
   2013.62668379      3.8461
   2013.62671233      3.7307
   2013.62674087      3.7049
   2013.62676941      3.6623
   2013.62679795      3.5206
   2013.62682648      3.1783
   2013.62685502      3.1005
   2013.62688356      2.9490
   2013.62691210      2.7227
   2013.62694064      2.5576
   2013.62696918      2.3899
   2013.62699772      2.3634
   2013.62702626      2.1138
   2013.62705479      1.9456
   2013.62708333      1.7154
   2013.62711187      1.5840
   2013.62714041      1.4489
   2013.62716895      1.3213
   2013.62719749      1.1998
   2013.62722603      1.0972
   2013.62725457      1.0011
   2013.62728311      0.9159
   2013.62731164      0.8362
   2013.62734018      0.7608
   2013.62736872      0.6913
   2013.62739726      0.6293
   2013.62742580      0.5738
   2013.62745434      0.5237
   2013.62748288      0.4789
   2013.62751142      0.4387
   2013.62753995      0.4025
   2013.62756849      0.3698
   2013.62759703      0.3402
   2013.62762557      0.3133
   2013.62765411      0.2888
   2013.62768265      0.2666
   2013.62771119      0.2463
   2013.62773973      0.2276
   2013.62776826      0.2104
   2013.62779680      0.1946
   2013.62782534      0.1802
   2013.62785388      0.1671
   2013.62788242      0.1550
   2013.62791096      0.1439
   2013.62793950      0.1337
   2013.62796804      0.1244
   2013.62799658      0.1157
   2013.62802511      0.1077
   2013.62805365      0.1004
