   2013.62465753      0.0000
   2013.62468607      0.0000
   2013.62471461      0.0000
   2013.62474315      0.0000
   2013.62477169      0.0000
   2013.62480023      0.0000
   2013.62482877      0.0000
   2013.62485731      0.0000
   2013.62488584      0.0000
   2013.62491438      0.0000
   2013.62494292      0.0000
   2013.62497146      0.0000
   2013.62500000      0.0000
   2013.62502854      0.0000
   2013.62505708      0.0000
   2013.62508562      0.0000
   2013.62511416      0.0000
   2013.62514269      0.0000
   2013.62517123      0.0000
   2013.62519977      0.0000
   2013.62522831      0.0000
   2013.62525685      0.0000
   2013.62528539      0.0000
   2013.62531393      0.0000
   2013.62534247      0.0000
   2013.62537100      0.0000
   2013.62539954      0.0000
   2013.62542808      0.0000
   2013.62545662      0.0000
   2013.62548516      0.0000
   2013.62551370      0.0000
   2013.62554224      0.0000
   2013.62557078      0.0000
   2013.62559932      0.0000
   2013.62562785      0.0000
   2013.62565639      0.0000
   2013.62568493      0.0000
   2013.62571347      0.0000
   2013.62574201      0.0000
   2013.62577055      0.0000
   2013.62579909      0.0000
   2013.62582763      0.0000
   2013.62585616      0.0000
   2013.62588470      0.0000
   2013.62591324      0.0000
   2013.62594178      0.0000
   2013.62597032      0.0000
   2013.62599886      0.0000
   2013.62602740      0.0000
   2013.62605594      0.0000
   2013.62608447      0.0000
   2013.62611301      0.0000
   2013.62614155      0.0000
   2013.62617009      0.0000
   2013.62619863      0.0000
   2013.62622717      0.0000
   2013.62625571      0.0000
   2013.62628425      0.0000
   2013.62631279      0.0000
   2013.62634132      0.0000
   2013.62636986      0.0000
   2013.62639840      0.0001
   2013.62642694      0.0001
   2013.62645548      0.0002
   2013.62648402      0.0004
   2013.62651256      0.0005
   2013.62654110      0.0006
   2013.62656963      0.0007
   2013.62659817      0.0007
   2013.62662671      0.0008
   2013.62665525      0.0009
   2013.62668379      0.0010
   2013.62671233      0.0011
   2013.62674087      0.0011
   2013.62676941      0.0012
   2013.62679795      0.0037
   2013.62682648      0.0182
   2013.62685502      0.0324
   2013.62688356      0.0406
   2013.62691210      0.0496
   2013.62694064      0.0599
   2013.62696918      0.0722
   2013.62699772      0.0861
   2013.62702626      0.1022
   2013.62705479      0.1190
   2013.62708333      0.1358
   2013.62711187      0.1513
   2013.62714041      0.1660
   2013.62716895      0.1806
   2013.62719749      0.1956
   2013.62722603      0.2125
   2013.62725457      0.2330
   2013.62728311      0.2583
   2013.62731164      0.2879
   2013.62734018      0.3179
   2013.62736872      0.3433
   2013.62739726      0.3603
   2013.62742580      0.3679
   2013.62745434      0.3669
   2013.62748288      0.3592
   2013.62751142      0.3468
   2013.62753995      0.3315
   2013.62756849      0.3146
   2013.62759703      0.2970
   2013.62762557      0.2794
   2013.62765411      0.2622
   2013.62768265      0.2456
   2013.62771119      0.2296
   2013.62773973      0.2143
   2013.62776826      0.1999
   2013.62779680      0.1863
   2013.62782534      0.1737
   2013.62785388      0.1619
   2013.62788242      0.1509
   2013.62791096      0.1407
   2013.62793950      0.1313
   2013.62796804      0.1224
   2013.62799658      0.1143
   2013.62802511      0.1067
