   2013.62465753      0.0000
   2013.62468607      0.0000
   2013.62471461      0.0000
   2013.62474315      0.0000
   2013.62477169      0.0000
   2013.62480023      0.0000
   2013.62482877      0.0000
   2013.62485731      0.0000
   2013.62488584      0.0000
   2013.62491438      0.0010
   2013.62494292      0.0031
   2013.62497146      0.0047
   2013.62500000      0.0086
   2013.62502854      0.0493
   2013.62505708      0.1154
   2013.62508562      0.2447
   2013.62511416      0.5543
   2013.62514269      1.1872
   2013.62517123      2.1545
   2013.62519977      3.4727
   2013.62522831      5.2299
   2013.62525685      7.5227
   2013.62528539      9.0608
   2013.62531393      9.2427
   2013.62534247      9.0135
   2013.62537100      8.3103
   2013.62539954      7.8054
   2013.62542808      6.8845
   2013.62545662      5.7017
   2013.62548516      5.7799
   2013.62551370      4.7500
   2013.62554224      4.5541
   2013.62557078      3.7374
   2013.62559932      3.5542
   2013.62562785      3.2717
   2013.62565639      2.9895
   2013.62568493      2.7759
   2013.62571347      2.6353
   2013.62574201      2.4557
   2013.62577055      2.2999
   2013.62579909      2.2568
   2013.62582763      2.1830
   2013.62585616      2.1029
   2013.62588470      2.0282
   2013.62591324      2.0662
   2013.62594178      2.0681
   2013.62597032      2.0552
   2013.62599886      2.0369
   2013.62602740      2.1305
   2013.62605594      2.1856
   2013.62608447      2.2114
   2013.62611301      2.2238
   2013.62614155      2.3538
   2013.62617009      2.4406
   2013.62619863      2.4500
   2013.62622717      2.5089
   2013.62625571      2.6580
   2013.62628425      2.7569
   2013.62631279      2.7619
   2013.62634132      2.8229
   2013.62636986      2.8339
   2013.62639840      3.0900
   2013.62642694      3.0900
   2013.62645548      3.0964
   2013.62648402      3.1230
   2013.62651256      3.4044
   2013.62654110      3.3928
   2013.62656963      3.4407
   2013.62659817      3.6276
   2013.62662671      3.6568
   2013.62665525      3.6874
   2013.62668379      3.6306
   2013.62671233      3.7748
   2013.62674087      3.8667
   2013.62676941      3.8771
   2013.62679795      3.8677
   2013.62682648      3.9892
   2013.62685502      3.9993
   2013.62688356      3.9824
   2013.62691210      3.9473
   2013.62694064      4.0321
   2013.62696918      4.0329
   2013.62699772      3.9878
   2013.62702626      3.9367
   2013.62705479      3.9212
   2013.62708333      3.9864
   2013.62711187      3.9165
   2013.62714041      3.7770
   2013.62716895      3.8584
   2013.62719749      3.8711
   2013.62722603      3.7188
   2013.62725457      3.6856
   2013.62728311      3.5406
   2013.62731164      3.6200
   2013.62734018      3.5622
   2013.62736872      3.5255
   2013.62739726      3.2495
   2013.62742580      3.4253
   2013.62745434      3.3716
   2013.62748288      3.4535
   2013.62751142      3.0925
   2013.62753995      3.2025
   2013.62756849      3.1867
   2013.62759703      3.0406
   2013.62762557      2.9439
   2013.62765411      2.9648
   2013.62768265      2.9295
   2013.62771119      2.8308
   2013.62773973      2.8295
   2013.62776826      2.7488
   2013.62779680      2.7135
   2013.62782534      2.6300
   2013.62785388      2.6408
   2013.62788242      2.5587
   2013.62791096      2.5232
   2013.62793950      2.4526
   2013.62796804      2.4629
   2013.62799658      2.4257
   2013.62802511      2.3604
   2013.62805365      2.3012
   2013.62808219      2.3158
   2013.62811073      2.2833
   2013.62813927      2.2330
   2013.62816781      2.1827
   2013.62819635      2.2065
   2013.62822489      2.1856
   2013.62825342      2.1472
   2013.62828196      2.1058
   2013.62831050      2.1424
   2013.62833904      2.1358
   2013.62836758      2.1097
   2013.62839612      2.0765
   2013.62842466      2.1308
   2013.62845320      2.1451
   2013.62848174      2.1263
   2013.62851027      2.1028
   2013.62853881      2.1777
   2013.62856735      2.2087
   2013.62859589      2.2057
   2013.62862443      2.1957
   2013.62865297      2.2872
   2013.62868151      2.3386
   2013.62871005      2.3494
   2013.62873858      2.3472
   2013.62876712      2.4565
   2013.62879566      2.5245
   2013.62882420      2.5690
   2013.62885274      2.5525
   2013.62888128      2.6807
   2013.62890982      2.7633
   2013.62893836      2.7556
   2013.62896689      2.9976
   2013.62899543      2.8298
   2013.62902397      3.0473
   2013.62905251      3.0381
   2013.62908105      3.0830
   2013.62910959      3.0834
   2013.62913813      3.3391
   2013.62916667      3.3281
   2013.62919521      3.3775
   2013.62922374      3.5658
   2013.62925228      3.6087
   2013.62928082      3.6523
   2013.62930936      3.6092
   2013.62933790      3.7591
   2013.62936644      3.8623
   2013.62939498      3.8883
   2013.62942352      3.8854
   2013.62945205      3.8752
   2013.62948059      4.2418
   2013.62950913      4.2097
   2013.62953767      4.0830
   2013.62956621      3.7934
   2013.62959475      3.9000
   2013.62962329      4.0112
   2013.62965183      4.2722
   2013.62968037      4.3900
   2013.62970890      4.2428
   2013.62973744      3.9446
   2013.62976598      3.7836
   2013.62979452      3.5820
   2013.62982306      3.4839
   2013.62985160      3.5486
   2013.62988014      3.5376
   2013.62990868      3.6883
   2013.62993721      3.6074
   2013.62996575      3.2347
   2013.62999429      3.0351
   2013.63002283      2.8470
   2013.63005137      2.6996
   2013.63007991      2.5416
   2013.63010845      2.4728
   2013.63013699      2.3845
   2013.63016553      2.2724
   2013.63019406      2.1425
   2013.63022260      2.0045
   2013.63025114      1.8603
   2013.63027968      1.7264
   2013.63030822      1.6124
   2013.63033676      1.5120
   2013.63036530      1.4210
   2013.63039384      1.3352
   2013.63042237      1.2531
   2013.63045091      1.1736
   2013.63047945      1.0959
   2013.63050799      1.0252
   2013.63053653      0.9541
   2013.63056507      0.8911
   2013.63059361      0.8294
   2013.63062215      0.7696
   2013.63065068      0.7131
   2013.63067922      0.6613
   2013.63070776      0.6142
   2013.63073630      0.5709
   2013.63076484      0.5309
   2013.63079338      0.4942
   2013.63082192      0.4606
   2013.63085046      0.4295
   2013.63087900      0.4007
   2013.63090753      0.3739
   2013.63093607      0.3490
   2013.63096461      0.3258
   2013.63099315      0.3042
   2013.63102169      0.2842
   2013.63105023      0.2656
   2013.63107877      0.2483
   2013.63110731      0.2322
   2013.63113584      0.2170
   2013.63116438      0.2030
   2013.63119292      0.1899
   2013.63122146      0.1777
   2013.63125000      0.1664
   2013.63127854      0.1559
   2013.63130708      0.1462
   2013.63133562      0.1371
   2013.63136416      0.1287
   2013.63139269      0.1208
   2013.63142123      0.1134
   2013.63144977      0.1065
   2013.63147831      0.1001
