   2013.62465753      0.0000
   2013.62468607      0.0000
   2013.62471461      0.0000
   2013.62474315      0.0000
   2013.62477169      0.0000
   2013.62480023      0.0000
   2013.62482877      0.0000
   2013.62485731      0.0000
   2013.62488584      0.0000
   2013.62491438      0.0000
   2013.62494292      0.0000
   2013.62497146      0.0000
   2013.62500000      0.0000
   2013.62502854      0.0000
   2013.62505708      0.0000
   2013.62508562      0.0000
   2013.62511416      0.0000
   2013.62514269      0.0371
   2013.62517123      0.1064
   2013.62519977      0.2145
   2013.62522831      0.5434
   2013.62525685      1.2628
   2013.62528539      2.4537
   2013.62531393      4.4338
   2013.62534247      7.7150
   2013.62537100     12.0823
   2013.62539954     14.5596
   2013.62542808     15.7037
   2013.62545662     16.3816
   2013.62548516     16.4198
   2013.62551370     16.6325
   2013.62554224     16.7030
   2013.62557078     16.9686
   2013.62559932     16.8838
   2013.62562785     17.0497
   2013.62565639     17.0951
   2013.62568493     17.4149
   2013.62571347     17.2797
   2013.62574201     16.9398
   2013.62577055     16.2831
   2013.62579909     15.2231
   2013.62582763     14.9473
   2013.62585616     14.2962
   2013.62588470     12.8924
   2013.62591324     11.5447
   2013.62594178     11.4405
   2013.62597032     10.7418
   2013.62599886      9.8359
   2013.62602740      9.0804
   2013.62605594      9.2028
   2013.62608447      8.8802
   2013.62611301      8.7243
   2013.62614155      8.8325
   2013.62617009      9.1879
   2013.62619863      9.3741
   2013.62622717      9.7463
   2013.62625571      9.4977
   2013.62628425     10.3882
   2013.62631279     10.6035
   2013.62634132     10.6132
   2013.62636986     10.4717
   2013.62639840     11.3093
   2013.62642694     11.4084
   2013.62645548     11.2958
   2013.62648402     11.1636
   2013.62651256     12.2296
   2013.62654110     12.9371
   2013.62656963     13.6809
   2013.62659817     13.9332
   2013.62662671     14.0901
   2013.62665525     13.6550
   2013.62668379     12.6243
   2013.62671233     10.9290
   2013.62674087      9.4550
   2013.62676941      8.9934
   2013.62679795      7.5757
   2013.62682648      6.4511
   2013.62685502      6.2888
   2013.62688356      5.4251
   2013.62691210      5.5573
   2013.62694064      4.8070
   2013.62696918      4.6226
   2013.62699772      3.8620
   2013.62702626      3.4049
   2013.62705479      3.0066
   2013.62708333      2.7757
   2013.62711187      2.4323
   2013.62714041      2.0507
   2013.62716895      1.8317
   2013.62719749      1.6267
   2013.62722603      1.4459
   2013.62725457      1.3125
   2013.62728311      1.1586
   2013.62731164      1.0274
   2013.62734018      0.9359
   2013.62736872      0.8438
   2013.62739726      0.7601
   2013.62742580      0.6852
   2013.62745434      0.6193
   2013.62748288      0.5611
   2013.62751142      0.5095
   2013.62753995      0.4640
   2013.62756849      0.4236
   2013.62759703      0.3876
   2013.62762557      0.3554
   2013.62765411      0.3264
   2013.62768265      0.3002
   2013.62771119      0.2766
   2013.62773973      0.2551
   2013.62776826      0.2354
   2013.62779680      0.2173
   2013.62782534      0.2008
   2013.62785388      0.1858
   2013.62788242      0.1720
   2013.62791096      0.1595
   2013.62793950      0.1480
   2013.62796804      0.1375
   2013.62799658      0.1278
   2013.62802511      0.1189
   2013.62805365      0.1107
   2013.62808219      0.1032
