   2013.62465753      0.0000
   2013.62468607      0.0000
   2013.62471461      0.0000
   2013.62474315      0.0000
   2013.62477169      0.0000
   2013.62480023      0.0000
   2013.62482877      0.0000
   2013.62485731      0.0000
   2013.62488584      0.0000
   2013.62491438      0.0000
   2013.62494292      0.0000
   2013.62497146      0.0000
   2013.62500000      0.0000
   2013.62502854      0.0000
   2013.62505708      0.0000
   2013.62508562      0.0000
   2013.62511416      0.0000
   2013.62514269      0.0000
   2013.62517123      0.0000
   2013.62519977      0.0000
   2013.62522831      0.0000
   2013.62525685      0.0000
   2013.62528539      0.0000
   2013.62531393      0.0000
   2013.62534247      0.0000
   2013.62537100      0.1709
   2013.62539954      0.3526
   2013.62542808      1.1030
   2013.62545662      2.6548
   2013.62548516      4.9885
   2013.62551370      9.9363
   2013.62554224     15.0799
   2013.62557078     15.9112
   2013.62559932     14.3763
   2013.62562785     12.4363
   2013.62565639     10.7928
   2013.62568493      9.1888
   2013.62571347      7.9415
   2013.62574201      6.9624
   2013.62577055      6.3109
   2013.62579909      5.1630
   2013.62582763      4.8734
   2013.62585616      3.9391
   2013.62588470      3.5578
   2013.62591324      3.1063
   2013.62594178      2.7445
   2013.62597032      2.5462
   2013.62599886      2.2577
   2013.62602740      1.9273
   2013.62605594      1.7411
   2013.62608447      1.5617
   2013.62611301      1.4003
   2013.62614155      1.2825
   2013.62617009      1.1376
   2013.62619863      1.0131
   2013.62622717      0.9269
   2013.62625571      0.8384
   2013.62628425      0.7569
   2013.62631279      0.6833
   2013.62634132      0.6181
   2013.62636986      0.5599
   2013.62639840      0.5082
   2013.62642694      0.4625
   2013.62645548      0.4219
   2013.62648402      0.3857
   2013.62651256      0.3532
   2013.62654110      0.3240
   2013.62656963      0.2976
   2013.62659817      0.2737
   2013.62662671      0.2521
   2013.62665525      0.2323
   2013.62668379      0.2141
   2013.62671233      0.1975
   2013.62674087      0.1825
   2013.62676941      0.1687
   2013.62679795      0.1562
   2013.62682648      0.1447
   2013.62685502      0.1343
   2013.62688356      0.1247
   2013.62691210      0.1158
   2013.62694064      0.1076
   2013.62696918      0.1001
