   2013.62465753      0.0000
   2013.62468607      0.0000
   2013.62471461      0.0000
   2013.62474315      0.0000
   2013.62477169      0.0000
   2013.62480023      0.0000
   2013.62482877      0.0000
   2013.62485731      0.0000
   2013.62488584      0.0000
   2013.62491438      0.0000
   2013.62494292      0.0000
   2013.62497146      0.0000
   2013.62500000      0.0000
   2013.62502854      0.0000
   2013.62505708      0.0000
   2013.62508562      0.0000
   2013.62511416      0.0000
   2013.62514269      0.0000
   2013.62517123      0.0000
   2013.62519977      0.0000
   2013.62522831      0.0000
   2013.62525685      0.0000
   2013.62528539      0.0000
   2013.62531393      0.0000
   2013.62534247      0.0000
   2013.62537100      0.0000
   2013.62539954      0.0000
   2013.62542808      0.0000
   2013.62545662      0.0000
   2013.62548516      0.0000
   2013.62551370      0.0000
   2013.62554224      0.0000
   2013.62557078      0.0000
   2013.62559932      0.0000
   2013.62562785      0.0000
   2013.62565639      0.0000
   2013.62568493      0.0000
   2013.62571347      0.0000
   2013.62574201      0.0000
   2013.62577055      0.0000
   2013.62579909      0.0000
   2013.62582763      0.0000
   2013.62585616      0.0000
   2013.62588470      0.0000
   2013.62591324      0.0000
   2013.62594178      0.0000
   2013.62597032      0.0000
   2013.62599886      0.0000
   2013.62602740      0.0000
   2013.62605594      0.0000
   2013.62608447      0.0000
   2013.62611301      0.0000
   2013.62614155      0.0000
   2013.62617009      0.0000
   2013.62619863      0.0000
   2013.62622717      0.0000
   2013.62625571      0.0000
   2013.62628425      0.0000
   2013.62631279      0.0000
   2013.62634132      0.0000
   2013.62636986      0.0000
   2013.62639840      0.0000
   2013.62642694      0.0000
   2013.62645548      0.0000
   2013.62648402      0.0000
   2013.62651256      0.0000
   2013.62654110      0.0000
   2013.62656963      0.0000
   2013.62659817      0.0000
   2013.62662671      0.0000
   2013.62665525      0.0000
   2013.62668379      0.0000
   2013.62671233      0.0000
   2013.62674087      0.0000
   2013.62676941      0.0000
   2013.62679795      0.0000
   2013.62682648      0.0000
   2013.62685502      0.0725
   2013.62688356      0.1840
   2013.62691210      0.4964
   2013.62694064      1.5287
   2013.62696918      3.5722
   2013.62699772      7.1542
   2013.62702626     13.6444
   2013.62705479     19.6680
   2013.62708333     23.1593
   2013.62711187     22.3100
   2013.62714041     20.3826
   2013.62716895     17.6824
   2013.62719749     15.9361
   2013.62722603     13.7384
   2013.62725457     11.9087
   2013.62728311     10.1610
   2013.62731164      8.8291
   2013.62734018      7.8199
   2013.62736872      6.7208
   2013.62739726      5.5249
   2013.62742580      4.9488
   2013.62745434      4.7363
   2013.62748288      3.9095
   2013.62751142      3.5310
   2013.62753995      3.1139
   2013.62756849      2.8010
   2013.62759703      2.5237
   2013.62762557      2.2814
   2013.62765411      2.0718
   2013.62768265      1.8774
   2013.62771119      1.7179
   2013.62773973      1.5797
   2013.62776826      1.4572
   2013.62779680      1.3466
   2013.62782534      1.2456
   2013.62785388      1.1743
   2013.62788242      1.0796
   2013.62791096      0.9833
   2013.62793950      0.9343
   2013.62796804      0.8740
   2013.62799658      0.8153
   2013.62802511      0.7606
   2013.62805365      0.7098
   2013.62808219      0.6638
   2013.62811073      0.6226
   2013.62813927      0.5852
   2013.62816781      0.5511
   2013.62819635      0.5198
   2013.62822489      0.4909
   2013.62825342      0.4643
   2013.62828196      0.4394
   2013.62831050      0.4162
   2013.62833904      0.3945
   2013.62836758      0.3742
   2013.62839612      0.3553
   2013.62842466      0.3376
   2013.62845320      0.3211
   2013.62848174      0.3056
   2013.62851027      0.2912
   2013.62853881      0.2809
   2013.62856735      0.2689
   2013.62859589      0.2571
   2013.62862443      0.2460
   2013.62865297      0.2430
   2013.62868151      0.2348
   2013.62871005      0.2258
   2013.62873858      0.2176
   2013.62876712      0.2211
   2013.62879566      0.2172
   2013.62882420      0.2123
   2013.62885274      0.2082
   2013.62888128      0.2203
   2013.62890982      0.2230
   2013.62893836      0.2245
   2013.62896689      0.2278
   2013.62899543      0.2521
   2013.62902397      0.2657
   2013.62905251      0.2784
   2013.62908105      0.2942
   2013.62910959      0.3373
   2013.62913813      0.3682
   2013.62916667      0.4101
   2013.62919521      0.4500
   2013.62922374      0.5347
   2013.62925228      0.6106
   2013.62928082      0.6826
   2013.62930936      0.7927
   2013.62933790      0.9495
   2013.62936644      1.1258
   2013.62939498      1.3537
   2013.62942352      1.6085
   2013.62945205      1.9070
   2013.62948059      2.1584
   2013.62950913      2.3186
   2013.62953767      2.4216
   2013.62956621      2.4883
   2013.62959475      2.6353
   2013.62962329      2.7382
   2013.62965183      2.7358
   2013.62968037      2.6934
   2013.62970890      2.8085
   2013.62973744      2.8296
   2013.62976598      2.8020
   2013.62979452      2.7053
   2013.62982306      2.7844
   2013.62985160      2.7677
   2013.62988014      2.7117
   2013.62990868      2.6946
   2013.62993721      2.6490
   2013.62996575      2.5819
   2013.62999429      2.5138
   2013.63002283      2.4665
   2013.63005137      2.3921
   2013.63007991      2.3166
   2013.63010845      2.2330
   2013.63013699      2.1700
   2013.63016553      2.0841
   2013.63019406      1.9625
   2013.63022260      1.8885
   2013.63025114      1.8068
   2013.63027968      1.7266
   2013.63030822      1.6463
   2013.63033676      1.5711
   2013.63036530      1.4838
   2013.63039384      1.4107
   2013.63042237      1.3406
   2013.63045091      1.2727
   2013.63047945      1.2059
   2013.63050799      1.1999
   2013.63053653      1.0913
   2013.63056507      1.0257
   2013.63059361      0.9502
   2013.63062215      0.9138
   2013.63065068      0.8651
   2013.63067922      0.8160
   2013.63070776      0.7687
   2013.63073630      0.7236
   2013.63076484      0.6817
   2013.63079338      0.6435
   2013.63082192      0.6085
   2013.63085046      0.5759
   2013.63087900      0.5454
   2013.63090753      0.5169
   2013.63093607      0.4903
   2013.63096461      0.4653
   2013.63099315      0.4419
   2013.63102169      0.4197
   2013.63105023      0.3989
   2013.63107877      0.3792
   2013.63110731      0.3607
   2013.63113584      0.3433
   2013.63116438      0.3270
   2013.63119292      0.3117
   2013.63122146      0.2973
   2013.63125000      0.2838
   2013.63127854      0.2711
   2013.63130708      0.2591
   2013.63133562      0.2478
   2013.63136416      0.2371
   2013.63139269      0.2268
   2013.63142123      0.2171
   2013.63144977      0.2079
   2013.63147831      0.1992
   2013.63150685      0.1910
   2013.63153539      0.1833
   2013.63156393      0.1760
   2013.63159247      0.1690
   2013.63162100      0.1624
   2013.63164954      0.1561
   2013.63167808      0.1502
   2013.63170662      0.1445
   2013.63173516      0.1391
   2013.63176370      0.1340
   2013.63179224      0.1292
   2013.63182078      0.1245
   2013.63184932      0.1202
   2013.63187785      0.1160
   2013.63190639      0.1120
   2013.63193493      0.1082
   2013.63196347      0.1046
   2013.63199201      0.1011
