   2013.62465753      0.0000
   2013.62468607      0.0000
   2013.62471461      0.0000
   2013.62474315      0.0000
   2013.62477169      0.0000
   2013.62480023      0.0000
   2013.62482877      0.0000
   2013.62485731      0.0000
   2013.62488584      0.0000
   2013.62491438      0.0000
   2013.62494292      0.0000
   2013.62497146      0.0000
   2013.62500000      0.0000
   2013.62502854      0.0000
   2013.62505708      0.0000
   2013.62508562      0.0000
   2013.62511416      0.0000
   2013.62514269      0.0000
   2013.62517123      0.0000
   2013.62519977      0.0000
   2013.62522831      0.0000
   2013.62525685      0.0000
   2013.62528539      0.0000
   2013.62531393      0.0000
   2013.62534247      0.0000
   2013.62537100      0.0000
   2013.62539954      0.0000
   2013.62542808      0.0000
   2013.62545662      0.0000
   2013.62548516      0.0000
   2013.62551370      0.0000
   2013.62554224      0.0000
   2013.62557078      0.0000
   2013.62559932      0.0000
   2013.62562785      0.0000
   2013.62565639      0.0000
   2013.62568493      0.0000
   2013.62571347      0.0000
   2013.62574201      0.0000
   2013.62577055      0.0000
   2013.62579909      0.0000
   2013.62582763      0.0000
   2013.62585616      0.0000
   2013.62588470      0.0000
   2013.62591324      0.0000
   2013.62594178      0.0000
   2013.62597032      0.0000
   2013.62599886      0.0000
   2013.62602740      0.0000
   2013.62605594      0.0000
   2013.62608447      0.0000
   2013.62611301      0.0000
   2013.62614155      0.0000
   2013.62617009      0.0000
   2013.62619863      0.0000
   2013.62622717      0.0000
   2013.62625571      0.0000
   2013.62628425      0.0000
   2013.62631279      0.0000
   2013.62634132      0.0000
   2013.62636986      0.0000
   2013.62639840      0.0000
   2013.62642694      0.0000
   2013.62645548      0.0000
   2013.62648402      0.0000
   2013.62651256      0.0000
   2013.62654110      0.0000
   2013.62656963      0.0000
   2013.62659817      0.0000
   2013.62662671      0.0000
   2013.62665525      0.0000
   2013.62668379      0.0000
   2013.62671233      0.0000
   2013.62674087      0.0000
   2013.62676941      0.0000
   2013.62679795      0.0000
   2013.62682648      0.0000
   2013.62685502      0.0000
   2013.62688356      0.0000
   2013.62691210      0.0000
   2013.62694064      0.0000
   2013.62696918      1.4770
   2013.62699772      8.3351
   2013.62702626     18.8769
   2013.62705479     42.3849
   2013.62708333     47.9450
   2013.62711187     40.0866
   2013.62714041     30.2076
   2013.62716895     22.1894
   2013.62719749     17.9038
   2013.62722603     14.8036
   2013.62725457     12.0166
   2013.62728311     10.0091
   2013.62731164      8.6136
   2013.62734018      7.7915
   2013.62736872      6.9636
   2013.62739726      5.3237
   2013.62742580      5.2412
   2013.62745434      4.5639
   2013.62748288      4.5443
   2013.62751142      3.6208
   2013.62753995      3.5831
   2013.62756849      3.3575
   2013.62759703      3.1365
   2013.62762557      3.0257
   2013.62765411      2.8924
   2013.62768265      2.7234
   2013.62771119      2.5925
   2013.62773973      2.5473
   2013.62776826      2.4408
   2013.62779680      2.3465
   2013.62782534      2.2449
   2013.62785388      2.1772
   2013.62788242      2.1423
   2013.62791096      2.0714
   2013.62793950      1.9489
   2013.62796804      1.9371
   2013.62799658      1.9127
   2013.62802511      1.8565
   2013.62805365      1.7531
   2013.62808219      1.7482
   2013.62811073      1.7335
   2013.62813927      1.6895
   2013.62816781      1.6336
   2013.62819635      1.6355
   2013.62822489      1.6023
   2013.62825342      1.5691
   2013.62828196      1.5289
   2013.62831050      1.5404
   2013.62833904      1.5255
   2013.62836758      1.5079
   2013.62839612      1.4814
   2013.62842466      1.5131
   2013.62845320      1.5163
   2013.62848174      1.5173
   2013.62851027      1.5047
   2013.62853881      1.5636
   2013.62856735      1.5937
   2013.62859589      1.6149
   2013.62862443      1.6213
   2013.62865297      1.7080
   2013.62868151      1.7685
   2013.62871005      1.8097
   2013.62873858      1.8340
   2013.62876712      2.0136
   2013.62879566      2.1834
   2013.62882420      2.3596
   2013.62885274      2.4228
   2013.62888128      2.3096
   2013.62890982      2.3799
   2013.62893836      2.3057
   2013.62896689      2.3853
   2013.62899543      2.5953
   2013.62902397      2.8272
   2013.62905251      3.2416
   2013.62908105      3.1144
   2013.62910959      3.2030
   2013.62913813      3.1486
   2013.62916667      3.0009
   2013.62919521      2.8145
   2013.62922374      2.6396
   2013.62925228      2.5184
   2013.62928082      2.4778
   2013.62930936      2.4923
   2013.62933790      2.4642
   2013.62936644      2.4481
   2013.62939498      2.3769
   2013.62942352      2.3508
   2013.62945205      2.1522
   2013.62948059      1.9778
   2013.62950913      1.7322
   2013.62953767      1.5884
   2013.62956621      1.4425
   2013.62959475      1.3095
   2013.62962329      1.1861
   2013.62965183      1.0859
   2013.62968037      0.9940
   2013.62970890      0.9141
   2013.62973744      0.8406
   2013.62976598      0.7714
   2013.62979452      0.7075
   2013.62982306      0.6497
   2013.62985160      0.5979
   2013.62988014      0.5506
   2013.62990868      0.5077
   2013.62993721      0.4689
   2013.62996575      0.4336
   2013.62999429      0.4013
   2013.63002283      0.3717
   2013.63005137      0.3445
   2013.63007991      0.3194
   2013.63010845      0.2964
   2013.63013699      0.2753
   2013.63016553      0.2559
   2013.63019406      0.2379
   2013.63022260      0.2211
   2013.63025114      0.2056
   2013.63027968      0.1912
   2013.63030822      0.1780
   2013.63033676      0.1658
   2013.63036530      0.1546
   2013.63039384      0.1442
   2013.63042237      0.1346
   2013.63045091      0.1257
   2013.63047945      0.1174
   2013.63050799      0.1097
   2013.63053653      0.1026
