   2013.62465753      0.0000
   2013.62468607      0.0000
   2013.62471461      0.0000
   2013.62474315      0.0000
   2013.62477169      0.0000
   2013.62480023      0.0000
   2013.62482877      0.0000
   2013.62485731      0.0000
   2013.62488584      0.0000
   2013.62491438      0.0000
   2013.62494292      0.0000
   2013.62497146      0.0000
   2013.62500000      0.0000
   2013.62502854      0.0050
   2013.62505708      0.0051
   2013.62508562      0.0213
   2013.62511416      0.0801
   2013.62514269      0.1583
   2013.62517123      0.3154
   2013.62519977      0.6308
   2013.62522831      1.2309
   2013.62525685      2.2163
   2013.62528539      3.6973
   2013.62531393      6.0448
   2013.62534247      8.7874
   2013.62537100     10.8155
   2013.62539954     11.5005
   2013.62542808     11.6549
   2013.62545662     11.2526
   2013.62548516     11.2682
   2013.62551370     10.7884
   2013.62554224     10.2086
   2013.62557078      9.2340
   2013.62559932      9.0826
   2013.62562785      8.4758
   2013.62565639      7.8259
   2013.62568493      7.6477
   2013.62571347      7.6903
   2013.62574201      7.8982
   2013.62577055      8.0315
   2013.62579909      7.8719
   2013.62582763      7.6768
   2013.62585616      6.9880
   2013.62588470      6.3272
   2013.62591324      5.5671
   2013.62594178      5.2015
   2013.62597032      5.0783
   2013.62599886      5.1403
   2013.62602740      5.5730
   2013.62605594      5.6066
   2013.62608447      5.0414
   2013.62611301      4.7734
   2013.62614155      4.3305
   2013.62617009      3.9018
   2013.62619863      3.5089
   2013.62622717      3.1784
   2013.62625571      3.0041
   2013.62628425      2.5704
   2013.62631279      2.1664
   2013.62634132      1.9307
   2013.62636986      1.7133
   2013.62639840      1.5204
   2013.62642694      1.4113
   2013.62645548      1.2134
   2013.62648402      1.0577
   2013.62651256      0.9708
   2013.62654110      0.8752
   2013.62656963      0.7864
   2013.62659817      0.7069
   2013.62662671      0.6369
   2013.62665525      0.5754
   2013.62668379      0.5208
   2013.62671233      0.4728
   2013.62674087      0.4305
   2013.62676941      0.3929
   2013.62679795      0.3593
   2013.62682648      0.3293
   2013.62685502      0.3023
   2013.62688356      0.2779
   2013.62691210      0.2559
   2013.62694064      0.2358
   2013.62696918      0.2173
   2013.62699772      0.2005
   2013.62702626      0.1852
   2013.62705479      0.1713
   2013.62708333      0.1586
   2013.62711187      0.1470
   2013.62714041      0.1364
   2013.62716895      0.1267
   2013.62719749      0.1177
   2013.62722603      0.1095
   2013.62725457      0.1019
