   2013.62465753      0.0000
   2013.62468607      0.0000
   2013.62471461      0.0000
   2013.62474315      0.0000
   2013.62477169      0.0000
   2013.62480023      0.0000
   2013.62482877      0.0000
   2013.62485731      0.0000
   2013.62488584      0.0000
   2013.62491438      0.0000
   2013.62494292      0.0000
   2013.62497146      0.0000
   2013.62500000      0.0000
   2013.62502854      0.0000
   2013.62505708      0.0000
   2013.62508562      0.0000
   2013.62511416      0.0000
   2013.62514269      0.0000
   2013.62517123      0.0000
   2013.62519977      0.0000
   2013.62522831      0.0000
   2013.62525685      0.0000
   2013.62528539      0.0000
   2013.62531393      0.0000
   2013.62534247      0.0000
   2013.62537100      0.0000
   2013.62539954      0.0000
   2013.62542808      0.0000
   2013.62545662      0.0000
   2013.62548516      0.0000
   2013.62551370      0.0000
   2013.62554224      0.0000
   2013.62557078      0.0000
   2013.62559932      0.0000
   2013.62562785      0.0000
   2013.62565639      0.0000
   2013.62568493      0.0000
   2013.62571347      0.0000
   2013.62574201      0.0000
   2013.62577055      0.0000
   2013.62579909      0.0000
   2013.62582763      0.0000
   2013.62585616      0.0000
   2013.62588470      0.0000
   2013.62591324      0.0000
   2013.62594178      1.0421
   2013.62597032      5.5817
   2013.62599886     12.9500
   2013.62602740     29.7486
   2013.62605594     42.3130
   2013.62608447     39.9589
   2013.62611301     31.3384
   2013.62614155     25.3735
   2013.62617009     22.0214
   2013.62619863     19.6530
   2013.62622717     17.8278
   2013.62625571     16.2891
   2013.62628425     16.5602
   2013.62631279     16.1141
   2013.62634132     16.0320
   2013.62636986     15.7700
   2013.62639840     16.8344
   2013.62642694     16.9366
   2013.62645548     17.1434
   2013.62648402     17.0065
   2013.62651256     18.3007
   2013.62654110     18.2430
   2013.62656963     18.3881
   2013.62659817     18.1447
   2013.62662671     18.8220
   2013.62665525     19.2425
   2013.62668379     19.2899
   2013.62671233     18.9926
   2013.62674087     20.0003
   2013.62676941     20.4786
   2013.62679795     20.2372
   2013.62682648     18.6504
   2013.62685502     19.4225
   2013.62688356     18.6169
   2013.62691210     16.6228
   2013.62694064     14.6670
   2013.62696918     13.2738
   2013.62699772     11.9634
   2013.62702626     12.4474
   2013.62705479     12.8271
   2013.62708333     13.2405
   2013.62711187     12.9581
   2013.62714041     12.3114
   2013.62716895     10.8859
   2013.62719749      9.5196
   2013.62722603      8.2535
   2013.62725457      7.7720
   2013.62728311      7.0251
   2013.62731164      6.8013
   2013.62734018      5.7902
   2013.62736872      5.8780
   2013.62739726      4.9924
   2013.62742580      4.8996
   2013.62745434      3.9767
   2013.62748288      3.4904
   2013.62751142      3.0706
   2013.62753995      2.8312
   2013.62756849      2.4700
   2013.62759703      2.0772
   2013.62762557      1.8501
   2013.62765411      1.6399
   2013.62768265      1.4552
   2013.62771119      1.3200
   2013.62773973      1.1629
   2013.62776826      1.0296
   2013.62779680      0.9375
   2013.62782534      0.8448
   2013.62785388      0.7605
   2013.62788242      0.6853
   2013.62791096      0.6193
   2013.62793950      0.5609
   2013.62796804      0.5093
   2013.62799658      0.4638
   2013.62802511      0.4235
   2013.62805365      0.3877
   2013.62808219      0.3555
   2013.62811073      0.3266
   2013.62813927      0.3006
   2013.62816781      0.2770
   2013.62819635      0.2556
   2013.62822489      0.2359
   2013.62825342      0.2179
   2013.62828196      0.2014
   2013.62831050      0.1864
   2013.62833904      0.1726
   2013.62836758      0.1600
   2013.62839612      0.1485
   2013.62842466      0.1379
   2013.62845320      0.1281
   2013.62848174      0.1191
   2013.62851027      0.1108
   2013.62853881      0.1032
