   2013.62465753      0.0000
   2013.62468607      0.0000
   2013.62471461      0.0000
   2013.62474315      0.0000
   2013.62477169      0.0000
   2013.62480023      0.0000
   2013.62482877      0.0000
   2013.62485731      0.0000
   2013.62488584      0.0000
   2013.62491438      0.0000
   2013.62494292      0.0000
   2013.62497146      0.0000
   2013.62500000      0.0000
   2013.62502854      0.0000
   2013.62505708      0.0000
   2013.62508562      0.0000
   2013.62511416      0.0000
   2013.62514269      0.0000
   2013.62517123      0.0000
   2013.62519977      0.0000
   2013.62522831      0.0000
   2013.62525685      0.0000
   2013.62528539      0.0000
   2013.62531393      0.0000
   2013.62534247      0.0000
   2013.62537100      0.0000
   2013.62539954      0.0000
   2013.62542808      0.0000
   2013.62545662      0.0000
   2013.62548516      0.0000
   2013.62551370      0.0000
   2013.62554224      0.0000
   2013.62557078      0.0000
   2013.62559932      0.0000
   2013.62562785      0.0000
   2013.62565639      0.0000
   2013.62568493      0.0000
   2013.62571347      0.0000
   2013.62574201      0.0000
   2013.62577055      0.0000
   2013.62579909      0.0000
   2013.62582763      0.0000
   2013.62585616      0.0000
   2013.62588470      0.0000
   2013.62591324      0.0000
   2013.62594178      0.0000
   2013.62597032      0.0000
   2013.62599886      0.0000
   2013.62602740      0.0000
   2013.62605594      0.0020
   2013.62608447      0.0039
   2013.62611301      0.0055
   2013.62614155      0.0096
   2013.62617009      0.0668
   2013.62619863      0.1346
   2013.62622717      0.2966
   2013.62625571      0.6368
   2013.62628425      1.2737
   2013.62631279      2.3485
   2013.62634132      3.8881
   2013.62636986      6.2604
   2013.62639840      8.4495
   2013.62642694      9.8198
   2013.62645548     10.0003
   2013.62648402      9.4818
   2013.62651256      8.8183
   2013.62654110      8.2632
   2013.62656963      7.1904
   2013.62659817      6.8535
   2013.62662671      5.5024
   2013.62665525      4.8581
   2013.62668379      4.5668
   2013.62671233      3.8275
   2013.62674087      3.3510
   2013.62676941      2.9948
   2013.62679795      2.6658
   2013.62682648      2.3912
   2013.62685502      2.1160
   2013.62688356      1.9031
   2013.62691210      1.7198
   2013.62694064      1.5658
   2013.62696918      1.4267
   2013.62699772      1.3021
   2013.62702626      1.2087
   2013.62705479      1.1083
   2013.62708333      1.0031
   2013.62711187      0.9451
   2013.62714041      0.8779
   2013.62716895      0.8207
   2013.62719749      0.7648
   2013.62722603      0.7127
   2013.62725457      0.6672
   2013.62728311      0.6344
   2013.62731164      0.6006
   2013.62734018      0.5692
   2013.62736872      0.5417
   2013.62739726      0.5243
   2013.62742580      0.5034
   2013.62745434      0.4832
   2013.62748288      0.4655
   2013.62751142      0.4567
   2013.62753995      0.4440
   2013.62756849      0.4314
   2013.62759703      0.4206
   2013.62762557      0.4178
   2013.62765411      0.4113
   2013.62768265      0.4046
   2013.62771119      0.3993
   2013.62773973      0.4012
   2013.62776826      0.3996
   2013.62779680      0.3979
   2013.62782534      0.3975
   2013.62785388      0.4033
   2013.62788242      0.4063
   2013.62791096      0.4095
   2013.62793950      0.4140
   2013.62796804      0.4241
   2013.62799658      0.4319
   2013.62802511      0.4399
   2013.62805365      0.4490
   2013.62808219      0.4623
   2013.62811073      0.4730
   2013.62813927      0.4830
   2013.62816781      0.4926
   2013.62819635      0.5033
   2013.62822489      0.5108
   2013.62825342      0.5163
   2013.62828196      0.5202
   2013.62831050      0.5238
   2013.62833904      0.5241
   2013.62836758      0.5224
   2013.62839612      0.5191
   2013.62842466      0.5159
   2013.62845320      0.5102
   2013.62848174      0.5032
   2013.62851027      0.4953
   2013.62853881      0.4878
   2013.62856735      0.4788
   2013.62859589      0.4691
   2013.62862443      0.4590
   2013.62865297      0.4494
   2013.62868151      0.4389
   2013.62871005      0.4280
   2013.62873858      0.4171
   2013.62876712      0.4067
   2013.62879566      0.3959
   2013.62882420      0.3851
   2013.62885274      0.3743
   2013.62888128      0.3643
   2013.62890982      0.3540
   2013.62893836      0.3438
   2013.62896689      0.3338
   2013.62899543      0.3245
   2013.62902397      0.3150
   2013.62905251      0.3058
   2013.62908105      0.2967
   2013.62910959      0.2884
   2013.62913813      0.2799
   2013.62916667      0.2716
   2013.62919521      0.2636
   2013.62922374      0.2566
   2013.62925228      0.2492
   2013.62928082      0.2419
   2013.62930936      0.2348
   2013.62933790      0.2291
   2013.62936644      0.2227
   2013.62939498      0.2162
   2013.62942352      0.2100
   2013.62945205      0.2062
   2013.62948059      0.2009
   2013.62950913      0.1956
   2013.62953767      0.1905
   2013.62956621      0.1887
   2013.62959475      0.1848
   2013.62962329      0.1806
   2013.62965183      0.1766
   2013.62968037      0.1768
   2013.62970890      0.1743
   2013.62973744      0.1714
   2013.62976598      0.1688
   2013.62979452      0.1713
   2013.62982306      0.1704
   2013.62985160      0.1692
   2013.62988014      0.1682
   2013.62990868      0.1736
   2013.62993721      0.1749
   2013.62996575      0.1758
   2013.62999429      0.1770
   2013.63002283      0.1853
   2013.63005137      0.1893
   2013.63007991      0.1928
   2013.63010845      0.1966
   2013.63013699      0.2077
   2013.63016553      0.2146
   2013.63019406      0.2211
   2013.63022260      0.2284
   2013.63025114      0.2366
   2013.63027968      0.2455
   2013.63030822      0.2546
   2013.63033676      0.2639
   2013.63036530      0.2739
   2013.63039384      0.2843
   2013.63042237      0.2950
   2013.63045091      0.3056
   2013.63047945      0.3162
   2013.63050799      0.3271
   2013.63053653      0.3387
   2013.63056507      0.3512
   2013.63059361      0.3646
   2013.63062215      0.3783
   2013.63065068      0.3915
   2013.63067922      0.4036
   2013.63070776      0.4139
   2013.63073630      0.4218
   2013.63076484      0.4272
   2013.63079338      0.4299
   2013.63082192      0.4301
   2013.63085046      0.4278
   2013.63087900      0.4232
   2013.63090753      0.4166
   2013.63093607      0.4083
   2013.63096461      0.3987
   2013.63099315      0.3880
   2013.63102169      0.3765
   2013.63105023      0.3645
   2013.63107877      0.3523
   2013.63110731      0.3399
   2013.63113584      0.3276
   2013.63116438      0.3155
   2013.63119292      0.3036
   2013.63122146      0.2919
   2013.63125000      0.2807
   2013.63127854      0.2697
   2013.63130708      0.2592
   2013.63133562      0.2491
   2013.63136416      0.2393
   2013.63139269      0.2298
   2013.63142123      0.2207
   2013.63144977      0.2119
   2013.63147831      0.2035
   2013.63150685      0.1956
   2013.63153539      0.1880
   2013.63156393      0.1807
   2013.63159247      0.1738
   2013.63162100      0.1672
   2013.63164954      0.1609
   2013.63167808      0.1549
   2013.63170662      0.1491
   2013.63173516      0.1437
   2013.63176370      0.1384
   2013.63179224      0.1335
   2013.63182078      0.1287
   2013.63184932      0.1242
   2013.63187785      0.1199
   2013.63190639      0.1158
   2013.63193493      0.1118
   2013.63196347      0.1081
   2013.63199201      0.1045
   2013.63202055      0.1011
