   2013.62465753      0.0000
   2013.62468607      0.0000
   2013.62471461      0.0000
   2013.62474315      0.0000
   2013.62477169      0.0000
   2013.62480023      0.0000
   2013.62482877      0.0000
   2013.62485731      0.0000
   2013.62488584      0.0000
   2013.62491438      0.0000
   2013.62494292      0.0000
   2013.62497146      0.0000
   2013.62500000      0.0000
   2013.62502854      0.0000
   2013.62505708      0.0000
   2013.62508562      0.0000
   2013.62511416      0.0000
   2013.62514269      0.0000
   2013.62517123      0.0000
   2013.62519977      0.0000
   2013.62522831      0.0000
   2013.62525685      0.0000
   2013.62528539      0.0000
   2013.62531393      0.0000
   2013.62534247      0.0000
   2013.62537100      0.0000
   2013.62539954      0.0000
   2013.62542808      0.0000
   2013.62545662      0.0000
   2013.62548516      0.0000
   2013.62551370      0.0000
   2013.62554224      0.0000
   2013.62557078      0.0000
   2013.62559932      0.0000
   2013.62562785      0.0000
   2013.62565639      0.0000
   2013.62568493      0.0000
   2013.62571347      0.0000
   2013.62574201      0.0000
   2013.62577055      0.0000
   2013.62579909      0.0000
   2013.62582763      0.0000
   2013.62585616      0.0000
   2013.62588470      0.0000
   2013.62591324      0.0000
   2013.62594178      0.0000
   2013.62597032      0.0000
   2013.62599886      0.0000
   2013.62602740      0.0000
   2013.62605594      0.0000
   2013.62608447      0.0000
   2013.62611301      0.0000
   2013.62614155      0.0000
   2013.62617009      0.0000
   2013.62619863      0.0000
   2013.62622717      0.0000
   2013.62625571      0.0000
   2013.62628425      0.0000
   2013.62631279      0.0000
   2013.62634132      0.0000
   2013.62636986      0.0000
   2013.62639840      0.0000
   2013.62642694      0.0000
   2013.62645548      0.0000
   2013.62648402      0.0000
   2013.62651256      0.0000
   2013.62654110      0.0000
   2013.62656963      0.0000
   2013.62659817      0.0000
   2013.62662671      0.0000
   2013.62665525      0.0000
   2013.62668379      0.0000
   2013.62671233      0.0000
   2013.62674087      0.2917
   2013.62676941      0.7953
   2013.62679795      2.5591
   2013.62682648      4.9002
   2013.62685502      8.7920
   2013.62688356     15.3661
   2013.62691210     18.9417
   2013.62694064     18.2540
   2013.62696918     16.0759
   2013.62699772     14.0484
   2013.62702626     12.3632
   2013.62705479     11.0875
   2013.62708333     10.1037
   2013.62711187      9.3310
   2013.62714041      8.7161
   2013.62716895      8.3452
   2013.62719749      8.0427
   2013.62722603      7.8377
   2013.62725457      7.5349
   2013.62728311      7.2290
   2013.62731164      6.9127
   2013.62734018      6.6069
   2013.62736872      6.2548
   2013.62739726      5.7173
   2013.62742580      5.6411
   2013.62745434      5.5113
   2013.62748288      4.7433
   2013.62751142      4.4716
   2013.62753995      4.1557
   2013.62756849      4.0215
   2013.62759703      3.4816
   2013.62762557      3.1967
   2013.62765411      2.9981
   2013.62768265      2.6885
   2013.62771119      2.4580
   2013.62773973      2.2908
   2013.62776826      2.1488
   2013.62779680      1.9505
   2013.62782534      1.8076
   2013.62785388      1.6313
   2013.62788242      1.6092
   2013.62791096      1.5084
   2013.62793950      1.3934
   2013.62796804      1.3307
   2013.62799658      1.2484
   2013.62802511      1.1845
   2013.62805365      1.1634
   2013.62808219      1.0885
   2013.62811073      1.0335
   2013.62813927      0.9846
   2013.62816781      0.9249
   2013.62819635      0.9149
   2013.62822489      0.8823
   2013.62825342      0.8441
   2013.62828196      0.8085
   2013.62831050      0.7980
   2013.62833904      0.7747
   2013.62836758      0.7485
   2013.62839612      0.7258
   2013.62842466      0.7301
   2013.62845320      0.7177
   2013.62848174      0.7008
   2013.62851027      0.6869
   2013.62853881      0.7024
   2013.62856735      0.7228
   2013.62859589      0.6891
   2013.62862443      0.6885
   2013.62865297      0.7160
   2013.62868151      0.7499
   2013.62871005      0.7317
   2013.62873858      0.7392
   2013.62876712      0.7821
   2013.62879566      0.8344
   2013.62882420      0.8289
   2013.62885274      0.8541
   2013.62888128      0.9170
   2013.62890982      0.9529
   2013.62893836      1.0000
   2013.62896689      1.0443
   2013.62899543      1.1394
   2013.62902397      1.2140
   2013.62905251      1.2933
   2013.62908105      1.3587
   2013.62910959      1.4881
   2013.62913813      1.5944
   2013.62916667      1.6807
   2013.62919521      1.7440
   2013.62922374      1.8849
   2013.62925228      1.9960
   2013.62928082      2.0663
   2013.62930936      2.1170
   2013.62933790      2.2629
   2013.62936644      2.3690
   2013.62939498      2.4274
   2013.62942352      2.4527
   2013.62945205      2.5836
   2013.62948059      2.6073
   2013.62950913      2.7114
   2013.62953767      2.6955
   2013.62956621      2.8007
   2013.62959475      2.8724
   2013.62962329      2.8194
   2013.62965183      2.8269
   2013.62968037      2.8041
   2013.62970890      2.8833
   2013.62973744      2.9244
   2013.62976598      2.8587
   2013.62979452      2.8053
   2013.62982306      2.8611
   2013.62985160      2.8606
   2013.62988014      2.7942
   2013.62990868      2.7174
   2013.62993721      2.7563
   2013.62996575      2.7292
   2013.62999429      2.6551
   2013.63002283      2.6655
   2013.63005137      2.6266
   2013.63007991      2.5424
   2013.63010845      2.4694
   2013.63013699      2.4564
   2013.63016553      2.3929
   2013.63019406      2.3248
   2013.63022260      2.2444
   2013.63025114      2.1824
   2013.63027968      2.0628
   2013.63030822      1.9694
   2013.63033676      1.8753
   2013.63036530      1.7809
   2013.63039384      1.6868
   2013.63042237      1.5869
   2013.63045091      1.4982
   2013.63047945      1.4117
   2013.63050799      1.3276
   2013.63053653      1.2449
   2013.63056507      1.2187
   2013.63059361      1.0986
   2013.63062215      1.0212
   2013.63065068      0.9439
   2013.63067922      0.8849
   2013.63070776      0.8219
   2013.63073630      0.7613
   2013.63076484      0.7035
   2013.63079338      0.6498
   2013.63082192      0.6008
   2013.63085046      0.5557
   2013.63087900      0.5146
   2013.63090753      0.4770
   2013.63093607      0.4427
   2013.63096461      0.4110
   2013.63099315      0.3818
   2013.63102169      0.3547
   2013.63105023      0.3296
   2013.63107877      0.3064
   2013.63110731      0.2850
   2013.63113584      0.2653
   2013.63116438      0.2470
   2013.63119292      0.2299
   2013.63122146      0.2141
   2013.63125000      0.1994
   2013.63127854      0.1858
   2013.63130708      0.1732
   2013.63133562      0.1616
   2013.63136416      0.1509
   2013.63139269      0.1410
   2013.63142123      0.1318
   2013.63144977      0.1232
   2013.63147831      0.1153
   2013.63150685      0.1079
   2013.63153539      0.1011
