   2013.62465753      0.0000
   2013.62468607      0.0000
   2013.62471461      0.0000
   2013.62474315      0.0000
   2013.62477169      0.0000
   2013.62480023      0.0000
   2013.62482877      0.0000
   2013.62485731      0.0000
   2013.62488584      0.0000
   2013.62491438      0.0000
   2013.62494292      0.0000
   2013.62497146      0.0000
   2013.62500000      0.0000
   2013.62502854      0.0000
   2013.62505708      0.0000
   2013.62508562      0.0000
   2013.62511416      0.0000
   2013.62514269      0.0000
   2013.62517123      0.0000
   2013.62519977      0.0000
   2013.62522831      0.0000
   2013.62525685      0.0000
   2013.62528539      0.0000
   2013.62531393      0.0000
   2013.62534247      0.0000
   2013.62537100      0.0000
   2013.62539954      0.0000
   2013.62542808      0.0000
   2013.62545662      0.0000
   2013.62548516      0.0000
   2013.62551370      0.0000
   2013.62554224      0.0000
   2013.62557078      0.0000
   2013.62559932      0.0000
   2013.62562785      0.0000
   2013.62565639      0.0000
   2013.62568493      0.0000
   2013.62571347      0.0000
   2013.62574201      0.0000
   2013.62577055      0.0000
   2013.62579909      0.0000
   2013.62582763      0.0000
   2013.62585616      0.0000
   2013.62588470      0.0000
   2013.62591324      0.0000
   2013.62594178      0.0000
   2013.62597032      0.0000
   2013.62599886      0.0000
   2013.62602740      0.0000
   2013.62605594      0.0000
   2013.62608447      0.0000
   2013.62611301      0.0000
   2013.62614155      0.0000
   2013.62617009      0.0000
   2013.62619863      0.0000
   2013.62622717      0.0000
   2013.62625571      0.0000
   2013.62628425      0.0000
   2013.62631279      0.0000
   2013.62634132      0.0000
   2013.62636986      0.0000
   2013.62639840      0.0000
   2013.62642694      0.0000
   2013.62645548      0.0000
   2013.62648402      0.0000
   2013.62651256      0.0000
   2013.62654110      0.0000
   2013.62656963      0.0000
   2013.62659817      0.0000
   2013.62662671      0.0000
   2013.62665525      0.0000
   2013.62668379      0.0000
   2013.62671233      0.0000
   2013.62674087      0.0000
   2013.62676941      0.0000
   2013.62679795      0.0000
   2013.62682648      0.0000
   2013.62685502      0.0000
   2013.62688356      0.0000
   2013.62691210      0.0000
   2013.62694064      0.0000
   2013.62696918      0.0000
   2013.62699772      0.0000
   2013.62702626      0.0000
   2013.62705479      0.0000
   2013.62708333      0.0000
   2013.62711187      0.0000
   2013.62714041      0.0000
   2013.62716895      0.0000
   2013.62719749      1.0127
   2013.62722603      5.3560
   2013.62725457     12.2979
   2013.62728311     27.4564
   2013.62731164     39.8449
   2013.62734018     37.4789
   2013.62736872     29.9590
   2013.62739726     22.9466
   2013.62742580     18.3209
   2013.62745434     15.0593
   2013.62748288     12.5564
   2013.62751142     10.5583
   2013.62753995      9.0993
   2013.62756849      7.8682
   2013.62759703      6.9446
   2013.62762557      6.3669
   2013.62765411      5.2176
   2013.62768265      4.5386
   2013.62771119      4.0187
   2013.62773973      3.6665
   2013.62776826      3.2036
   2013.62779680      2.8868
   2013.62782534      2.5847
   2013.62785388      2.2802
   2013.62788242      2.1279
   2013.62791096      1.9278
   2013.62793950      1.7378
   2013.62796804      1.6082
   2013.62799658      1.4844
   2013.62802511      1.3676
   2013.62805365      1.2582
   2013.62808219      1.1393
   2013.62811073      1.1043
   2013.62813927      1.0275
   2013.62816781      0.9493
   2013.62819635      0.9104
   2013.62822489      0.8557
   2013.62825342      0.7990
   2013.62828196      0.7477
   2013.62831050      0.7238
   2013.62833904      0.6878
   2013.62836758      0.6506
   2013.62839612      0.6190
   2013.62842466      0.6165
   2013.62845320      0.5955
   2013.62848174      0.5719
   2013.62851027      0.5523
   2013.62853881      0.5653
   2013.62856735      0.5566
   2013.62859589      0.5448
   2013.62862443      0.5373
   2013.62865297      0.5671
   2013.62868151      0.5912
   2013.62871005      0.5844
   2013.62873858      0.5887
   2013.62876712      0.6283
   2013.62879566      0.6869
   2013.62882420      0.7226
   2013.62885274      0.7368
   2013.62888128      0.8285
   2013.62890982      0.8859
   2013.62893836      0.9645
   2013.62896689      1.0466
   2013.62899543      1.2092
   2013.62902397      1.3699
   2013.62905251      1.5431
   2013.62908105      1.6986
   2013.62910959      1.9562
   2013.62913813      2.1701
   2013.62916667      2.3062
   2013.62919521      2.4715
   2013.62922374      2.5825
   2013.62925228      2.9889
   2013.62928082      3.2074
   2013.62930936      3.5212
   2013.62933790      3.7037
   2013.62936644      3.4971
   2013.62939498      3.4018
   2013.62942352      3.3220
   2013.62945205      3.3919
   2013.62948059      3.5984
   2013.62950913      4.0521
   2013.62953767      3.9228
   2013.62956621      3.8901
   2013.62959475      3.9054
   2013.62962329      3.6902
   2013.62965183      3.2329
   2013.62968037      3.2563
   2013.62970890      2.8879
   2013.62973744      2.7701
   2013.62976598      2.6366
   2013.62979452      2.5781
   2013.62982306      2.4843
   2013.62985160      2.3625
   2013.62988014      2.2988
   2013.62990868      2.1015
   2013.62993721      1.8371
   2013.62996575      1.7115
   2013.62999429      1.5747
   2013.63002283      1.4492
   2013.63005137      1.3363
   2013.63007991      1.2371
   2013.63010845      1.1950
   2013.63013699      1.0689
   2013.63016553      0.9962
   2013.63019406      0.9265
   2013.63022260      0.8609
   2013.63025114      0.7961
   2013.63027968      0.7333
   2013.63030822      0.6745
   2013.63033676      0.6209
   2013.63036530      0.5715
   2013.63039384      0.5263
   2013.63042237      0.4851
   2013.63045091      0.4476
   2013.63047945      0.4134
   2013.63050799      0.3821
   2013.63053653      0.3534
   2013.63056507      0.3271
   2013.63059361      0.3030
   2013.63062215      0.2810
   2013.63065068      0.2608
   2013.63067922      0.2421
   2013.63070776      0.2248
   2013.63073630      0.2088
   2013.63076484      0.1941
   2013.63079338      0.1806
   2013.63082192      0.1681
   2013.63085046      0.1566
   2013.63087900      0.1460
   2013.63090753      0.1363
   2013.63093607      0.1272
   2013.63096461      0.1188
   2013.63099315      0.1111
   2013.63102169      0.1039
