   2013.62465753      0.0000
   2013.62468607      0.0000
   2013.62471461      0.0000
   2013.62474315      0.0000
   2013.62477169      0.0000
   2013.62480023      0.0000
   2013.62482877      0.0000
   2013.62485731      0.0000
   2013.62488584      0.0000
   2013.62491438      0.0000
   2013.62494292      0.0000
   2013.62497146      0.0000
   2013.62500000      0.0000
   2013.62502854      0.0000
   2013.62505708      0.0000
   2013.62508562      0.0000
   2013.62511416      0.0000
   2013.62514269      0.0000
   2013.62517123      0.0000
   2013.62519977      0.0000
   2013.62522831      0.0000
   2013.62525685      0.0000
   2013.62528539      0.0000
   2013.62531393      0.0000
   2013.62534247      0.0000
   2013.62537100      0.0000
   2013.62539954      0.0000
   2013.62542808      0.0000
   2013.62545662      0.0000
   2013.62548516      0.0000
   2013.62551370      0.0000
   2013.62554224      0.0000
   2013.62557078      0.0000
   2013.62559932      0.1001
   2013.62562785      0.1838
   2013.62565639      0.4470
   2013.62568493      1.1582
   2013.62571347      2.3418
   2013.62574201      4.0561
   2013.62577055      7.2694
   2013.62579909     11.2761
   2013.62582763     13.7868
   2013.62585616     14.5041
   2013.62588470     14.3788
   2013.62591324     14.1479
   2013.62594178     13.9409
   2013.62597032     13.9009
   2013.62599886     13.9258
   2013.62602740     14.3445
   2013.62605594     14.2150
   2013.62608447     14.5103
   2013.62611301     14.6896
   2013.62614155     15.3405
   2013.62617009     15.5304
   2013.62619863     15.5419
   2013.62622717     15.7148
   2013.62625571     15.5474
   2013.62628425     15.2100
   2013.62631279     14.5072
   2013.62634132     13.7598
   2013.62636986     12.4366
   2013.62639840     12.3140
   2013.62642694     11.7404
   2013.62645548     10.6025
   2013.62648402      9.6005
   2013.62651256      9.3865
   2013.62654110      8.8384
   2013.62656963      8.4726
   2013.62659817      8.0161
   2013.62662671      8.2379
   2013.62665525      8.2245
   2013.62668379      8.1669
   2013.62671233      8.1524
   2013.62674087      8.5859
   2013.62676941      8.7224
   2013.62679795      8.7175
   2013.62682648      8.5409
   2013.62685502      8.8827
   2013.62688356      9.0788
   2013.62691210      8.8069
   2013.62694064      8.5316
   2013.62696918      8.8024
   2013.62699772      8.7419
   2013.62702626      8.5948
   2013.62705479      8.2614
   2013.62708333      8.4612
   2013.62711187      8.2652
   2013.62714041      8.1011
   2013.62716895      7.7580
   2013.62719749      7.9357
   2013.62722603      7.8143
   2013.62725457      7.5245
   2013.62728311      7.0838
   2013.62731164      7.2793
   2013.62734018      7.1106
   2013.62736872      6.8403
   2013.62739726      6.5300
   2013.62742580      6.5409
   2013.62745434      6.3547
   2013.62748288      6.3273
   2013.62751142      5.7615
   2013.62753995      5.7861
   2013.62756849      5.6137
   2013.62759703      5.4933
   2013.62762557      5.0750
   2013.62765411      5.1006
   2013.62768265      5.0327
   2013.62771119      4.8091
   2013.62773973      4.4747
   2013.62776826      4.4814
   2013.62779680      4.3850
   2013.62782534      4.2131
   2013.62785388      4.0775
   2013.62788242      3.9506
   2013.62791096      3.8197
   2013.62793950      3.6619
   2013.62796804      3.3797
   2013.62799658      3.5322
   2013.62802511      3.4435
   2013.62805365      3.5034
   2013.62808219      3.1534
   2013.62811073      3.2238
   2013.62813927      3.1527
   2013.62816781      3.0625
   2013.62819635      2.9788
   2013.62822489      3.0079
   2013.62825342      2.9748
   2013.62828196      2.9324
   2013.62831050      2.9947
   2013.62833904      3.0140
   2013.62836758      2.9393
   2013.62839612      2.9288
   2013.62842466      2.9170
   2013.62845320      3.0985
   2013.62848174      3.0618
   2013.62851027      3.0451
   2013.62853881      3.1325
   2013.62856735      3.3544
   2013.62859589      3.3604
   2013.62862443      3.4391
   2013.62865297      3.5334
   2013.62868151      3.8253
   2013.62871005      3.8584
   2013.62873858      4.0708
   2013.62876712      4.2829
   2013.62879566      4.5642
   2013.62882420      4.5936
   2013.62885274      4.9369
   2013.62888128      4.6311
   2013.62890982      5.4756
   2013.62893836      6.0858
   2013.62896689      6.2561
   2013.62899543      5.7523
   2013.62902397      5.7795
   2013.62905251      5.7016
   2013.62908105      6.3914
   2013.62910959      7.0789
   2013.62913813      7.5251
   2013.62916667      7.0022
   2013.62919521      6.4270
   2013.62922374      6.0362
   2013.62925228      6.0771
   2013.62928082      6.4441
   2013.62930936      6.8059
   2013.62933790      6.7186
   2013.62936644      6.3924
   2013.62939498      5.8558
   2013.62942352      5.3832
   2013.62945205      5.2804
   2013.62948059      5.0887
   2013.62950913      4.9796
   2013.62953767      4.5021
   2013.62956621      4.1639
   2013.62959475      4.0693
   2013.62962329      3.5080
   2013.62965183      3.1675
   2013.62968037      2.9120
   2013.62970890      2.6480
   2013.62973744      2.5180
   2013.62976598      2.3486
   2013.62979452      2.1668
   2013.62982306      1.9975
   2013.62985160      1.7646
   2013.62988014      1.6151
   2013.62990868      1.4695
   2013.62993721      1.3348
   2013.62996575      1.2332
   2013.62999429      1.1100
   2013.63002283      0.9992
   2013.63005137      0.9209
   2013.63007991      0.8393
   2013.63010845      0.7634
   2013.63013699      0.6942
   2013.63016553      0.6324
   2013.63019406      0.5772
   2013.63022260      0.5279
   2013.63025114      0.4841
   2013.63027968      0.4450
   2013.63030822      0.4100
   2013.63033676      0.3783
   2013.63036530      0.3495
   2013.63039384      0.3233
   2013.63042237      0.2995
   2013.63045091      0.2777
   2013.63047945      0.2578
   2013.63050799      0.2394
   2013.63053653      0.2224
   2013.63056507      0.2067
   2013.63059361      0.1923
   2013.63062215      0.1790
   2013.63065068      0.1668
   2013.63067922      0.1556
   2013.63070776      0.1452
   2013.63073630      0.1356
   2013.63076484      0.1267
   2013.63079338      0.1185
   2013.63082192      0.1109
   2013.63085046      0.1038
