   2013.62465753      0.0000
   2013.62468607      0.0000
   2013.62471461      0.0000
   2013.62474315      0.0000
   2013.62477169      0.0000
   2013.62480023      0.0000
   2013.62482877      0.0000
   2013.62485731      0.0000
   2013.62488584      0.0000
   2013.62491438      0.0000
   2013.62494292      0.0000
   2013.62497146      0.0000
   2013.62500000      0.0000
   2013.62502854      0.0000
   2013.62505708      0.0000
   2013.62508562      0.0000
   2013.62511416      0.0000
   2013.62514269      0.0000
   2013.62517123      0.0000
   2013.62519977      0.0000
   2013.62522831      0.0000
   2013.62525685      0.0000
   2013.62528539      0.0000
   2013.62531393      0.0000
   2013.62534247      0.0000
   2013.62537100      0.0000
   2013.62539954      0.0000
   2013.62542808      0.0000
   2013.62545662      0.0000
   2013.62548516      0.0000
   2013.62551370      0.0000
   2013.62554224      0.0000
   2013.62557078      0.0000
   2013.62559932      0.0000
   2013.62562785      0.0000
   2013.62565639      0.0000
   2013.62568493      0.0000
   2013.62571347      0.0000
   2013.62574201      0.0000
   2013.62577055      0.0000
   2013.62579909      0.0000
   2013.62582763      0.0000
   2013.62585616      0.0000
   2013.62588470      0.0000
   2013.62591324      0.0000
   2013.62594178      0.0000
   2013.62597032      0.0000
   2013.62599886      0.0000
   2013.62602740      0.0000
   2013.62605594      0.0000
   2013.62608447      0.0000
   2013.62611301      0.0000
   2013.62614155      0.0000
   2013.62617009      0.2485
   2013.62619863      0.6108
   2013.62622717      1.9267
   2013.62625571      3.7251
   2013.62628425      6.4114
   2013.62631279     11.2375
   2013.62634132     15.5390
   2013.62636986     16.0496
   2013.62639840     14.5078
   2013.62642694     12.8409
   2013.62645548     11.4236
   2013.62648402      9.8753
   2013.62651256      8.9606
   2013.62654110      8.2383
   2013.62656963      7.5334
   2013.62659817      7.0921
   2013.62662671      6.8326
   2013.62665525      6.3990
   2013.62668379      6.1876
   2013.62671233      5.8057
   2013.62674087      5.8339
   2013.62676941      5.6204
   2013.62679795      5.5377
   2013.62682648      5.4444
   2013.62685502      5.1721
   2013.62688356      5.1141
   2013.62691210      4.8704
   2013.62694064      4.4666
   2013.62696918      4.6105
   2013.62699772      4.3767
   2013.62702626      4.0891
   2013.62705479      4.0187
   2013.62708333      3.9768
   2013.62711187      3.7685
   2013.62714041      3.6270
   2013.62716895      3.5107
   2013.62719749      3.5799
   2013.62722603      3.5558
   2013.62725457      3.4778
   2013.62728311      3.3304
   2013.62731164      3.5042
   2013.62734018      3.4738
   2013.62736872      3.6572
   2013.62739726      3.2080
   2013.62742580      3.3832
   2013.62745434      3.3385
   2013.62748288      3.4220
   2013.62751142      3.0974
   2013.62753995      3.1899
   2013.62756849      3.1765
   2013.62759703      3.0337
   2013.62762557      2.9424
   2013.62765411      2.9667
   2013.62768265      2.9342
   2013.62771119      2.8367
   2013.62773973      2.8405
   2013.62776826      2.7619
   2013.62779680      2.7288
   2013.62782534      2.6458
   2013.62785388      2.6609
   2013.62788242      2.5802
   2013.62791096      2.5472
   2013.62793950      2.4762
   2013.62796804      2.4917
   2013.62799658      2.4663
   2013.62802511      2.3915
   2013.62805365      2.3321
   2013.62808219      2.3515
   2013.62811073      2.3239
   2013.62813927      2.2711
   2013.62816781      2.2207
   2013.62819635      2.2495
   2013.62822489      2.2313
   2013.62825342      2.1924
   2013.62828196      2.1510
   2013.62831050      2.1930
   2013.62833904      2.1953
   2013.62836758      2.1626
   2013.62839612      2.1275
   2013.62842466      2.1899
   2013.62845320      2.2068
   2013.62848174      2.1883
   2013.62851027      2.1653
   2013.62853881      2.2462
   2013.62856735      2.2800
   2013.62859589      2.2785
   2013.62862443      2.2684
   2013.62865297      2.4352
   2013.62868151      2.4270
   2013.62871005      2.4335
   2013.62873858      2.4259
   2013.62876712      2.3449
   2013.62879566      2.6641
   2013.62882420      2.7343
   2013.62885274      2.7329
   2013.62888128      2.7042
   2013.62890982      2.6670
   2013.62893836      2.6664
   2013.62896689      2.8878
   2013.62899543      2.8188
   2013.62902397      2.9485
   2013.62905251      2.8739
   2013.62908105      2.8724
   2013.62910959      3.1004
   2013.62913813      3.2249
   2013.62916667      3.2558
   2013.62919521      3.1878
   2013.62922374      3.0769
   2013.62925228      3.0192
   2013.62928082      3.0703
   2013.62930936      3.1428
   2013.62933790      3.1257
   2013.62936644      3.0409
   2013.62939498      3.0511
   2013.62942352      3.0448
   2013.62945205      3.0969
   2013.62948059      3.1612
   2013.62950913      2.9372
   2013.62953767      2.8292
   2013.62956621      2.7254
   2013.62959475      2.6339
   2013.62962329      2.5166
   2013.62965183      2.4710
   2013.62968037      2.3981
   2013.62970890      2.3027
   2013.62973744      2.1895
   2013.62976598      2.0755
   2013.62979452      1.9703
   2013.62982306      1.8785
   2013.62985160      1.7865
   2013.62988014      1.6951
   2013.62990868      1.6136
   2013.62993721      1.5338
   2013.62996575      1.4562
   2013.62999429      1.3810
   2013.63002283      1.3100
   2013.63005137      1.2428
   2013.63007991      1.1782
   2013.63010845      1.1687
   2013.63013699      1.0512
   2013.63016553      0.9930
   2013.63019406      0.9326
   2013.63022260      0.8788
   2013.63025114      0.8251
   2013.63027968      0.7721
   2013.63030822      0.7211
   2013.63033676      0.6734
   2013.63036530      0.6293
   2013.63039384      0.5884
   2013.63042237      0.5503
   2013.63045091      0.5149
   2013.63047945      0.4823
   2013.63050799      0.4522
   2013.63053653      0.4243
   2013.63056507      0.3983
   2013.63059361      0.3740
   2013.63062215      0.3513
   2013.63065068      0.3299
   2013.63067922      0.3099
   2013.63070776      0.2912
   2013.63073630      0.2736
   2013.63076484      0.2572
   2013.63079338      0.2417
   2013.63082192      0.2271
   2013.63085046      0.2132
   2013.63087900      0.2002
   2013.63090753      0.1880
   2013.63093607      0.1766
   2013.63096461      0.1659
   2013.63099315      0.1560
   2013.63102169      0.1466
   2013.63105023      0.1378
   2013.63107877      0.1296
   2013.63110731      0.1220
   2013.63113584      0.1147
   2013.63116438      0.1079
   2013.63119292      0.1016
