   2013.62465753      0.0000
   2013.62468607      0.0000
   2013.62471461      0.0000
   2013.62474315      0.0001
   2013.62477169      0.0004
   2013.62480023      0.0006
   2013.62482877      0.0009
   2013.62485731      0.0011
   2013.62488584      0.0014
   2013.62491438      0.0025
   2013.62494292      0.0031
   2013.62497146      0.0035
   2013.62500000      0.0368
   2013.62502854      0.0845
   2013.62505708      0.1446
   2013.62508562      0.2611
   2013.62511416      0.4770
   2013.62514269      0.8411
   2013.62517123      1.3968
   2013.62519977      2.1027
   2013.62522831      3.0974
   2013.62525685      4.2768
   2013.62528539      5.4071
   2013.62531393      6.0924
   2013.62534247      6.3158
   2013.62537100      6.3232
   2013.62539954      6.0652
   2013.62542808      5.7584
   2013.62545662      5.1960
   2013.62548516      5.1545
   2013.62551370      5.0026
   2013.62554224      4.5670
   2013.62557078      4.3961
   2013.62559932      4.2096
   2013.62562785      4.1060
   2013.62565639      3.8411
   2013.62568493      3.8518
   2013.62571347      3.8618
   2013.62574201      3.8368
   2013.62577055      3.8375
   2013.62579909      3.9115
   2013.62582763      4.1105
   2013.62585616      4.1817
   2013.62588470      4.2964
   2013.62591324      4.4065
   2013.62594178      4.7470
   2013.62597032      4.8123
   2013.62599886      4.9501
   2013.62602740      5.3391
   2013.62605594      5.8221
   2013.62608447      6.4309
   2013.62611301      7.1278
   2013.62614155      7.4826
   2013.62617009      7.6898
   2013.62619863      7.5793
   2013.62622717      7.0736
   2013.62625571      6.4754
   2013.62628425      5.8052
   2013.62631279      5.2371
   2013.62634132      4.7821
   2013.62636986      4.3665
   2013.62639840      4.2678
   2013.62642694      4.2229
   2013.62645548      4.1881
   2013.62648402      3.9525
   2013.62651256      3.6410
   2013.62654110      3.3280
   2013.62656963      3.0086
   2013.62659817      2.7409
   2013.62662671      2.3659
   2013.62665525      2.1009
   2013.62668379      1.9301
   2013.62671233      1.7199
   2013.62674087      1.5317
   2013.62676941      1.3549
   2013.62679795      1.2324
   2013.62682648      1.0654
   2013.62685502      0.9859
   2013.62688356      0.8927
   2013.62691210      0.8044
   2013.62694064      0.7249
   2013.62696918      0.6543
   2013.62699772      0.5922
   2013.62702626      0.5370
   2013.62705479      0.4883
   2013.62708333      0.4452
   2013.62711187      0.4069
   2013.62714041      0.3726
   2013.62716895      0.3419
   2013.62719749      0.3142
   2013.62722603      0.2892
   2013.62725457      0.2665
   2013.62728311      0.2459
   2013.62731164      0.2269
   2013.62734018      0.2095
   2013.62736872      0.1937
   2013.62739726      0.1793
   2013.62742580      0.1661
   2013.62745434      0.1540
   2013.62748288      0.1430
   2013.62751142      0.1329
   2013.62753995      0.1236
   2013.62756849      0.1150
   2013.62759703      0.1071
