   2013.62465753      0.0000
   2013.62468607      0.0000
   2013.62471461      0.0000
   2013.62474315      0.0000
   2013.62477169      0.0000
   2013.62480023      0.0000
   2013.62482877      0.0000
   2013.62485731      0.0000
   2013.62488584      0.0000
   2013.62491438      0.0000
   2013.62494292      0.0000
   2013.62497146      0.0000
   2013.62500000      0.0000
   2013.62502854      0.0000
   2013.62505708      0.0000
   2013.62508562      0.0000
   2013.62511416      0.0000
   2013.62514269      0.0000
   2013.62517123      0.0000
   2013.62519977      0.0000
   2013.62522831      0.0000
   2013.62525685      0.0000
   2013.62528539      0.0000
   2013.62531393      0.0000
   2013.62534247      0.0000
   2013.62537100      0.0000
   2013.62539954      0.0000
   2013.62542808      0.0000
   2013.62545662      0.0000
   2013.62548516      0.0000
   2013.62551370      0.0000
   2013.62554224      0.0000
   2013.62557078      0.0000
   2013.62559932      0.0000
   2013.62562785      0.0000
   2013.62565639      0.0000
   2013.62568493      0.0000
   2013.62571347      0.0000
   2013.62574201      0.0000
   2013.62577055      0.0000
   2013.62579909      0.0000
   2013.62582763      0.0000
   2013.62585616      0.0000
   2013.62588470      0.0000
   2013.62591324      0.0000
   2013.62594178      1.1547
   2013.62597032      6.2853
   2013.62599886     14.0274
   2013.62602740     33.7257
   2013.62605594     44.7030
   2013.62608447     41.1150
   2013.62611301     31.8765
   2013.62614155     25.5555
   2013.62617009     22.0742
   2013.62619863     19.5981
   2013.62622717     17.6545
   2013.62625571     16.5495
   2013.62628425     15.6660
   2013.62631279     15.3437
   2013.62634132     15.0720
   2013.62636986     15.1012
   2013.62639840     15.0035
   2013.62642694     15.1380
   2013.62645548     15.1594
   2013.62648402     15.3776
   2013.62651256     15.3439
   2013.62654110     15.5215
   2013.62656963     15.5543
   2013.62659817     15.7888
   2013.62662671     15.7356
   2013.62665525     15.9126
   2013.62668379     15.9071
   2013.62671233     16.1004
   2013.62674087     16.0302
   2013.62676941     16.1810
   2013.62679795     16.1277
   2013.62682648     16.0298
   2013.62685502     17.5067
   2013.62688356     17.5901
   2013.62691210     17.1439
   2013.62694064     16.4104
   2013.62696918     16.7091
   2013.62699772     16.4238
   2013.62702626     15.3527
   2013.62705479     13.8911
   2013.62708333     13.3408
   2013.62711187     12.2679
   2013.62714041     11.2780
   2013.62716895     10.1025
   2013.62719749     10.0884
   2013.62722603      9.7382
   2013.62725457      9.0898
   2013.62728311      8.6243
   2013.62731164      8.7603
   2013.62734018      8.5148
   2013.62736872      8.4077
   2013.62739726      8.1656
   2013.62742580      8.7271
   2013.62745434      8.4098
   2013.62748288      8.1658
   2013.62751142      7.6595
   2013.62753995      7.3939
   2013.62756849      7.6867
   2013.62759703      8.3299
   2013.62762557      8.1472
   2013.62765411      7.7698
   2013.62768265      6.9681
   2013.62771119      6.5840
   2013.62773973      6.2595
   2013.62776826      6.4453
   2013.62779680      6.4607
   2013.62782534      6.3796
   2013.62785388      6.0108
   2013.62788242      5.5305
   2013.62791096      5.0603
   2013.62793950      4.7490
   2013.62796804      4.7404
   2013.62799658      4.6320
   2013.62802511      4.2739
   2013.62805365      4.0184
   2013.62808219      3.9508
   2013.62811073      3.4543
   2013.62813927      3.2156
   2013.62816781      2.9936
   2013.62819635      2.7167
   2013.62822489      2.5408
   2013.62825342      2.3605
   2013.62828196      2.3212
   2013.62831050      2.1324
   2013.62833904      1.9673
   2013.62836758      1.7176
   2013.62839612      1.5979
   2013.62842466      1.4597
   2013.62845320      1.3324
   2013.62848174      1.2701
   2013.62851027      1.1245
   2013.62853881      0.9994
   2013.62856735      0.9436
   2013.62859589      0.8720
   2013.62862443      0.8013
   2013.62865297      0.7351
   2013.62868151      0.6737
   2013.62871005      0.6180
   2013.62873858      0.5674
   2013.62876712      0.5215
   2013.62879566      0.4801
   2013.62882420      0.4427
   2013.62885274      0.4087
   2013.62888128      0.3776
   2013.62890982      0.3491
   2013.62893836      0.3229
   2013.62896689      0.2989
   2013.62899543      0.2768
   2013.62902397      0.2566
   2013.62905251      0.2379
   2013.62908105      0.2206
   2013.62910959      0.2046
   2013.62913813      0.1899
   2013.62916667      0.1764
   2013.62919521      0.1639
   2013.62922374      0.1525
   2013.62925228      0.1420
   2013.62928082      0.1323
   2013.62930936      0.1233
   2013.62933790      0.1150
   2013.62936644      0.1073
   2013.62939498      0.1003
