   2013.62465753      0.0000
   2013.62468607      0.0000
   2013.62471461      0.0000
   2013.62474315      0.0000
   2013.62477169      0.0000
   2013.62480023      0.0000
   2013.62482877      0.0000
   2013.62485731      0.0000
   2013.62488584      0.0000
   2013.62491438      0.0000
   2013.62494292      0.0000
   2013.62497146      0.0000
   2013.62500000      0.0000
   2013.62502854      0.0000
   2013.62505708      0.0000
   2013.62508562      0.0000
   2013.62511416      0.0000
   2013.62514269      0.0000
   2013.62517123      0.0000
   2013.62519977      0.0000
   2013.62522831      0.0000
   2013.62525685      0.0000
   2013.62528539      0.0000
   2013.62531393      0.0000
   2013.62534247      0.0000
   2013.62537100      0.0000
   2013.62539954      0.0000
   2013.62542808      0.0000
   2013.62545662      0.0000
   2013.62548516      0.0000
   2013.62551370      0.0000
   2013.62554224      0.0000
   2013.62557078      0.0000
   2013.62559932      0.0000
   2013.62562785      0.0000
   2013.62565639      0.0000
   2013.62568493      0.0000
   2013.62571347      0.0000
   2013.62574201      0.0000
   2013.62577055      0.0000
   2013.62579909      0.0000
   2013.62582763      0.0000
   2013.62585616      0.0000
   2013.62588470      0.0000
   2013.62591324      0.0000
   2013.62594178      0.0042
   2013.62597032      0.0036
   2013.62599886      0.0066
   2013.62602740      0.0408
   2013.62605594      0.0795
   2013.62608447      0.1400
   2013.62611301      0.2435
   2013.62614155      0.4122
   2013.62617009      0.6649
   2013.62619863      1.0338
   2013.62622717      1.5706
   2013.62625571      2.3982
   2013.62628425      3.5402
   2013.62631279      4.6613
   2013.62634132      5.5603
   2013.62636986      6.1509
   2013.62639840      6.5447
   2013.62642694      6.7152
   2013.62645548      6.8990
   2013.62648402      7.0097
   2013.62651256      7.0952
   2013.62654110      7.2166
   2013.62656963      7.3107
   2013.62659817      7.4486
   2013.62662671      7.5638
   2013.62665525      7.5667
   2013.62668379      7.6436
   2013.62671233      7.7758
   2013.62674087      7.8314
   2013.62676941      7.8935
   2013.62679795      7.8563
   2013.62682648      7.9868
   2013.62685502      7.9920
   2013.62688356      8.0300
   2013.62691210      7.7610
   2013.62694064      7.3067
   2013.62696918      7.2439
   2013.62699772      6.9375
   2013.62702626      6.5321
   2013.62705479      6.2280
   2013.62708333      6.2352
   2013.62711187      5.6000
   2013.62714041      4.8340
   2013.62716895      4.4085
   2013.62719749      4.3824
   2013.62722603      3.6769
   2013.62725457      3.3803
   2013.62728311      3.0679
   2013.62731164      2.8592
   2013.62734018      2.5444
   2013.62736872      2.3150
   2013.62739726      2.1459
   2013.62742580      1.9664
   2013.62745434      1.8389
   2013.62748288      1.6664
   2013.62751142      1.5608
   2013.62753995      1.4589
   2013.62756849      1.3607
   2013.62759703      1.2668
   2013.62762557      1.1922
   2013.62765411      1.1425
   2013.62768265      1.0586
   2013.62771119      0.9953
   2013.62773973      0.9394
   2013.62776826      0.8914
   2013.62779680      0.8382
   2013.62782534      0.7884
   2013.62785388      0.7517
   2013.62788242      0.7099
   2013.62791096      0.6686
   2013.62793950      0.6318
   2013.62796804      0.6066
   2013.62799658      0.5755
   2013.62802511      0.5444
   2013.62805365      0.5154
   2013.62808219      0.4983
   2013.62811073      0.4741
   2013.62813927      0.4491
   2013.62816781      0.4253
   2013.62819635      0.4124
   2013.62822489      0.3929
   2013.62825342      0.3723
   2013.62828196      0.3527
   2013.62831050      0.3444
   2013.62833904      0.3292
   2013.62836758      0.3127
   2013.62839612      0.2967
   2013.62842466      0.2931
   2013.62845320      0.2814
   2013.62848174      0.2681
   2013.62851027      0.2551
   2013.62853881      0.2557
   2013.62856735      0.2470
   2013.62859589      0.2363
   2013.62862443      0.2259
   2013.62865297      0.2296
   2013.62868151      0.2239
   2013.62871005      0.2162
   2013.62873858      0.2089
   2013.62876712      0.2171
   2013.62879566      0.2148
   2013.62882420      0.2103
   2013.62885274      0.2061
   2013.62888128      0.2197
   2013.62890982      0.2214
   2013.62893836      0.2206
   2013.62896689      0.2202
   2013.62899543      0.2395
   2013.62902397      0.2464
   2013.62905251      0.2507
   2013.62908105      0.2562
   2013.62910959      0.2846
   2013.62913813      0.2997
   2013.62916667      0.3125
   2013.62919521      0.3284
   2013.62922374      0.3727
   2013.62925228      0.4137
   2013.62928082      0.4309
   2013.62930936      0.4699
   2013.62933790      0.5391
   2013.62936644      0.5957
   2013.62939498      0.6668
   2013.62942352      0.7396
   2013.62945205      0.8399
   2013.62948059      0.9180
   2013.62950913      0.9950
   2013.62953767      1.0645
   2013.62956621      1.1600
   2013.62959475      1.2289
   2013.62962329      1.2824
   2013.62965183      1.3165
   2013.62968037      1.3763
   2013.62970890      1.4082
   2013.62973744      1.4270
   2013.62976598      1.4334
   2013.62979452      1.4667
   2013.62982306      1.4755
   2013.62985160      1.4758
   2013.62988014      1.4629
   2013.62990868      1.4761
   2013.62993721      1.4681
   2013.62996575      1.4556
   2013.62999429      1.4300
   2013.63002283      1.4023
   2013.63005137      1.4047
   2013.63007991      1.3814
   2013.63010845      1.3755
   2013.63013699      1.2159
   2013.63016553      1.3002
   2013.63019406      1.2939
   2013.63022260      1.2263
   2013.63025114      1.1839
   2013.63027968      1.1427
   2013.63030822      1.0888
   2013.63033676      1.0773
   2013.63036530      1.0115
   2013.63039384      0.9633
   2013.63042237      0.9068
   2013.63045091      0.8664
   2013.63047945      0.8211
   2013.63050799      0.7763
   2013.63053653      0.7315
   2013.63056507      0.6878
   2013.63059361      0.6465
   2013.63062215      0.6077
   2013.63065068      0.5709
   2013.63067922      0.5361
   2013.63070776      0.5034
   2013.63073630      0.4727
   2013.63076484      0.4438
   2013.63079338      0.4167
   2013.63082192      0.3911
   2013.63085046      0.3669
   2013.63087900      0.3441
   2013.63090753      0.3227
   2013.63093607      0.3026
   2013.63096461      0.2838
   2013.63099315      0.2662
   2013.63102169      0.2496
   2013.63105023      0.2341
   2013.63107877      0.2193
   2013.63110731      0.2055
   2013.63113584      0.1925
   2013.63116438      0.1804
   2013.63119292      0.1691
   2013.63122146      0.1586
   2013.63125000      0.1487
   2013.63127854      0.1395
   2013.63130708      0.1309
   2013.63133562      0.1229
   2013.63136416      0.1154
   2013.63139269      0.1083
   2013.63142123      0.1017
