   2013.62465753      0.0000
   2013.62468607      0.0000
   2013.62471461      0.0000
   2013.62474315      0.0000
   2013.62477169      0.0000
   2013.62480023      0.0000
   2013.62482877      0.0000
   2013.62485731      0.0000
   2013.62488584      0.0000
   2013.62491438      0.0000
   2013.62494292      0.0000
   2013.62497146      0.0000
   2013.62500000      0.0000
   2013.62502854      0.0000
   2013.62505708      0.0000
   2013.62508562      0.0000
   2013.62511416      0.0000
   2013.62514269      0.0000
   2013.62517123      0.0000
   2013.62519977      0.0000
   2013.62522831      0.0000
   2013.62525685      0.0000
   2013.62528539      0.0000
   2013.62531393      0.0000
   2013.62534247      0.0000
   2013.62537100      0.0000
   2013.62539954      0.0000
   2013.62542808      0.0000
   2013.62545662      0.0000
   2013.62548516      0.0000
   2013.62551370      0.0000
   2013.62554224      0.0000
   2013.62557078      0.0000
   2013.62559932      0.0634
   2013.62562785      0.1220
   2013.62565639      0.2490
   2013.62568493      0.5914
   2013.62571347      1.2047
   2013.62574201      2.0572
   2013.62577055      3.3232
   2013.62579909      5.6015
   2013.62582763      8.2051
   2013.62585616      9.7597
   2013.62588470     10.1706
   2013.62591324     10.1487
   2013.62594178      9.8466
   2013.62597032      9.6136
   2013.62599886      9.4011
   2013.62602740      9.2778
   2013.62605594      9.2367
   2013.62608447      9.2636
   2013.62611301      9.3064
   2013.62614155      9.3973
   2013.62617009      9.4891
   2013.62619863      9.6125
   2013.62622717      9.7034
   2013.62625571      9.8184
   2013.62628425      9.9287
   2013.62631279     10.0517
   2013.62634132     10.1282
   2013.62636986     10.2411
   2013.62639840     10.3388
   2013.62642694     10.4517
   2013.62645548     10.5014
   2013.62648402     10.6080
   2013.62651256     10.6920
   2013.62654110     10.5500
   2013.62656963     10.3292
   2013.62659817      9.6540
   2013.62662671      9.8576
   2013.62665525      9.1366
   2013.62668379      8.6496
   2013.62671233      7.9503
   2013.62674087      7.7780
   2013.62676941      7.2222
   2013.62679795      6.8680
   2013.62682648      5.9938
   2013.62685502      5.9856
   2013.62688356      5.4710
   2013.62691210      5.2238
   2013.62694064      4.8180
   2013.62696918      4.8597
   2013.62699772      4.6057
   2013.62702626      4.5454
   2013.62705479      4.5403
   2013.62708333      4.5128
   2013.62711187      4.4779
   2013.62714041      4.3836
   2013.62716895      4.4262
   2013.62719749      4.4217
   2013.62722603      4.3632
   2013.62725457      4.2742
   2013.62728311      4.1182
   2013.62731164      4.2649
   2013.62734018      4.1644
   2013.62736872      4.0691
   2013.62739726      3.9847
   2013.62742580      4.0321
   2013.62745434      3.9294
   2013.62748288      3.7771
   2013.62751142      3.6583
   2013.62753995      3.6960
   2013.62756849      3.6242
   2013.62759703      3.6116
   2013.62762557      3.2850
   2013.62765411      3.4602
   2013.62768265      3.3992
   2013.62771119      3.4783
   2013.62773973      3.1331
   2013.62776826      3.2241
   2013.62779680      3.1611
   2013.62782534      3.0655
   2013.62785388      2.9721
   2013.62788242      3.0053
   2013.62791096      2.9784
   2013.62793950      2.8848
   2013.62796804      2.9637
   2013.62799658      2.8702
   2013.62802511      2.8104
   2013.62805365      2.7223
   2013.62808219      2.6624
   2013.62811073      2.7111
   2013.62813927      2.7531
   2013.62816781      2.7367
   2013.62819635      2.5535
   2013.62822489      2.5795
   2013.62825342      2.4187
   2013.62828196      2.3911
   2013.62831050      2.4473
   2013.62833904      2.5299
   2013.62836758      2.5344
   2013.62839612      2.4542
   2013.62842466      2.3401
   2013.62845320      2.2229
   2013.62848174      2.1404
   2013.62851027      2.1215
   2013.62853881      2.0966
   2013.62856735      2.1221
   2013.62859589      2.1020
   2013.62862443      2.0319
   2013.62865297      1.9874
   2013.62868151      1.8584
   2013.62871005      1.7813
   2013.62873858      1.7244
   2013.62876712      1.6810
   2013.62879566      1.6388
   2013.62882420      1.5887
   2013.62885274      1.5350
   2013.62888128      1.4708
   2013.62890982      1.3991
   2013.62893836      1.3255
   2013.62896689      1.2556
   2013.62899543      1.1919
   2013.62902397      1.1336
   2013.62905251      1.1220
   2013.62908105      1.0239
   2013.62910959      0.9714
   2013.62913813      0.9158
   2013.62916667      0.8632
   2013.62919521      0.8092
   2013.62922374      0.7553
   2013.62925228      0.7036
   2013.62928082      0.6554
   2013.62930936      0.6112
   2013.62933790      0.5700
   2013.62936644      0.5317
   2013.62939498      0.4964
   2013.62942352      0.4637
   2013.62945205      0.4332
   2013.62948059      0.4049
   2013.62950913      0.3783
   2013.62953767      0.3534
   2013.62956621      0.3301
   2013.62959475      0.3083
   2013.62962329      0.2879
   2013.62965183      0.2689
   2013.62968037      0.2513
   2013.62970890      0.2347
   2013.62973744      0.2191
   2013.62976598      0.2045
   2013.62979452      0.1909
   2013.62982306      0.1783
   2013.62985160      0.1666
   2013.62988014      0.1558
   2013.62990868      0.1457
   2013.62993721      0.1363
   2013.62996575      0.1276
   2013.62999429      0.1195
   2013.63002283      0.1119
   2013.63005137      0.1048
