   2013.62465753      0.0000
   2013.62468607      0.0000
   2013.62471461      0.0000
   2013.62474315      0.0000
   2013.62477169      0.0000
   2013.62480023      0.0000
   2013.62482877      0.0000
   2013.62485731      0.0000
   2013.62488584      0.0000
   2013.62491438      0.0000
   2013.62494292      0.0000
   2013.62497146      0.0000
   2013.62500000      0.0000
   2013.62502854      0.0000
   2013.62505708      0.0000
   2013.62508562      0.0000
   2013.62511416      0.0000
   2013.62514269      0.0000
   2013.62517123      0.0000
   2013.62519977      0.0000
   2013.62522831      0.0000
   2013.62525685      0.0000
   2013.62528539      0.0000
   2013.62531393      0.0000
   2013.62534247      0.0000
   2013.62537100      0.0000
   2013.62539954      0.0000
   2013.62542808      0.0000
   2013.62545662      0.0000
   2013.62548516      0.0000
   2013.62551370      0.0000
   2013.62554224      0.0000
   2013.62557078      0.0000
   2013.62559932      0.0000
   2013.62562785      0.0000
   2013.62565639      0.0000
   2013.62568493      0.0000
   2013.62571347      0.0000
   2013.62574201      0.0000
   2013.62577055      0.0000
   2013.62579909      0.0000
   2013.62582763      0.2013
   2013.62585616      0.4520
   2013.62588470      1.4004
   2013.62591324      3.0582
   2013.62594178      5.4622
   2013.62597032      9.8329
   2013.62599886     14.9510
   2013.62602740     16.9287
   2013.62605594     16.2452
   2013.62608447     15.0319
   2013.62611301     13.8145
   2013.62614155     13.1081
   2013.62617009     12.4624
   2013.62619863     12.1377
   2013.62622717     11.9165
   2013.62625571     12.1340
   2013.62628425     11.9796
   2013.62631279     12.2014
   2013.62634132     12.3621
   2013.62636986     12.8421
   2013.62639840     12.8028
   2013.62642694     13.1493
   2013.62645548     13.3297
   2013.62648402     13.8987
   2013.62651256     13.8041
   2013.62654110     14.0973
   2013.62656963     14.2403
   2013.62659817     14.5271
   2013.62662671     14.6214
   2013.62665525     14.8659
   2013.62668379     14.9145
   2013.62671233     15.1361
   2013.62674087     15.1456
   2013.62676941     14.9224
   2013.62679795     14.3956
   2013.62682648     13.5072
   2013.62685502     13.4063
   2013.62688356     12.8977
   2013.62691210     12.0006
   2013.62694064     10.7838
   2013.62696918     10.7822
   2013.62699772     10.2875
   2013.62702626      9.4341
   2013.62705479      8.6796
   2013.62708333      8.6468
   2013.62711187      8.3707
   2013.62714041      8.1939
   2013.62716895      7.6723
   2013.62719749      7.8841
   2013.62722603      7.8281
   2013.62725457      7.5746
   2013.62728311      7.2136
   2013.62731164      7.3921
   2013.62734018      7.2386
   2013.62736872      6.9714
   2013.62739726      6.5490
   2013.62742580      6.9174
   2013.62745434      6.4843
   2013.62748288      6.4665
   2013.62751142      5.8739
   2013.62753995      5.8835
   2013.62756849      5.7223
   2013.62759703      5.6050
   2013.62762557      5.1615
   2013.62765411      5.1869
   2013.62768265      5.1161
   2013.62771119      4.8788
   2013.62773973      4.5767
   2013.62776826      4.5393
   2013.62779680      4.4491
   2013.62782534      4.2754
   2013.62785388      4.1070
   2013.62788242      4.0097
   2013.62791096      3.8689
   2013.62793950      3.7148
   2013.62796804      3.4493
   2013.62799658      3.5841
   2013.62802511      3.4914
   2013.62805365      3.5644
   2013.62808219      3.1718
   2013.62811073      3.2789
   2013.62813927      3.2098
   2013.62816781      3.1055
   2013.62819635      3.0244
   2013.62822489      3.0657
   2013.62825342      3.0338
   2013.62828196      2.9828
   2013.62831050      2.9416
   2013.62833904      3.0015
   2013.62836758      3.0008
   2013.62839612      2.9682
   2013.62842466      3.0097
   2013.62845320      3.1646
   2013.62848174      3.1308
   2013.62851027      3.1568
   2013.62853881      3.3375
   2013.62856735      3.4282
   2013.62859589      3.4331
   2013.62862443      3.5888
   2013.62865297      3.5772
   2013.62868151      3.9175
   2013.62871005      3.9376
   2013.62873858      4.1678
   2013.62876712      4.1719
   2013.62879566      4.6853
   2013.62882420      4.7125
   2013.62885274      4.9448
   2013.62888128      4.9735
   2013.62890982      5.4271
   2013.62893836      5.6460
   2013.62896689      5.9014
   2013.62899543      5.9222
   2013.62902397      6.7439
   2013.62905251      7.4247
   2013.62908105      7.4587
   2013.62910959      7.0149
   2013.62913813      6.7605
   2013.62916667      6.6615
   2013.62919521      7.7451
   2013.62922374      8.3372
   2013.62925228      8.2433
   2013.62928082      7.9816
   2013.62930936      7.3097
   2013.62933790      6.7984
   2013.62936644      6.7894
   2013.62939498      7.1534
   2013.62942352      7.5470
   2013.62945205      7.3515
   2013.62948059      6.9209
   2013.62950913      6.2777
   2013.62953767      6.1837
   2013.62956621      5.5973
   2013.62959475      5.3887
   2013.62962329      5.2231
   2013.62965183      4.6528
   2013.62968037      4.2715
   2013.62970890      4.1737
   2013.62973744      3.5615
   2013.62976598      3.2031
   2013.62979452      2.9485
   2013.62982306      2.6739
   2013.62985160      2.7001
   2013.62988014      2.3557
   2013.62990868      2.1683
   2013.62993721      1.9956
   2013.62996575      1.7594
   2013.62999429      1.6112
   2013.63002283      1.4656
   2013.63005137      1.3313
   2013.63007991      1.2292
   2013.63010845      1.1071
   2013.63013699      0.9972
   2013.63016553      0.9186
   2013.63019406      0.8372
   2013.63022260      0.7616
   2013.63025114      0.6926
   2013.63027968      0.6310
   2013.63030822      0.5760
   2013.63033676      0.5269
   2013.63036530      0.4831
   2013.63039384      0.4442
   2013.63042237      0.4092
   2013.63045091      0.3776
   2013.63047945      0.3489
   2013.63050799      0.3227
   2013.63053653      0.2989
   2013.63056507      0.2772
   2013.63059361      0.2573
   2013.63062215      0.2389
   2013.63065068      0.2219
   2013.63067922      0.2063
   2013.63070776      0.1919
   2013.63073630      0.1787
   2013.63076484      0.1665
   2013.63079338      0.1552
   2013.63082192      0.1449
   2013.63085046      0.1353
   2013.63087900      0.1265
   2013.63090753      0.1183
   2013.63093607      0.1106
   2013.63096461      0.1036
