   2013.62465753      0.0000
   2013.62468607      0.0000
   2013.62471461      0.0000
   2013.62474315      0.0000
   2013.62477169      0.0000
   2013.62480023      0.0000
   2013.62482877      0.0000
   2013.62485731      0.0000
   2013.62488584      0.0000
   2013.62491438      0.0000
   2013.62494292      0.0000
   2013.62497146      0.0000
   2013.62500000      0.0000
   2013.62502854      0.0000
   2013.62505708      0.0000
   2013.62508562      0.0000
   2013.62511416      0.0000
   2013.62514269      0.0000
   2013.62517123      0.0000
   2013.62519977      0.0000
   2013.62522831      0.0000
   2013.62525685      0.0098
   2013.62528539      0.0476
   2013.62531393      0.0834
   2013.62534247      0.1565
   2013.62537100      0.3024
   2013.62539954      0.5309
   2013.62542808      0.8389
   2013.62545662      1.2442
   2013.62548516      1.8998
   2013.62551370      2.9931
   2013.62554224      4.2367
   2013.62557078      5.1450
   2013.62559932      5.3256
   2013.62562785      5.1741
   2013.62565639      4.9247
   2013.62568493      4.6472
   2013.62571347      4.4193
   2013.62574201      4.1128
   2013.62577055      3.9228
   2013.62579909      3.7583
   2013.62582763      3.6321
   2013.62585616      3.5408
   2013.62588470      3.4772
   2013.62591324      3.4368
   2013.62594178      3.4165
   2013.62597032      3.4120
   2013.62599886      3.4194
   2013.62602740      3.4346
   2013.62605594      3.4547
   2013.62608447      3.4772
   2013.62611301      3.5006
   2013.62614155      3.5237
   2013.62617009      3.5460
   2013.62619863      3.5669
   2013.62622717      3.5864
   2013.62625571      3.6021
   2013.62628425      3.6143
   2013.62631279      3.5893
   2013.62634132      3.5941
   2013.62636986      3.6107
   2013.62639840      3.4993
   2013.62642694      3.2049
   2013.62645548      3.0932
   2013.62648402      2.9407
   2013.62651256      2.7128
   2013.62654110      2.5466
   2013.62656963      2.3773
   2013.62659817      2.3391
   2013.62662671      2.0996
   2013.62665525      1.9324
   2013.62668379      1.7076
   2013.62671233      1.5736
   2013.62674087      1.4399
   2013.62676941      1.3136
   2013.62679795      1.1941
   2013.62682648      1.0924
   2013.62685502      0.9975
   2013.62688356      0.9134
   2013.62691210      0.8344
   2013.62694064      0.7596
   2013.62696918      0.6908
   2013.62699772      0.6293
   2013.62702626      0.5743
   2013.62705479      0.5246
   2013.62708333      0.4801
   2013.62711187      0.4402
   2013.62714041      0.4042
   2013.62716895      0.3717
   2013.62719749      0.3421
   2013.62722603      0.3153
   2013.62725457      0.2909
   2013.62728311      0.2687
   2013.62731164      0.2484
   2013.62734018      0.2297
   2013.62736872      0.2125
   2013.62739726      0.1968
   2013.62742580      0.1823
   2013.62745434      0.1691
   2013.62748288      0.1570
   2013.62751142      0.1459
   2013.62753995      0.1356
   2013.62756849      0.1262
   2013.62759703      0.1175
   2013.62762557      0.1095
   2013.62765411      0.1021
