   2013.62465753      0.0000
   2013.62468607      0.0000
   2013.62471461      0.0000
   2013.62474315      0.0000
   2013.62477169      0.0000
   2013.62480023      0.0000
   2013.62482877      0.0000
   2013.62485731      0.0000
   2013.62488584      0.0000
   2013.62491438      0.0000
   2013.62494292      0.0000
   2013.62497146      0.0000
   2013.62500000      0.0000
   2013.62502854      0.0000
   2013.62505708      0.0000
   2013.62508562      0.0000
   2013.62511416      0.0000
   2013.62514269      0.0000
   2013.62517123      0.0000
   2013.62519977      0.0000
   2013.62522831      0.0000
   2013.62525685      0.0000
   2013.62528539      0.0000
   2013.62531393      0.0000
   2013.62534247      0.0000
   2013.62537100      0.0000
   2013.62539954      0.0000
   2013.62542808      0.0000
   2013.62545662      0.0000
   2013.62548516      0.0000
   2013.62551370      0.0000
   2013.62554224      0.0000
   2013.62557078      0.0000
   2013.62559932      0.0000
   2013.62562785      0.0000
   2013.62565639      0.0000
   2013.62568493      0.0000
   2013.62571347      0.0000
   2013.62574201      0.0000
   2013.62577055      0.0000
   2013.62579909      0.0000
   2013.62582763      0.0000
   2013.62585616      0.0000
   2013.62588470      0.0000
   2013.62591324      0.0000
   2013.62594178      0.2222
   2013.62597032      0.5958
   2013.62599886      2.3244
   2013.62602740      6.0134
   2013.62605594     12.4040
   2013.62608447     22.9436
   2013.62611301     28.1446
   2013.62614155     26.2121
   2013.62617009     24.0029
   2013.62619863     20.4523
   2013.62622717     17.4910
   2013.62625571     13.9839
   2013.62628425     12.6258
   2013.62631279     10.8853
   2013.62634132      9.2616
   2013.62636986      7.8818
   2013.62639840      7.3406
   2013.62642694      6.5527
   2013.62645548      5.9824
   2013.62648402      5.5509
   2013.62651256      5.2060
   2013.62654110      4.7989
   2013.62656963      4.6236
   2013.62659817      4.5434
   2013.62662671      4.4423
   2013.62665525      4.2755
   2013.62668379      4.2797
   2013.62671233      4.3509
   2013.62674087      4.3639
   2013.62676941      4.2824
   2013.62679795      4.3469
   2013.62682648      4.2633
   2013.62685502      4.4756
   2013.62688356      4.3949
   2013.62691210      4.4484
   2013.62694064      4.3404
   2013.62696918      4.5446
   2013.62699772      4.4351
   2013.62702626      4.4634
   2013.62705479      4.5130
   2013.62708333      4.5104
   2013.62711187      4.4685
   2013.62714041      4.3716
   2013.62716895      4.3955
   2013.62719749      4.3734
   2013.62722603      4.2840
   2013.62725457      4.1898
   2013.62728311      4.0281
   2013.62731164      4.1601
   2013.62734018      4.0445
   2013.62736872      3.9740
   2013.62739726      3.8544
   2013.62742580      3.9023
   2013.62745434      3.7181
   2013.62748288      3.6015
   2013.62751142      3.3697
   2013.62753995      3.5283
   2013.62756849      3.4582
   2013.62759703      3.5304
   2013.62762557      3.1681
   2013.62765411      3.2593
   2013.62768265      3.2148
   2013.62771119      3.0692
   2013.62773973      2.9676
   2013.62776826      3.0434
   2013.62779680      3.0356
   2013.62782534      2.8921
   2013.62785388      2.7783
   2013.62788242      2.6660
   2013.62791096      2.5695
   2013.62793950      2.5552
   2013.62796804      2.5796
   2013.62799658      2.5083
   2013.62802511      2.3746
   2013.62805365      2.2471
   2013.62808219      2.1651
   2013.62811073      2.1352
   2013.62813927      2.0963
   2013.62816781      2.0794
   2013.62819635      2.0197
   2013.62822489      1.9703
   2013.62825342      1.8728
   2013.62828196      1.7520
   2013.62831050      1.6965
   2013.62833904      1.6549
   2013.62836758      1.6254
   2013.62839612      1.5914
   2013.62842466      1.5448
   2013.62845320      1.4875
   2013.62848174      1.4211
   2013.62851027      1.3537
   2013.62853881      1.2958
   2013.62856735      1.2451
   2013.62859589      1.2001
   2013.62862443      1.1568
   2013.62865297      1.1128
   2013.62868151      1.1215
   2013.62871005      1.0143
   2013.62873858      0.9693
   2013.62876712      0.9199
   2013.62879566      0.8731
   2013.62882420      0.8286
   2013.62885274      0.7850
   2013.62888128      0.7427
   2013.62890982      0.7024
   2013.62893836      0.6640
   2013.62896689      0.6274
   2013.62899543      0.5920
   2013.62902397      0.5579
   2013.62905251      0.5253
   2013.62908105      0.4946
   2013.62910959      0.4656
   2013.62913813      0.4385
   2013.62916667      0.4129
   2013.62919521      0.3888
   2013.62922374      0.3659
   2013.62925228      0.3443
   2013.62928082      0.3237
   2013.62930936      0.3043
   2013.62933790      0.2860
   2013.62936644      0.2687
   2013.62939498      0.2525
   2013.62942352      0.2371
   2013.62945205      0.2225
   2013.62948059      0.2087
   2013.62950913      0.1957
   2013.62953767      0.1836
   2013.62956621      0.1722
   2013.62959475      0.1616
   2013.62962329      0.1516
   2013.62965183      0.1424
   2013.62968037      0.1337
   2013.62970890      0.1255
   2013.62973744      0.1179
   2013.62976598      0.1108
   2013.62979452      0.1041
