   2013.62465753      0.0000
   2013.62468607      0.0000
   2013.62471461      0.0000
   2013.62474315      0.0000
   2013.62477169      0.0000
   2013.62480023      0.0000
   2013.62482877      0.0000
   2013.62485731      0.0000
   2013.62488584      0.0000
   2013.62491438      0.0000
   2013.62494292      0.0000
   2013.62497146      0.0000
   2013.62500000      0.0000
   2013.62502854      0.0000
   2013.62505708      0.0000
   2013.62508562      0.0000
   2013.62511416      0.0000
   2013.62514269      0.0000
   2013.62517123      0.0000
   2013.62519977      0.0000
   2013.62522831      0.0000
   2013.62525685      0.0000
   2013.62528539      0.0000
   2013.62531393      0.0000
   2013.62534247      0.0000
   2013.62537100      0.0000
   2013.62539954      0.0000
   2013.62542808      0.0000
   2013.62545662      0.0000
   2013.62548516      0.0000
   2013.62551370      0.0000
   2013.62554224      0.0000
   2013.62557078      0.0000
   2013.62559932      0.0000
   2013.62562785      0.0000
   2013.62565639      0.0000
   2013.62568493      0.0000
   2013.62571347      0.0000
   2013.62574201      0.0000
   2013.62577055      0.0000
   2013.62579909      0.0000
   2013.62582763      0.0000
   2013.62585616      0.0000
   2013.62588470      0.0000
   2013.62591324      0.0000
   2013.62594178      0.0000
   2013.62597032      0.0000
   2013.62599886      0.0000
   2013.62602740      0.0000
   2013.62605594      0.0000
   2013.62608447      0.0000
   2013.62611301      0.0000
   2013.62614155      0.0000
   2013.62617009      0.0000
   2013.62619863      0.0000
   2013.62622717      0.0000
   2013.62625571      0.0000
   2013.62628425      0.0000
   2013.62631279      0.0000
   2013.62634132      0.0000
   2013.62636986      0.0000
   2013.62639840      0.0000
   2013.62642694      0.0000
   2013.62645548      0.0000
   2013.62648402      0.0000
   2013.62651256      0.0000
   2013.62654110      0.0000
   2013.62656963      0.0000
   2013.62659817      0.0000
   2013.62662671      0.0000
   2013.62665525      0.0000
   2013.62668379      0.0000
   2013.62671233      0.0000
   2013.62674087      0.0000
   2013.62676941      0.0000
   2013.62679795      0.0000
   2013.62682648      0.0000
   2013.62685502      0.1705
   2013.62688356      0.3703
   2013.62691210      1.1531
   2013.62694064      2.9178
   2013.62696918      5.4692
   2013.62699772     10.4349
   2013.62702626     17.2267
   2013.62705479     20.6962
   2013.62708333     21.1502
   2013.62711187     20.4317
   2013.62714041     19.8583
   2013.62716895     18.4133
   2013.62719749     18.9220
   2013.62722603     18.0415
   2013.62725457     16.7200
   2013.62728311     15.0008
   2013.62731164     14.2892
   2013.62734018     12.9774
   2013.62736872     11.3878
   2013.62739726      9.8579
   2013.62742580      8.6535
   2013.62745434      7.8112
   2013.62748288      7.1144
   2013.62751142      5.6341
   2013.62753995      4.9201
   2013.62756849      4.5858
   2013.62759703      3.7969
   2013.62762557      3.3056
   2013.62765411      2.9224
   2013.62768265      2.6009
   2013.62771119      2.2582
   2013.62773973      2.0156
   2013.62776826      1.8036
   2013.62779680      1.6161
   2013.62782534      1.4491
   2013.62785388      1.3671
   2013.62788242      1.1930
   2013.62791096      1.0443
   2013.62793950      0.9731
   2013.62796804      0.8934
   2013.62799658      0.8130
   2013.62802511      0.7380
   2013.62805365      0.6711
   2013.62808219      0.6173
   2013.62811073      0.5652
   2013.62813927      0.5174
   2013.62816781      0.4749
   2013.62819635      0.4431
   2013.62822489      0.4098
   2013.62825342      0.3783
   2013.62828196      0.3493
   2013.62831050      0.3306
   2013.62833904      0.3080
   2013.62836758      0.2859
   2013.62839612      0.2652
   2013.62842466      0.2559
   2013.62845320      0.2402
   2013.62848174      0.2238
   2013.62851027      0.2084
   2013.62853881      0.2048
   2013.62856735      0.1937
   2013.62859589      0.1816
   2013.62862443      0.1701
   2013.62865297      0.1719
   2013.62868151      0.1644
   2013.62871005      0.1556
   2013.62873858      0.1472
   2013.62876712      0.1540
   2013.62879566      0.1500
   2013.62882420      0.1441
   2013.62885274      0.1390
   2013.62888128      0.1516
   2013.62890982      0.1517
   2013.62893836      0.1498
   2013.62896689      0.1491
   2013.62899543      0.1701
   2013.62902397      0.1771
   2013.62905251      0.1822
   2013.62908105      0.1891
   2013.62910959      0.2216
   2013.62913813      0.2392
   2013.62916667      0.2549
   2013.62919521      0.2788
   2013.62922374      0.3339
   2013.62925228      0.3827
   2013.62928082      0.4308
   2013.62930936      0.4816
   2013.62933790      0.5942
   2013.62936644      0.6943
   2013.62939498      0.8122
   2013.62942352      0.9412
   2013.62945205      1.1404
   2013.62948059      1.3507
   2013.62950913      1.5382
   2013.62953767      1.6748
   2013.62956621      1.8451
   2013.62959475      1.9558
   2013.62962329      2.0188
   2013.62965183      2.0537
   2013.62968037      2.1519
   2013.62970890      2.1949
   2013.62973744      2.1983
   2013.62976598      2.1910
   2013.62979452      2.2384
   2013.62982306      2.2331
   2013.62985160      2.2094
   2013.62988014      2.1697
   2013.62990868      2.1819
   2013.62993721      2.1422
   2013.62996575      2.0989
   2013.62999429      1.9956
   2013.63002283      1.9842
   2013.63005137      1.9645
   2013.63007991      1.8687
   2013.63010845      1.8087
   2013.63013699      1.7676
   2013.63016553      1.7380
   2013.63019406      1.6478
   2013.63022260      1.5780
   2013.63025114      1.5033
   2013.63027968      1.4355
   2013.63030822      1.3679
   2013.63033676      1.2977
   2013.63036530      1.2269
   2013.63039384      1.1545
   2013.63042237      1.1074
   2013.63045091      1.0299
   2013.63047945      0.9494
   2013.63050799      0.9048
   2013.63053653      0.8483
   2013.63056507      0.7919
   2013.63059361      0.7374
   2013.63062215      0.6854
   2013.63065068      0.6374
   2013.63067922      0.5932
   2013.63070776      0.5524
   2013.63073630      0.5147
   2013.63076484      0.4800
   2013.63079338      0.4480
   2013.63082192      0.4182
   2013.63085046      0.3904
   2013.63087900      0.3644
   2013.63090753      0.3401
   2013.63093607      0.3175
   2013.63096461      0.2965
   2013.63099315      0.2769
   2013.63102169      0.2588
   2013.63105023      0.2418
   2013.63107877      0.2259
   2013.63110731      0.2110
   2013.63113584      0.1971
   2013.63116438      0.1843
   2013.63119292      0.1723
   2013.63122146      0.1612
   2013.63125000      0.1508
   2013.63127854      0.1412
   2013.63130708      0.1322
   2013.63133562      0.1239
   2013.63136416      0.1161
   2013.63139269      0.1088
   2013.63142123      0.1021
