   2013.62465753      0.0000
   2013.62468607      0.0000
   2013.62471461      0.0000
   2013.62474315      0.0000
   2013.62477169      0.0000
   2013.62480023      0.0000
   2013.62482877      0.0000
   2013.62485731      0.0000
   2013.62488584      0.0000
   2013.62491438      0.0000
   2013.62494292      0.0000
   2013.62497146      0.0000
   2013.62500000      0.0000
   2013.62502854      0.0000
   2013.62505708      0.0000
   2013.62508562      0.0000
   2013.62511416      0.0000
   2013.62514269      0.0000
   2013.62517123      0.0000
   2013.62519977      0.0000
   2013.62522831      0.0000
   2013.62525685      0.0000
   2013.62528539      0.0000
   2013.62531393      0.0000
   2013.62534247      0.0000
   2013.62537100      0.0000
   2013.62539954      0.0000
   2013.62542808      0.0000
   2013.62545662      0.0000
   2013.62548516      0.0000
   2013.62551370      0.0000
   2013.62554224      0.0000
   2013.62557078      0.0000
   2013.62559932      0.0000
   2013.62562785      0.0000
   2013.62565639      0.0000
   2013.62568493      0.0000
   2013.62571347      0.0000
   2013.62574201      0.0000
   2013.62577055      0.0000
   2013.62579909      0.0000
   2013.62582763      0.0000
   2013.62585616      0.0000
   2013.62588470      0.0000
   2013.62591324      0.0000
   2013.62594178      0.0000
   2013.62597032      0.0000
   2013.62599886      0.0000
   2013.62602740      0.0000
   2013.62605594      0.0000
   2013.62608447      0.0000
   2013.62611301      0.0000
   2013.62614155      0.0000
   2013.62617009      0.0000
   2013.62619863      0.0000
   2013.62622717      0.0000
   2013.62625571      0.0000
   2013.62628425      0.0000
   2013.62631279      0.0000
   2013.62634132      0.0000
   2013.62636986      0.0000
   2013.62639840      0.0000
   2013.62642694      0.0000
   2013.62645548      0.0000
   2013.62648402      0.0000
   2013.62651256      0.0000
   2013.62654110      0.0000
   2013.62656963      0.0000
   2013.62659817      0.0000
   2013.62662671      0.0000
   2013.62665525      0.0000
   2013.62668379      0.0000
   2013.62671233      0.0000
   2013.62674087      0.0000
   2013.62676941      0.0000
   2013.62679795      0.0000
   2013.62682648      0.0000
   2013.62685502      0.0000
   2013.62688356      0.0000
   2013.62691210      0.0000
   2013.62694064      0.0000
   2013.62696918      2.4376
   2013.62699772     12.6900
   2013.62702626     29.6150
   2013.62705479     56.5133
   2013.62708333     53.7480
   2013.62711187     41.8792
   2013.62714041     30.5090
   2013.62716895     23.3043
   2013.62719749     18.1650
   2013.62722603     14.9807
   2013.62725457     12.4248
   2013.62728311     10.8144
   2013.62731164      9.2729
   2013.62734018      8.3738
   2013.62736872      7.4479
   2013.62739726      6.7589
   2013.62742580      6.1565
   2013.62745434      5.7062
   2013.62748288      5.4483
   2013.62751142      5.0641
   2013.62753995      4.8632
   2013.62756849      4.7717
   2013.62759703      4.5605
   2013.62762557      4.3775
   2013.62765411      4.3636
   2013.62768265      4.2060
   2013.62771119      4.0882
   2013.62773973      4.0548
   2013.62776826      3.8817
   2013.62779680      3.8120
   2013.62782534      3.7188
   2013.62785388      3.6594
   2013.62788242      3.5424
   2013.62791096      3.4102
   2013.62793950      3.3089
   2013.62796804      3.2339
   2013.62799658      3.1632
   2013.62802511      3.1204
   2013.62805365      3.0544
   2013.62808219      2.9641
   2013.62811073      2.8232
   2013.62813927      2.7931
   2013.62816781      2.7726
   2013.62819635      2.7360
   2013.62822489      2.6008
   2013.62825342      2.5053
   2013.62828196      2.3768
   2013.62831050      2.2338
   2013.62833904      2.0921
   2013.62836758      1.9627
   2013.62839612      1.8491
   2013.62842466      1.7398
   2013.62845320      1.6477
   2013.62848174      1.5630
   2013.62851027      1.4788
   2013.62853881      1.3911
   2013.62856735      1.3001
   2013.62859589      1.2084
   2013.62862443      1.1178
   2013.62865297      1.0345
   2013.62868151      0.9541
   2013.62871005      0.8810
   2013.62873858      0.8111
   2013.62876712      0.7450
   2013.62879566      0.6845
   2013.62882420      0.6306
   2013.62885274      0.5822
   2013.62888128      0.5385
   2013.62890982      0.4992
   2013.62893836      0.4637
   2013.62896689      0.4314
   2013.62899543      0.4017
   2013.62902397      0.3744
   2013.62905251      0.3490
   2013.62908105      0.3253
   2013.62910959      0.3033
   2013.62913813      0.2829
   2013.62916667      0.2639
   2013.62919521      0.2462
   2013.62922374      0.2295
   2013.62925228      0.2139
   2013.62928082      0.1994
   2013.62930936      0.1859
   2013.62933790      0.1733
   2013.62936644      0.1617
   2013.62939498      0.1510
   2013.62942352      0.1410
   2013.62945205      0.1317
   2013.62948059      0.1231
   2013.62950913      0.1151
   2013.62953767      0.1077
   2013.62956621      0.1007
