   2013.62465753      0.0000
   2013.62468607      0.0000
   2013.62471461      0.0000
   2013.62474315      0.0000
   2013.62477169      0.0000
   2013.62480023      0.0000
   2013.62482877      0.0000
   2013.62485731      0.0000
   2013.62488584      0.0000
   2013.62491438      0.0001
   2013.62494292      0.0011
   2013.62497146      0.0020
   2013.62500000      0.0029
   2013.62502854      0.0037
   2013.62505708      0.0045
   2013.62508562      0.0487
   2013.62511416      0.1258
   2013.62514269      0.3117
   2013.62517123      0.6966
   2013.62519977      1.3764
   2013.62522831      2.5218
   2013.62525685      4.2994
   2013.62528539      6.7731
   2013.62531393      9.2067
   2013.62534247     10.7214
   2013.62537100     11.3408
   2013.62539954     11.6781
   2013.62542808     11.8518
   2013.62545662     12.0209
   2013.62548516     12.1141
   2013.62551370     11.6713
   2013.62554224     11.2524
   2013.62557078     10.6899
   2013.62559932     10.1651
   2013.62562785      9.4750
   2013.62565639      8.8064
   2013.62568493      8.1538
   2013.62571347      7.2120
   2013.62574201      6.9026
   2013.62577055      6.0232
   2013.62579909      4.9677
   2013.62582763      4.6969
   2013.62585616      3.8580
   2013.62588470      3.4167
   2013.62591324      3.0710
   2013.62594178      2.7152
   2013.62597032      2.5244
   2013.62599886      2.2339
   2013.62602740      1.9171
   2013.62605594      1.7334
   2013.62608447      1.5687
   2013.62611301      1.4238
   2013.62614155      1.2981
   2013.62617009      1.2495
   2013.62619863      1.1085
   2013.62622717      1.0209
   2013.62625571      0.9383
   2013.62628425      0.8796
   2013.62631279      0.8200
   2013.62634132      0.7658
   2013.62636986      0.7163
   2013.62639840      0.6718
   2013.62642694      0.6323
   2013.62645548      0.5969
   2013.62648402      0.5645
   2013.62651256      0.5349
   2013.62654110      0.5073
   2013.62656963      0.4815
   2013.62659817      0.4572
   2013.62662671      0.4342
   2013.62665525      0.4122
   2013.62668379      0.3910
   2013.62671233      0.3705
   2013.62674087      0.3508
   2013.62676941      0.3318
   2013.62679795      0.3135
   2013.62682648      0.2961
   2013.62685502      0.2795
   2013.62688356      0.2637
   2013.62691210      0.2488
   2013.62694064      0.2345
   2013.62696918      0.2209
   2013.62699772      0.2080
   2013.62702626      0.1957
   2013.62705479      0.1842
   2013.62708333      0.1733
   2013.62711187      0.1631
   2013.62714041      0.1535
   2013.62716895      0.1445
   2013.62719749      0.1359
   2013.62722603      0.1279
   2013.62725457      0.1203
   2013.62728311      0.1132
   2013.62731164      0.1065
   2013.62734018      0.1001
