   2013.62465753      0.0000
   2013.62468607      0.0000
   2013.62471461      0.0000
   2013.62474315      0.0000
   2013.62477169      0.0000
   2013.62480023      0.0000
   2013.62482877      0.0000
   2013.62485731      0.0000
   2013.62488584      0.0000
   2013.62491438      0.0000
   2013.62494292      0.0000
   2013.62497146      0.0000
   2013.62500000      0.0000
   2013.62502854      0.0000
   2013.62505708      0.0000
   2013.62508562      0.0000
   2013.62511416      0.0000
   2013.62514269      0.0000
   2013.62517123      0.0000
   2013.62519977      0.0000
   2013.62522831      0.0000
   2013.62525685      0.0000
   2013.62528539      0.0000
   2013.62531393      0.0000
   2013.62534247      0.0000
   2013.62537100      0.0000
   2013.62539954      0.0000
   2013.62542808      0.0000
   2013.62545662      0.0000
   2013.62548516      0.0000
   2013.62551370      0.0000
   2013.62554224      0.0000
   2013.62557078      0.0000
   2013.62559932      0.0000
   2013.62562785      0.0000
   2013.62565639      0.0000
   2013.62568493      0.0000
   2013.62571347      0.2558
   2013.62574201      0.6528
   2013.62577055      2.1384
   2013.62579909      4.3545
   2013.62582763      7.8876
   2013.62585616     14.2964
   2013.62588470     18.9275
   2013.62591324     19.1789
   2013.62594178     17.4915
   2013.62597032     15.8203
   2013.62599886     14.3795
   2013.62602740     13.5685
   2013.62605594     12.8634
   2013.62608447     12.5026
   2013.62611301     12.2557
   2013.62614155     12.4630
   2013.62617009     12.2860
   2013.62619863     12.5032
   2013.62622717     12.6482
   2013.62625571     13.1507
   2013.62628425     13.3892
   2013.62631279     13.4429
   2013.62634132     13.6253
   2013.62636986     13.9449
   2013.62639840     14.0727
   2013.62642694     14.4329
   2013.62645548     14.5799
   2013.62648402     14.9054
   2013.62651256     15.0030
   2013.62654110     15.2798
   2013.62656963     15.3739
   2013.62659817     15.6710
   2013.62662671     15.6869
   2013.62665525     15.9125
   2013.62668379     15.9261
   2013.62671233     16.1794
   2013.62674087     16.1259
   2013.62676941     15.8727
   2013.62679795     15.2765
   2013.62682648     14.4003
   2013.62685502     14.1838
   2013.62688356     13.4051
   2013.62691210     12.6812
   2013.62694064     11.4091
   2013.62696918     11.3912
   2013.62699772     10.7340
   2013.62702626     10.0197
   2013.62705479      9.2927
   2013.62708333      9.3145
   2013.62711187      9.2905
   2013.62714041      8.8848
   2013.62716895      8.5894
   2013.62719749      8.8688
   2013.62722603      8.8298
   2013.62725457      8.7093
   2013.62728311      8.3056
   2013.62731164      8.4938
   2013.62734018      8.3500
   2013.62736872      8.0836
   2013.62739726      7.6559
   2013.62742580      7.7808
   2013.62745434      7.6124
   2013.62748288      7.3162
   2013.62751142      6.8548
   2013.62753995      7.3592
   2013.62756849      6.8488
   2013.62759703      6.5820
   2013.62762557      6.1520
   2013.62765411      6.5262
   2013.62768265      6.1580
   2013.62771119      6.1543
   2013.62773973      5.6438
   2013.62776826      5.8603
   2013.62779680      5.5549
   2013.62782534      5.4839
   2013.62785388      5.0984
   2013.62788242      5.3083
   2013.62791096      5.0562
   2013.62793950      4.9895
   2013.62796804      4.7378
   2013.62799658      4.8797
   2013.62802511      4.6760
   2013.62805365      4.6336
   2013.62808219      4.4349
   2013.62811073      4.5801
   2013.62813927      4.4189
   2013.62816781      4.4056
   2013.62819635      4.2568
   2013.62822489      4.4183
   2013.62825342      4.2995
   2013.62828196      4.3219
   2013.62831050      4.4024
   2013.62833904      4.4200
   2013.62836758      4.3293
   2013.62839612      4.4042
   2013.62842466      4.2238
   2013.62845320      4.5806
   2013.62848174      4.5148
   2013.62851027      4.6475
   2013.62853881      4.4874
   2013.62856735      4.9465
   2013.62859589      4.8893
   2013.62862443      5.1573
   2013.62865297      5.1198
   2013.62868151      6.1220
   2013.62871005      5.8738
   2013.62873858      5.7728
   2013.62876712      5.4187
   2013.62879566      5.5458
   2013.62882420      5.8183
   2013.62885274      6.7408
   2013.62888128      7.1832
   2013.62890982      7.5839
   2013.62893836      7.5799
   2013.62896689      7.1924
   2013.62899543      6.5395
   2013.62902397      5.9633
   2013.62905251      5.5331
   2013.62908105      5.2684
   2013.62910959      5.5227
   2013.62913813      5.5439
   2013.62916667      6.0211
   2013.62919521      5.2526
   2013.62922374      4.7522
   2013.62925228      4.6254
   2013.62928082      3.8515
   2013.62930936      3.3724
   2013.62933790      2.9672
   2013.62936644      2.7679
   2013.62939498      2.4038
   2013.62942352      2.0210
   2013.62945205      1.8333
   2013.62948059      1.6454
   2013.62950913      1.4802
   2013.62953767      1.3353
   2013.62956621      1.2314
   2013.62959475      1.1069
   2013.62962329      0.9963
   2013.62965183      0.9216
   2013.62968037      0.8424
   2013.62970890      0.7684
   2013.62973744      0.7005
   2013.62976598      0.6393
   2013.62979452      0.5844
   2013.62982306      0.5351
   2013.62985160      0.4909
   2013.62988014      0.4515
   2013.62990868      0.4159
   2013.62993721      0.3836
   2013.62996575      0.3543
   2013.62999429      0.3275
   2013.63002283      0.3030
   2013.63005137      0.2806
   2013.63007991      0.2602
   2013.63010845      0.2414
   2013.63013699      0.2239
   2013.63016553      0.2078
   2013.63019406      0.1930
   2013.63022260      0.1795
   2013.63025114      0.1670
   2013.63027968      0.1555
   2013.63030822      0.1449
   2013.63033676      0.1352
   2013.63036530      0.1262
   2013.63039384      0.1178
   2013.63042237      0.1101
   2013.63045091      0.1029
