   2013.62465753      0.0000
   2013.62468607      0.0000
   2013.62471461      0.0000
   2013.62474315      0.0000
   2013.62477169      0.0000
   2013.62480023      0.0000
   2013.62482877      0.0000
   2013.62485731      0.0000
   2013.62488584      0.0000
   2013.62491438      0.0000
   2013.62494292      0.0000
   2013.62497146      0.0000
   2013.62500000      0.0000
   2013.62502854      0.0000
   2013.62505708      0.0000
   2013.62508562      0.0000
   2013.62511416      0.0000
   2013.62514269      0.0000
   2013.62517123      0.0000
   2013.62519977      0.0000
   2013.62522831      0.0000
   2013.62525685      0.0000
   2013.62528539      0.0000
   2013.62531393      0.0000
   2013.62534247      0.0000
   2013.62537100      0.0000
   2013.62539954      0.0000
   2013.62542808      0.0000
   2013.62545662      0.0000
   2013.62548516      0.0000
   2013.62551370      0.0000
   2013.62554224      0.0000
   2013.62557078      0.0000
   2013.62559932      0.0000
   2013.62562785      0.0000
   2013.62565639      0.0000
   2013.62568493      0.0000
   2013.62571347      0.0000
   2013.62574201      0.0000
   2013.62577055      0.0000
   2013.62579909      0.0000
   2013.62582763      0.0000
   2013.62585616      0.0000
   2013.62588470      0.0000
   2013.62591324      0.0000
   2013.62594178      0.3140
   2013.62597032      1.0104
   2013.62599886      3.7735
   2013.62602740      8.2084
   2013.62605594     17.3716
   2013.62608447     29.8589
   2013.62611301     33.6057
   2013.62614155     31.9435
   2013.62617009     29.1351
   2013.62619863     26.2877
   2013.62622717     22.9121
   2013.62625571     19.4183
   2013.62628425     17.3546
   2013.62631279     15.2965
   2013.62634132     13.1575
   2013.62636986     10.8508
   2013.62639840     10.1149
   2013.62642694      9.0462
   2013.62645548      8.1360
   2013.62648402      7.0927
   2013.62651256      6.9499
   2013.62654110      6.5402
   2013.62656963      6.1787
   2013.62659817      5.8916
   2013.62662671      6.2697
   2013.62665525      6.4525
   2013.62668379      6.7563
   2013.62671233      6.8585
   2013.62674087      7.1798
   2013.62676941      6.7976
   2013.62679795      6.4368
   2013.62682648      5.9103
   2013.62685502      5.3520
   2013.62688356      4.8531
   2013.62691210      4.6916
   2013.62694064      4.3679
   2013.62696918      4.2407
   2013.62699772      3.9490
   2013.62702626      3.8500
   2013.62705479      3.9209
   2013.62708333      3.4955
   2013.62711187      3.2142
   2013.62714041      2.9578
   2013.62716895      2.7800
   2013.62719749      2.4457
   2013.62722603      2.0619
   2013.62725457      1.8736
   2013.62728311      1.6743
   2013.62731164      1.4944
   2013.62734018      1.3938
   2013.62736872      1.2037
   2013.62739726      1.0523
   2013.62742580      0.9695
   2013.62745434      0.8769
   2013.62748288      0.7903
   2013.62751142      0.7123
   2013.62753995      0.6431
   2013.62756849      0.5820
   2013.62759703      0.5278
   2013.62762557      0.4799
   2013.62765411      0.4375
   2013.62768265      0.3998
   2013.62771119      0.3660
   2013.62773973      0.3357
   2013.62776826      0.3084
   2013.62779680      0.2837
   2013.62782534      0.2614
   2013.62785388      0.2410
   2013.62788242      0.2222
   2013.62791096      0.2051
   2013.62793950      0.1895
   2013.62796804      0.1753
   2013.62799658      0.1623
   2013.62802511      0.1505
   2013.62805365      0.1396
   2013.62808219      0.1296
   2013.62811073      0.1205
   2013.62813927      0.1120
   2013.62816781      0.1042
