   2013.62465753      0.0000
   2013.62468607      0.0000
   2013.62471461      0.0006
   2013.62474315      0.0013
   2013.62477169      0.0020
   2013.62480023      0.0026
   2013.62482877      0.0031
   2013.62485731      0.0037
   2013.62488584      0.0233
   2013.62491438      0.0766
   2013.62494292      0.1469
   2013.62497146      0.2449
   2013.62500000      0.4505
   2013.62502854      0.7736
   2013.62505708      1.1961
   2013.62508562      1.7408
   2013.62511416      2.4889
   2013.62514269      3.6305
   2013.62517123      4.8275
   2013.62519977      5.6663
   2013.62522831      5.9047
   2013.62525685      6.5930
   2013.62528539      6.2755
   2013.62531393      6.1109
   2013.62534247      5.7986
   2013.62537100      6.1116
   2013.62539954      5.9927
   2013.62542808      5.9188
   2013.62545662      5.7442
   2013.62548516      6.0541
   2013.62551370      6.0877
   2013.62554224      6.0567
   2013.62557078      5.9056
   2013.62559932      6.2361
   2013.62562785      6.2849
   2013.62565639      6.3678
   2013.62568493      6.1565
   2013.62571347      6.5190
   2013.62574201      6.6271
   2013.62577055      6.7397
   2013.62579909      6.5869
   2013.62582763      6.9809
   2013.62585616      7.1607
   2013.62588470      7.2678
   2013.62591324      7.3457
   2013.62594178      8.1844
   2013.62597032      8.9911
   2013.62599886      9.3867
   2013.62602740      8.5404
   2013.62605594      7.8737
   2013.62608447      7.3260
   2013.62611301      7.1300
   2013.62614155      7.6629
   2013.62617009      8.4502
   2013.62619863      9.0121
   2013.62622717      9.3747
   2013.62625571      8.9876
   2013.62628425      8.6464
   2013.62631279      8.0771
   2013.62634132      6.4158
   2013.62636986      6.0345
   2013.62639840      4.8909
   2013.62642694      4.6308
   2013.62645548      4.0014
   2013.62648402      3.4496
   2013.62651256      3.1477
   2013.62654110      2.9153
   2013.62656963      2.6413
   2013.62659817      2.4954
   2013.62662671      2.2534
   2013.62665525      1.9273
   2013.62668379      1.7679
   2013.62671233      1.5908
   2013.62674087      1.4290
   2013.62676941      1.3203
   2013.62679795      1.1636
   2013.62682648      1.0308
   2013.62685502      0.9481
   2013.62688356      0.8593
   2013.62691210      0.7767
   2013.62694064      0.7021
   2013.62696918      0.6357
   2013.62699772      0.5769
   2013.62702626      0.5244
   2013.62705479      0.4780
   2013.62708333      0.4368
   2013.62711187      0.4000
   2013.62714041      0.3670
   2013.62716895      0.3372
   2013.62719749      0.3103
   2013.62722603      0.2860
   2013.62725457      0.2639
   2013.62728311      0.2437
   2013.62731164      0.2251
   2013.62734018      0.2081
   2013.62736872      0.1925
   2013.62739726      0.1783
   2013.62742580      0.1654
   2013.62745434      0.1535
   2013.62748288      0.1426
   2013.62751142      0.1325
   2013.62753995      0.1233
   2013.62756849      0.1148
   2013.62759703      0.1070
