   2013.62465753      0.0000
   2013.62468607      0.0000
   2013.62471461      0.0000
   2013.62474315      0.0000
   2013.62477169      0.0000
   2013.62480023      0.0000
   2013.62482877      0.0000
   2013.62485731      0.0000
   2013.62488584      0.0000
   2013.62491438      0.0000
   2013.62494292      0.0000
   2013.62497146      0.0000
   2013.62500000      0.0000
   2013.62502854      0.0000
   2013.62505708      0.0000
   2013.62508562      0.0000
   2013.62511416      0.0000
   2013.62514269      0.0000
   2013.62517123      0.0000
   2013.62519977      0.0000
   2013.62522831      0.0000
   2013.62525685      0.0000
   2013.62528539      0.0000
   2013.62531393      0.0000
   2013.62534247      0.0000
   2013.62537100      0.0000
   2013.62539954      0.0000
   2013.62542808      0.0000
   2013.62545662      0.0000
   2013.62548516      0.0000
   2013.62551370      0.0000
   2013.62554224      0.0000
   2013.62557078      0.0000
   2013.62559932      0.0000
   2013.62562785      0.0000
   2013.62565639      0.0000
   2013.62568493      0.0000
   2013.62571347      0.0000
   2013.62574201      0.0000
   2013.62577055      0.0000
   2013.62579909      0.0000
   2013.62582763      0.0000
   2013.62585616      0.0000
   2013.62588470      0.0000
   2013.62591324      0.0000
   2013.62594178      0.0000
   2013.62597032      0.0000
   2013.62599886      0.0000
   2013.62602740      0.0000
   2013.62605594      0.0000
   2013.62608447      0.0000
   2013.62611301      0.0000
   2013.62614155      0.0000
   2013.62617009      6.7154
   2013.62619863     28.3943
   2013.62622717     73.1721
   2013.62625571     87.9780
   2013.62628425     71.0448
   2013.62631279     50.7828
   2013.62634132     36.5124
   2013.62636986     27.3224
   2013.62639840     22.6977
   2013.62642694     19.4693
   2013.62645548     17.1583
   2013.62648402     15.4896
   2013.62651256     14.9688
   2013.62654110     14.5076
   2013.62656963     14.0978
   2013.62659817     13.8441
   2013.62662671     13.9048
   2013.62665525     14.0435
   2013.62668379     13.7047
   2013.62671233     13.1703
   2013.62674087     13.4037
   2013.62676941     12.8472
   2013.62679795     12.3807
   2013.62682648     11.5401
   2013.62685502     11.7969
   2013.62688356     11.4616
   2013.62691210     11.0110
   2013.62694064     10.4158
   2013.62696918     10.9362
   2013.62699772     10.9056
   2013.62702626     10.8578
   2013.62705479     10.7140
   2013.62708333     11.6377
   2013.62711187     11.5887
   2013.62714041     11.4690
   2013.62716895     11.1835
   2013.62719749     11.6866
   2013.62722603     11.6785
   2013.62725457     11.4172
   2013.62728311     11.0243
   2013.62731164     11.4674
   2013.62734018     11.3841
   2013.62736872     11.3208
   2013.62739726     10.6406
   2013.62742580     11.0850
   2013.62745434     10.9586
   2013.62748288     10.7637
   2013.62751142     10.1929
   2013.62753995     10.6066
   2013.62756849     10.4806
   2013.62759703     10.2705
   2013.62762557      9.7703
   2013.62765411     10.1776
   2013.62768265     10.0726
   2013.62771119      9.8908
   2013.62773973      9.4528
   2013.62776826      9.8513
   2013.62779680      9.7683
   2013.62782534      9.6021
   2013.62785388      9.2243
   2013.62788242      9.5755
   2013.62791096      9.8150
   2013.62793950      9.3371
   2013.62796804      9.0285
   2013.62799658      9.3368
   2013.62802511      9.5565
   2013.62805365      9.1184
   2013.62808219      9.0568
   2013.62811073     10.0243
   2013.62813927     10.2601
   2013.62816781      9.5303
   2013.62819635      8.9233
   2013.62822489      8.3150
   2013.62825342      8.2966
   2013.62828196      9.0345
   2013.62831050      9.7166
   2013.62833904      9.9996
   2013.62836758      9.3973
   2013.62839612      8.7541
   2013.62842466      7.8849
   2013.62845320      7.0988
   2013.62848174      6.6041
   2013.62851027      6.4005
   2013.62853881      6.5223
   2013.62856735      6.7045
   2013.62859589      6.2328
   2013.62862443      6.2102
   2013.62865297      5.1363
   2013.62868151      4.9472
   2013.62871005      3.9201
   2013.62873858      3.5558
   2013.62876712      3.1135
   2013.62879566      2.7692
   2013.62882420      2.6251
   2013.62885274      2.3397
   2013.62888128      2.1237
   2013.62890982      1.9347
   2013.62893836      1.7598
   2013.62896689      1.5955
   2013.62899543      1.3834
   2013.62902397      1.3213
   2013.62905251      1.1593
   2013.62908105      1.0271
   2013.62910959      0.9531
   2013.62913813      0.8679
   2013.62916667      0.7872
   2013.62919521      0.7136
   2013.62922374      0.6476
   2013.62925228      0.5890
   2013.62928082      0.5365
   2013.62930936      0.4897
   2013.62933790      0.4481
   2013.62936644      0.4109
   2013.62939498      0.3774
   2013.62942352      0.3471
   2013.62945205      0.3197
   2013.62948059      0.2949
   2013.62950913      0.2724
   2013.62953767      0.2518
   2013.62956621      0.2329
   2013.62959475      0.2155
   2013.62962329      0.1996
   2013.62965183      0.1850
   2013.62968037      0.1717
   2013.62970890      0.1595
   2013.62973744      0.1483
   2013.62976598      0.1380
   2013.62979452      0.1285
   2013.62982306      0.1198
   2013.62985160      0.1117
   2013.62988014      0.1042
