   2013.62465753      0.0000
   2013.62468607      0.0000
   2013.62471461      0.0000
   2013.62474315      0.0000
   2013.62477169      0.0000
   2013.62480023      0.0000
   2013.62482877      0.0000
   2013.62485731      0.0000
   2013.62488584      0.0000
   2013.62491438      0.0000
   2013.62494292      0.0000
   2013.62497146      0.0000
   2013.62500000      0.0000
   2013.62502854      0.0000
   2013.62505708      0.0000
   2013.62508562      0.0000
   2013.62511416      0.0000
   2013.62514269      0.0000
   2013.62517123      0.0000
   2013.62519977      0.0000
   2013.62522831      0.0000
   2013.62525685      0.0000
   2013.62528539      0.0000
   2013.62531393      0.0000
   2013.62534247      0.0000
   2013.62537100      0.0000
   2013.62539954      0.0000
   2013.62542808      0.0000
   2013.62545662      0.0000
   2013.62548516      0.0000
   2013.62551370      0.0000
   2013.62554224      0.0000
   2013.62557078      0.0000
   2013.62559932      0.0000
   2013.62562785      0.0000
   2013.62565639      0.0000
   2013.62568493      0.0000
   2013.62571347      0.0000
   2013.62574201      0.0000
   2013.62577055      0.0000
   2013.62579909      0.0000
   2013.62582763      0.0000
   2013.62585616      0.0000
   2013.62588470      0.0000
   2013.62591324      0.0000
   2013.62594178      0.0000
   2013.62597032      0.0000
   2013.62599886      0.0000
   2013.62602740      0.0000
   2013.62605594      0.0000
   2013.62608447      0.0000
   2013.62611301      0.0000
   2013.62614155      0.0000
   2013.62617009      0.0000
   2013.62619863      0.0000
   2013.62622717      0.0000
   2013.62625571      0.0000
   2013.62628425      0.0000
   2013.62631279      0.0000
   2013.62634132      0.0000
   2013.62636986      0.0000
   2013.62639840      0.0000
   2013.62642694      0.0000
   2013.62645548      0.0000
   2013.62648402      0.0000
   2013.62651256      0.0000
   2013.62654110      0.0000
   2013.62656963      0.0000
   2013.62659817      0.0000
   2013.62662671      0.0000
   2013.62665525      0.0000
   2013.62668379      0.0000
   2013.62671233      0.0000
   2013.62674087      0.0000
   2013.62676941      0.0000
   2013.62679795      0.0000
   2013.62682648      0.0000
   2013.62685502      0.0000
   2013.62688356      0.0000
   2013.62691210      0.0000
   2013.62694064      0.0000
   2013.62696918      0.0000
   2013.62699772      0.0000
   2013.62702626      0.0000
   2013.62705479      0.0000
   2013.62708333      0.0000
   2013.62711187      0.0000
   2013.62714041      0.0000
   2013.62716895      0.0000
   2013.62719749      0.1918
   2013.62722603      0.4322
   2013.62725457      1.4372
   2013.62728311      3.6176
   2013.62731164      7.5451
   2013.62734018     16.2794
   2013.62736872     21.7611
   2013.62739726     20.9887
   2013.62742580     18.3397
   2013.62745434     16.0149
   2013.62748288     13.6524
   2013.62751142     11.9049
   2013.62753995     10.2060
   2013.62756849      8.8791
   2013.62759703      7.8008
   2013.62762557      7.2411
   2013.62765411      5.7150
   2013.62768265      4.9624
   2013.62771119      4.2854
   2013.62773973      3.6881
   2013.62776826      3.2120
   2013.62779680      2.9812
   2013.62782534      2.5507
   2013.62785388      2.2301
   2013.62788242      1.8857
   2013.62791096      1.6644
   2013.62793950      1.4708
   2013.62796804      1.3257
   2013.62799658      1.1649
   2013.62802511      1.0291
   2013.62805365      0.9315
   2013.62808219      0.8358
   2013.62811073      0.7495
   2013.62813927      0.6729
   2013.62816781      0.6060
   2013.62819635      0.5470
   2013.62822489      0.4948
   2013.62825342      0.4489
   2013.62828196      0.4084
   2013.62831050      0.3724
   2013.62833904      0.3401
   2013.62836758      0.3113
   2013.62839612      0.2853
   2013.62842466      0.2619
   2013.62845320      0.2406
   2013.62848174      0.2211
   2013.62851027      0.2034
   2013.62853881      0.1873
   2013.62856735      0.1726
   2013.62859589      0.1592
   2013.62862443      0.1470
   2013.62865297      0.1359
   2013.62868151      0.1258
   2013.62871005      0.1164
   2013.62873858      0.1078
   2013.62876712      0.0999
