   2013.62465753      0.0000
   2013.62468607      0.0000
   2013.62471461      0.0000
   2013.62474315      0.0000
   2013.62477169      0.0000
   2013.62480023      0.0000
   2013.62482877      0.0000
   2013.62485731      0.0000
   2013.62488584      0.0000
   2013.62491438      0.0000
   2013.62494292      0.0000
   2013.62497146      0.0000
   2013.62500000      0.0000
   2013.62502854      0.0000
   2013.62505708      0.0000
   2013.62508562      0.0000
   2013.62511416      0.0000
   2013.62514269      0.0000
   2013.62517123      0.0000
   2013.62519977      0.0000
   2013.62522831      0.0000
   2013.62525685      0.0000
   2013.62528539      0.0000
   2013.62531393      0.0000
   2013.62534247      0.0000
   2013.62537100      0.0000
   2013.62539954      0.0000
   2013.62542808      0.0000
   2013.62545662      0.0000
   2013.62548516      0.0000
   2013.62551370      0.0000
   2013.62554224      0.0000
   2013.62557078      0.0000
   2013.62559932      0.3002
   2013.62562785      0.8599
   2013.62565639      2.9613
   2013.62568493      5.9595
   2013.62571347     12.3118
   2013.62574201     20.8196
   2013.62577055     22.2405
   2013.62579909     19.7777
   2013.62582763     16.8608
   2013.62585616     14.4848
   2013.62588470     12.6189
   2013.62591324     11.2496
   2013.62594178     10.1634
   2013.62597032      9.3375
   2013.62599886      8.7806
   2013.62602740      8.3366
   2013.62605594      7.9088
   2013.62608447      7.7000
   2013.62611301      7.5605
   2013.62614155      7.4819
   2013.62617009      7.4012
   2013.62619863      7.1301
   2013.62622717      6.8833
   2013.62625571      6.5162
   2013.62628425      6.2937
   2013.62631279      6.0904
   2013.62634132      5.5860
   2013.62636986      4.8198
   2013.62639840      4.3406
   2013.62642694      4.1985
   2013.62645548      3.5940
   2013.62648402      3.1905
   2013.62651256      2.8399
   2013.62654110      2.6434
   2013.62656963      2.3374
   2013.62659817      1.9954
   2013.62662671      1.7878
   2013.62665525      1.5965
   2013.62668379      1.4248
   2013.62671233      1.2975
   2013.62674087      1.1486
   2013.62676941      1.0207
   2013.62679795      0.9309
   2013.62682648      0.8401
   2013.62685502      0.7571
   2013.62688356      0.6826
   2013.62691210      0.6170
   2013.62694064      0.5588
   2013.62696918      0.5072
   2013.62699772      0.4616
   2013.62702626      0.4212
   2013.62705479      0.3852
   2013.62708333      0.3529
   2013.62711187      0.3238
   2013.62714041      0.2976
   2013.62716895      0.2739
   2013.62719749      0.2524
   2013.62722603      0.2327
   2013.62725457      0.2146
   2013.62728311      0.1982
   2013.62731164      0.1831
   2013.62734018      0.1695
   2013.62736872      0.1569
   2013.62739726      0.1455
   2013.62742580      0.1350
   2013.62745434      0.1254
   2013.62748288      0.1166
   2013.62751142      0.1084
   2013.62753995      0.1009
