   2013.62465753      0.0000
   2013.62468607      0.0000
   2013.62471461      0.0000
   2013.62474315      0.0000
   2013.62477169      0.0000
   2013.62480023      0.0000
   2013.62482877      0.0000
   2013.62485731      0.0000
   2013.62488584      0.0000
   2013.62491438      0.0000
   2013.62494292      0.0000
   2013.62497146      0.0000
   2013.62500000      0.0000
   2013.62502854      0.0000
   2013.62505708      0.0000
   2013.62508562      0.0000
   2013.62511416      0.0000
   2013.62514269      0.0000
   2013.62517123      0.0000
   2013.62519977      0.0000
   2013.62522831      0.0000
   2013.62525685      0.0000
   2013.62528539      0.0000
   2013.62531393      0.0000
   2013.62534247      0.0000
   2013.62537100      0.0000
   2013.62539954      0.0000
   2013.62542808      0.0000
   2013.62545662      0.0000
   2013.62548516      0.0000
   2013.62551370      0.0000
   2013.62554224      0.0000
   2013.62557078      0.0000
   2013.62559932      0.0000
   2013.62562785      0.0000
   2013.62565639      0.0000
   2013.62568493      0.0000
   2013.62571347      0.0000
   2013.62574201      0.0000
   2013.62577055      0.0000
   2013.62579909      0.0000
   2013.62582763      0.0000
   2013.62585616      0.0000
   2013.62588470      0.0000
   2013.62591324      0.0000
   2013.62594178      0.0000
   2013.62597032      0.0000
   2013.62599886      0.0000
   2013.62602740      0.0000
   2013.62605594      0.0000
   2013.62608447      0.0000
   2013.62611301      0.0000
   2013.62614155      0.0000
   2013.62617009      0.0000
   2013.62619863      0.0000
   2013.62622717      0.0000
   2013.62625571      0.0000
   2013.62628425      0.0000
   2013.62631279      0.0000
   2013.62634132      0.0000
   2013.62636986      0.0000
   2013.62639840      0.0000
   2013.62642694      0.0000
   2013.62645548      0.0000
   2013.62648402      0.0000
   2013.62651256      0.0000
   2013.62654110      0.0000
   2013.62656963      0.0000
   2013.62659817      0.0000
   2013.62662671      0.0000
   2013.62665525      0.0000
   2013.62668379      0.0000
   2013.62671233      0.0000
   2013.62674087      0.0000
   2013.62676941      0.0000
   2013.62679795      0.0000
   2013.62682648      0.0000
   2013.62685502      0.0000
   2013.62688356      0.0000
   2013.62691210      0.0000
   2013.62694064      0.0000
   2013.62696918      0.0000
   2013.62699772      0.0000
   2013.62702626      0.0000
   2013.62705479      0.0000
   2013.62708333      0.0000
   2013.62711187      0.0000
   2013.62714041      0.0000
   2013.62716895      0.0000
   2013.62719749      0.0000
   2013.62722603      0.0000
   2013.62725457      0.0000
   2013.62728311      0.0000
   2013.62731164      0.9682
   2013.62734018      5.4852
   2013.62736872     14.6913
   2013.62739726     38.5415
   2013.62742580     49.5317
   2013.62745434     43.7831
   2013.62748288     33.5794
   2013.62751142     26.2156
   2013.62753995     20.6414
   2013.62756849     17.0160
   2013.62759703     14.1025
   2013.62762557     11.7175
   2013.62765411      9.8584
   2013.62768265      8.4796
   2013.62771119      7.5832
   2013.62773973      5.8358
   2013.62776826      4.9439
   2013.62779680      4.2829
   2013.62782534      3.6463
   2013.62785388      3.1402
   2013.62788242      2.8596
   2013.62791096      2.4551
   2013.62793950      2.1369
   2013.62796804      1.7671
   2013.62799658      1.5838
   2013.62802511      1.4623
   2013.62805365      1.2452
   2013.62808219      1.0760
   2013.62811073      0.9816
   2013.62813927      0.8800
   2013.62816781      0.7870
   2013.62819635      0.7047
   2013.62822489      0.6328
   2013.62825342      0.5699
   2013.62828196      0.5144
   2013.62831050      0.4656
   2013.62833904      0.4226
   2013.62836758      0.3845
   2013.62839612      0.3506
   2013.62842466      0.3203
   2013.62845320      0.2932
   2013.62848174      0.2687
   2013.62851027      0.2466
   2013.62853881      0.2264
   2013.62856735      0.2080
   2013.62859589      0.1913
   2013.62862443      0.1761
   2013.62865297      0.1623
   2013.62868151      0.1498
   2013.62871005      0.1383
   2013.62873858      0.1279
   2013.62876712      0.1183
   2013.62879566      0.1095
   2013.62882420      0.1014
