   2013.62465753      0.0000
   2013.62468607      0.0000
   2013.62471461      0.0000
   2013.62474315      0.0000
   2013.62477169      0.0000
   2013.62480023      0.0000
   2013.62482877      0.0000
   2013.62485731      0.0000
   2013.62488584      0.0000
   2013.62491438      0.0000
   2013.62494292      0.0000
   2013.62497146      0.0000
   2013.62500000      0.0000
   2013.62502854      0.0000
   2013.62505708      0.0000
   2013.62508562      0.0000
   2013.62511416      0.0000
   2013.62514269      0.0000
   2013.62517123      0.0000
   2013.62519977      0.0000
   2013.62522831      0.0000
   2013.62525685      0.0000
   2013.62528539      0.0000
   2013.62531393      0.0000
   2013.62534247      0.0000
   2013.62537100      0.0000
   2013.62539954      0.0000
   2013.62542808      0.0000
   2013.62545662      0.0000
   2013.62548516      0.0000
   2013.62551370      0.0000
   2013.62554224      0.0000
   2013.62557078      0.0000
   2013.62559932      0.0000
   2013.62562785      0.0000
   2013.62565639      0.0000
   2013.62568493      0.0000
   2013.62571347      0.0000
   2013.62574201      0.0000
   2013.62577055      0.0000
   2013.62579909      0.0000
   2013.62582763      0.0000
   2013.62585616      0.0000
   2013.62588470      0.0000
   2013.62591324      0.0000
   2013.62594178      0.0000
   2013.62597032      0.0000
   2013.62599886      0.0000
   2013.62602740      0.0000
   2013.62605594      0.0000
   2013.62608447      0.0000
   2013.62611301      0.0000
   2013.62614155      0.0000
   2013.62617009      0.0000
   2013.62619863      0.0000
   2013.62622717      0.0000
   2013.62625571      0.0000
   2013.62628425      0.0000
   2013.62631279      0.0000
   2013.62634132      0.0000
   2013.62636986      0.0000
   2013.62639840      0.0000
   2013.62642694      0.0000
   2013.62645548      0.0000
   2013.62648402      0.0000
   2013.62651256      0.9976
   2013.62654110      5.3115
   2013.62656963     12.4617
   2013.62659817     28.3799
   2013.62662671     41.4652
   2013.62665525     39.5283
   2013.62668379     31.1006
   2013.62671233     25.1204
   2013.62674087     21.7450
   2013.62676941     19.2894
   2013.62679795     17.3015
   2013.62682648     16.0391
   2013.62685502     15.2076
   2013.62688356     14.7525
   2013.62691210     14.4050
   2013.62694064     13.9408
   2013.62696918     14.9322
   2013.62699772     14.8318
   2013.62702626     14.3677
   2013.62705479     13.5881
   2013.62708333     13.6298
   2013.62711187     13.2233
   2013.62714041     12.6457
   2013.62716895     10.9589
   2013.62719749     10.7038
   2013.62722603      9.9586
   2013.62725457      8.8221
   2013.62728311      7.7523
   2013.62731164      7.4612
   2013.62734018      6.8339
   2013.62736872      6.4192
   2013.62739726      5.6428
   2013.62742580      5.5350
   2013.62745434      5.3585
   2013.62748288      5.0250
   2013.62751142      4.6157
   2013.62753995      4.5887
   2013.62756849      4.4668
   2013.62759703      4.2755
   2013.62762557      4.1148
   2013.62765411      3.9901
   2013.62768265      3.8454
   2013.62771119      3.8023
   2013.62773973      3.3793
   2013.62776826      3.5255
   2013.62779680      3.4230
   2013.62782534      3.4798
   2013.62785388      3.0923
   2013.62788242      3.1450
   2013.62791096      3.0626
   2013.62793950      2.9425
   2013.62796804      2.9194
   2013.62799658      2.8175
   2013.62802511      2.7651
   2013.62805365      2.6655
   2013.62808219      2.6711
   2013.62811073      2.5772
   2013.62813927      2.5377
   2013.62816781      2.4618
   2013.62819635      2.5214
   2013.62822489      2.4912
   2013.62825342      2.4258
   2013.62828196      2.3391
   2013.62831050      2.2977
   2013.62833904      2.2754
   2013.62836758      2.3797
   2013.62839612      2.4290
   2013.62842466      2.4139
   2013.62845320      2.3304
   2013.62848174      2.2063
   2013.62851027      2.2280
   2013.62853881      2.3676
   2013.62856735      2.4735
   2013.62859589      2.4558
   2013.62862443      2.3789
   2013.62865297      2.2992
   2013.62868151      2.2945
   2013.62871005      2.4012
   2013.62873858      2.5254
   2013.62876712      2.5735
   2013.62879566      2.5393
   2013.62882420      2.4399
   2013.62885274      2.5490
   2013.62888128      2.4342
   2013.62890982      2.5148
   2013.62893836      2.5725
   2013.62896689      2.5650
   2013.62899543      2.5124
   2013.62902397      2.4359
   2013.62905251      2.3211
   2013.62908105      2.2788
   2013.62910959      2.2502
   2013.62913813      2.2099
   2013.62916667      2.1463
   2013.62919521      2.0542
   2013.62922374      1.9504
   2013.62925228      1.8173
   2013.62928082      1.7173
   2013.62930936      1.6301
   2013.62933790      1.5500
   2013.62936644      1.4696
   2013.62939498      1.3861
   2013.62942352      1.3003
   2013.62945205      1.2143
   2013.62948059      1.1258
   2013.62950913      1.0493
   2013.62953767      0.9735
   2013.62956621      0.9036
   2013.62959475      0.8375
   2013.62962329      0.7740
   2013.62965183      0.7141
   2013.62968037      0.6593
   2013.62970890      0.6096
   2013.62973744      0.5639
   2013.62976598      0.5219
   2013.62979452      0.4835
   2013.62982306      0.4484
   2013.62985160      0.4161
   2013.62988014      0.3863
   2013.62990868      0.3588
   2013.62993721      0.3333
   2013.62996575      0.3098
   2013.62999429      0.2881
   2013.63002283      0.2680
   2013.63005137      0.2495
   2013.63007991      0.2323
   2013.63010845      0.2162
   2013.63013699      0.2012
   2013.63016553      0.1875
   2013.63019406      0.1747
   2013.63022260      0.1630
   2013.63025114      0.1521
   2013.63027968      0.1420
   2013.63030822      0.1327
   2013.63033676      0.1240
   2013.63036530      0.1160
   2013.63039384      0.1085
   2013.63042237      0.1015
