   2013.62465753      0.0000
   2013.62468607      0.0000
   2013.62471461      0.0000
   2013.62474315      0.0000
   2013.62477169      0.0000
   2013.62480023      0.0000
   2013.62482877      0.0000
   2013.62485731      0.0000
   2013.62488584      0.0000
   2013.62491438      0.0000
   2013.62494292      0.0000
   2013.62497146      0.0000
   2013.62500000      0.0000
   2013.62502854      0.0000
   2013.62505708      0.0000
   2013.62508562      0.0000
   2013.62511416      0.0000
   2013.62514269      0.0000
   2013.62517123      0.0000
   2013.62519977      0.0000
   2013.62522831      0.0000
   2013.62525685      0.0000
   2013.62528539      0.0000
   2013.62531393      0.0000
   2013.62534247      0.0000
   2013.62537100      0.0000
   2013.62539954      0.0000
   2013.62542808      0.0000
   2013.62545662      0.0000
   2013.62548516      0.0000
   2013.62551370      0.0000
   2013.62554224      0.0000
   2013.62557078      0.0000
   2013.62559932      0.0000
   2013.62562785      0.0000
   2013.62565639      0.0000
   2013.62568493      0.0000
   2013.62571347      0.0000
   2013.62574201      0.0000
   2013.62577055      0.0000
   2013.62579909      0.0000
   2013.62582763      0.0000
   2013.62585616      0.0000
   2013.62588470      0.0000
   2013.62591324      0.0000
   2013.62594178      0.0000
   2013.62597032      0.0000
   2013.62599886      0.0000
   2013.62602740      0.0000
   2013.62605594      0.0000
   2013.62608447      0.0000
   2013.62611301      0.0000
   2013.62614155      0.0000
   2013.62617009      0.0000
   2013.62619863      0.0000
   2013.62622717      0.0000
   2013.62625571      0.0000
   2013.62628425      0.0000
   2013.62631279      0.0000
   2013.62634132      0.0000
   2013.62636986      0.0000
   2013.62639840      0.0000
   2013.62642694      0.0000
   2013.62645548      0.0000
   2013.62648402      0.0000
   2013.62651256      0.0000
   2013.62654110      0.0000
   2013.62656963      0.0000
   2013.62659817      0.0000
   2013.62662671      0.0000
   2013.62665525      0.0000
   2013.62668379      0.0000
   2013.62671233      0.0000
   2013.62674087      0.0000
   2013.62676941      0.0000
   2013.62679795      0.0000
   2013.62682648      0.0000
   2013.62685502      0.0000
   2013.62688356      0.0000
   2013.62691210      0.0000
   2013.62694064      0.0000
   2013.62696918      0.0000
   2013.62699772      0.0000
   2013.62702626      0.0000
   2013.62705479      0.0000
   2013.62708333      0.0000
   2013.62711187      0.0000
   2013.62714041      0.0000
   2013.62716895      0.0000
   2013.62719749      0.0000
   2013.62722603      0.0000
   2013.62725457      0.0000
   2013.62728311      0.0000
   2013.62731164      6.2743
   2013.62734018     32.2577
   2013.62736872     89.7486
   2013.62739726     98.9612
   2013.62742580     74.4373
   2013.62745434     51.2902
   2013.62748288     34.4148
   2013.62751142     25.4765
   2013.62753995     19.5785
   2013.62756849     15.7546
   2013.62759703     13.3636
   2013.62762557     11.5104
   2013.62765411     10.1142
   2013.62768265      8.8721
   2013.62771119      8.1445
   2013.62773973      7.4173
   2013.62776826      6.9151
   2013.62779680      6.5347
   2013.62782534      6.2640
   2013.62785388      6.0860
   2013.62788242      5.9745
   2013.62791096      5.9103
   2013.62793950      5.8800
   2013.62796804      5.8726
   2013.62799658      5.8800
   2013.62802511      5.8954
   2013.62805365      5.8346
   2013.62808219      5.6568
   2013.62811073      5.6205
   2013.62813927      5.3783
   2013.62816781      5.0176
   2013.62819635      4.6281
   2013.62822489      4.4343
   2013.62825342      4.3912
   2013.62828196      3.6864
   2013.62831050      3.4579
   2013.62833904      3.1209
   2013.62836758      2.8421
   2013.62839612      2.7093
   2013.62842466      2.3705
   2013.62845320      2.1262
   2013.62848174      1.8374
   2013.62851027      1.6555
   2013.62853881      1.4866
   2013.62856735      1.4091
   2013.62859589      1.2099
   2013.62862443      1.0508
   2013.62865297      0.9762
   2013.62868151      0.8863
   2013.62871005      0.8004
   2013.62873858      0.7223
   2013.62876712      0.6524
   2013.62879566      0.5907
   2013.62882420      0.5355
   2013.62885274      0.4867
   2013.62888128      0.4434
   2013.62890982      0.4049
   2013.62893836      0.3704
   2013.62896689      0.3394
   2013.62899543      0.3114
   2013.62902397      0.2862
   2013.62905251      0.2634
   2013.62908105      0.2425
   2013.62910959      0.2234
   2013.62913813      0.2059
   2013.62916667      0.1900
   2013.62919521      0.1755
   2013.62922374      0.1623
   2013.62925228      0.1502
   2013.62928082      0.1392
   2013.62930936      0.1291
   2013.62933790      0.1198
   2013.62936644      0.1113
   2013.62939498      0.1035
