   2013.62465753      0.0000
   2013.62468607      0.0000
   2013.62471461      0.0000
   2013.62474315      0.0000
   2013.62477169      0.0000
   2013.62480023      0.0000
   2013.62482877      0.0000
   2013.62485731      0.0000
   2013.62488584      0.0002
   2013.62491438      0.0011
   2013.62494292      0.0017
   2013.62497146      0.0019
   2013.62500000      0.0056
   2013.62502854      0.0031
   2013.62505708      0.0086
   2013.62508562      0.0416
   2013.62511416      0.0771
   2013.62514269      0.1482
   2013.62517123      0.2865
   2013.62519977      0.5173
   2013.62522831      0.7700
   2013.62525685      0.9937
   2013.62528539      1.2252
   2013.62531393      1.6536
   2013.62534247      2.6808
   2013.62537100      3.7913
   2013.62539954      4.4763
   2013.62542808      4.2186
   2013.62545662      4.3353
   2013.62548516      3.7174
   2013.62551370      3.3505
   2013.62554224      3.0446
   2013.62557078      2.7041
   2013.62559932      2.5038
   2013.62562785      2.2216
   2013.62565639      1.9030
   2013.62568493      1.7027
   2013.62571347      1.5212
   2013.62574201      1.3584
   2013.62577055      1.2284
   2013.62579909      1.0526
   2013.62582763      0.9841
   2013.62585616      0.8921
   2013.62588470      0.8042
   2013.62591324      0.7247
   2013.62594178      0.6538
   2013.62597032      0.5913
   2013.62599886      0.5356
   2013.62602740      0.4863
   2013.62605594      0.4427
   2013.62608447      0.4040
   2013.62611301      0.3693
   2013.62614155      0.3382
   2013.62617009      0.3102
   2013.62619863      0.2850
   2013.62622717      0.2621
   2013.62625571      0.2412
   2013.62628425      0.2221
   2013.62631279      0.2046
   2013.62634132      0.1887
   2013.62636986      0.1742
   2013.62639840      0.1610
   2013.62642694      0.1490
   2013.62645548      0.1380
   2013.62648402      0.1279
   2013.62651256      0.1187
   2013.62654110      0.1102
   2013.62656963      0.1023
