   2013.62465753      0.0000
   2013.62468607      0.0000
   2013.62471461      0.0000
   2013.62474315      0.0000
   2013.62477169      0.0000
   2013.62480023      0.0000
   2013.62482877      0.0004
   2013.62485731      0.0010
   2013.62488584      0.0016
   2013.62491438      0.0032
   2013.62494292      0.0041
   2013.62497146      0.0049
   2013.62500000      0.0466
   2013.62502854      0.1043
   2013.62505708      0.2008
   2013.62508562      0.3991
   2013.62511416      0.7975
   2013.62514269      1.4837
   2013.62517123      2.4977
   2013.62519977      3.9706
   2013.62522831      6.2582
   2013.62525685      8.4830
   2013.62528539     10.1418
   2013.62531393     10.9304
   2013.62534247     11.4311
   2013.62537100     11.6216
   2013.62539954     11.5619
   2013.62542808     11.2724
   2013.62545662     10.6737
   2013.62548516     10.4342
   2013.62551370      9.7309
   2013.62554224      9.0336
   2013.62557078      8.5718
   2013.62559932      7.9956
   2013.62562785      7.2664
   2013.62565639      6.6381
   2013.62568493      6.0069
   2013.62571347      5.8392
   2013.62574201      5.4164
   2013.62577055      5.1100
   2013.62579909      4.8209
   2013.62582763      4.8424
   2013.62585616      4.7046
   2013.62588470      4.6369
   2013.62591324      4.6450
   2013.62594178      4.9862
   2013.62597032      4.9877
   2013.62599886      5.1191
   2013.62602740      5.3259
   2013.62605594      5.6398
   2013.62608447      5.8346
   2013.62611301      5.9848
   2013.62614155      6.2033
   2013.62617009      6.5250
   2013.62619863      6.7546
   2013.62622717      6.8419
   2013.62625571      7.1494
   2013.62628425      7.4131
   2013.62631279      7.6281
   2013.62634132      7.8005
   2013.62636986      8.0081
   2013.62639840      8.3483
   2013.62642694      8.5079
   2013.62645548      8.6248
   2013.62648402      8.8063
   2013.62651256      9.0390
   2013.62654110      9.2559
   2013.62656963      9.2932
   2013.62659817      9.3252
   2013.62662671      9.6406
   2013.62665525      9.8470
   2013.62668379      9.8585
   2013.62671233      9.7616
   2013.62674087     10.0236
   2013.62676941     10.1830
   2013.62679795     10.1240
   2013.62682648      9.9284
   2013.62685502     10.1681
   2013.62688356     10.1720
   2013.62691210     10.0432
   2013.62694064      9.7916
   2013.62696918     10.0147
   2013.62699772      9.9301
   2013.62702626      9.7141
   2013.62705479      9.4278
   2013.62708333      9.5458
   2013.62711187      9.5457
   2013.62714041      9.1942
   2013.62716895      8.9838
   2013.62719749      8.9733
   2013.62722603      8.7786
   2013.62725457      8.5887
   2013.62728311      8.3742
   2013.62731164      8.3225
   2013.62734018      8.1802
   2013.62736872      7.9876
   2013.62739726      7.6757
   2013.62742580      7.6212
   2013.62745434      7.4003
   2013.62748288      7.2000
   2013.62751142      6.8995
   2013.62753995      6.9162
   2013.62756849      6.6987
   2013.62759703      6.5358
   2013.62762557      6.2202
   2013.62765411      6.2074
   2013.62768265      6.0633
   2013.62771119      5.9077
   2013.62773973      5.6970
   2013.62776826      5.6193
   2013.62779680      5.5122
   2013.62782534      5.3174
   2013.62785388      5.1817
   2013.62788242      5.1252
   2013.62791096      5.0392
   2013.62793950      4.8963
   2013.62796804      4.8046
   2013.62799658      4.7237
   2013.62802511      4.6585
   2013.62805365      4.5435
   2013.62808219      4.4909
   2013.62811073      4.4341
   2013.62813927      4.3935
   2013.62816781      4.3081
   2013.62819635      4.2997
   2013.62822489      4.3146
   2013.62825342      4.2629
   2013.62828196      4.2237
   2013.62831050      4.2637
   2013.62833904      4.3135
   2013.62836758      4.3205
   2013.62839612      4.3032
   2013.62842466      4.3020
   2013.62845320      4.4876
   2013.62848174      4.5218
   2013.62851027      4.5366
   2013.62853881      4.5901
   2013.62856735      4.8717
   2013.62859589      4.9142
   2013.62862443      4.9869
   2013.62865297      5.0575
   2013.62868151      5.3508
   2013.62871005      5.4679
   2013.62873858      5.5672
   2013.62876712      5.6568
   2013.62879566      6.0085
   2013.62882420      6.1785
   2013.62885274      6.2837
   2013.62888128      6.4563
   2013.62890982      6.8008
   2013.62893836      7.0236
   2013.62896689      7.0726
   2013.62899543      7.3689
   2013.62902397      7.6123
   2013.62905251      7.8432
   2013.62908105      7.9804
   2013.62910959      8.2652
   2013.62913813      8.5257
   2013.62916667      8.7011
   2013.62919521      8.7407
   2013.62922374      8.9674
   2013.62925228      9.2136
   2013.62928082      9.4448
   2013.62930936      9.5051
   2013.62933790      9.4794
   2013.62936644      9.7949
   2013.62939498      9.9981
   2013.62942352     10.0293
   2013.62945205      9.9049
   2013.62948059     10.1624
   2013.62950913     10.3202
   2013.62953767     10.2781
   2013.62956621     10.0619
   2013.62959475     10.2946
   2013.62962329     10.2988
   2013.62965183     10.1765
   2013.62968037      9.9092
   2013.62970890     10.1320
   2013.62973744     10.0454
   2013.62976598      9.8287
   2013.62979452      9.5404
   2013.62982306      9.6549
   2013.62985160      9.6156
   2013.62988014      9.2983
   2013.62990868      9.0723
   2013.62993721      9.0754
   2013.62996575      8.8879
   2013.62999429      8.6770
   2013.63002283      8.4668
   2013.63005137      8.4092
   2013.63007991      8.2170
   2013.63010845      8.0128
   2013.63013699      7.7617
   2013.63016553      7.7093
   2013.63019406      7.4874
   2013.63022260      7.2755
   2013.63025114      6.9676
   2013.63027968      6.5506
   2013.63030822      6.1336
   2013.63033676      5.7184
   2013.63036530      5.1031
   2013.63039384      4.6859
   2013.63042237      4.4443
   2013.63045091      4.0187
   2013.63047945      3.6597
   2013.63050799      3.3074
   2013.63053653      3.0314
   2013.63056507      2.7203
   2013.63059361      2.4288
   2013.63062215      2.1520
   2013.63065068      1.9741
   2013.63067922      1.7868
   2013.63070776      1.6044
   2013.63073630      1.4397
   2013.63076484      1.2869
   2013.63079338      1.1645
   2013.63082192      1.0519
   2013.63085046      0.9552
   2013.63087900      0.8677
   2013.63090753      0.7864
   2013.63093607      0.7122
   2013.63096461      0.6464
   2013.63099315      0.5884
   2013.63102169      0.5366
   2013.63105023      0.4904
   2013.63107877      0.4492
   2013.63110731      0.4123
   2013.63113584      0.3791
   2013.63116438      0.3490
   2013.63119292      0.3218
   2013.63122146      0.2972
   2013.63125000      0.2748
   2013.63127854      0.2544
   2013.63130708      0.2356
   2013.63133562      0.2183
   2013.63136416      0.2025
   2013.63139269      0.1879
   2013.63142123      0.1746
   2013.63144977      0.1624
   2013.63147831      0.1512
   2013.63150685      0.1409
   2013.63153539      0.1314
   2013.63156393      0.1227
   2013.63159247      0.1146
   2013.63162100      0.1071
   2013.63164954      0.1002
