   2013.62465753      0.0000
   2013.62468607      0.0000
   2013.62471461      0.0000
   2013.62474315      0.0000
   2013.62477169      0.0000
   2013.62480023      0.0000
   2013.62482877      0.0000
   2013.62485731      0.0000
   2013.62488584      0.0000
   2013.62491438      0.0000
   2013.62494292      0.0005
   2013.62497146      0.0011
   2013.62500000      0.0021
   2013.62502854      0.0024
   2013.62505708      0.0028
   2013.62508562      0.0032
   2013.62511416      0.0115
   2013.62514269      0.0522
   2013.62517123      0.0893
   2013.62519977      0.1579
   2013.62522831      0.2787
   2013.62525685      0.4675
   2013.62528539      0.7661
   2013.62531393      1.2061
   2013.62534247      1.8191
   2013.62537100      2.6713
   2013.62539954      3.8064
   2013.62542808      4.9784
   2013.62545662      5.8329
   2013.62548516      6.3545
   2013.62551370      6.6565
   2013.62554224      6.8403
   2013.62557078      6.9086
   2013.62559932      7.0447
   2013.62562785      7.1128
   2013.62565639      7.1699
   2013.62568493      7.2716
   2013.62571347      7.2844
   2013.62574201      7.0815
   2013.62577055      6.9624
   2013.62579909      6.6286
   2013.62582763      6.4374
   2013.62585616      6.0298
   2013.62588470      5.7551
   2013.62591324      5.1010
   2013.62594178      4.7854
   2013.62597032      4.5083
   2013.62599886      4.4284
   2013.62602740      3.7271
   2013.62605594      3.4863
   2013.62608447      3.1771
   2013.62611301      2.9161
   2013.62614155      2.7225
   2013.62617009      2.4619
   2013.62619863      2.2757
   2013.62622717      2.0781
   2013.62625571      1.9890
   2013.62628425      1.8412
   2013.62631279      1.7098
   2013.62634132      1.5940
   2013.62636986      1.4791
   2013.62639840      1.4840
   2013.62642694      1.4247
   2013.62645548      1.3593
   2013.62648402      1.3601
   2013.62651256      1.3325
   2013.62654110      1.2985
   2013.62656963      1.2734
   2013.62659817      1.3100
   2013.62662671      1.3081
   2013.62665525      1.3208
   2013.62668379      1.3269
   2013.62671233      1.3969
   2013.62674087      1.4246
   2013.62676941      1.4596
   2013.62679795      1.4806
   2013.62682648      1.5523
   2013.62685502      1.5963
   2013.62688356      1.6244
   2013.62691210      1.6256
   2013.62694064      1.6935
   2013.62696918      1.7239
   2013.62699772      1.7333
   2013.62702626      1.7152
   2013.62705479      1.7616
   2013.62708333      1.7718
   2013.62711187      1.7509
   2013.62714041      1.7240
   2013.62716895      1.7513
   2013.62719749      1.7402
   2013.62722603      1.7040
   2013.62725457      1.6639
   2013.62728311      1.6756
   2013.62731164      1.6469
   2013.62734018      1.6008
   2013.62736872      1.5579
   2013.62739726      1.5579
   2013.62742580      1.5114
   2013.62745434      1.4605
   2013.62748288      1.4212
   2013.62751142      1.3002
   2013.62753995      1.3488
   2013.62756849      1.3630
   2013.62759703      1.2886
   2013.62762557      1.2547
   2013.62765411      1.2092
   2013.62768265      1.1622
   2013.62771119      1.1003
   2013.62773973      1.0360
   2013.62776826      1.0325
   2013.62779680      0.9859
   2013.62782534      0.9237
   2013.62785388      0.9034
   2013.62788242      0.8653
   2013.62791096      0.8234
   2013.62793950      0.7826
   2013.62796804      0.7534
   2013.62799658      0.7178
   2013.62802511      0.6814
   2013.62805365      0.6481
   2013.62808219      0.6270
   2013.62811073      0.5982
   2013.62813927      0.5683
   2013.62816781      0.5404
   2013.62819635      0.5253
   2013.62822489      0.5017
   2013.62825342      0.4770
   2013.62828196      0.4538
   2013.62831050      0.4440
   2013.62833904      0.4253
   2013.62836758      0.4048
   2013.62839612      0.3855
   2013.62842466      0.3814
   2013.62845320      0.3673
   2013.62848174      0.3511
   2013.62851027      0.3356
   2013.62853881      0.3370
   2013.62856735      0.3273
   2013.62859589      0.3152
   2013.62862443      0.3037
   2013.62865297      0.3107
   2013.62868151      0.3056
   2013.62871005      0.2978
   2013.62873858      0.2906
   2013.62876712      0.3042
   2013.62879566      0.3042
   2013.62882420      0.3013
   2013.62885274      0.2994
   2013.62888128      0.3213
   2013.62890982      0.3282
   2013.62893836      0.3319
   2013.62896689      0.3374
   2013.62899543      0.3716
   2013.62902397      0.3889
   2013.62905251      0.4100
   2013.62908105      0.4265
   2013.62910959      0.4624
   2013.62913813      0.4974
   2013.62916667      0.5381
   2013.62919521      0.5899
   2013.62922374      0.6760
   2013.62925228      0.7385
   2013.62928082      0.8098
   2013.62930936      0.8823
   2013.62933790      1.0044
   2013.62936644      1.0996
   2013.62939498      1.2019
   2013.62942352      1.2878
   2013.62945205      1.4246
   2013.62948059      1.4990
   2013.62950913      1.5643
   2013.62953767      1.6031
   2013.62956621      1.6893
   2013.62959475      1.7418
   2013.62962329      1.7703
   2013.62965183      1.7692
   2013.62968037      1.8395
   2013.62970890      1.8670
   2013.62973744      1.8703
   2013.62976598      1.8457
   2013.62979452      1.8915
   2013.62982306      1.8969
   2013.62985160      1.8691
   2013.62988014      1.8372
   2013.62990868      1.8684
   2013.62993721      1.8489
   2013.62996575      1.8070
   2013.62999429      1.7626
   2013.63002283      1.7781
   2013.63005137      1.7425
   2013.63007991      1.6918
   2013.63010845      1.6492
   2013.63013699      1.6462
   2013.63016553      1.5862
   2013.63019406      1.5416
   2013.63022260      1.5002
   2013.63025114      1.5288
   2013.63027968      1.4287
   2013.63030822      1.3730
   2013.63033676      1.3128
   2013.63036530      1.2517
   2013.63039384      1.1496
   2013.63042237      1.1002
   2013.63045091      1.0666
   2013.63047945      1.0017
   2013.63050799      0.9317
   2013.63053653      0.8845
   2013.63056507      0.8307
   2013.63059361      0.7784
   2013.63062215      0.7278
   2013.63065068      0.6796
   2013.63067922      0.6349
   2013.63070776      0.5934
   2013.63073630      0.5545
   2013.63076484      0.5183
   2013.63079338      0.4847
   2013.63082192      0.4534
   2013.63085046      0.4242
   2013.63087900      0.3967
   2013.63090753      0.3710
   2013.63093607      0.3469
   2013.63096461      0.3244
   2013.63099315      0.3034
   2013.63102169      0.2837
   2013.63105023      0.2655
   2013.63107877      0.2484
   2013.63110731      0.2324
   2013.63113584      0.2173
   2013.63116438      0.2033
   2013.63119292      0.1901
   2013.63122146      0.1779
   2013.63125000      0.1666
   2013.63127854      0.1560
   2013.63130708      0.1462
   2013.63133562      0.1370
   2013.63136416      0.1284
   2013.63139269      0.1205
   2013.63142123      0.1130
   2013.63144977      0.1061
