   2013.62465753      0.0000
   2013.62468607      0.0000
   2013.62471461      0.0000
   2013.62474315      0.0000
   2013.62477169      0.0000
   2013.62480023      0.0000
   2013.62482877      0.0000
   2013.62485731      0.0000
   2013.62488584      0.0000
   2013.62491438      0.0000
   2013.62494292      0.0000
   2013.62497146      0.0000
   2013.62500000      0.0000
   2013.62502854      0.0000
   2013.62505708      0.0000
   2013.62508562      0.0000
   2013.62511416      0.0000
   2013.62514269      0.0000
   2013.62517123      0.0000
   2013.62519977      0.0000
   2013.62522831      0.0000
   2013.62525685      0.0000
   2013.62528539      0.0000
   2013.62531393      0.0000
   2013.62534247      0.0000
   2013.62537100      0.0000
   2013.62539954      0.0000
   2013.62542808      0.0000
   2013.62545662      0.0000
   2013.62548516      0.0000
   2013.62551370      0.0000
   2013.62554224      0.0000
   2013.62557078      0.0000
   2013.62559932      0.0006
   2013.62562785      0.0014
   2013.62565639      0.0020
   2013.62568493      0.0027
   2013.62571347      0.0031
   2013.62574201      0.0036
   2013.62577055      0.0231
   2013.62579909      0.0649
   2013.62582763      0.1126
   2013.62585616      0.2084
   2013.62588470      0.3524
   2013.62591324      0.5845
   2013.62594178      0.9453
   2013.62597032      1.4872
   2013.62599886      2.2390
   2013.62602740      3.2883
   2013.62605594      4.3593
   2013.62608447      5.1837
   2013.62611301      5.7259
   2013.62614155      5.8114
   2013.62617009      5.6684
   2013.62619863      5.8154
   2013.62622717      5.3895
   2013.62625571      4.8130
   2013.62628425      4.5578
   2013.62631279      4.1976
   2013.62634132      4.1394
   2013.62636986      3.4899
   2013.62639840      3.4497
   2013.62642694      3.3070
   2013.62645548      3.0795
   2013.62648402      2.9835
   2013.62651256      2.8956
   2013.62654110      2.7860
   2013.62656963      2.6746
   2013.62659817      2.6874
   2013.62662671      2.6987
   2013.62665525      2.6364
   2013.62668379      2.6589
   2013.62671233      2.6488
   2013.62674087      2.7519
   2013.62676941      2.8095
   2013.62679795      2.8387
   2013.62682648      2.8128
   2013.62685502      2.9831
   2013.62688356      3.0175
   2013.62691210      3.2060
   2013.62694064      2.9124
   2013.62696918      3.0887
   2013.62699772      3.0863
   2013.62702626      3.2316
   2013.62705479      2.9189
   2013.62708333      3.0447
   2013.62711187      3.0157
   2013.62714041      2.9541
   2013.62716895      2.8244
   2013.62719749      2.8840
   2013.62722603      2.8434
   2013.62725457      2.7654
   2013.62728311      2.7305
   2013.62731164      2.6703
   2013.62734018      2.5915
   2013.62736872      2.5136
   2013.62739726      2.4618
   2013.62742580      2.3795
   2013.62745434      2.3053
   2013.62748288      2.2206
   2013.62751142      2.1549
   2013.62753995      2.0789
   2013.62756849      1.9990
   2013.62759703      1.9242
   2013.62762557      1.8151
   2013.62765411      1.7343
   2013.62768265      1.6662
   2013.62771119      1.5951
   2013.62773973      1.4407
   2013.62776826      1.4609
   2013.62779680      1.3890
   2013.62782534      1.3242
   2013.62785388      1.2618
   2013.62788242      1.1691
   2013.62791096      1.1790
   2013.62793950      1.0832
   2013.62796804      1.0208
   2013.62799658      0.9454
   2013.62802511      0.9125
   2013.62805365      0.8670
   2013.62808219      0.8213
   2013.62811073      0.7771
   2013.62813927      0.7347
   2013.62816781      0.6949
   2013.62819635      0.6596
   2013.62822489      0.6262
   2013.62825342      0.5946
   2013.62828196      0.5649
   2013.62831050      0.5408
   2013.62833904      0.5155
   2013.62836758      0.4912
   2013.62839612      0.4685
   2013.62842466      0.4545
   2013.62845320      0.4361
   2013.62848174      0.4176
   2013.62851027      0.4005
   2013.62853881      0.3951
   2013.62856735      0.3831
   2013.62859589      0.3703
   2013.62862443      0.3590
   2013.62865297      0.3630
   2013.62868151      0.3582
   2013.62871005      0.3522
   2013.62873858      0.3479
   2013.62876712      0.3640
   2013.62879566      0.3685
   2013.62882420      0.3715
   2013.62885274      0.3772
   2013.62888128      0.4087
   2013.62890982      0.4266
   2013.62893836      0.4549
   2013.62896689      0.4768
   2013.62899543      0.5359
   2013.62902397      0.5796
   2013.62905251      0.6287
   2013.62908105      0.6949
   2013.62910959      0.7750
   2013.62913813      0.8705
   2013.62916667      0.9764
   2013.62919521      1.1053
   2013.62922374      1.3147
   2013.62925228      1.5383
   2013.62928082      1.7428
   2013.62930936      1.9096
   2013.62933790      2.1256
   2013.62936644      2.3046
   2013.62939498      2.3852
   2013.62942352      2.5030
   2013.62945205      2.5646
   2013.62948059      2.7216
   2013.62950913      2.7953
   2013.62953767      3.0338
   2013.62956621      2.8041
   2013.62959475      2.9945
   2013.62962329      3.0294
   2013.62965183      3.2167
   2013.62968037      2.9152
   2013.62970890      3.0951
   2013.62973744      3.0917
   2013.62976598      3.0123
   2013.62979452      2.9246
   2013.62982306      3.0475
   2013.62985160      3.0190
   2013.62988014      2.9558
   2013.62990868      2.8266
   2013.62993721      2.8862
   2013.62996575      2.8456
   2013.62999429      2.7673
   2013.63002283      2.7323
   2013.63005137      2.6720
   2013.63007991      2.5932
   2013.63010845      2.5152
   2013.63013699      2.4633
   2013.63016553      2.3808
   2013.63019406      2.3066
   2013.63022260      2.2218
   2013.63025114      2.1420
   2013.63027968      2.0209
   2013.63030822      1.9449
   2013.63033676      1.8579
   2013.63036530      1.7716
   2013.63039384      1.6876
   2013.63042237      1.6060
   2013.63045091      1.5211
   2013.63047945      1.4430
   2013.63050799      1.3694
   2013.63053653      1.2986
   2013.63056507      1.2295
   2013.63059361      1.1598
   2013.63062215      1.1153
   2013.63065068      1.0419
   2013.63067922      0.9567
   2013.63070776      0.9238
   2013.63073630      0.8745
   2013.63076484      0.8235
   2013.63079338      0.7743
   2013.63082192      0.7273
   2013.63085046      0.6835
   2013.63087900      0.6435
   2013.63090753      0.6070
   2013.63093607      0.5730
   2013.63096461      0.5414
   2013.63099315      0.5120
   2013.63102169      0.4845
   2013.63105023      0.4588
   2013.63107877      0.4347
   2013.63110731      0.4121
   2013.63113584      0.3908
   2013.63116438      0.3708
   2013.63119292      0.3521
   2013.63122146      0.3345
   2013.63125000      0.3181
   2013.63127854      0.3028
   2013.63130708      0.2884
   2013.63133562      0.2749
   2013.63136416      0.2623
   2013.63139269      0.2504
   2013.63142123      0.2392
   2013.63144977      0.2285
   2013.63147831      0.2183
   2013.63150685      0.2088
   2013.63153539      0.1998
   2013.63156393      0.1913
   2013.63159247      0.1833
   2013.63162100      0.1758
   2013.63164954      0.1686
   2013.63167808      0.1618
   2013.63170662      0.1554
   2013.63173516      0.1493
   2013.63176370      0.1436
   2013.63179224      0.1381
   2013.63182078      0.1329
   2013.63184932      0.1280
   2013.63187785      0.1233
   2013.63190639      0.1189
   2013.63193493      0.1147
   2013.63196347      0.1107
   2013.63199201      0.1068
   2013.63202055      0.1032
