   2013.62465753      0.0000
   2013.62468607      0.0000
   2013.62471461      0.0000
   2013.62474315      0.0000
   2013.62477169      0.0000
   2013.62480023      0.0000
   2013.62482877      0.0000
   2013.62485731      0.0000
   2013.62488584      0.0000
   2013.62491438      0.0000
   2013.62494292      0.0000
   2013.62497146      0.0000
   2013.62500000      0.0000
   2013.62502854      0.0000
   2013.62505708      0.0000
   2013.62508562      0.0000
   2013.62511416      0.0000
   2013.62514269      0.0000
   2013.62517123      0.0000
   2013.62519977      0.0000
   2013.62522831      0.0000
   2013.62525685      0.0000
   2013.62528539      0.0000
   2013.62531393      0.0000
   2013.62534247      0.0000
   2013.62537100      0.0519
   2013.62539954      0.1204
   2013.62542808      0.2557
   2013.62545662      0.6396
   2013.62548516      1.4476
   2013.62551370      2.6378
   2013.62554224      4.7216
   2013.62557078      8.1200
   2013.62559932     11.6574
   2013.62562785     13.7428
   2013.62565639     14.5037
   2013.62568493     15.1147
   2013.62571347     14.8839
   2013.62574201     15.0199
   2013.62577055     15.1237
   2013.62579909     15.6296
   2013.62582763     15.4876
   2013.62585616     15.7530
   2013.62588470     15.8940
   2013.62591324     15.6880
   2013.62594178     15.3126
   2013.62597032     14.5408
   2013.62599886     13.8737
   2013.62602740     12.3253
   2013.62605594     12.1499
   2013.62608447     11.2269
   2013.62611301     10.2726
   2013.62614155      9.3068
   2013.62617009      9.0048
   2013.62619863      8.4925
   2013.62622717      8.0883
   2013.62625571      8.1290
   2013.62628425      8.0273
   2013.62631279      7.7495
   2013.62634132      7.9421
   2013.62636986      7.7726
   2013.62639840      8.5874
   2013.62642694      9.8462
   2013.62645548     11.0672
   2013.62648402     10.7365
   2013.62651256     10.0865
   2013.62654110      9.0460
   2013.62656963      8.3324
   2013.62659817      8.2749
   2013.62662671      9.1885
   2013.62665525     10.0061
   2013.62668379     10.0579
   2013.62671233      9.3858
   2013.62674087      8.3880
   2013.62676941      7.4101
   2013.62679795      7.2989
   2013.62682648      5.9866
   2013.62685502      5.8033
   2013.62688356      6.0952
   2013.62691210      5.2747
   2013.62694064      4.9064
   2013.62696918      4.7363
   2013.62699772      3.9142
   2013.62702626      3.4365
   2013.62705479      3.0271
   2013.62708333      2.8264
   2013.62711187      2.4498
   2013.62714041      2.1664
   2013.62716895      1.9283
   2013.62719749      1.7214
   2013.62722603      1.4882
   2013.62725457      1.3393
   2013.62728311      1.2249
   2013.62731164      1.1012
   2013.62734018      0.9909
   2013.62736872      0.9091
   2013.62739726      0.8274
   2013.62742580      0.7524
   2013.62745434      0.6842
   2013.62748288      0.6234
   2013.62751142      0.5688
   2013.62753995      0.5199
   2013.62756849      0.4763
   2013.62759703      0.4373
   2013.62762557      0.4023
   2013.62765411      0.3705
   2013.62768265      0.3417
   2013.62771119      0.3155
   2013.62773973      0.2916
   2013.62776826      0.2698
   2013.62779680      0.2498
   2013.62782534      0.2314
   2013.62785388      0.2144
   2013.62788242      0.1989
   2013.62791096      0.1846
   2013.62793950      0.1715
   2013.62796804      0.1594
   2013.62799658      0.1483
   2013.62802511      0.1382
   2013.62805365      0.1288
   2013.62808219      0.1201
   2013.62811073      0.1120
   2013.62813927      0.1046
