   2013.62465753      0.0000
   2013.62468607      0.0000
   2013.62471461      0.0000
   2013.62474315      0.0000
   2013.62477169      0.0000
   2013.62480023      0.0000
   2013.62482877      0.0000
   2013.62485731      0.0000
   2013.62488584      0.0000
   2013.62491438      0.0000
   2013.62494292      0.0000
   2013.62497146      0.0000
   2013.62500000      0.0000
   2013.62502854      0.0000
   2013.62505708      0.0000
   2013.62508562      0.0000
   2013.62511416      0.0000
   2013.62514269      0.0000
   2013.62517123      0.0000
   2013.62519977      0.0000
   2013.62522831      0.0000
   2013.62525685      0.0000
   2013.62528539      0.0000
   2013.62531393      0.0000
   2013.62534247      0.0000
   2013.62537100      0.0000
   2013.62539954      0.0000
   2013.62542808      0.0000
   2013.62545662      0.0000
   2013.62548516      0.0000
   2013.62551370      0.0000
   2013.62554224      0.0000
   2013.62557078      0.0000
   2013.62559932      0.0000
   2013.62562785      0.0000
   2013.62565639      0.0000
   2013.62568493      0.0000
   2013.62571347      0.0000
   2013.62574201      0.0000
   2013.62577055      0.0000
   2013.62579909      0.0000
   2013.62582763      0.0000
   2013.62585616      0.0000
   2013.62588470      0.0000
   2013.62591324      0.0000
   2013.62594178      0.0000
   2013.62597032      0.0000
   2013.62599886      0.0000
   2013.62602740      0.0000
   2013.62605594      0.3226
   2013.62608447      0.9995
   2013.62611301      3.4974
   2013.62614155      7.0653
   2013.62617009     13.2980
   2013.62619863     22.8421
   2013.62622717     24.7890
   2013.62625571     23.0985
   2013.62628425     20.7369
   2013.62631279     19.0687
   2013.62634132     18.1573
   2013.62636986     17.4713
   2013.62639840     16.6684
   2013.62642694     15.7296
   2013.62645548     14.6604
   2013.62648402     13.6870
   2013.62651256     12.6402
   2013.62654110     11.7612
   2013.62656963     10.8568
   2013.62659817     10.1605
   2013.62662671      9.1879
   2013.62665525      8.3205
   2013.62668379      7.6853
   2013.62671233      7.1190
   2013.62674087      6.2402
   2013.62676941      6.0822
   2013.62679795      5.0386
   2013.62682648      4.9503
   2013.62685502      3.9662
   2013.62688356      3.5095
   2013.62691210      3.1500
   2013.62694064      2.9727
   2013.62696918      2.5441
   2013.62699772      2.1244
   2013.62702626      1.9183
   2013.62705479      1.7076
   2013.62708333      1.5198
   2013.62711187      1.4190
   2013.62714041      1.2194
   2013.62716895      1.0604
   2013.62719749      0.9775
   2013.62722603      0.8838
   2013.62725457      0.7958
   2013.62728311      0.7166
   2013.62731164      0.6464
   2013.62734018      0.5846
   2013.62736872      0.5297
   2013.62739726      0.4812
   2013.62742580      0.4383
   2013.62745434      0.4003
   2013.62748288      0.3663
   2013.62751142      0.3357
   2013.62753995      0.3082
   2013.62756849      0.2834
   2013.62759703      0.2609
   2013.62762557      0.2404
   2013.62765411      0.2216
   2013.62768265      0.2045
   2013.62771119      0.1888
   2013.62773973      0.1746
   2013.62776826      0.1615
   2013.62779680      0.1497
   2013.62782534      0.1388
   2013.62785388      0.1288
   2013.62788242      0.1197
   2013.62791096      0.1112
   2013.62793950      0.1035
