   2013.62465753      0.0000
   2013.62468607      0.0000
   2013.62471461      0.0000
   2013.62474315      0.0000
   2013.62477169      0.0000
   2013.62480023      0.0000
   2013.62482877      0.0000
   2013.62485731      0.0000
   2013.62488584      0.0000
   2013.62491438      0.0000
   2013.62494292      0.0000
   2013.62497146      0.0000
   2013.62500000      0.0000
   2013.62502854      0.0000
   2013.62505708      0.0000
   2013.62508562      0.0000
   2013.62511416      0.0000
   2013.62514269      0.0000
   2013.62517123      0.0000
   2013.62519977      0.0000
   2013.62522831      0.0000
   2013.62525685      0.0000
   2013.62528539      0.0000
   2013.62531393      0.0000
   2013.62534247      0.0000
   2013.62537100      0.0000
   2013.62539954      0.0000
   2013.62542808      0.0000
   2013.62545662      0.0000
   2013.62548516      0.0000
   2013.62551370      0.0000
   2013.62554224      0.0000
   2013.62557078      0.0000
   2013.62559932      0.0000
   2013.62562785      0.0000
   2013.62565639      0.0000
   2013.62568493      0.0000
   2013.62571347      0.0000
   2013.62574201      0.0000
   2013.62577055      0.0000
   2013.62579909      0.0000
   2013.62582763      0.0000
   2013.62585616      0.0000
   2013.62588470      0.0000
   2013.62591324      0.0000
   2013.62594178      0.0000
   2013.62597032      0.0000
   2013.62599886      0.0000
   2013.62602740      0.0000
   2013.62605594      0.0000
   2013.62608447      0.0000
   2013.62611301      0.0000
   2013.62614155      0.0000
   2013.62617009      0.0000
   2013.62619863      0.0000
   2013.62622717      0.0000
   2013.62625571      0.0000
   2013.62628425      3.9810
   2013.62631279     20.1819
   2013.62634132     56.8494
   2013.62636986     85.5395
   2013.62639840     78.7604
   2013.62642694     63.5228
   2013.62645548     49.6251
   2013.62648402     41.1655
   2013.62651256     35.8290
   2013.62654110     30.5293
   2013.62656963     26.0038
   2013.62659817     22.1167
   2013.62662671     20.3402
   2013.62665525     18.8684
   2013.62668379     17.2452
   2013.62671233     16.3706
   2013.62674087     16.2798
   2013.62676941     16.3415
   2013.62679795     15.7514
   2013.62682648     15.4668
   2013.62685502     15.9963
   2013.62688356     15.8467
   2013.62691210     15.3192
   2013.62694064     15.0276
   2013.62696918     15.0832
   2013.62699772     15.2182
   2013.62702626     14.6551
   2013.62705479     14.3045
   2013.62708333     14.2806
   2013.62711187     14.0865
   2013.62714041     13.5638
   2013.62716895     13.0699
   2013.62719749     13.2007
   2013.62722603     12.9078
   2013.62725457     12.3853
   2013.62728311     11.6552
   2013.62731164     11.9544
   2013.62734018     11.6104
   2013.62736872     11.1784
   2013.62739726     10.3671
   2013.62742580     10.6372
   2013.62745434     10.4905
   2013.62748288      9.8594
   2013.62751142      9.2316
   2013.62753995      9.3614
   2013.62756849      9.0621
   2013.62759703      8.6999
   2013.62762557      8.1903
   2013.62765411      8.1666
   2013.62768265      7.9985
   2013.62771119      7.6058
   2013.62773973      7.1225
   2013.62776826      7.6285
   2013.62779680      7.4569
   2013.62782534      6.9681
   2013.62785388      6.2416
   2013.62788242      6.1091
   2013.62791096      5.7897
   2013.62793950      6.0791
   2013.62796804      6.3385
   2013.62799658      6.0343
   2013.62802511      5.6361
   2013.62805365      5.1881
   2013.62808219      4.7773
   2013.62811073      4.5220
   2013.62813927      4.4699
   2013.62816781      4.4657
   2013.62819635      4.3857
   2013.62822489      4.2651
   2013.62825342      3.9243
   2013.62828196      3.6652
   2013.62831050      3.5470
   2013.62833904      3.3488
   2013.62836758      3.2798
   2013.62839612      3.0473
   2013.62842466      2.8956
   2013.62845320      2.7721
   2013.62848174      2.5968
   2013.62851027      2.4135
   2013.62853881      2.2089
   2013.62856735      2.1338
   2013.62859589      1.9675
   2013.62862443      1.8408
   2013.62865297      1.6555
   2013.62868151      1.5701
   2013.62871005      1.4671
   2013.62873858      1.3630
   2013.62876712      1.2605
   2013.62879566      1.1589
   2013.62882420      1.0703
   2013.62885274      0.9842
   2013.62888128      0.9047
   2013.62890982      0.8290
   2013.62893836      0.7566
   2013.62896689      0.6895
   2013.62899543      0.6293
   2013.62902397      0.5753
   2013.62905251      0.5266
   2013.62908105      0.4829
   2013.62910959      0.4437
   2013.62913813      0.4084
   2013.62916667      0.3765
   2013.62919521      0.3475
   2013.62922374      0.3211
   2013.62925228      0.2971
   2013.62928082      0.2753
   2013.62930936      0.2553
   2013.62933790      0.2369
   2013.62936644      0.2199
   2013.62939498      0.2042
   2013.62942352      0.1898
   2013.62945205      0.1766
   2013.62948059      0.1645
   2013.62950913      0.1533
   2013.62953767      0.1430
   2013.62956621      0.1335
   2013.62959475      0.1247
   2013.62962329      0.1165
   2013.62965183      0.1089
   2013.62968037      0.1019
