   2013.62465753      0.0000
   2013.62468607      0.0000
   2013.62471461      0.0000
   2013.62474315      0.0000
   2013.62477169      0.0000
   2013.62480023      0.0000
   2013.62482877      0.0000
   2013.62485731      0.0000
   2013.62488584      0.0000
   2013.62491438      0.0000
   2013.62494292      0.0000
   2013.62497146      0.0000
   2013.62500000      0.0000
   2013.62502854      0.0000
   2013.62505708      0.0000
   2013.62508562      0.0000
   2013.62511416      0.0000
   2013.62514269      0.0000
   2013.62517123      0.0000
   2013.62519977      0.0000
   2013.62522831      0.0000
   2013.62525685      0.0000
   2013.62528539      0.0000
   2013.62531393      0.0000
   2013.62534247      0.0000
   2013.62537100      0.0000
   2013.62539954      0.0000
   2013.62542808      0.0000
   2013.62545662      0.0000
   2013.62548516      0.0000
   2013.62551370      0.0000
   2013.62554224      0.0000
   2013.62557078      0.0000
   2013.62559932      0.0000
   2013.62562785      0.0000
   2013.62565639      0.0000
   2013.62568493      0.0000
   2013.62571347      0.0000
   2013.62574201      0.0000
   2013.62577055      0.0000
   2013.62579909      0.0000
   2013.62582763      0.0000
   2013.62585616      0.0000
   2013.62588470      0.0000
   2013.62591324      0.0000
   2013.62594178      0.0000
   2013.62597032      0.0000
   2013.62599886      0.0000
   2013.62602740      0.0000
   2013.62605594      0.0000
   2013.62608447      0.0000
   2013.62611301      0.0000
   2013.62614155      0.0000
   2013.62617009      0.0000
   2013.62619863      0.0000
   2013.62622717      0.0000
   2013.62625571      0.0000
   2013.62628425      0.0000
   2013.62631279      0.0000
   2013.62634132      0.0000
   2013.62636986      0.0000
   2013.62639840      0.0000
   2013.62642694      0.0000
   2013.62645548      0.0000
   2013.62648402      0.0000
   2013.62651256      0.0000
   2013.62654110      0.0000
   2013.62656963      0.0000
   2013.62659817      0.0000
   2013.62662671      0.0002
   2013.62665525      0.0012
   2013.62668379      0.0022
   2013.62671233      0.0031
   2013.62674087      0.0040
   2013.62676941      0.0050
   2013.62679795      0.0423
   2013.62682648      0.0905
   2013.62685502      0.1689
   2013.62688356      0.3267
   2013.62691210      0.6012
   2013.62694064      1.0771
   2013.62696918      1.7880
   2013.62699772      2.8411
   2013.62702626      4.3860
   2013.62705479      6.3997
   2013.62708333      7.9173
   2013.62711187      8.9059
   2013.62714041      9.4797
   2013.62716895      9.8095
   2013.62719749     10.0067
   2013.62722603      9.7536
   2013.62725457      9.1804
   2013.62728311      8.7234
   2013.62731164      8.2056
   2013.62734018      7.7619
   2013.62736872      6.8200
   2013.62739726      6.6642
   2013.62742580      5.4659
   2013.62745434      4.8234
   2013.62748288      4.5959
   2013.62751142      3.8347
   2013.62753995      3.3552
   2013.62756849      2.9502
   2013.62759703      2.7132
   2013.62762557      2.3797
   2013.62765411      2.0193
   2013.62768265      1.7934
   2013.62771119      1.5925
   2013.62773973      1.4148
   2013.62776826      1.2773
   2013.62779680      1.1336
   2013.62782534      1.0092
   2013.62785388      0.9150
   2013.62788242      0.8234
   2013.62791096      0.7406
   2013.62793950      0.6669
   2013.62796804      0.6023
   2013.62799658      0.5450
   2013.62802511      0.4943
   2013.62805365      0.4497
   2013.62808219      0.4101
   2013.62811073      0.3748
   2013.62813927      0.3432
   2013.62816781      0.3147
   2013.62819635      0.2891
   2013.62822489      0.2659
   2013.62825342      0.2448
   2013.62828196      0.2254
   2013.62831050      0.2077
   2013.62833904      0.1915
   2013.62836758      0.1768
   2013.62839612      0.1634
   2013.62842466      0.1512
   2013.62845320      0.1399
   2013.62848174      0.1296
   2013.62851027      0.1202
   2013.62853881      0.1115
   2013.62856735      0.1034
