   2013.62465753      0.0000
   2013.62468607      0.0000
   2013.62471461      0.0000
   2013.62474315      0.0000
   2013.62477169      0.0000
   2013.62480023      0.0000
   2013.62482877      0.0000
   2013.62485731      0.0000
   2013.62488584      0.0000
   2013.62491438      0.0000
   2013.62494292      0.0000
   2013.62497146      0.0000
   2013.62500000      0.0000
   2013.62502854      0.0000
   2013.62505708      0.0000
   2013.62508562      0.0000
   2013.62511416      0.0000
   2013.62514269      0.0000
   2013.62517123      0.0000
   2013.62519977      0.0000
   2013.62522831      0.0000
   2013.62525685      0.0000
   2013.62528539      0.0000
   2013.62531393      0.0000
   2013.62534247      0.0000
   2013.62537100      0.0000
   2013.62539954      0.0000
   2013.62542808      0.0000
   2013.62545662      0.0000
   2013.62548516      0.0000
   2013.62551370      0.0000
   2013.62554224      0.0000
   2013.62557078      0.0000
   2013.62559932      0.0000
   2013.62562785      0.0000
   2013.62565639      0.0000
   2013.62568493      0.0000
   2013.62571347      0.0000
   2013.62574201      0.0000
   2013.62577055      0.0000
   2013.62579909      0.0000
   2013.62582763      0.4877
   2013.62585616      1.9067
   2013.62588470      5.4226
   2013.62591324     10.0974
   2013.62594178     20.1640
   2013.62597032     27.8600
   2013.62599886     25.5326
   2013.62602740     22.1106
   2013.62605594     18.6566
   2013.62608447     16.1729
   2013.62611301     14.2891
   2013.62614155     13.1528
   2013.62617009     12.2194
   2013.62619863     11.6566
   2013.62622717     11.2619
   2013.62625571     11.0672
   2013.62628425     10.9977
   2013.62631279     11.0770
   2013.62634132     11.1098
   2013.62636986     11.4707
   2013.62639840     11.3819
   2013.62642694     11.3020
   2013.62645548     11.1713
   2013.62648402     10.3654
   2013.62651256     10.6347
   2013.62654110     10.5126
   2013.62656963      9.9743
   2013.62659817      9.2528
   2013.62662671      9.2671
   2013.62665525      8.8544
   2013.62668379      8.5480
   2013.62671233      8.0872
   2013.62674087      8.1562
   2013.62676941      8.0546
   2013.62679795      8.1852
   2013.62682648      7.8883
   2013.62685502      8.3311
   2013.62688356      8.4465
   2013.62691210      8.4178
   2013.62694064      8.3528
   2013.62696918      8.7007
   2013.62699772      8.7111
   2013.62702626      8.6505
   2013.62705479      8.3629
   2013.62708333      8.6169
   2013.62711187      8.4633
   2013.62714041      8.4123
   2013.62716895      8.0701
   2013.62719749      8.3214
   2013.62722603      8.1427
   2013.62725457      8.1952
   2013.62728311      7.7225
   2013.62731164      7.9356
   2013.62734018      7.8679
   2013.62736872      7.5969
   2013.62739726      7.2855
   2013.62742580      7.4800
   2013.62745434      7.3734
   2013.62748288      7.1445
   2013.62751142      6.7689
   2013.62753995      6.9787
   2013.62756849      6.8645
   2013.62759703      6.6562
   2013.62762557      6.2666
   2013.62765411      6.7851
   2013.62768265      6.3998
   2013.62771119      6.2168
   2013.62773973      5.8798
   2013.62776826      6.3048
   2013.62779680      6.0015
   2013.62782534      6.0924
   2013.62785388      5.5234
   2013.62788242      5.9301
   2013.62791096      5.6724
   2013.62793950      5.7300
   2013.62796804      5.2554
   2013.62799658      5.6468
   2013.62802511      5.4302
   2013.62805365      5.4988
   2013.62808219      5.0565
   2013.62811073      5.4630
   2013.62813927      5.2795
   2013.62816781      5.3594
   2013.62819635      4.9637
   2013.62822489      5.3809
   2013.62825342      5.2209
   2013.62828196      5.3320
   2013.62831050      4.9690
   2013.62833904      5.4093
   2013.62836758      5.2609
   2013.62839612      5.4090
   2013.62842466      5.0777
   2013.62845320      5.5568
   2013.62848174      5.4052
   2013.62851027      5.4807
   2013.62853881      5.2771
   2013.62856735      5.6837
   2013.62859589      5.6709
   2013.62862443      5.7760
   2013.62865297      5.6068
   2013.62868151      5.9586
   2013.62871005      6.0508
   2013.62873858      6.1797
   2013.62876712      5.9896
   2013.62879566      6.4115
   2013.62882420      6.5485
   2013.62885274      6.6818
   2013.62888128      6.5470
   2013.62890982      6.9474
   2013.62893836      7.1326
   2013.62896689      7.2446
   2013.62899543      7.1654
   2013.62902397      7.5250
   2013.62905251      7.6138
   2013.62908105      7.8065
   2013.62910959      7.6785
   2013.62913813      8.0429
   2013.62916667      8.2104
   2013.62919521      8.1679
   2013.62922374      8.1279
   2013.62925228      8.5250
   2013.62928082      8.6276
   2013.62930936      8.6401
   2013.62933790      8.5144
   2013.62936644      8.8600
   2013.62939498      9.0263
   2013.62942352      8.9102
   2013.62945205      8.7681
   2013.62948059      9.0990
   2013.62950913      9.4261
   2013.62953767      9.0510
   2013.62956621      8.8477
   2013.62959475      9.1731
   2013.62962329      9.2180
   2013.62965183      9.2240
   2013.62968037      9.0649
   2013.62970890      9.3125
   2013.62973744      9.2223
   2013.62976598      8.8902
   2013.62979452      8.2787
   2013.62982306      8.8393
   2013.62985160      9.3684
   2013.62988014      9.4053
   2013.62990868      8.4744
   2013.62993721      8.1670
   2013.62996575      7.5165
   2013.62999429      7.2686
   2013.63002283      7.4649
   2013.63005137      7.7674
   2013.63007991      7.8063
   2013.63010845      7.3485
   2013.63013699      6.7377
   2013.63016553      6.1084
   2013.63019406      5.6288
   2013.63022260      5.3880
   2013.63025114      5.6234
   2013.63027968      5.4502
   2013.63030822      5.2012
   2013.63033676      4.5687
   2013.63036530      4.1380
   2013.63039384      3.8967
   2013.63042237      3.5995
   2013.63045091      3.2064
   2013.63047945      3.0626
   2013.63050799      2.8264
   2013.63053653      2.6401
   2013.63056507      2.4265
   2013.63059361      2.3198
   2013.63062215      2.1132
   2013.63065068      1.8438
   2013.63067922      1.6802
   2013.63070776      1.5208
   2013.63073630      1.3732
   2013.63076484      1.2369
   2013.63079338      1.1225
   2013.63082192      1.0177
   2013.63085046      0.9270
   2013.63087900      0.8429
   2013.63090753      0.7644
   2013.63093607      0.6929
   2013.63096461      0.6297
   2013.63099315      0.5735
   2013.63102169      0.5232
   2013.63105023      0.4783
   2013.63107877      0.4382
   2013.63110731      0.4022
   2013.63113584      0.3697
   2013.63116438      0.3403
   2013.63119292      0.3136
   2013.63122146      0.2895
   2013.63125000      0.2676
   2013.63127854      0.2475
   2013.63130708      0.2290
   2013.63133562      0.2120
   2013.63136416      0.1965
   2013.63139269      0.1823
   2013.63142123      0.1692
   2013.63144977      0.1573
   2013.63147831      0.1463
   2013.63150685      0.1362
   2013.63153539      0.1269
   2013.63156393      0.1183
   2013.63159247      0.1104
   2013.63162100      0.1031
