   2013.62465753      0.0000
   2013.62468607      0.0000
   2013.62471461      0.0000
   2013.62474315      0.0000
   2013.62477169      0.0000
   2013.62480023      0.0000
   2013.62482877      0.0000
   2013.62485731      0.0000
   2013.62488584      0.0000
   2013.62491438      0.0000
   2013.62494292      0.0000
   2013.62497146      0.0000
   2013.62500000      0.0000
   2013.62502854      0.0000
   2013.62505708      0.0000
   2013.62508562      0.0000
   2013.62511416      0.0000
   2013.62514269      0.0000
   2013.62517123      0.0000
   2013.62519977      0.0000
   2013.62522831      0.0000
   2013.62525685      0.0000
   2013.62528539      0.0000
   2013.62531393      0.0000
   2013.62534247      0.0000
   2013.62537100      0.1559
   2013.62539954      0.3077
   2013.62542808      0.8823
   2013.62545662      2.2215
   2013.62548516      4.1204
   2013.62551370      7.4734
   2013.62554224     12.8180
   2013.62557078     16.3257
   2013.62559932     17.1482
   2013.62562785     16.7011
   2013.62565639     15.9586
   2013.62568493     15.4589
   2013.62571347     15.0593
   2013.62574201     14.9409
   2013.62577055     14.8671
   2013.62579909     14.9670
   2013.62582763     15.0104
   2013.62585616     15.2190
   2013.62588470     15.3317
   2013.62591324     15.4220
   2013.62594178     16.5592
   2013.62597032     17.1628
   2013.62599886     16.8342
   2013.62602740     16.2681
   2013.62605594     16.6550
   2013.62608447     16.4689
   2013.62611301     15.5456
   2013.62614155     14.1848
   2013.62617009     13.8364
   2013.62619863     12.8598
   2013.62622717     11.9547
   2013.62625571     10.8980
   2013.62628425     11.2894
   2013.62631279     10.8121
   2013.62634132     10.5122
   2013.62636986     10.2438
   2013.62639840     10.9757
   2013.62642694     11.0368
   2013.62645548     10.9501
   2013.62648402     10.7696
   2013.62651256     11.6084
   2013.62654110     11.7159
   2013.62656963     11.5951
   2013.62659817     11.4326
   2013.62662671     12.1832
   2013.62665525     12.2211
   2013.62668379     12.0115
   2013.62671233     11.7452
   2013.62674087     12.4799
   2013.62676941     12.4450
   2013.62679795     12.1753
   2013.62682648     11.8659
   2013.62685502     12.2731
   2013.62688356     12.2879
   2013.62691210     12.0464
   2013.62694064     11.7504
   2013.62696918     12.1482
   2013.62699772     12.0904
   2013.62702626     11.7861
   2013.62705479     11.3246
   2013.62708333     11.7528
   2013.62711187     11.6083
   2013.62714041     11.4660
   2013.62716895     10.7286
   2013.62719749     11.1156
   2013.62722603     10.9130
   2013.62725457     10.6251
   2013.62728311     10.0305
   2013.62731164     10.8377
   2013.62734018     11.1482
   2013.62736872     10.8006
   2013.62739726      9.4061
   2013.62742580      9.0035
   2013.62745434      8.2734
   2013.62748288      8.0389
   2013.62751142      8.3948
   2013.62753995      8.6877
   2013.62756849      8.5510
   2013.62759703      8.0629
   2013.62762557      7.3535
   2013.62765411      6.6203
   2013.62768265      5.9384
   2013.62771119      5.4644
   2013.62773973      5.5538
   2013.62776826      5.3863
   2013.62779680      5.2100
   2013.62782534      4.6381
   2013.62785388      4.5601
   2013.62788242      3.7545
   2013.62791096      3.4717
   2013.62793950      3.0983
   2013.62796804      2.8133
   2013.62799658      2.5374
   2013.62802511      2.5361
   2013.62805365      2.2335
   2013.62808219      2.0595
   2013.62811073      1.7972
   2013.62813927      1.6867
   2013.62816781      1.5465
   2013.62819635      1.4116
   2013.62822489      1.2855
   2013.62825342      1.1690
   2013.62828196      1.0680
   2013.62831050      0.9751
   2013.62833904      0.8912
   2013.62836758      0.8124
   2013.62839612      0.7385
   2013.62842466      0.6714
   2013.62845320      0.6118
   2013.62848174      0.5584
   2013.62851027      0.5105
   2013.62853881      0.4677
   2013.62856735      0.4293
   2013.62859589      0.3946
   2013.62862443      0.3633
   2013.62865297      0.3349
   2013.62868151      0.3091
   2013.62871005      0.2856
   2013.62873858      0.2642
   2013.62876712      0.2446
   2013.62879566      0.2265
   2013.62882420      0.2099
   2013.62885274      0.1946
   2013.62888128      0.1806
   2013.62890982      0.1677
   2013.62893836      0.1559
   2013.62896689      0.1450
   2013.62899543      0.1350
   2013.62902397      0.1258
   2013.62905251      0.1172
   2013.62908105      0.1093
   2013.62910959      0.1020
