   2013.62465753      0.0000
   2013.62468607      0.0000
   2013.62471461      0.0000
   2013.62474315      0.0000
   2013.62477169      0.0000
   2013.62480023      0.0000
   2013.62482877      0.0000
   2013.62485731      0.0000
   2013.62488584      0.0000
   2013.62491438      0.0000
   2013.62494292      0.0000
   2013.62497146      0.0000
   2013.62500000      0.0000
   2013.62502854      0.0000
   2013.62505708      0.0000
   2013.62508562      0.0000
   2013.62511416      0.0000
   2013.62514269      0.0000
   2013.62517123      0.0000
   2013.62519977      0.0000
   2013.62522831      0.0000
   2013.62525685      0.0000
   2013.62528539      0.0000
   2013.62531393      0.0000
   2013.62534247      0.0000
   2013.62537100      0.0000
   2013.62539954      0.0000
   2013.62542808      0.0000
   2013.62545662      0.0000
   2013.62548516      0.0000
   2013.62551370      0.0000
   2013.62554224      0.0000
   2013.62557078      0.0000
   2013.62559932      0.0000
   2013.62562785      0.0000
   2013.62565639      0.0000
   2013.62568493      0.0000
   2013.62571347      0.0000
   2013.62574201      0.0000
   2013.62577055      0.0000
   2013.62579909      0.0000
   2013.62582763      0.0000
   2013.62585616      0.0000
   2013.62588470      0.0000
   2013.62591324      0.0000
   2013.62594178      0.0000
   2013.62597032      0.0000
   2013.62599886      0.0000
   2013.62602740      0.0000
   2013.62605594      0.0000
   2013.62608447      0.0000
   2013.62611301      0.0000
   2013.62614155      0.0000
   2013.62617009      0.0000
   2013.62619863      0.0000
   2013.62622717      0.0000
   2013.62625571      0.0000
   2013.62628425      0.0000
   2013.62631279      0.0000
   2013.62634132      0.0000
   2013.62636986      0.0000
   2013.62639840      0.0000
   2013.62642694      0.0000
   2013.62645548      0.0000
   2013.62648402      0.0000
   2013.62651256      0.0000
   2013.62654110      0.0000
   2013.62656963      0.0000
   2013.62659817      0.0000
   2013.62662671     12.5784
   2013.62665525     49.2931
   2013.62668379    104.2170
   2013.62671233    111.7053
   2013.62674087     83.4680
   2013.62676941     57.4455
   2013.62679795     42.5362
   2013.62682648     31.2934
   2013.62685502     27.5396
   2013.62688356     24.3527
   2013.62691210     22.3208
   2013.62694064     20.5278
   2013.62696918     20.2763
   2013.62699772     20.1718
   2013.62702626     19.7460
   2013.62705479     18.8636
   2013.62708333     19.0316
   2013.62711187     19.2143
   2013.62714041     18.9358
   2013.62716895     18.1774
   2013.62719749     18.4824
   2013.62722603     18.3760
   2013.62725457     18.0651
   2013.62728311     18.0888
   2013.62731164     17.5506
   2013.62734018     17.4193
   2013.62736872     17.0858
   2013.62739726     16.9822
   2013.62742580     16.5579
   2013.62745434     16.3812
   2013.62748288     16.0561
   2013.62751142     15.8433
   2013.62753995     15.5521
   2013.62756849     15.3588
   2013.62759703     15.0709
   2013.62762557     14.3908
   2013.62765411     13.8871
   2013.62768265     13.2695
   2013.62771119     12.4456
   2013.62773973     10.9103
   2013.62776826     10.7957
   2013.62779680     10.2200
   2013.62782534      9.2365
   2013.62785388      8.3485
   2013.62788242      8.5050
   2013.62791096      7.5013
   2013.62793950      6.9356
   2013.62796804      6.2793
   2013.62799658      6.5534
   2013.62802511      6.1092
   2013.62805365      6.1118
   2013.62808219      5.5241
   2013.62811073      5.9317
   2013.62813927      5.6774
   2013.62816781      5.7678
   2013.62819635      5.3158
   2013.62822489      5.7409
   2013.62825342      5.5304
   2013.62828196      5.6690
   2013.62831050      5.2743
   2013.62833904      5.7898
   2013.62836758      5.5891
   2013.62839612      5.6652
   2013.62842466      5.4796
   2013.62845320      5.8236
   2013.62848174      5.9111
   2013.62851027      6.0464
   2013.62853881      5.8928
   2013.62856735      6.3358
   2013.62859589      6.5178
   2013.62862443      6.6934
   2013.62865297      6.6807
   2013.62868151      7.1066
   2013.62871005      7.2466
   2013.62873858      7.5611
   2013.62876712      7.6037
   2013.62879566      8.1553
   2013.62882420      8.4054
   2013.62885274      8.5867
   2013.62888128      8.9137
   2013.62890982      9.3900
   2013.62893836      9.6385
   2013.62896689      9.7509
   2013.62899543      9.7421
   2013.62902397     10.6505
   2013.62905251     10.9034
   2013.62908105     10.9563
   2013.62910959     10.9605
   2013.62913813     11.8827
   2013.62916667     12.1368
   2013.62919521     12.0965
   2013.62922374     12.3900
   2013.62925228     12.9891
   2013.62928082     13.2216
   2013.62930936     13.1047
   2013.62933790     13.1922
   2013.62936644     13.8896
   2013.62939498     14.0094
   2013.62942352     13.7759
   2013.62945205     13.7525
   2013.62948059     14.3567
   2013.62950913     14.3465
   2013.62953767     14.0043
   2013.62956621     13.8763
   2013.62959475     14.0671
   2013.62962329     14.2890
   2013.62965183     13.8727
   2013.62968037     13.6504
   2013.62970890     13.7373
   2013.62973744     13.6274
   2013.62976598     13.1947
   2013.62979452     13.2366
   2013.62982306     14.1170
   2013.62985160     13.6746
   2013.62988014     12.8461
   2013.62990868     11.8229
   2013.62993721     11.2275
   2013.62996575     11.3637
   2013.62999429     12.2323
   2013.63002283     12.1735
   2013.63005137     10.9910
   2013.63007991      9.8425
   2013.63010845      8.9710
   2013.63013699      8.4944
   2013.63016553      8.5835
   2013.63019406      8.6644
   2013.63022260      8.2190
   2013.63025114      7.6429
   2013.63027968      7.0430
   2013.63030822      6.3680
   2013.63033676      5.8911
   2013.63036530      5.9677
   2013.63039384      5.7047
   2013.63042237      5.4123
   2013.63045091      4.7409
   2013.63047945      4.6129
   2013.63050799      3.8368
   2013.63053653      3.4191
   2013.63056507      3.0857
   2013.63059361      2.9363
   2013.63062215      2.5113
   2013.63065068      2.2236
   2013.63067922      1.8983
   2013.63070776      1.6982
   2013.63073630      1.5156
   2013.63076484      1.4237
   2013.63079338      1.2113
   2013.63082192      1.0906
   2013.63085046      0.9846
   2013.63087900      0.8917
   2013.63090753      0.8063
   2013.63093607      0.7281
   2013.63096461      0.6587
   2013.63099315      0.5978
   2013.63102169      0.5436
   2013.63105023      0.4954
   2013.63107877      0.4526
   2013.63110731      0.4143
   2013.63113584      0.3800
   2013.63116438      0.3490
   2013.63119292      0.3211
   2013.63122146      0.2959
   2013.63125000      0.2730
   2013.63127854      0.2522
   2013.63130708      0.2331
   2013.63133562      0.2155
   2013.63136416      0.1995
   2013.63139269      0.1849
   2013.63142123      0.1715
   2013.63144977      0.1592
   2013.63147831      0.1480
   2013.63150685      0.1376
   2013.63153539      0.1282
   2013.63156393      0.1194
   2013.63159247      0.1113
   2013.63162100      0.1039
