   2013.62465753      0.0000
   2013.62468607      0.0000
   2013.62471461      0.0000
   2013.62474315      0.0000
   2013.62477169      0.0000
   2013.62480023      0.0000
   2013.62482877      0.0000
   2013.62485731      0.0000
   2013.62488584      0.0000
   2013.62491438      0.0000
   2013.62494292      0.0000
   2013.62497146      0.0000
   2013.62500000      0.0000
   2013.62502854      0.0000
   2013.62505708      0.0000
   2013.62508562      0.0000
   2013.62511416      0.0000
   2013.62514269      0.0000
   2013.62517123      0.0000
   2013.62519977      0.0000
   2013.62522831      0.0000
   2013.62525685      0.0000
   2013.62528539      0.0000
   2013.62531393      0.0000
   2013.62534247      0.0000
   2013.62537100      0.0000
   2013.62539954      0.0000
   2013.62542808      0.0000
   2013.62545662      0.0000
   2013.62548516      0.0049
   2013.62551370      0.0026
   2013.62554224      0.0192
   2013.62557078      0.0428
   2013.62559932      0.0657
   2013.62562785      0.1052
   2013.62565639      0.1640
   2013.62568493      0.2385
   2013.62571347      0.3203
   2013.62574201      0.4025
   2013.62577055      0.5058
   2013.62579909      0.6239
   2013.62582763      0.7482
   2013.62585616      0.9268
   2013.62588470      1.1826
   2013.62591324      1.4557
   2013.62594178      1.6388
   2013.62597032      1.7043
   2013.62599886      1.6843
   2013.62602740      1.6234
   2013.62605594      1.5405
   2013.62608447      1.4477
   2013.62611301      1.3521
   2013.62614155      1.2588
   2013.62617009      1.1927
   2013.62619863      1.0963
   2013.62622717      0.9948
   2013.62625571      0.9482
   2013.62628425      0.8876
   2013.62631279      0.8280
   2013.62634132      0.7731
   2013.62636986      0.7227
   2013.62639840      0.6776
   2013.62642694      0.6381
   2013.62645548      0.6031
   2013.62648402      0.5719
   2013.62651256      0.5439
   2013.62654110      0.5132
   2013.62656963      0.4845
   2013.62659817      0.4578
   2013.62662671      0.4325
   2013.62665525      0.4086
   2013.62668379      0.3860
   2013.62671233      0.3646
   2013.62674087      0.3441
   2013.62676941      0.3245
   2013.62679795      0.3057
   2013.62682648      0.2879
   2013.62685502      0.2712
   2013.62688356      0.2556
   2013.62691210      0.2410
   2013.62694064      0.2272
   2013.62696918      0.2142
   2013.62699772      0.2020
   2013.62702626      0.1905
   2013.62705479      0.1797
   2013.62708333      0.1695
   2013.62711187      0.1598
   2013.62714041      0.1507
   2013.62716895      0.1421
   2013.62719749      0.1339
   2013.62722603      0.1262
   2013.62725457      0.1188
   2013.62728311      0.1118
   2013.62731164      0.1053
